{
"lowlevel": {
    "average_loudness": 0.373345375061,
    "barkbands_crest": {
        "dmean": 2.17640900612,
        "dmean2": 3.47316074371,
        "dvar": 4.37577486038,
        "dvar2": 10.6025037766,
        "max": 26.7201118469,
        "mean": 11.0005016327,
        "median": 9.96547889709,
        "min": 2.96029448509,
        "var": 20.0219516754
    },
    "barkbands_flatness_db": {
        "dmean": 0.0204301308841,
        "dmean2": 0.0308201238513,
        "dvar": 0.000527585216332,
        "dvar2": 0.00118344451766,
        "max": 0.554221332073,
        "mean": 0.247147500515,
        "median": 0.236014187336,
        "min": 0.0465551801026,
        "var": 0.00554788345471
    },
    "barkbands_kurtosis": {
        "dmean": 4.09882307053,
        "dmean2": 6.34734535217,
        "dvar": 174.564285278,
        "dvar2": 418.091033936,
        "max": 705.687011719,
        "mean": 8.76218318939,
        "median": 4.73517894745,
        "min": -1.90085196495,
        "var": 393.45489502
    },
    "barkbands_skewness": {
        "dmean": 0.50931429863,
        "dmean2": 0.760123252869,
        "dvar": 0.432000875473,
        "dvar2": 0.976792871952,
        "max": 22.4126262665,
        "mean": 1.35159397125,
        "median": 1.29547333717,
        "min": -4.82749700546,
        "var": 2.48553109169
    },
    "barkbands_spread": {
        "dmean": 2.30532813072,
        "dmean2": 3.47910642624,
        "dvar": 15.9425849915,
        "dvar2": 34.4929924011,
        "max": 123.386825562,
        "mean": 9.51856994629,
        "median": 6.38239765167,
        "min": 0.164871245623,
        "var": 78.0715179443
    },
    "dissonance": {
        "dmean": 0.0357584767044,
        "dmean2": 0.0597961060703,
        "dvar": 0.0011360628996,
        "dvar2": 0.00301769073121,
        "max": 0.500000059605,
        "mean": 0.40650203824,
        "median": 0.418875306845,
        "min": 0.120755031705,
        "var": 0.00392111344263
    },
    "dynamic_complexity": 5.3253288269,
    "erbbands_crest": {
        "dmean": 2.93566226959,
        "dmean2": 4.54767894745,
        "dvar": 7.38941717148,
        "dvar2": 16.8059425354,
        "max": 33.8215866089,
        "mean": 13.4500465393,
        "median": 12.1123418808,
        "min": 2.90385389328,
        "var": 34.3155670166
    },
    "erbbands_flatness_db": {
        "dmean": 0.0181138571352,
        "dmean2": 0.026339713484,
        "dvar": 0.000328062073095,
        "dvar2": 0.000663596612867,
        "max": 0.516309380531,
        "mean": 0.251805752516,
        "median": 0.244559496641,
        "min": 0.040638871491,
        "var": 0.00392178492621
    },
    "erbbands_kurtosis": {
        "dmean": 2.66702508926,
        "dmean2": 3.99858856201,
        "dvar": 16.1996002197,
        "dvar2": 34.0904083252,
        "max": 113.338996887,
        "mean": 5.57632398605,
        "median": 3.29434657097,
        "min": -1.88852488995,
        "var": 66.5218505859
    },
    "erbbands_skewness": {
        "dmean": 0.460827499628,
        "dmean2": 0.676979660988,
        "dvar": 0.209577932954,
        "dvar2": 0.461665838957,
        "max": 8.14196395874,
        "mean": 1.1052968502,
        "median": 1.15931129456,
        "min": -4.1164317131,
        "var": 1.95713317394
    },
    "erbbands_spread": {
        "dmean": 4.98277807236,
        "dmean2": 7.54402303696,
        "dvar": 52.4588356018,
        "dvar2": 112.337265015,
        "max": 152.164779663,
        "mean": 19.467748642,
        "median": 15.5901737213,
        "min": 0.651117265224,
        "var": 222.74710083
    },
    "hfc": {
        "dmean": 2.73327374458,
        "dmean2": 3.82683086395,
        "dvar": 26.0083446503,
        "dvar2": 47.7741317749,
        "max": 122.649154663,
        "mean": 11.0404167175,
        "median": 4.08272266388,
        "min": 1.12950215625e-16,
        "var": 262.672332764
    },
    "melbands_crest": {
        "dmean": 2.57807970047,
        "dmean2": 4.06042766571,
        "dvar": 6.51724815369,
        "dvar2": 15.9355764389,
        "max": 34.3661613464,
        "mean": 13.1406469345,
        "median": 12.004196167,
        "min": 1.52652668953,
        "var": 24.2759361267
    },
    "melbands_flatness_db": {
        "dmean": 0.02257312648,
        "dmean2": 0.0335483886302,
        "dvar": 0.000802884809673,
        "dvar2": 0.00176467129495,
        "max": 0.657150685787,
        "mean": 0.328004390001,
        "median": 0.318555533886,
        "min": 0.00432913843542,
        "var": 0.00811057630926
    },
    "melbands_kurtosis": {
        "dmean": 5.21089267731,
        "dmean2": 8.11192321777,
        "dvar": 123.303283691,
        "dvar2": 286.163421631,
        "max": 342.328277588,
        "mean": 11.2000160217,
        "median": 6.0597820282,
        "min": -1.81258738041,
        "var": 387.641113281
    },
    "melbands_skewness": {
        "dmean": 0.56410330534,
        "dmean2": 0.843559682369,
        "dvar": 0.440318673849,
        "dvar2": 1.00439953804,
        "max": 13.5942707062,
        "mean": 1.66910254955,
        "median": 1.5335855484,
        "min": -3.67581772804,
        "var": 2.37419676781
    },
    "melbands_spread": {
        "dmean": 3.01927614212,
        "dmean2": 4.47266578674,
        "dvar": 28.0139217377,
        "dvar2": 59.8134651184,
        "max": 200.611328125,
        "mean": 13.2756290436,
        "median": 7.57730197906,
        "min": 0.324772357941,
        "var": 205.587478638
    },
    "pitch_salience": {
        "dmean": 0.0634763762355,
        "dmean2": 0.100552618504,
        "dvar": 0.00347195775248,
        "dvar2": 0.00852501951158,
        "max": 0.856836080551,
        "mean": 0.560016334057,
        "median": 0.575306415558,
        "min": 0.0453228987753,
        "var": 0.0156188346446
    },
    "silence_rate_20dB": {
        "dmean": 0,
        "dmean2": 0,
        "dvar": 0,
        "dvar2": 0,
        "max": 1,
        "mean": 1,
        "median": 1,
        "min": 1,
        "var": 0
    },
    "silence_rate_30dB": {
        "dmean": 0.00377947581001,
        "dmean2": 0.00755957281217,
        "dvar": 0.00376495486125,
        "dvar2": 0.00930903106928,
        "max": 1,
        "mean": 0.996467292309,
        "median": 1,
        "min": 0,
        "var": 0.00352041213773
    },
    "silence_rate_60dB": {
        "dmean": 0.0315504074097,
        "dmean2": 0.0631060004234,
        "dvar": 0.0305574741215,
        "dvar2": 0.0674929395318,
        "max": 1,
        "mean": 0.191998034716,
        "median": 0,
        "min": 0,
        "var": 0.15513433516
    },
    "spectral_centroid": {
        "dmean": 111.446334839,
        "dmean2": 164.985610962,
        "dvar": 39784.3398438,
        "dvar2": 85090.4375,
        "max": 11499.1494141,
        "mean": 773.897949219,
        "median": 521.014526367,
        "min": 155.664703369,
        "var": 409038.0625
    },
    "spectral_complexity": {
        "dmean": 1.3750718832,
        "dmean2": 2.24946594238,
        "dvar": 2.95445156097,
        "dvar2": 7.2615442276,
        "max": 38,
        "mean": 8.88555717468,
        "median": 8,
        "min": 0,
        "var": 18.9884109497
    },
    "spectral_decrease": {
        "dmean": 1.45882550484e-09,
        "dmean2": 2.27397523034e-09,
        "dvar": 1.12682405975e-17,
        "dvar2": 2.90179855793e-17,
        "max": 1.31744092477e-28,
        "mean": -4.54060877786e-09,
        "median": -2.77877365562e-09,
        "min": -8.08325140156e-08,
        "var": 2.66217343346e-17
    },
    "spectral_energy": {
        "dmean": 0.00572038348764,
        "dmean2": 0.00888525415212,
        "dvar": 0.000166681202245,
        "dvar2": 0.000426762475399,
        "max": 0.314608931541,
        "mean": 0.0181386768818,
        "median": 0.0110186813399,
        "min": 1.03867987075e-20,
        "var": 0.00042376408237
    },
    "spectral_energyband_high": {
        "dmean": 4.09960957768e-05,
        "dmean2": 6.69041692163e-05,
        "dvar": 4.00453359362e-08,
        "dvar2": 1.03585442446e-07,
        "max": 0.006419764366,
        "mean": 6.73576432746e-05,
        "median": 1.18257203212e-05,
        "min": 7.40448948181e-21,
        "var": 5.3173646819e-08
    },
    "spectral_energyband_low": {
        "dmean": 0.00266840378754,
        "dmean2": 0.00442401692271,
        "dvar": 0.000105197694211,
        "dvar2": 0.000282773020444,
        "max": 0.15497303009,
        "mean": 0.00436568586156,
        "median": 0.0019047758542,
        "min": 1.92280491135e-23,
        "var": 8.87303176569e-05
    },
    "spectral_energyband_middle_high": {
        "dmean": 0.00119295495097,
        "dmean2": 0.0015523735201,
        "dvar": 1.13368305392e-05,
        "dvar2": 1.79641228897e-05,
        "max": 0.0948137268424,
        "mean": 0.00448532914743,
        "median": 0.000325204717228,
        "min": 1.38205997117e-21,
        "var": 0.000111346183985
    },
    "spectral_energyband_middle_low": {
        "dmean": 0.0031277409289,
        "dmean2": 0.00491190515459,
        "dvar": 4.68073703814e-05,
        "dvar2": 0.000115642484161,
        "max": 0.246830329299,
        "mean": 0.00988601893187,
        "median": 0.00596074573696,
        "min": 2.18545873721e-22,
        "var": 0.00014944425493
    },
    "spectral_entropy": {
        "dmean": 0.18484313786,
        "dmean2": 0.278866261244,
        "dvar": 0.0477187149227,
        "dvar2": 0.101578377187,
        "max": 9.8119468689,
        "mean": 6.36577796936,
        "median": 6.44739341736,
        "min": 3.92841219902,
        "var": 0.397227555513
    },
    "spectral_flux": {
        "dmean": 0.0205415301025,
        "dmean2": 0.0317437201738,
        "dvar": 0.000917022407521,
        "dvar2": 0.00197233096696,
        "max": 0.537655711174,
        "mean": 0.0570812746882,
        "median": 0.0416501313448,
        "min": 6.65629495966e-11,
        "var": 0.00251447665505
    },
    "spectral_kurtosis": {
        "dmean": 6.80728054047,
        "dmean2": 11.5362071991,
        "dvar": 90.6868972778,
        "dvar2": 244.1534729,
        "max": 292.324493408,
        "mean": 19.9137744904,
        "median": 11.7686157227,
        "min": -1.34076416492,
        "var": 725.101928711
    },
    "spectral_rms": {
        "dmean": 0.000550925091375,
        "dmean2": 0.000820080982521,
        "dvar": 7.90886929281e-07,
        "dvar2": 1.85943088127e-06,
        "max": 0.017519576475,
        "mean": 0.00363450450823,
        "median": 0.00327870901674,
        "min": 3.18330995244e-12,
        "var": 4.48676200904e-06
    },
    "spectral_rolloff": {
        "dmean": 146.069992065,
        "dmean2": 246.635696411,
        "dvar": 184076.875,
        "dvar2": 400341.8125,
        "max": 19250.6835938,
        "mean": 835.81817627,
        "median": 516.796875,
        "min": 107.666015625,
        "var": 966750.625
    },
    "spectral_skewness": {
        "dmean": 0.516572535038,
        "dmean2": 0.853377699852,
        "dvar": 0.297814905643,
        "dvar2": 0.749119758606,
        "max": 14.5305461884,
        "mean": 2.98302960396,
        "median": 2.52984666824,
        "min": -0.180034130812,
        "var": 3.2029042244
    },
    "spectral_spread": {
        "dmean": 363945.1875,
        "dmean2": 571013.25,
        "dvar": 407067295744,
        "dvar2": 668184346624,
        "max": 44645408,
        "mean": 2730240,
        "median": 2559282.5,
        "min": 308371.21875,
        "var": 2.87870969446e+12
    },
    "spectral_strongpeak": {
        "dmean": 0.540001392365,
        "dmean2": 0.859205543995,
        "dvar": 0.950492918491,
        "dvar2": 2.07727169991,
        "max": 15.0702762604,
        "mean": 1.35022044182,
        "median": 0.467920362949,
        "min": 0,
        "var": 4.4311542511
    },
    "zerocrossingrate": {
        "dmean": 0.00408485718071,
        "dmean2": 0.00493015628308,
        "dvar": 4.76996174257e-05,
        "dvar2": 5.5967924709e-05,
        "max": 0.521484375,
        "mean": 0.0324416197836,
        "median": 0.0244140625,
        "min": 0.00390625,
        "var": 0.000752174120862
    },
    "barkbands": {
        "dmean": [3.54682961188e-05, 0.00134179042652, 0.00124624918681, 0.000635351345409, 0.00110740296077, 0.00125869340263, 0.00084660173161, 0.00034745153971, 0.000459620088805, 0.000271312164841, 0.000414653739426, 0.000317567872116, 0.000332183204591, 0.000186950390344, 0.000134904068545, 0.000112085770525, 0.000121560406114, 7.27549704607e-05, 7.34478526283e-05, 2.43049162236e-05, 9.65808158071e-06, 1.65727778949e-05, 4.02932437282e-06, 3.73631428374e-06, 2.0397044409e-06, 7.18242404218e-07, 7.97209835923e-08],
        "dmean2": [5.1344257372e-05, 0.00221080775373, 0.00213397480547, 0.00108692061622, 0.00175858591683, 0.00201825704426, 0.00134077423718, 0.000508826051373, 0.000638221739791, 0.000352339440724, 0.000567597744521, 0.000432399567217, 0.000476968853036, 0.000252543191891, 0.00019152436289, 0.000161382748047, 0.000168017417309, 0.00010461146303, 0.000105386621726, 3.60194208042e-05, 1.53595974552e-05, 3.05687426589e-05, 6.28941961622e-06, 5.39609663974e-06, 3.0388837331e-06, 1.06144466372e-06, 1.31558365979e-07],
        "dvar": [1.27294406127e-08, 2.90109601337e-05, 2.39653800236e-05, 1.07053965621e-05, 6.82564404997e-06, 8.10561050457e-06, 4.77473713545e-06, 9.9889973626e-07, 4.35348511019e-06, 2.36239770857e-06, 5.16320142196e-06, 3.77920014216e-06, 2.90274419967e-06, 9.92567379399e-07, 3.95999535385e-07, 2.7036256256e-07, 3.22529189134e-07, 9.75628964284e-08, 6.63964243586e-08, 7.05045932747e-09, 1.59604951477e-09, 1.54099968341e-08, 7.82154230272e-10, 2.16518603047e-09, 4.56100823776e-10, 2.29724780865e-11, 9.1924493191e-13],
        "dvar2": [2.50089531306e-08, 7.68723039073e-05, 6.6743035859e-05, 3.01953459712e-05, 1.61532097991e-05, 1.96764940483e-05, 1.11376220957e-05, 2.04659204428e-06, 7.75799799158e-06, 3.33492698701e-06, 8.40005031932e-06, 5.87705153521e-06, 5.5794457694e-06, 1.53051007601e-06, 7.0798159868e-07, 4.68674386411e-07, 5.83340920457e-07, 1.69611311662e-07, 1.16345120205e-07, 1.38108910974e-08, 4.02517796871e-09, 4.52310402466e-08, 1.95286897764e-09, 3.63895669153e-09, 1.0025565933e-09, 4.7133730946e-11, 2.2907301056e-12],
        "max": [0.00161696586292, 0.0677617415786, 0.0848102793097, 0.139932006598, 0.0871837586164, 0.0893988013268, 0.0948384329677, 0.0385627150536, 0.122243180871, 0.0771350413561, 0.0880123302341, 0.0740538686514, 0.049101985991, 0.0368550494313, 0.0198579840362, 0.0136565444991, 0.0227898228914, 0.0199516136199, 0.0151125853881, 0.00370559538715, 0.00147306802683, 0.00304827815853, 0.00157835695427, 0.004280555062, 0.00125398021191, 0.000294928438962, 4.50921434094e-05],
        "mean": [5.05423085997e-05, 0.00180335924961, 0.00195538788103, 0.00113560631871, 0.00260632508434, 0.0026540781837, 0.00161529425532, 0.000644704967272, 0.00104159291368, 0.000573364202864, 0.00107534183189, 0.000651630165521, 0.000647079723421, 0.000478442350868, 0.000265974231297, 0.00016414152924, 0.000310266652377, 0.000189771570149, 0.000172629748704, 5.50437871425e-05, 1.5667596017e-05, 1.44068890222e-05, 7.35760977477e-06, 6.04248589298e-06, 3.34653327627e-06, 1.25538315388e-06, 8.23791737048e-08],
        "median": [8.23517621029e-06, 0.000611013616435, 0.00072482379619, 0.000398427539039, 0.00131539581344, 0.00118590286002, 0.000475819339044, 0.000186612305697, 0.000188737845747, 3.14334611176e-05, 2.19173925871e-05, 1.0758632925e-05, 8.00681664259e-06, 9.88992178463e-06, 6.10927918387e-06, 9.22529579839e-06, 7.61397768656e-06, 8.60293039295e-06, 1.00426814242e-05, 5.93669028603e-06, 2.04363823286e-06, 1.13868213703e-06, 8.32777232063e-07, 5.51557889139e-07, 3.20707158608e-07, 1.25536161022e-07, 4.70719063728e-09],
        "min": [2.115746888e-25, 7.79016157782e-24, 1.29389843282e-24, 3.43175635243e-24, 1.79936490354e-23, 2.04290361992e-23, 2.38297950512e-23, 1.66273151263e-23, 3.00346420324e-23, 2.6761639204e-23, 3.03705705603e-23, 2.90879237491e-23, 6.20051802806e-23, 6.19014608488e-23, 5.0071623828e-23, 8.46801539641e-23, 6.41325109501e-23, 1.04507049479e-22, 1.50125304217e-22, 2.16845064366e-22, 3.54804770273e-22, 3.46544954833e-22, 3.58523069305e-22, 6.14115668671e-22, 9.50815740381e-22, 1.53176996852e-21, 2.2225119252e-21],
        "var": [1.80967045793e-08, 2.36598880292e-05, 1.86111865332e-05, 8.24245489639e-06, 2.12116774492e-05, 2.7763811886e-05, 1.4273114175e-05, 2.44033708441e-06, 2.27844757319e-05, 1.16982255349e-05, 3.73661860067e-05, 1.58942802955e-05, 1.16658939078e-05, 5.55508586331e-06, 1.6206371356e-06, 5.78036406296e-07, 1.96037444766e-06, 6.10761958342e-07, 3.59519674475e-07, 3.50864333143e-08, 2.58461119174e-09, 8.69464766851e-09, 1.23831933596e-09, 4.41362368875e-09, 6.99189817155e-10, 3.85520157464e-11, 8.04689485618e-13]
    },
    "erbbands": {
        "dmean": [0.0243443921208, 0.373130232096, 1.41651546955, 1.73211109638, 2.53633785248, 4.22125959396, 8.62225055695, 9.91090583801, 10.6103773117, 12.3308534622, 7.00135374069, 10.3892059326, 8.17323875427, 9.52774620056, 16.5022411346, 11.9020767212, 15.3683233261, 10.0068655014, 5.84994506836, 7.26789283752, 4.2251367569, 7.0119805336, 3.77239084244, 3.92760753632, 2.42183899879, 1.12925708294, 0.452034384012, 0.347616255283, 0.689336359501, 0.263038754463, 0.115857437253, 0.0853877142072, 0.062236238271, 0.0297378711402, 0.011699218303, 0.00394232850522, 0.00120573537424, 0.000209774341783, 1.19284459288e-05, 6.55040093989e-06],
        "dmean2": [0.0372614078224, 0.645902395248, 2.4425535202, 2.98921465874, 4.15376806259, 6.70451211929, 13.4891109467, 15.7021474838, 17.205121994, 18.3701000214, 9.87762260437, 14.4309968948, 10.613026619, 12.5510988235, 20.904838562, 15.3905763626, 21.0407009125, 12.3211355209, 7.11961078644, 10.0248556137, 5.58102798462, 9.17864608765, 5.11233091354, 5.71306562424, 3.27157998085, 1.61845266819, 0.689790129662, 0.580678999424, 1.27865862846, 0.462252169847, 0.181186929345, 0.126414552331, 0.0907801017165, 0.0442267023027, 0.0180142764002, 0.00593103002757, 0.00176860927604, 0.000310635281494, 1.88235062524e-05, 1.00812221717e-05],
        "dvar": [0.00711609004065, 2.46142673492, 33.3719367981, 59.4837608337, 99.097366333, 93.4854507446, 446.088195801, 561.058898926, 707.900817871, 1378.38769531, 452.80871582, 2758.94116211, 1619.87072754, 3038.63500977, 7510.87255859, 4370.62304688, 6897.16015625, 2393.08178711, 805.651550293, 1009.02044678, 305.521514893, 990.180175781, 272.028564453, 157.91104126, 100.223945618, 15.1328392029, 2.59277200699, 3.89443397522, 27.4356174469, 2.88829517365, 0.656106710434, 0.916131138802, 0.742243885994, 0.141031041741, 0.00817223824561, 0.000696935341693, 7.40961841075e-05, 3.39355847245e-06, 2.03263823551e-08, 2.08816852698e-10],
        "dvar2": [0.0142158241943, 6.81734037399, 92.7005310059, 167.496032715, 274.385070801, 212.662658691, 957.789916992, 1270.86779785, 1664.6505127, 3032.02734375, 816.242492676, 5029.51464844, 2553.86889648, 4845.34912109, 11072.8837891, 6450.01416016, 12160.5419922, 3170.11865234, 1187.2635498, 1820.41101074, 499.24319458, 1564.93847656, 427.535705566, 322.753204346, 141.303649902, 26.1049404144, 5.95165491104, 10.6603965759, 80.6813354492, 8.26700496674, 1.54192399979, 1.82637774944, 1.28055584431, 0.306560993195, 0.0153375640512, 0.00148459069896, 0.000146656690049, 7.50496974433e-06, 5.01327619418e-08, 5.22308196693e-10],
        "max": [0.985633671284, 19.5483951569, 94.0287246704, 277.21484375, 407.133972168, 447.346801758, 734.910827637, 984.601196289, 1675.00927734, 1593.88537598, 800.703552246, 3423.78637695, 1929.11572266, 3007.98022461, 3813.51635742, 2957.07177734, 2686.27490234, 1822.36706543, 2092.77294922, 1041.03979492, 720.774475098, 1561.41784668, 1390.80651855, 750.235839844, 807.488647461, 238.924484253, 40.0137557983, 82.3204040527, 120.951751709, 46.8004074097, 38.092792511, 76.695350647, 75.8193969727, 22.9991779327, 6.15953063965, 1.50913286209, 0.571187078953, 0.0985315144062, 0.00738814938813, 0.000354439718649],
        "mean": [0.0382995903492, 0.464268952608, 2.07906937599, 3.19015455246, 5.54667711258, 9.17632579803, 17.6244049072, 21.2689323425, 19.9665145874, 24.3095550537, 14.6427736282, 24.2622146606, 19.771194458, 24.1480312347, 42.2521781921, 26.0695800781, 31.5035552979, 23.9443721771, 13.9743118286, 17.6512851715, 9.45743179321, 17.7344074249, 10.9004106522, 10.1563196182, 6.03668069839, 2.78951859474, 0.877318263054, 0.496633887291, 0.570662975311, 0.325233578682, 0.201680615544, 0.137839987874, 0.0953001976013, 0.0477610677481, 0.0190625227988, 0.00700909737498, 0.00200132024474, 0.00031413155375, 2.03490944841e-05, 2.12313152588e-05],
        "median": [0.0140481190756, 0.159464806318, 0.794536709785, 1.24066090584, 2.33448338509, 4.68663787842, 8.30857658386, 9.36741924286, 6.53492450714, 6.74205112457, 4.81837177277, 4.55791950226, 2.1509809494, 1.29524147511, 1.06501674652, 0.598215222359, 0.549252867699, 0.523922085762, 0.489167273045, 0.514140665531, 0.536284208298, 0.559885025024, 0.552925944328, 0.632322192192, 0.481904029846, 0.297204196453, 0.126783907413, 0.0684826523066, 0.0444096922874, 0.033560115844, 0.0220581702888, 0.014182517305, 0.00778273399919, 0.00414989329875, 0.0019143091049, 0.000743901706301, 0.000194810942048, 2.69534175459e-05, 7.08450716047e-06, 1.26640379676e-05],
        "min": [3.74336663363e-22, 1.16802143409e-21, 1.90491536356e-21, 7.66434213201e-21, 1.87575175397e-20, 6.92167934478e-20, 1.37558054991e-19, 1.7788750425e-19, 2.03312787383e-19, 2.8840960036e-19, 4.40663927725e-19, 7.46661507559e-19, 8.28277505744e-19, 9.56083579527e-19, 1.39673148063e-18, 1.36094061629e-18, 3.10700990835e-18, 3.50387255469e-18, 2.7473519848e-18, 4.97929848328e-18, 4.05972882734e-18, 4.99858295849e-18, 5.32513483917e-18, 1.06110770337e-17, 7.96541098202e-18, 8.99320522699e-18, 1.39102215596e-17, 1.13468227557e-17, 1.13451559868e-17, 1.34326240176e-17, 1.00263662198e-17, 1.24956591669e-17, 9.34316962773e-18, 8.32944655215e-18, 7.44012895917e-18, 4.44248473551e-18, 2.81423801593e-18, 1.10873645285e-18, 2.89537228481e-19, 3.1357176251e-20],
        "var": [0.00915299262851, 1.7368888855, 24.5493164062, 48.7745399475, 131.094863892, 300.510925293, 1410.10876465, 1862.9979248, 2226.65551758, 4061.55908203, 1254.99389648, 15062.9785156, 9637.29199219, 18059.4960938, 50634.09375, 18821.546875, 28148.8554688, 12129.0839844, 4468.94726562, 5587.64794922, 1308.77453613, 6410.36425781, 2165.39379883, 964.864685059, 565.354125977, 92.6361923218, 6.57312440872, 3.99489617348, 15.1915178299, 2.0871026516, 1.17125403881, 1.71429848671, 1.35892939568, 0.212736845016, 0.01488430053, 0.00117562257219, 0.000122380602988, 4.37295057054e-06, 1.79268297984e-08, 5.86861448326e-10]
    },
    "gfcc": {
        "mean": [-127.555740356, 156.892425537, -100.61428833, 23.062828064, -57.6379547119, -14.9478092194, -35.9362068176, 4.17232084274, -20.5856266022, -5.31213235855, -7.4102563858, -6.76101064682, -6.41171836853],
        "cov": [[13347.9179688, -1368.69226074, -2022.01721191, 500.539276123, 627.43927002, 720.935241699, -202.561294556, 340.338043213, -231.309326172, 206.365692139, 77.4913253784, 235.612197876, -415.489593506], [-1368.69226074, 1417.20251465, 632.88873291, -288.112182617, -41.6696853638, -310.923828125, 213.577133179, -15.5465955734, 115.733261108, -180.585250854, 93.6343460083, -121.319869995, 154.943725586], [-2022.01721191, 632.88873291, 1484.94909668, -101.20614624, -472.642059326, -124.859848022, 19.3369274139, 62.5823974609, 103.749885559, -54.027633667, -0.239174768329, -70.8223495483, 158.261825562], [500.539276123, -288.112182617, -101.20614624, 445.803466797, 93.9704971313, -6.83589267731, -46.1174926758, 65.0450286865, 47.2077636719, 9.81396198273, -16.834980011, 63.1651687622, -22.23371315], [627.43927002, -41.6696853638, -472.642059326, 93.9704971313, 531.853942871, 65.753074646, 14.1571874619, -14.9920740128, -9.97983455658, 9.38700675964, 13.6350011826, 56.4626045227, -97.1747360229], [720.935241699, -310.923828125, -124.859848022, -6.83589267731, 65.753074646, 420.929962158, 45.1853370667, -56.4520187378, -73.7898101807, 69.509475708, -19.6900234222, 6.08300733566, -56.9132614136], [-202.561294556, 213.577133179, 19.3369274139, -46.1174926758, 14.1571874619, 45.1853370667, 262.64654541, 0.161720305681, -18.3155841827, -17.0441627502, 5.81639623642, -18.2778072357, -1.68804848194], [340.338043213, -15.5465955734, 62.5823974609, 65.0450286865, -14.9920740128, -56.4520187378, 0.161720305681, 288.435058594, 64.0148391724, -52.8803405762, 0.993025898933, 5.97646474838, -0.464762300253], [-231.309326172, 115.733261108, 103.749885559, 47.2077636719, -9.97983455658, -73.7898101807, -18.3155841827, 64.0148391724, 166.360351562, 8.40363693237, -23.9089736938, -11.8485460281, 12.4696245193], [206.365692139, -180.585250854, -54.027633667, 9.81396198273, 9.38700675964, 69.509475708, -17.0441627502, -52.8803405762, 8.40363693237, 186.59866333, 0.824383497238, -13.8260812759, -43.7804260254], [77.4913253784, 93.6343460083, -0.239174768329, -16.834980011, 13.6350011826, -19.6900234222, 5.81639623642, 0.993025898933, -23.9089736938, 0.824383497238, 122.083869934, 15.2462472916, -4.6148276329], [235.612197876, -121.319869995, -70.8223495483, 63.1651687622, 56.4626045227, 6.08300733566, -18.2778072357, 5.97646474838, -11.8485460281, -13.8260812759, 15.2462472916, 142.551116943, -14.9133958817], [-415.489593506, 154.943725586, 158.261825562, -22.23371315, -97.1747360229, -56.9132614136, -1.68804848194, -0.464762300253, 12.4696245193, -43.7804260254, -4.6148276329, -14.9133958817, 158.921264648]],
        "icov": [[0.000133183057187, -0.000194070686121, 0.000231441299547, -0.000170040642843, 0.00014205473417, -0.000291045347694, 0.000247243791819, -0.00031790198409, 0.000244510971243, -0.000208883473533, 4.77744579257e-05, -0.00018049890059, 0.000175189314177], [-0.000194070686121, 0.00323720113374, -0.00145342480391, 0.00165716907941, -0.00172470277175, 0.00192094861995, -0.00245863036253, 0.00156745908316, -0.00241700233892, 0.00236337655224, -0.00231564440764, 0.00196765596047, -0.00141439004801], [0.000231441299547, -0.00145342480391, 0.00186612550169, -0.000752519466914, 0.0016401327448, -0.00109090551268, 0.00109376851469, -0.00100210844539, 0.000567849026993, -0.000963614147622, 0.000702503952198, -0.000868892588187, 0.000308211368974], [-0.000170040642843, 0.00165716907941, -0.000752519466914, 0.00356967863627, -0.0012424151646, 0.0010681191925, -0.000973344547674, 0.0003912760003, -0.00188559945673, 0.000969550630543, -0.000720773765352, -2.88559203909e-05, -0.000806403695606], [0.00014205473417, -0.00172470277175, 0.0016401327448, -0.0012424151646, 0.00386239122599, -0.00131163967308, 0.00106831104495, -0.000656253832858, 0.000656844582409, -0.000820211542305, 0.000772434228566, -0.00157167750876, 0.0017446471611], [-0.000291045347694, 0.00192094861995, -0.00109090551268, 0.0010681191925, -0.00131163967308, 0.00440141977742, -0.00210838532075, 0.00133626465686, -0.00020305714861, 0.000418141717091, -0.000396741379518, 0.0011284777429, -0.000416737049818], [0.000247243791819, -0.00245863036253, 0.00109376851469, -0.000973344547674, 0.00106831104495, -0.00210838532075, 0.00601987214759, -0.00150158233009, 0.00213362113573, -0.0013268108014, 0.001460392843, -0.00100772047881, 0.00119073153473], [-0.00031790198409, 0.00156745908316, -0.00100210844539, 0.0003912760003, -0.000656253832858, 0.00133626465686, -0.00150158233009, 0.00540818553418, -0.00294940150343, 0.00266275531612, -0.00137395376805, 0.00111095502507, -0.000200207112357], [0.000244510971243, -0.00241700233892, 0.000567849026993, -0.00188559945673, 0.000656844582409, -0.00020305714861, 0.00213362113573, -0.00294940150343, 0.0100572817028, -0.00329024367966, 0.00339850969613, -0.000958392745815, 0.000822628731839], [-0.000208883473533, 0.00236337655224, -0.000963614147622, 0.000969550630543, -0.000820211542305, 0.000418141717091, -0.0013268108014, 0.00266275531612, -0.00329024367966, 0.0085518443957, -0.00231799040921, 0.00234582019038, 0.000653726863675], [4.77744579257e-05, -0.00231564440764, 0.000702503952198, -0.000720773765352, 0.000772434228566, -0.000396741379518, 0.001460392843, -0.00137395376805, 0.00339850969613, -0.00231799040921, 0.0106517216191, -0.00239161867648, 0.00110353517812], [-0.00018049890059, 0.00196765596047, -0.000868892588187, -2.88559203909e-05, -0.00157167750876, 0.0011284777429, -0.00100772047881, 0.00111095502507, -0.000958392745815, 0.00234582019038, -0.00239161867648, 0.00931191444397, -0.000567576556932], [0.000175189314177, -0.00141439004801, 0.000308211368974, -0.000806403695606, 0.0017446471611, -0.000416737049818, 0.00119073153473, -0.000200207112357, 0.000822628731839, 0.000653726863675, 0.00110353517812, -0.000567576556932, 0.00873362179846]]
    },
    "melbands": {
        "dmean": [0.000283157452941, 0.00066201138543, 0.000317103316775, 0.000227044321946, 0.000270186166745, 0.000227480588364, 0.000159023999004, 0.00012341029651, 6.20431965217e-05, 6.46373882773e-05, 4.13406414737e-05, 3.92640795326e-05, 6.01590109e-05, 3.70394045603e-05, 3.27760717482e-05, 3.25961809722e-05, 1.88077956409e-05, 1.08614740384e-05, 1.07178902908e-05, 8.97503468877e-06, 5.61826982448e-06, 9.24913547351e-06, 4.1657035581e-06, 4.22951643486e-06, 3.90401328332e-06, 3.0922174119e-06, 1.30907574203e-06, 7.67704648297e-07, 3.50888740286e-07, 2.05401946118e-07, 2.04754499578e-07, 3.8128240476e-07, 3.54136489022e-07, 8.76477983525e-08, 7.11731118486e-08, 6.14731803239e-08, 5.07781194869e-08, 4.57588065217e-08, 3.72261936832e-08, 2.30737029483e-08],
        "dmean2": [0.000443775265012, 0.00114869512618, 0.000543656409718, 0.000365326850442, 0.000423995050369, 0.000362830265658, 0.000254847313045, 0.000183344571269, 8.65033798618e-05, 8.95027842489e-05, 5.41982990399e-05, 5.20092726219e-05, 7.7050026448e-05, 4.66779893031e-05, 4.81298484374e-05, 4.15760041506e-05, 2.34903891396e-05, 1.32663408294e-05, 1.36469107019e-05, 1.17781555673e-05, 7.46027899368e-06, 1.22917463159e-05, 5.79730613026e-06, 5.92920923737e-06, 5.75166086492e-06, 4.16432567363e-06, 1.858200676e-06, 1.06710751879e-06, 5.31870796294e-07, 3.22738770819e-07, 3.47939959511e-07, 7.05567458681e-07, 6.53265828987e-07, 1.41601844916e-07, 1.13312140115e-07, 9.08784656417e-08, 7.52859108388e-08, 6.72303883675e-08, 5.57746950847e-08, 3.60395340238e-08],
        "dvar": [1.12483519388e-06, 7.49951459511e-06, 2.02176033781e-06, 3.76717196104e-07, 3.91202007677e-07, 2.70430916771e-07, 1.447404685e-07, 1.23598340451e-07, 4.7044249385e-08, 1.10645622442e-07, 4.36885301269e-08, 5.1678217261e-08, 9.92855007098e-08, 5.47777361248e-08, 3.01308809014e-08, 2.70571582917e-08, 9.67740731994e-09, 3.54711926498e-09, 2.35120301006e-09, 1.50579815283e-09, 7.09741376781e-10, 1.87105730909e-09, 4.19872026036e-10, 3.33240129935e-10, 1.67605013202e-10, 1.70580286007e-10, 2.57934333614e-11, 8.40913623457e-12, 1.46419410884e-12, 8.51470749377e-13, 1.63078589261e-12, 7.88771825633e-12, 7.55219584786e-12, 2.7825138027e-13, 2.70250401918e-13, 2.97061339286e-13, 3.51326633801e-13, 3.84792675154e-13, 2.57709841965e-13, 9.86439798118e-14],
        "dvar2": [2.73737873613e-06, 2.08364344871e-05, 5.69372514292e-06, 9.51183096731e-07, 8.52662424222e-07, 6.37462676423e-07, 3.48821771468e-07, 2.71026777909e-07, 8.25835471119e-08, 1.93311436192e-07, 6.83190037876e-08, 8.00537094392e-08, 1.45977452348e-07, 7.46318562506e-08, 6.20448119548e-08, 3.9311942146e-08, 1.32294735167e-08, 4.96912022641e-09, 3.70082875456e-09, 2.35222707978e-09, 1.12644582551e-09, 3.06202707634e-09, 7.47028439108e-10, 5.64143454174e-10, 3.51539047871e-10, 2.36556496613e-10, 4.94892252179e-11, 1.29033780188e-11, 3.20649843483e-12, 2.12286460112e-12, 4.55879561531e-12, 2.31419536312e-11, 2.22328926103e-11, 7.51345058218e-13, 6.75113881899e-13, 6.39625071658e-13, 6.78749103363e-13, 6.51701403346e-13, 4.6494985596e-13, 2.4849729479e-13],
        "max": [0.0128542818129, 0.0415441952646, 0.055227689445, 0.019544640556, 0.0253525618464, 0.0201205313206, 0.0222728680819, 0.0147729646415, 0.0111688179895, 0.0228002946824, 0.00947502721101, 0.0122294100001, 0.0139592876658, 0.0110974796116, 0.007114819251, 0.00545578729361, 0.0037723321002, 0.00444875750691, 0.00186718720943, 0.00132329226471, 0.000972650770564, 0.0021023680456, 0.00109636166599, 0.00124576617964, 0.000778136600275, 0.0010828927625, 0.000230177174672, 0.000205290314625, 3.09723473038e-05, 4.05604550906e-05, 5.65688387724e-05, 6.06521534792e-05, 7.50305334805e-05, 3.11629119096e-05, 2.61265759036e-05, 3.50643967977e-05, 5.17732005392e-05, 5.69501171412e-05, 4.09342283092e-05, 2.23134684347e-05],
        "mean": [0.000412207416957, 0.000948433822487, 0.000630401307717, 0.00051608501235, 0.000595128396526, 0.00049363472499, 0.000303130742395, 0.000240798457526, 0.000127062186948, 0.000147962316987, 9.59303579293e-05, 9.00920567801e-05, 0.000158561131684, 8.0151410657e-05, 7.1684778959e-05, 5.68148170714e-05, 4.42939090135e-05, 2.42180212808e-05, 2.30363039009e-05, 1.66108457051e-05, 1.0545008081e-05, 2.2117215849e-05, 7.96221593191e-06, 1.04861292129e-05, 8.0282206909e-06, 6.46415855954e-06, 2.52759218711e-06, 1.58096440828e-06, 5.5151218703e-07, 3.32142008119e-07, 2.541644335e-07, 3.09692438805e-07, 2.95384069204e-07, 1.4380773905e-07, 1.18606337196e-07, 9.89148603026e-08, 7.69387256128e-08, 6.71720385981e-08, 5.61738566773e-08, 3.50523947645e-08],
        "median": [0.000152939464897, 0.000382208585506, 0.000269370910246, 0.000256853876635, 0.000299617066048, 0.000220551271923, 9.91797060124e-05, 6.83230464347e-05, 3.57436183549e-05, 2.47868974839e-05, 8.41353175929e-06, 4.71775319966e-06, 3.39401503879e-06, 1.26383497445e-06, 1.07030609797e-06, 7.61705280183e-07, 8.52784125982e-07, 6.40531766294e-07, 5.00388978253e-07, 6.66127220939e-07, 4.08445288258e-07, 4.73302037562e-07, 3.80478496709e-07, 4.0669289092e-07, 4.54284077023e-07, 3.70468285382e-07, 2.36489455574e-07, 1.42740887554e-07, 6.84905572257e-08, 3.89925283173e-08, 3.10597485509e-08, 2.18737241653e-08, 1.82487376321e-08, 1.5042283863e-08, 1.20228449418e-08, 8.80345574217e-09, 6.59588117458e-09, 4.6296086964e-09, 3.69968944369e-09, 2.77924727676e-09],
        "min": [3.38056677386e-24, 1.5246843252e-24, 3.11498136733e-24, 2.70418402309e-24, 4.03548659156e-24, 4.19236854307e-24, 3.94224165484e-24, 3.22625631169e-24, 2.94101466077e-24, 4.62770971666e-24, 3.97709944609e-24, 3.5576001772e-24, 4.81964391363e-24, 3.39313766682e-24, 3.64841857777e-24, 6.44418146335e-24, 6.12547692448e-24, 3.49098757907e-24, 4.718569138e-24, 5.30028384698e-24, 3.6161742827e-24, 3.93701308476e-24, 4.7618361865e-24, 4.83603092121e-24, 8.27884749797e-24, 4.96189604523e-24, 6.72490747724e-24, 5.77879425031e-24, 7.23717481643e-24, 7.38830321093e-24, 6.74019244614e-24, 6.23296198383e-24, 7.39024459761e-24, 6.60254529008e-24, 5.44486942913e-24, 6.48412030769e-24, 7.5328398837e-24, 6.24958998842e-24, 6.37508592553e-24, 6.45792460361e-24],
        "var": [1.11219026167e-06, 5.4007300605e-06, 1.67773748672e-06, 9.09547054562e-07, 1.35625509756e-06, 9.40881648148e-07, 4.66913036234e-07, 3.6322992969e-07, 1.4603867271e-07, 6.04277033744e-07, 2.50953178238e-07, 2.87587113235e-07, 7.96106348844e-07, 2.66610783228e-07, 1.42603610698e-07, 8.71806733471e-08, 4.97991301529e-08, 1.99679224266e-08, 1.22258274615e-08, 5.52506884688e-09, 2.72638089882e-09, 1.16102061298e-08, 1.5524003194e-09, 2.06386863155e-09, 6.98822999468e-10, 8.70940042308e-10, 8.44891032137e-11, 4.45612609312e-11, 3.04058254269e-12, 1.6760255293e-12, 1.33827909692e-12, 4.41580192551e-12, 4.20565058473e-12, 3.08680490023e-13, 3.85540612022e-13, 6.05496230412e-13, 6.46325007403e-13, 7.05777558792e-13, 4.37275839453e-13, 1.12421519576e-13]
    },
    "mfcc": {
        "mean": [-774.944458008, 179.819625854, 17.1214237213, 35.2870178223, -0.205085903406, -14.6672811508, -5.83809614182, -2.13442444801, -8.18824005127, 0.980643987656, -2.45703148842, -4.72924137115, -1.16577279568],
        "cov": [[10007.3115234, -359.791809082, -2312.52514648, 251.33380127, 274.329315186, 328.803222656, 302.274291992, 390.4921875, -269.848052979, 224.0131073, 133.654281616, -15.2104873657, 203.318771362], [-359.791809082, 1458.49707031, 337.868682861, -43.1408691406, -31.1751937866, -194.711853027, 73.3765640259, 31.4942092896, 54.9371414185, 1.49645316601, -0.805240035057, 33.6366920471, -30.0467014313], [-2312.52514648, 337.868682861, 1550.46960449, -96.4302215576, -203.441452026, -197.498001099, -125.551216125, -113.30242157, 152.675964355, -40.734462738, -80.646987915, 67.6628875732, -88.0304641724], [251.33380127, -43.1408691406, -96.4302215576, 406.233306885, 84.4806900024, -75.2443237305, -59.6560020447, 53.0251579285, 25.2963886261, -43.1048545837, 34.0579872131, 63.2260169983, 21.0974273682], [274.329315186, -31.1751937866, -203.441452026, 84.4806900024, 318.567657471, 7.77541971207, -8.44659519196, 54.3717384338, -16.4103412628, -12.6596632004, 29.1814041138, 13.5657682419, 6.06906509399], [328.803222656, -194.711853027, -197.498001099, -75.2443237305, 7.77541971207, 440.047027588, 97.391784668, -58.5433731079, -39.385761261, 18.1284103394, 34.4969329834, -33.9676361084, 32.143497467], [302.274291992, 73.3765640259, -125.551216125, -59.6560020447, -8.44659519196, 97.391784668, 235.808166504, 57.360168457, -30.5564250946, 19.7655754089, -1.15885519981, -7.46571016312, 19.8320426941], [390.4921875, 31.4942092896, -113.30242157, 53.0251579285, 54.3717384338, -58.5433731079, 57.360168457, 245.861282349, 24.8686943054, -17.7991542816, 10.5214319229, 2.81449508667, 12.1895771027], [-269.848052979, 54.9371414185, 152.675964355, 25.2963886261, -16.4103412628, -39.385761261, -30.5564250946, 24.8686943054, 191.689285278, 29.9364910126, -17.1055755615, 26.6586780548, -36.8342971802], [224.0131073, 1.49645316601, -40.734462738, -43.1048545837, -12.6596632004, 18.1284103394, 19.7655754089, -17.7991542816, 29.9364910126, 183.178253174, 12.6313943863, -15.5292615891, -8.22946739197], [133.654281616, -0.805240035057, -80.646987915, 34.0579872131, 29.1814041138, 34.4969329834, -1.15885519981, 10.5214319229, -17.1055755615, 12.6313943863, 172.211013794, 39.2043991089, -5.83334159851], [-15.2104873657, 33.6366920471, 67.6628875732, 63.2260169983, 13.5657682419, -33.9676361084, -7.46571016312, 2.81449508667, 26.6586780548, -15.5292615891, 39.2043991089, 145.397537231, 19.7832889557], [203.318771362, -30.0467014313, -88.0304641724, 21.0974273682, 6.06906509399, 32.143497467, 19.8320426941, 12.1895771027, -36.8342971802, -8.22946739197, -5.83334159851, 19.7832889557, 139.737670898]],
