{
"lowlevel": {
    "average_loudness": 0.624649107456,
    "barkbands_crest": {
        "dmean": 2.04129743576,
        "dmean2": 3.2047958374,
        "dvar": 4.42859649658,
        "dvar2": 9.80024242401,
        "max": 25.8464012146,
        "mean": 10.7327651978,
        "median": 9.15515327454,
        "min": 2.89298391342,
        "var": 26.8160152435
    },
    "barkbands_flatness_db": {
        "dmean": 0.0174313168973,
        "dmean2": 0.0265069399029,
        "dvar": 0.000327612564433,
        "dvar2": 0.000730944622774,
        "max": 0.378733187914,
        "mean": 0.219582572579,
        "median": 0.217416480184,
        "min": 0.030332589522,
        "var": 0.00288823014125
    },
    "barkbands_kurtosis": {
        "dmean": 1.70532107353,
        "dmean2": 2.74230003357,
        "dvar": 14.8032855988,
        "dvar2": 37.6109466553,
        "max": 95.347984314,
        "mean": 2.07416701317,
        "median": 0.655541300774,
        "min": -1.92759501934,
        "var": 24.3279724121
    },
    "barkbands_skewness": {
        "dmean": 0.420895904303,
        "dmean2": 0.627500891685,
        "dvar": 0.291356384754,
        "dvar2": 0.631563663483,
        "max": 9.4625120163,
        "mean": 0.36182320118,
        "median": 0.374133318663,
        "min": -4.07547473907,
        "var": 1.3531512022
    },
    "barkbands_spread": {
        "dmean": 2.75231766701,
        "dmean2": 4.23636770248,
        "dvar": 13.8952903748,
        "dvar2": 34.1899795532,
        "max": 94.6253509521,
        "mean": 13.286813736,
        "median": 11.812702179,
        "min": 0.868145525455,
        "var": 62.4495887756
    },
    "dissonance": {
        "dmean": 0.0303694587201,
        "dmean2": 0.0512719638646,
        "dvar": 0.000895397271961,
        "dvar2": 0.00250853737816,
        "max": 0.499999910593,
        "mean": 0.433024048805,
        "median": 0.444879829884,
        "min": 0.212046921253,
        "var": 0.00224208808504
    },
    "dynamic_complexity": 5.19874191284,
    "erbbands_crest": {
        "dmean": 2.80364155769,
        "dmean2": 4.36418867111,
        "dvar": 7.92197275162,
        "dvar2": 17.8637447357,
        "max": 33.9456443787,
        "mean": 14.1108236313,
        "median": 12.0942211151,
        "min": 2.57878470421,
        "var": 50.7697677612
    },
    "erbbands_flatness_db": {
        "dmean": 0.0182009208947,
        "dmean2": 0.0259615872055,
        "dvar": 0.000375652947696,
        "dvar2": 0.000657575728837,
        "max": 0.449457794428,
        "mean": 0.276183873415,
        "median": 0.276914566755,
        "min": 0.0465626977384,
        "var": 0.00389314489439
    },
    "erbbands_kurtosis": {
        "dmean": 1.56638777256,
        "dmean2": 2.37874698639,
        "dvar": 6.84370326996,
        "dvar2": 14.5632171631,
        "max": 66.9009628296,
        "mean": 2.41284942627,
        "median": 0.687947630882,
        "min": -1.78777098656,
        "var": 26.0252742767
    },
    "erbbands_skewness": {
        "dmean": 0.388701498508,
        "dmean2": 0.578639268875,
        "dvar": 0.16558752954,
        "dvar2": 0.339196920395,
        "max": 4.69381570816,
        "mean": -0.118993349373,
        "median": -0.013081215322,
        "min": -6.96214771271,
        "var": 1.531067729
    },
    "erbbands_spread": {
        "dmean": 3.88426709175,
        "dmean2": 5.84121131897,
        "dvar": 26.9902114868,
        "dvar2": 59.5282936096,
        "max": 128.336746216,
        "mean": 17.2029933929,
        "median": 15.0028934479,
        "min": 0.976104676723,
        "var": 138.363174438
    },
    "hfc": {
        "dmean": 4.30355501175,
        "dmean2": 6.02583122253,
        "dvar": 42.4890632629,
        "dvar2": 73.4078903198,
        "max": 116.745941162,
        "mean": 18.9507408142,
        "median": 9.70751953125,
        "min": 1.21710084782e-16,
        "var": 396.614715576
    },
    "melbands_crest": {
        "dmean": 2.61610674858,
        "dmean2": 4.13698625565,
        "dvar": 7.91225528717,
        "dvar2": 18.5779914856,
        "max": 38.2967071533,
        "mean": 13.2412319183,
        "median": 11.7114934921,
        "min": 1.82628440857,
        "var": 35.9697036743
    },
    "melbands_flatness_db": {
        "dmean": 0.0177208017558,
        "dmean2": 0.0267902109772,
        "dvar": 0.000415929476731,
        "dvar2": 0.000930215988774,
        "max": 0.499313950539,
        "mean": 0.264903336763,
        "median": 0.256464749575,
        "min": 0.00641314545646,
        "var": 0.00471708225086
    },
    "melbands_kurtosis": {
        "dmean": 2.592710495,
        "dmean2": 4.22337388992,
        "dvar": 69.0879898071,
        "dvar2": 172.687713623,
        "max": 304.442657471,
        "mean": 3.55371379852,
        "median": 1.26729774475,
        "min": -1.88629853725,
        "var": 90.4272689819
    },
    "melbands_skewness": {
        "dmean": 0.469054073095,
        "dmean2": 0.704452753067,
        "dvar": 0.457988411188,
        "dvar2": 1.03150463104,
        "max": 16.0788135529,
        "mean": 0.851769208908,
        "median": 0.799255788326,
        "min": -3.04266023636,
        "var": 1.77342653275
    },
    "melbands_spread": {
        "dmean": 4.71460151672,
        "dmean2": 7.16967439651,
        "dvar": 42.6459541321,
        "dvar2": 87.6626739502,
        "max": 173.845458984,
        "mean": 22.5937843323,
        "median": 18.6272735596,
        "min": 1.4518725872,
        "var": 236.684341431
    },
    "pitch_salience": {
        "dmean": 0.0601305477321,
        "dmean2": 0.0966737195849,
        "dvar": 0.00348572386429,
        "dvar2": 0.00915564317256,
        "max": 0.869209051132,
        "mean": 0.53484839201,
        "median": 0.553418278694,
        "min": 0.0725091770291,
        "var": 0.0138101745397
    },
    "silence_rate_20dB": {
        "dmean": 0,
        "dmean2": 0,
        "dvar": 0,
        "dvar2": 0,
        "max": 1,
        "mean": 1,
        "median": 1,
        "min": 1,
        "var": 0
    },
    "silence_rate_30dB": {
        "dmean": 0,
        "dmean2": 0,
        "dvar": 0,
        "dvar2": 0,
        "max": 1,
        "mean": 1,
        "median": 1,
        "min": 1,
        "var": 0
    },
    "silence_rate_60dB": {
        "dmean": 0.040212739259,
        "dmean2": 0.0804359093308,
        "dvar": 0.0385960042477,
        "dvar2": 0.0859015062451,
        "max": 1,
        "mean": 0.139688715339,
        "median": 0,
        "min": 0,
        "var": 0.120176367462
    },
    "spectral_centroid": {
        "dmean": 131.8931427,
        "dmean2": 195.161636353,
        "dvar": 40909.0117188,
        "dvar2": 72739.3359375,
        "max": 11052.8535156,
        "mean": 1105.82714844,
        "median": 1047.71801758,
        "min": 236.750671387,
        "var": 257203.234375
    },
    "spectral_complexity": {
        "dmean": 1.70891165733,
        "dmean2": 2.75116753578,
        "dvar": 3.00193572044,
        "dvar2": 6.69364118576,
        "max": 38,
        "mean": 13.2737998962,
        "median": 13,
        "min": 0,
        "var": 28.9316673279
    },
    "spectral_decrease": {
        "dmean": 1.17863419025e-09,
        "dmean2": 1.773432734e-09,
        "dvar": 4.41048235838e-18,
        "dvar2": 1.03436313437e-17,
        "max": 1.28186719314e-28,
        "mean": -4.57020377098e-09,
        "median": -2.79287704075e-09,
        "min": -2.37137705028e-08,
        "var": 1.87022641366e-17
    },
    "spectral_energy": {
        "dmean": 0.00479181390256,
        "dmean2": 0.00716964481398,
        "dvar": 6.83232574374e-05,
        "dvar2": 0.000157274829689,
        "max": 0.0973700731993,
        "mean": 0.0189678966999,
        "median": 0.0114624239504,
        "min": 1.05556663371e-20,
        "var": 0.000320506311255
    },
    "spectral_energyband_high": {
        "dmean": 1.26395671032e-05,
        "dmean2": 1.90159080375e-05,
        "dvar": 1.14294618214e-09,
        "dvar2": 2.37620567667e-09,
        "max": 0.00126669590827,
        "mean": 3.89473643736e-05,
        "median": 1.3983613826e-05,
        "min": 7.73261038194e-21,
        "var": 4.67152538874e-09
    },
    "spectral_energyband_low": {
        "dmean": 0.000590804789681,
        "dmean2": 0.00103498715907,
        "dvar": 3.19164701068e-06,
        "dvar2": 8.88193426363e-06,
        "max": 0.0251348316669,
        "mean": 0.00118984910659,
        "median": 0.000825095339678,
        "min": 3.98849178085e-23,
        "var": 2.55072950495e-06
    },
    "spectral_energyband_middle_high": {
        "dmean": 0.00302293058485,
        "dmean2": 0.00423300405964,
        "dvar": 2.40970002778e-05,
        "dvar2": 4.39842988271e-05,
        "max": 0.0900866538286,
        "mean": 0.0117880953476,
        "median": 0.00411596288905,
        "min": 1.37949462075e-21,
        "var": 0.000222640519496
    },
    "spectral_energyband_middle_low": {
        "dmean": 0.00286012422293,
        "dmean2": 0.00454500131309,
        "dvar": 5.45200273336e-05,
        "dvar2": 0.00013642765407,
        "max": 0.0825329050422,
        "mean": 0.00708622159436,
        "median": 0.00395215628669,
        "min": 2.89495745858e-22,
        "var": 0.000105698927655
    },
    "spectral_entropy": {
        "dmean": 0.139400348067,
        "dmean2": 0.205886304379,
        "dvar": 0.0224136058241,
        "dvar2": 0.0440602563322,
        "max": 9.79605770111,
        "mean": 6.7015953064,
        "median": 6.72133398056,
        "min": 5.2455739975,
        "var": 0.238210856915
    },
    "spectral_flux": {
        "dmean": 0.021180620417,
        "dmean2": 0.0338642373681,
        "dvar": 0.000775144028012,
        "dvar2": 0.00180271384306,
        "max": 0.277407586575,
        "mean": 0.057137530297,
        "median": 0.0457959920168,
        "min": 1.02740774222e-10,
        "var": 0.00183881493285
    },
    "spectral_kurtosis": {
        "dmean": 7.97727680206,
        "dmean2": 13.7053289413,
        "dvar": 87.2043457031,
        "dvar2": 238.571960449,
        "max": 141.821044922,
        "mean": 18.7579231262,
        "median": 13.4914827347,
        "min": -1.18575596809,
        "var": 298.498260498
    },
    "spectral_rms": {
        "dmean": 0.000507175398525,
        "dmean2": 0.000735891575459,
        "dvar": 5.76046090828e-07,
        "dvar2": 1.19030164569e-06,
        "max": 0.00974654778838,
        "mean": 0.00380029482767,
        "median": 0.00334407691844,
        "min": 3.20908252228e-12,
        "var": 4.06297976951e-06
    },
    "spectral_rolloff": {
        "dmean": 200.740737915,
        "dmean2": 335.373260498,
        "dvar": 171377.5,
        "dvar2": 335027,
        "max": 18970.7519531,
        "mean": 1361.03771973,
        "median": 1291.9921875,
        "min": 43.06640625,
        "var": 577407.8125
    },
    "spectral_skewness": {
        "dmean": 0.583261966705,
        "dmean2": 0.989988923073,
        "dvar": 0.353260427713,
        "dvar2": 0.977153599262,
        "max": 10.0273628235,
        "mean": 2.75385928154,
        "median": 2.44390678406,
        "min": -0.378155946732,
        "var": 1.63528835773
    },
    "spectral_spread": {
        "dmean": 280041.65625,
        "dmean2": 436948.25,
        "dvar": 208864706560,
        "dvar2": 290562048000,
        "max": 40282964,
        "mean": 2240136.25,
        "median": 2057016.75,
        "min": 697090.75,
        "var": 1.11679504384e+12
    },
    "spectral_strongpeak": {
        "dmean": 0.89842414856,
        "dmean2": 1.41670072079,
        "dvar": 1.71799015999,
        "dvar2": 3.64738178253,
        "max": 16.2682342529,
        "mean": 2.60459899902,
        "median": 1.05793046951,
        "min": 0,
        "var": 8.65706539154
    },
    "zerocrossingrate": {
        "dmean": 0.00458505516872,
        "dmean2": 0.00549202365801,
        "dvar": 6.01338470005e-05,
        "dvar2": 7.94029983808e-05,
        "max": 0.51513671875,
        "mean": 0.0480602383614,
        "median": 0.0458984375,
        "min": 0.0068359375,
        "var": 0.000454662746051
    },
    "barkbands": {
        "dmean": [2.70571763394e-06, 0.000204383177334, 0.000247665622737, 0.000888913054951, 0.000976148992777, 0.000476301007438, 0.00032917864155, 0.000385712046409, 0.00034541162313, 0.00146416423377, 0.000388090353226, 0.000630101596471, 0.000364208040992, 0.000477509194752, 0.000666850362904, 0.000425754144089, 0.00038947473513, 7.07964718458e-05, 1.45054609675e-05, 8.66574555403e-06, 6.21232948106e-06, 4.59823240817e-06, 1.50873313487e-06, 8.52363370996e-07, 3.88921165495e-07, 5.31958974648e-08, 2.83237389098e-09],
        "dmean2": [4.62859088657e-06, 0.000350695510861, 0.000433631357737, 0.00152053742204, 0.00165296206251, 0.00076202058699, 0.000509286415763, 0.000552551879082, 0.000523248803802, 0.00209991913289, 0.00057093804935, 0.000957828597166, 0.000560566259082, 0.000729901948944, 0.000962216698099, 0.000603148015216, 0.000580279680435, 0.000110008899355, 2.25912572205e-05, 1.3757364286e-05, 9.67889627645e-06, 7.24690426068e-06, 2.35324364439e-06, 1.29877332711e-06, 5.98355370585e-07, 8.74291998798e-08, 5.0796886697e-09],
        "dvar": [1.77324682715e-11, 4.64940711709e-07, 6.77337652633e-07, 1.26845288833e-05, 1.2169160982e-05, 7.14797806722e-07, 6.21424078417e-07, 1.55015857217e-06, 2.60067190538e-06, 1.52075153892e-05, 1.95202642317e-06, 5.60690477869e-06, 1.37957067636e-06, 1.97587678485e-06, 3.97113262807e-06, 1.8617091655e-06, 9.0453232815e-07, 7.05537672729e-08, 2.0958084157e-09, 4.32721192212e-10, 3.90958959651e-10, 1.44013856396e-10, 7.98408301278e-12, 2.13360362364e-12, 8.90049373179e-13, 7.03343158996e-14, 3.2934835334e-16],
        "dvar2": [4.77116957054e-11, 1.30903038098e-06, 1.95772304323e-06, 3.33222960762e-05, 3.20819999615e-05, 1.85761632565e-06, 1.44240914324e-06, 2.55911277236e-06, 5.93062486587e-06, 2.95999052469e-05, 3.82798270948e-06, 1.23761465147e-05, 3.14142675961e-06, 4.19064599555e-06, 7.48259662942e-06, 3.14115004585e-06, 1.94148924493e-06, 1.61473053595e-07, 4.26902335704e-09, 1.06735387195e-09, 8.67554361683e-10, 3.51623868911e-10, 1.89348970531e-11, 4.68900742887e-12, 2.03102400349e-12, 1.638255639e-13, 9.3061445272e-16],
        "max": [5.9176243667e-05, 0.0125087080523, 0.0151868220419, 0.0400525443256, 0.0486443042755, 0.0295744538307, 0.0271366145462, 0.0566815286875, 0.0656928122044, 0.0854249671102, 0.0596488676965, 0.0617685802281, 0.0237931925803, 0.0408816896379, 0.0461500436068, 0.0434320643544, 0.0235116407275, 0.00811984017491, 0.00211139023304, 0.000424970028689, 0.000828895310406, 0.000323148269672, 5.11706311954e-05, 3.58244433301e-05, 3.24477659888e-05, 1.1038782759e-05, 6.39756706278e-07],
        "mean": [4.42672808276e-06, 0.00048313345178, 0.000498849607538, 0.000752779480536, 0.00124056939967, 0.00118230923545, 0.000703813857399, 0.000965332204942, 0.000733653141651, 0.00500910636038, 0.000733200053219, 0.0016922976356, 0.000670084904414, 0.000855691498145, 0.00140982621815, 0.000939396733884, 0.000891319476068, 0.000124819314806, 2.70863110927e-05, 1.97695990209e-05, 1.36915514304e-05, 9.93612684397e-06, 3.67717848349e-06, 2.23500023822e-06, 8.24926985388e-07, 8.51631725141e-08, 2.31875496581e-09],
        "median": [3.19574655805e-06, 0.000290620111628, 0.000304636836518, 0.000133822817588, 0.000627719680779, 0.000860670814291, 0.000317486585118, 0.000217681488721, 0.000180579314474, 0.000393819587771, 0.000134779256769, 8.00980778877e-05, 0.000119932650705, 0.000189379934454, 0.000170290455571, 0.000131951936055, 0.00014566766913, 2.78943225567e-05, 6.71889938531e-06, 5.20792582392e-06, 3.44497493643e-06, 2.84252405436e-06, 1.59732940119e-06, 1.01999717117e-06, 2.61843098315e-07, 2.1812493145e-08, 8.33462798777e-10],
        "min": [2.40897357635e-23, 2.05872785413e-23, 1.46054725148e-23, 9.82485710002e-24, 5.03012864811e-23, 3.54974059823e-23, 5.82965558386e-23, 7.52710628487e-23, 4.2063398219e-23, 7.84623270656e-23, 1.14875755176e-22, 4.6767063408e-23, 9.06314405399e-23, 1.19829221059e-22, 4.11659995196e-23, 1.78842958745e-22, 2.05514724604e-22, 1.52958311987e-22, 2.35225170048e-22, 2.55590125498e-22, 3.83150574703e-22, 4.70403033685e-22, 5.28369492256e-22, 8.56068724146e-22, 1.29266176003e-21, 1.69548458196e-21, 2.5256297969e-21],
        "var": [2.28363786214e-11, 4.079139444e-07, 5.3730258287e-07, 9.40567679208e-06, 9.11880033527e-06, 1.42780356782e-06, 2.07329685509e-06, 1.08084723252e-05, 9.09560276341e-06, 0.000140709395055, 7.45671832192e-06, 4.13136003772e-05, 3.81717245546e-06, 4.27274653703e-06, 1.4654637198e-05, 7.56918916522e-06, 3.74779892809e-06, 1.40188376463e-07, 5.50209477979e-09, 1.49446233166e-09, 1.18730014709e-09, 3.21105086964e-10, 2.81501107147e-11, 9.98968616162e-12, 2.61006927876e-12, 1.2540756465e-13, 1.97773947848e-16]
    },
    "erbbands": {
        "dmean": [0.00286817154847, 0.0578016415238, 0.259429931641, 1.39354681969, 4.84729003906, 2.04299163818, 2.93984699249, 4.01783895493, 5.04453659058, 6.26368284225, 7.55652999878, 8.25378036499, 29.8971862793, 37.9409484863, 16.3347988129, 30.0824871063, 17.7170333862, 22.826374054, 32.9739456177, 23.8582859039, 20.2937545776, 15.2015991211, 5.3051943779, 1.43408501148, 0.551590263844, 0.412741690874, 0.295167088509, 0.197334632277, 0.172410398722, 0.108185604215, 0.0361745096743, 0.0222733430564, 0.0120656648651, 0.00607882160693, 0.00181357807014, 0.0003674653708, 8.704236825e-05, 1.1413764696e-05, 2.63572474068e-06, 5.62797276871e-06],
        "dmean2": [0.00484772305936, 0.0996799767017, 0.456171184778, 2.42745375633, 8.36433982849, 3.39538383484, 4.77441740036, 6.50164413452, 7.6945438385, 9.59394741058, 10.7012472153, 12.2604007721, 43.7415122986, 51.2928848267, 24.1238231659, 45.8574523926, 26.5384559631, 35.323513031, 47.6922187805, 33.6630020142, 28.9434528351, 21.9183692932, 7.96502733231, 2.30308914185, 0.870279014111, 0.656441688538, 0.461235791445, 0.306012272835, 0.275733441114, 0.170876309276, 0.0565919131041, 0.0346855185926, 0.0186635032296, 0.00947704538703, 0.00278513459489, 0.000577877333853, 0.000145677782712, 1.957252789e-05, 3.92599122279e-06, 8.35330320115e-06],
        "dvar": [6.68640641379e-05, 0.0382389687002, 0.738222718239, 27.2348632812, 416.49331665, 33.6010932922, 22.1081504822, 68.7619247437, 133.637573242, 264.706390381, 810.342956543, 1069.87023926, 9543.64160156, 12726.3164062, 2911.9362793, 13293.234375, 2827.99414062, 4378.38574219, 11218.3740234, 5642.47705078, 3481.93139648, 1347.89440918, 273.821868896, 22.2450466156, 3.23310637474, 1.05896019936, 0.743412077427, 0.466578811407, 0.214569807053, 0.0603350736201, 0.00427417317405, 0.00130346091464, 0.000595798483118, 0.000189954895177, 3.12967895297e-05, 2.19893399844e-06, 2.43282045176e-07, 7.78419639857e-09, 2.03066730098e-11, 8.76140965334e-11],
        "dvar2": [0.000181904411875, 0.10792029649, 2.10224509239, 72.8192214966, 1100.00268555, 91.155166626, 57.3883018494, 184.428604126, 302.934448242, 567.104797363, 1274.06237793, 2088.74658203, 19098.5527344, 23141.1757812, 5773.31347656, 29946.7753906, 6214.98046875, 9741.0390625, 21520.859375, 10153.7216797, 6494.16503906, 2723.60351562, 647.465332031, 55.0815467834, 7.31014108658, 2.61583089828, 1.71798419952, 0.938495337963, 0.515154898167, 0.147360786796, 0.0101926624775, 0.00295178219676, 0.0013659048127, 0.00045913158101, 6.66463311063e-05, 4.32487513535e-06, 6.11643088178e-07, 2.13410888961e-08, 4.61788281225e-11, 1.96553009979e-10],
        "max": [0.115680344403, 3.54302144051, 13.1610279083, 58.5430183411, 222.043365479, 114.436790466, 85.5688323975, 301.278442383, 453.852020264, 578.378662109, 1559.79602051, 1471.31115723, 3018.5, 3542.69384766, 2043.73791504, 3070.98461914, 1310.35058594, 2305.62963867, 2868.1315918, 2960.92993164, 1614.38439941, 1080.31799316, 431.634979248, 152.127304077, 96.619972229, 20.1038398743, 29.2172718048, 34.4053535461, 11.4870462418, 5.33786010742, 1.29728186131, 0.670706868172, 0.710953772068, 0.404808193445, 0.260144591331, 0.0771124511957, 0.0173078589141, 0.00311194546521, 8.177376003e-05, 0.00011467179138],
        "mean": [0.00706061255187, 0.135356366634, 0.585906982422, 1.35419178009, 4.24200534821, 3.22936654091, 7.18896484375, 9.20572471619, 10.9862890244, 14.6474514008, 20.3604621887, 21.4890403748, 94.6734619141, 124.783576965, 39.5062828064, 85.6389694214, 36.7035140991, 44.2399024963, 74.7861022949, 57.6167411804, 56.2732887268, 37.5300598145, 11.8376197815, 2.83229637146, 1.18500518799, 0.937382519245, 0.708785653114, 0.425409495831, 0.355111122131, 0.248088344932, 0.0914393141866, 0.0572195835412, 0.0292006786913, 0.0134538253769, 0.00362366554327, 0.000667562009767, 0.000147119120811, 1.57085542014e-05, 1.09302036435e-05, 2.28512817557e-05],
        "median": [0.00607974128798, 0.0770070850849, 0.368543028831, 0.401922285557, 0.966833591461, 1.93092513084, 5.01175117493, 6.29778718948, 4.75880050659, 5.86326360703, 4.46317434311, 6.50752735138, 11.0888690948, 9.09010505676, 9.4660987854, 6.55263090134, 7.86396217346, 13.5351219177, 11.3896102905, 10.5383224487, 9.53809928894, 7.41716623306, 3.06042218208, 0.764442443848, 0.34880900383, 0.258785545826, 0.16440063715, 0.123771980405, 0.105248957872, 0.0759298950434, 0.0422226637602, 0.027946267277, 0.0110648889095, 0.00411268509924, 0.00118699285667, 0.000204944022698, 4.07990155509e-05, 7.51469451643e-06, 6.66681171424e-06, 1.37163669933e-05],
        "min": [5.66734991385e-22, 5.06477963474e-21, 1.61015229877e-20, 1.99934998583e-20, 4.98312535683e-20, 1.86698244394e-19, 3.88366105581e-19, 2.26849371608e-19, 7.37379610508e-19, 7.41943424441e-19, 2.09976882685e-18, 9.56048527749e-19, 1.62064430936e-18, 4.01859065393e-18, 3.03850094886e-18, 2.14890128728e-18, 3.36695865367e-18, 7.80128511359e-18, 2.66561868207e-18, 4.15050155981e-18, 1.08813731881e-17, 1.30434090696e-17, 9.01577815872e-18, 7.09522276787e-18, 1.34654300007e-17, 1.26965068915e-17, 1.39380677678e-17, 1.74059348048e-17, 1.87340741942e-17, 1.04554678169e-17, 1.76700353764e-17, 2.08545103355e-17, 1.24009842099e-17, 1.49522888061e-17, 8.64243928824e-18, 7.08181996041e-18, 2.80917939289e-18, 1.34221293703e-18, 3.60364387485e-19, 3.70011426615e-20],
        "var": [5.60869448236e-05, 0.0336614176631, 0.653441548347, 19.6002521515, 302.047058105, 27.3033847809, 53.8787612915, 105.069442749, 445.897064209, 1265.42590332, 6687.30517578, 5960.98193359, 86187.71875, 121686.414062, 12808.5361328, 102008.382812, 8473.25585938, 8826.5078125, 41593.4882812, 31855.8027344, 18535.546875, 5953.62060547, 764.533081055, 46.2431945801, 7.75251197815, 3.5497751236, 2.79135751724, 1.2552189827, 0.432666748762, 0.172127440572, 0.0160761829466, 0.00566476769745, 0.00229828618467, 0.000585650617722, 8.27596741146e-05, 6.29525038676e-06, 3.30838332729e-07, 5.50758239015e-09, 1.02990456441e-10, 4.61706783916e-10]
    },
    "gfcc": {
        "mean": [-101.654434204, 159.226882935, -154.144714355, 5.17175865173, -47.0998573303, 7.44362401962, -39.3043212891, -6.51632213593, -4.5184969902, -13.5146427155, -8.72664451599, -3.73537063599, 3.70206975937],
        "cov": [[7668.92578125, -332.275054932, -1900.95727539, 232.82850647, 68.9005966187, -59.21251297, -30.2811660767, -113.706092834, 114.37664032, -246.065658569, -2.20109200478, -190.51852417, 206.287124634], [-332.275054932, 1044.234375, 493.316711426, -425.7862854, 162.757904053, -75.0598907471, 104.058197021, -96.6868286133, 66.5522537231, -51.2536964417, 21.0328731537, 36.5403251648, -3.42958641052], [-1900.95727539, 493.316711426, 1265.93261719, 76.7255859375, -184.036437988, 99.3707046509, 40.0258140564, 25.7442340851, -87.9588394165, 53.4463348389, 10.3583183289, 30.093788147, -121.115066528], [232.82850647, -425.7862854, 76.7255859375, 725.769287109, -111.399215698, -9.9766740799, -95.8695373535, 28.3594264984, 18.6554393768, 3.34491682053, -39.7054786682, -46.911605835, -70.2912063599], [68.9005966187, 162.757904053, -184.036437988, -111.399215698, 388.018157959, -71.0513839722, -46.0553817749, -19.6744499207, 83.9243850708, 8.75272941589, -49.2944602966, 36.063205719, 19.9779262543], [-59.21251297, -75.0598907471, 99.3707046509, -9.9766740799, -71.0513839722, 262.656738281, 38.1794395447, 1.58174002171, -53.1475868225, 11.6660661697, 68.4071350098, -33.9085960388, -11.6035251617], [-30.2811660767, 104.058197021, 40.0258140564, -95.8695373535, -46.0553817749, 38.1794395447, 233.378311157, -0.696919441223, -91.9794692993, -11.6387834549, 14.1194210052, 0.152204036713, 7.51437807083], [-113.706092834, -96.6868286133, 25.7442340851, 28.3594264984, -19.6744499207, 1.58174002171, -0.696919441223, 140.647415161, 19.0915279388, -5.67035150528, -6.08220911026, 12.8088645935, 6.37180328369], [114.37664032, 66.5522537231, -87.9588394165, 18.6554393768, 83.9243850708, -53.1475868225, -91.9794692993, 19.0915279388, 221.218170166, -16.6629428864, -32.9714546204, -1.62843966484, 19.471162796], [-246.065658569, -51.2536964417, 53.4463348389, 3.34491682053, 8.75272941589, 11.6660661697, -11.6387834549, -5.67035150528, -16.6629428864, 169.410186768, 18.1932010651, -5.14238452911, -40.6624832153], [-2.20109200478, 21.0328731537, 10.3583183289, -39.7054786682, -49.2944602966, 68.4071350098, 14.1194210052, -6.08220911026, -32.9714546204, 18.1932010651, 138.842178345, 11.8167552948, -14.5879497528], [-190.51852417, 36.5403251648, 30.093788147, -46.911605835, 36.063205719, -33.9085960388, 0.152204036713, 12.8088645935, -1.62843966484, -5.14238452911, 11.8167552948, 99.8289871216, 19.9769954681], [206.287124634, -3.42958641052, -121.115066528, -70.2912063599, 19.9779262543, -11.6035251617, 7.51437807083, 6.37180328369, 19.471162796, -40.6624832153, -14.5879497528, 19.9769954681, 115.516716003]],
        "icov": [[0.000328587804688, -0.000705065613147, 0.000892934622243, -0.000511131016538, 0.000408654217608, -0.00039310727152, 0.000276570237475, -0.000262559944531, 0.000381300545996, -1.55975867528e-05, 0.000263250578428, 0.000133341862238, -0.000155774396262], [-0.000705065613147, 0.00555473007262, -0.0043304846622, 0.00310938502662, -0.00281777186319, 0.00296529289335, -0.00255390955135, 0.00322447274812, -0.00312601169571, 0.00190709484741, -0.00279081403278, 0.00134835182689, 0.000161745381774], [0.000892934622243, -0.0043304846622, 0.00490505201742, -0.0025497446768, 0.00276850070804, -0.00277939531952, 0.00188226543833, -0.002385860309, 0.0024832081981, -0.0012933636317, 0.00260922545567, -0.00153157988098, 0.000839827989694], [-0.000511131016538, 0.00310938502662, -0.0025497446768, 0.00353257032111, -0.00101699237712, 0.00168380746618, -0.00064871046925, 0.00141442136373, -0.00172613945324, 0.0011110015912, -0.000853109289892, 0.000964197039139, 0.00119806616567], [0.000408654217608, -0.00281777186319, 0.00276850070804, -0.00101699237712, 0.00501365121454, -0.00148184574209, 0.00161779636983, -0.0010202274425, 0.000574179168325, -0.00136852392461, 0.0027978529688, -0.00219151331112, 0.000559329113457], [-0.00039310727152, 0.00296529289335, -0.00277939531952, 0.00168380746618, -0.00148184574209, 0.00669087097049, -0.00168037577532, 0.00135276804212, -0.00103251123801, 0.000985085614957, -0.00406479556113, 0.00307784485631, -0.000661209051032], [0.000276570237475, -0.00255390955135, 0.00188226543833, -0.00064871046925, 0.00161779636983, -0.00168037577532, 0.00677437474951, -0.00185285706539, 0.00361727294512, -0.000408261374105, 0.00162129756063, -0.000441250798758, -0.000250392389717], [-0.000262559944531, 0.00322447274812, -0.002385860309, 0.00141442136373, -0.0010202274425, 0.00135276804212, -0.00185285706539, 0.00954100862145, -0.00283973105252, 0.00122353981715, -0.00116123596672, -0.000471484003356, -0.000325394852553], [0.000381300545996, -0.00312601169571, 0.0024832081981, -0.00172613945324, 0.000574179168325, -0.00103251123801, 0.00361727294512, -0.00283973105252, 0.00799431372434, -0.000558757048566, 0.00189155410044, 0.000157667818712, -0.00083477696171], [-1.55975867528e-05, 0.00190709484741, -0.0012933636317, 0.0011110015912, -0.00136852392461, 0.000985085614957, -0.000408261374105, 0.00122353981715, -0.000558757048566, 0.00751187745482, -0.00174171873368, 0.00103273498826, 0.00203901692294], [0.000263250578428, -0.00279081403278, 0.00260922545567, -0.000853109289892, 0.0027978529688, -0.00406479556113, 0.00162129756063, -0.00116123596672, 0.00189155410044, -0.00174171873368, 0.0111527657136, -0.00365536124445, 0.0018386474112], [0.000133341862238, 0.00134835182689, -0.00153157988098, 0.000964197039139, -0.00219151331112, 0.00307784485631, -0.000441250798758, -0.000471484003356, 0.000157667818712, 0.00103273498826, -0.00365536124445, 0.0136726377532, -0.00296345353127], [-0.000155774396262, 0.000161745381774, 0.000839827989694, 0.00119806616567, 0.000559329113457, -0.000661209051032, -0.000250392389717, -0.000325394852553, -0.00083477696171, 0.00203901692294, 0.0018386474112, -0.00296345353127, 0.0120234992355]]
    },
    "melbands": {
        "dmean": [4.08357846027e-05, 0.0001106590571, 0.000387698644772, 0.000242043912294, 9.4587863714e-05, 9.25193889998e-05, 7.3163631896e-05, 7.19414529158e-05, 6.38448182144e-05, 5.1872615586e-05, 0.00015909607464, 0.000166242753039, 5.20538233104e-05, 7.19247545931e-05, 6.21213112026e-05, 3.32430863637e-05, 4.80116505059e-05, 5.42601701454e-05, 3.68232722394e-05, 3.49155416188e-05, 2.77454018942e-05, 1.96964847419e-05, 1.10774535642e-05, 2.08268784263e-06, 1.18175250918e-06, 4.39891124415e-07, 4.03599415222e-07, 2.57485794464e-07, 1.97876772745e-07, 1.78537646889e-07, 1.17323423865e-07, 1.07369054092e-07, 9.93079041223e-08, 5.00935293246e-08, 2.48100651135e-08, 1.7294782495e-08, 1.36542182005e-08, 1.01717834156e-08, 7.52501350121e-09, 5.10080022664e-09],
        "dmean2": [6.95243143127e-05, 0.000193966407096, 0.000666290346999, 0.000414755719248, 0.000152847584104, 0.000148130944581, 0.000111570770969, 0.000108897351311, 9.11451352295e-05, 7.7084863733e-05, 0.000231551952311, 0.00022572115995, 7.64688302297e-05, 0.000107262763777, 9.34163253987e-05, 5.10073186888e-05, 7.44853459764e-05, 7.8694007243e-05, 5.24353599758e-05, 4.86625322083e-05, 4.01131401304e-05, 2.86598933599e-05, 1.65464734891e-05, 3.29794943354e-06, 1.92292395695e-06, 7.05307002136e-07, 6.53934648653e-07, 4.08904696769e-07, 3.11210328618e-07, 2.78818617971e-07, 1.86423562809e-07, 1.74524302565e-07, 1.58795771199e-07, 7.94986050323e-08, 3.99650517124e-08, 2.76219651596e-08, 2.14813749011e-08, 1.61696824819e-08, 1.18623129097e-08, 8.08486433357e-09],
        "dvar": [1.70974718827e-08, 1.41131266673e-07, 2.38923075813e-06, 8.9643526735e-07, 2.23886296169e-08, 3.20825783717e-08, 2.90801285274e-08, 3.6779155721e-08, 6.18412201447e-08, 4.51898500842e-08, 2.54685716072e-07, 2.43735087224e-07, 3.59396814531e-08, 6.65417729806e-08, 3.86928995511e-08, 1.33309727701e-08, 2.0888949237e-08, 2.78587783953e-08, 1.21016157095e-08, 1.23725447665e-08, 6.70667654745e-09, 2.55194709808e-09, 1.27042587561e-09, 6.69674871112e-11, 1.61539965432e-11, 1.89318027401e-12, 1.31369654738e-12, 4.44847148484e-13, 2.99926641682e-13, 3.26925525497e-13, 1.75451504453e-13, 9.15956356986e-14, 5.8393482378e-14, 1.1701700874e-14, 2.09540725733e-15, 8.44678566238e-16, 4.93646990012e-16, 4.38524123977e-16, 2.71939557139e-16, 1.50097560211e-16],
        "dvar2": [4.76962611629e-08, 3.97372417638e-07, 6.30703425486e-06, 2.36823689193e-06, 5.79049022065e-08, 8.40665279611e-08, 6.58803926967e-08, 7.34454417284e-08, 9.86973631711e-08, 9.74232676754e-08, 5.04015417846e-07, 4.42805429657e-07, 7.10038179363e-08, 1.46067137052e-07, 7.82233442465e-08, 2.97725328835e-08, 4.59627536031e-08, 5.41182814118e-08, 2.25158114375e-08, 2.10446753357e-08, 1.30396005105e-08, 5.18297316177e-09, 3.05465208683e-09, 1.73750097643e-10, 3.95193738845e-11, 4.32213162829e-12, 3.13657303255e-12, 1.09573483099e-12, 7.23444795823e-13, 7.65059565179e-13, 3.84452073041e-13, 2.3186341085e-13, 1.43873736709e-13, 2.92241545633e-14, 5.31977136699e-15, 2.05504232575e-15, 1.14823638099e-15, 1.04439660028e-15, 6.74157652005e-16, 3.73614983378e-16],
        "max": [0.00226543890312, 0.0057392292656, 0.0172938108444, 0.0127750691026, 0.00247867754661, 0.0062870956026, 0.00642867898569, 0.00698209227994, 0.0119769899175, 0.00867360644042, 0.0155205605552, 0.0149314925075, 0.00924356840551, 0.00610943324864, 0.00565639138222, 0.00313617475331, 0.00525721395388, 0.0043863132596, 0.00256013707258, 0.00407003285363, 0.00248832372017, 0.00161447189748, 0.0010188438464, 0.000347131746821, 0.000137758499477, 6.41361257294e-05, 4.92394538014e-05, 1.46962465806e-05, 1.84630571312e-05, 2.25483490794e-05, 1.80541246664e-05, 8.79018352862e-06, 4.34395724369e-06, 2.42751752921e-06, 8.0668235114e-07, 5.39220252449e-07, 3.74293335881e-07, 5.94053688019e-07, 6.15776173163e-07, 3.14020837777e-07],
        "mean": [9.72277193796e-05, 0.000265725306235, 0.000357504439307, 0.000259633729002, 0.000234172330238, 0.000217588007217, 0.000160453433637, 0.000168381928233, 0.000169589329744, 0.000119433643704, 0.000490575795993, 0.000543212809134, 0.000110604865768, 0.000181707844604, 0.000155170142534, 5.71650089114e-05, 8.58048006194e-05, 0.000117613577459, 7.82682254794e-05, 7.45500656194e-05, 6.89304652042e-05, 4.45018195023e-05, 2.2958869522e-05, 3.80303299607e-06, 2.00389831662e-06, 7.8757443589e-07, 7.98672886049e-07, 5.58823217034e-07, 4.62145237634e-07, 3.58783495358e-07, 2.14697237766e-07, 1.96677888198e-07, 1.97527342038e-07, 1.08839486757e-07, 5.30952988242e-08, 3.93023640299e-08, 3.19313606667e-08, 2.12115036646e-08, 1.59843622782e-08, 9.78113856576e-09],
        "median": [7.20702446415e-05, 0.000173628504854, 9.31555114221e-05, 0.000103611739178, 0.000172169980942, 0.000148482387885, 6.936823047e-05, 6.15209937678e-05, 3.50199115928e-05, 3.23783024214e-05, 5.16790241818e-05, 2.96660255117e-05, 2.13884177356e-05, 1.32181521622e-05, 1.71572301042e-05, 1.16423807413e-05, 1.90580103663e-05, 1.52736847667e-05, 1.08325712063e-05, 1.18156167446e-05, 8.98702819541e-06, 6.92395042279e-06, 3.95030201616e-06, 9.96648395812e-07, 3.82144094146e-07, 2.11550528206e-07, 2.1212986212e-07, 1.40389289527e-07, 9.88117108136e-08, 7.53705862166e-08, 6.45850093406e-08, 5.75495064936e-08, 4.89335469922e-08, 3.53426372612e-08, 2.28399148483e-08, 1.80906578606e-08, 1.41978109269e-08, 6.87222723172e-09, 4.65954430595e-09, 2.62433852427e-09],
        "min": [5.95866676404e-24, 7.78505133688e-24, 4.94019684831e-24, 6.91594671152e-24, 1.4306872885e-23, 5.73373806528e-24, 1.16244697059e-23, 8.80685261222e-24, 1.70246675197e-23, 5.08025791874e-24, 8.1887272393e-24, 1.60534314395e-23, 1.41524486296e-23, 3.48086412708e-24, 6.60274842176e-24, 1.11887147748e-23, 1.41550171607e-23, 4.19988796522e-24, 2.70011073981e-24, 9.96172683366e-24, 1.22135318653e-23, 1.16812992455e-23, 1.43778814105e-23, 4.8713450685e-24, 5.27113701425e-24, 1.01677796687e-23, 8.91138535963e-24, 8.40517331675e-24, 6.59871221494e-24, 1.12752607047e-23, 1.03827056112e-23, 1.25546865967e-23, 6.01358134381e-24, 5.50472306702e-24, 9.42242365353e-24, 1.10908179253e-23, 1.37586287553e-23, 7.70151175588e-24, 1.01694102442e-23, 1.36486410347e-23],
        "var": [1.41404949972e-08, 1.26534132505e-07, 1.75326636054e-06, 6.53871325085e-07, 5.09861344256e-08, 5.61727020454e-08, 1.02037155614e-07, 1.89090926028e-07, 4.66058224902e-07, 1.91457473875e-07, 2.25671919907e-06, 2.37003064285e-06, 1.63269859854e-07, 4.1797042627e-07, 2.35013530414e-07, 2.93517761207e-08, 4.17090575411e-08, 1.01382902074e-07, 4.68950105414e-08, 5.20600984544e-08, 2.99837239481e-08, 1.05160946617e-08, 3.7399572328e-09, 1.05158444452e-10, 3.21647465606e-11, 4.07139556444e-12, 3.04946302584e-12, 1.48017882673e-12, 1.13229098406e-12, 9.44545331706e-13, 3.64849480922e-13, 1.51840535588e-13, 1.30768199004e-13, 3.24332100348e-14, 6.08403013706e-15, 2.92722474e-15, 1.8576711553e-15, 1.37793181101e-15, 8.02740429772e-16, 3.80478729577e-16]
    },
    "mfcc": {
        "mean": [-733.395629883, 182.645263672, -31.298740387, 1.10159599781, 7.84900617599, 5.660135746, -18.1035842896, 3.01621508598, 3.03494262695, -5.3884472847, -6.60607814789, -0.58304142952, -2.26725935936],
        "cov": [[6824.5859375, -524.50378418, -1790.54931641, 257.4480896, -141.911743164, 111.170677185, -184.807678223, 20.4120578766, 56.6834335327, 29.6666126251, -134.687088013, -119.755180359, -23.6245689392], [-524.50378418, 1533.65014648, 195.09715271, -340.688201904, 62.6620559692, -22.7575397491, 8.52617835999, 0.18031540513, 48.2363243103, -54.8165893555, -28.3014335632, 38.531665802, 31.7453384399], [-1790.54931641, 195.09715271, 1344.66589355, 53.499797821, -66.5331802368, 19.1537094116, 141.776367188, 64.2379989624, -118.983100891, 19.5367527008, 99.8647918701, -24.7388248444, -8.55661487579], [257.4480896, -340.688201904, 53.499797821, 498.839263916, 28.0033760071, -4.29977703094, -63.4873275757, -9.70620822906, 47.6479492188, -40.3718299866, 29.1337890625, -6.7974152565, -7.49460506439], [-141.911743164, 62.6620559692, -66.5331802368, 28.0033760071, 329.464050293, 19.0888957977, -150.826080322, 10.5727882385, 63.9543876648, -6.87380027771, -8.17523765564, 62.5329246521, 24.0814609528], [111.170677185, -22.7575397491, 19.1537094116, -4.29977703094, 19.0888957977, 174.671279907, 41.9144248962, -24.9743652344, -17.3022079468, 15.5249452591, 18.6830806732, -3.75695061684, 8.84547424316], [-184.807678223, 8.52617835999, 141.776367188, -63.4873275757, -150.826080322, 41.9144248962, 321.065002441, 15.2712182999, -106.927108765, 23.4860229492, 26.4466323853, -44.1771278381, -9.67397403717], [20.4120578766, 0.18031540513, 64.2379989624, -9.70620822906, 10.5727882385, -24.9743652344, 15.2712182999, 149.332748413, 13.7108869553, -10.7747440338, -14.2837877274, -5.91254091263, -1.53889858723], [56.6834335327, 48.2363243103, -118.983100891, 47.6479492188, 63.9543876648, -17.3022079468, -106.927108765, 13.7108869553, 198.229660034, -21.5389022827, -34.3558540344, 1.88740336895, 4.86903762817], [29.6666126251, -54.8165893555, 19.5367527008, -40.3718299866, -6.87380027771, 15.5249452591, 23.4860229492, -10.7747440338, -21.5389022827, 145.249710083, 25.014623642, -21.9363803864, -20.8588142395], [-134.687088013, -28.3014335632, 99.8647918701, 29.1337890625, -8.17523765564, 18.6830806732, 26.4466323853, -14.2837877274, -34.3558540344, 25.014623642, 128.144515991, 3.52533125877, -18.8112373352], [-119.755180359, 38.531665802, -24.7388248444, -6.7974152565, 62.5329246521, -3.75695061684, -44.1771278381, -5.91254091263, 1.88740336895, -21.9363803864, 3.52533125877, 179.506546021, 50.9892501831], [-23.6245689392, 31.7453384399, -8.55661487579, -7.49460506439, 24.0814609528, 8.84547424316, -9.67397403717, -1.53889858723, 4.86903762817, -20.8588142395, -18.8112373352, 50.9892501831, 109.438774109]],
