{
"lowlevel": {
    "average_loudness": 0.130799427629,
    "barkbands_crest": {
        "dmean": 2.65927863121,
        "dmean2": 4.17453432083,
        "dvar": 7.40833902359,
        "dvar2": 18.5618152618,
        "max": 26.7713794708,
        "mean": 12.3990106583,
        "median": 11.4713754654,
        "min": 2.87127733231,
        "var": 24.2762031555
    },
    "barkbands_flatness_db": {
        "dmean": 0.0291772913188,
        "dmean2": 0.0404330156744,
        "dvar": 0.000923136598431,
        "dvar2": 0.00185928307474,
        "max": 0.4805521667,
        "mean": 0.22410364449,
        "median": 0.226241126657,
        "min": 0.0201054401696,
        "var": 0.00607683323324
    },
    "barkbands_kurtosis": {
        "dmean": 5.79907560349,
        "dmean2": 8.94803714752,
        "dvar": 315.787841797,
        "dvar2": 777.255065918,
        "max": 987.636291504,
        "mean": 10.1250839233,
        "median": 4.36984872818,
        "min": -1.90771389008,
        "var": 583.686157227
    },
    "barkbands_skewness": {
        "dmean": 0.715823352337,
        "dmean2": 1.03580832481,
        "dvar": 0.765477478504,
        "dvar2": 1.6515583992,
        "max": 25.0105705261,
        "mean": 1.36159682274,
        "median": 1.20341253281,
        "min": -5.39535474777,
        "var": 3.57288980484
    },
    "barkbands_spread": {
        "dmean": 3.97006249428,
        "dmean2": 6.01456832886,
        "dvar": 52.8219413757,
        "dvar2": 117.042701721,
        "max": 112.073455811,
        "mean": 11.4155445099,
        "median": 7.14776229858,
        "min": 0.192591533065,
        "var": 191.993347168
    },
    "dissonance": {
        "dmean": 0.035991307348,
        "dmean2": 0.0580115579069,
        "dvar": 0.00123958429322,
        "dvar2": 0.00311354384758,
        "max": 0.500000059605,
        "mean": 0.405608087778,
        "median": 0.418874204159,
        "min": 0.109263643622,
        "var": 0.00455077271909
    },
    "dynamic_complexity": 9.52729034424,
    "erbbands_crest": {
        "dmean": 3.1443567276,
        "dmean2": 4.81078004837,
        "dvar": 10.5764636993,
        "dvar2": 24.0720844269,
        "max": 33.5227813721,
        "mean": 14.2368679047,
        "median": 13.1181554794,
        "min": 2.43353700638,
        "var": 40.3532066345
    },
    "erbbands_flatness_db": {
        "dmean": 0.027792269364,
        "dmean2": 0.0355209410191,
        "dvar": 0.000846900453325,
        "dvar2": 0.00147936400026,
        "max": 0.502120673656,
        "mean": 0.240221440792,
        "median": 0.244199380279,
        "min": 0.0496235117316,
        "var": 0.00616567535326
    },
    "erbbands_kurtosis": {
        "dmean": 3.4598429203,
        "dmean2": 5.09023237228,
        "dvar": 44.6142883301,
        "dvar2": 94.9861450195,
        "max": 223.34979248,
        "mean": 6.11637783051,
        "median": 2.36682939529,
        "min": -1.78756332397,
        "var": 151.983230591
    },
    "erbbands_skewness": {
        "dmean": 0.572859823704,
        "dmean2": 0.8244754076,
        "dvar": 0.394208014011,
        "dvar2": 0.812934160233,
        "max": 12.1902761459,
        "mean": 1.05818808079,
        "median": 0.955886125565,
        "min": -4.85042524338,
        "var": 2.27012300491
    },
    "erbbands_spread": {
        "dmean": 6.86203575134,
        "dmean2": 10.0870904922,
        "dvar": 105.520423889,
        "dvar2": 238.76222229,
        "max": 130.194839478,
        "mean": 20.6849193573,
        "median": 15.6040763855,
        "min": 0.3966537714,
        "var": 315.149597168
    },
    "hfc": {
        "dmean": 3.16586589813,
        "dmean2": 4.28654193878,
        "dvar": 70.032043457,
        "dvar2": 128.201858521,
        "max": 349.928527832,
        "mean": 9.9519071579,
        "median": 0.940259873867,
        "min": 1.123287052e-16,
        "var": 454.773742676
    },
    "melbands_crest": {
        "dmean": 3.16216611862,
        "dmean2": 4.9903626442,
        "dvar": 9.94167995453,
        "dvar2": 24.9390125275,
        "max": 35.5061531067,
        "mean": 15.1079959869,
        "median": 14.1497373581,
        "min": 1.89386379719,
        "var": 30.9847984314
    },
    "melbands_flatness_db": {
        "dmean": 0.0320527255535,
        "dmean2": 0.0451527200639,
        "dvar": 0.00131469685584,
        "dvar2": 0.00267832563259,
        "max": 0.601778686047,
        "mean": 0.297501116991,
        "median": 0.299655765295,
        "min": 0.0042949966155,
        "var": 0.010392550379
    },
    "melbands_kurtosis": {
        "dmean": 7.32081031799,
        "dmean2": 11.2429533005,
        "dvar": 241.606491089,
        "dvar2": 544.596435547,
        "max": 517.840515137,
        "mean": 13.5760450363,
        "median": 5.71596336365,
        "min": -1.90750348568,
        "var": 755.146240234
    },
    "melbands_skewness": {
        "dmean": 0.758246004581,
        "dmean2": 1.08497059345,
        "dvar": 0.743275880814,
        "dvar2": 1.60777568817,
        "max": 14.6673240662,
        "mean": 1.71871340275,
        "median": 1.48063576221,
        "min": -4.31121730804,
        "var": 3.78271889687
    },
    "melbands_spread": {
        "dmean": 5.55394124985,
        "dmean2": 8.28174877167,
        "dvar": 147.950576782,
        "dvar2": 312.654174805,
        "max": 271.991027832,
        "mean": 15.9728755951,
        "median": 9.07405757904,
        "min": 0.270348966122,
        "var": 458.004272461
    },
    "pitch_salience": {
        "dmean": 0.070061147213,
        "dmean2": 0.110299378633,
        "dvar": 0.00527116283774,
        "dvar2": 0.0130483424291,
        "max": 0.906295657158,
        "mean": 0.534956514835,
        "median": 0.546542823315,
        "min": 0.0310824159533,
        "var": 0.0181796699762
    },
    "silence_rate_20dB": {
        "dmean": 0,
        "dmean2": 0,
        "dvar": 0,
        "dvar2": 0,
        "max": 1,
        "mean": 1,
        "median": 1,
        "min": 1,
        "var": 0
    },
    "silence_rate_30dB": {
        "dmean": 0.000158704962814,
        "dmean2": 0.000317435129546,
        "dvar": 0.000158667709911,
        "dvar2": 0.000476003653603,
        "max": 1,
        "mean": 0.999920666218,
        "median": 1,
        "min": 0,
        "var": 7.9336874478e-05
    },
    "silence_rate_60dB": {
        "dmean": 0.0703063011169,
        "dmean2": 0.140623763204,
        "dvar": 0.0653635933995,
        "dvar2": 0.131800249219,
        "max": 1,
        "mean": 0.562802493572,
        "median": 1,
        "min": 0,
        "var": 0.246052831411
    },
    "spectral_centroid": {
        "dmean": 176.596466064,
        "dmean2": 258.451843262,
        "dvar": 112879.953125,
        "dvar2": 212764.765625,
        "max": 11205.4580078,
        "mean": 948.881835938,
        "median": 622.412597656,
        "min": 110.772941589,
        "var": 674863.75
    },
    "spectral_complexity": {
        "dmean": 1.49023962021,
        "dmean2": 2.27854943275,
        "dvar": 6.52035284042,
        "dvar2": 12.9694433212,
        "max": 45,
        "mean": 5.7997303009,
        "median": 4,
        "min": 0,
        "var": 27.949213028
    },
    "spectral_decrease": {
        "dmean": 7.64488250482e-10,
        "dmean2": 1.11170117556e-09,
        "dvar": 3.75528913879e-18,
        "dvar2": 8.76577605347e-18,
        "max": 3.17674216456e-19,
        "mean": -2.05867589642e-09,
        "median": -5.29635058033e-10,
        "min": -4.19472350188e-08,
        "var": 1.06389381311e-17
    },
    "spectral_energy": {
        "dmean": 0.00313621247187,
        "dmean2": 0.00452993810177,
        "dvar": 6.07917208981e-05,
        "dvar2": 0.000138867340866,
        "max": 0.19005805254,
        "mean": 0.00867257080972,
        "median": 0.00213390938006,
        "min": 1.06608523686e-20,
        "var": 0.000193599247723
    },
    "spectral_energyband_high": {
        "dmean": 0.000105144303234,
        "dmean2": 0.000156065420015,
        "dvar": 1.91619747625e-07,
        "dvar2": 4.31327691786e-07,
        "max": 0.0149606755003,
        "mean": 0.000171661245986,
        "median": 2.19514640776e-06,
        "min": 7.87343545785e-21,
        "var": 4.42329564976e-07
    },
    "spectral_energyband_low": {
        "dmean": 0.000554615748115,
        "dmean2": 0.000897020567209,
        "dvar": 3.78763729714e-06,
        "dvar2": 9.37851291383e-06,
        "max": 0.0418006889522,
        "mean": 0.000698966148775,
        "median": 0.000180706716492,
        "min": 4.23195729094e-23,
        "var": 3.70724842469e-06
    },
    "spectral_energyband_middle_high": {
        "dmean": 0.00147708924487,
        "dmean2": 0.00199615838937,
        "dvar": 1.98639809241e-05,
        "dvar2": 3.63398503396e-05,
        "max": 0.170691668987,
        "mean": 0.00412369798869,
        "median": 9.89649633993e-05,
        "min": 1.44856571651e-21,
        "var": 0.000105675200757
    },
    "spectral_energyband_middle_low": {
        "dmean": 0.00192196434364,
        "dmean2": 0.00292714918032,
        "dvar": 3.78889126296e-05,
        "dvar2": 9.645998216e-05,
        "max": 0.0920233055949,
        "mean": 0.00397877627984,
        "median": 0.00119484122843,
        "min": 3.71711056592e-22,
        "var": 6.30634676781e-05
    },
    "spectral_entropy": {
        "dmean": 0.295127689838,
        "dmean2": 0.402248799801,
        "dvar": 0.108148232102,
        "dvar2": 0.208352476358,
        "max": 9.79116249084,
        "mean": 6.57380390167,
        "median": 6.52701473236,
        "min": 4.00118923187,
        "var": 0.707520902157
    },
    "spectral_flux": {
        "dmean": 0.0184610988945,
        "dmean2": 0.0291915386915,
        "dvar": 0.000921333557926,
        "dvar2": 0.00224109669216,
        "max": 0.382240056992,
        "mean": 0.0422069653869,
        "median": 0.017378764227,
        "min": 1.05183563248e-10,
        "var": 0.00302721536718
    },
    "spectral_kurtosis": {
        "dmean": 6.31510210037,
        "dmean2": 9.78868293762,
        "dvar": 73.9594116211,
        "dvar2": 164.303375244,
        "max": 186.366485596,
        "mean": 17.4105968475,
        "median": 10.5198612213,
        "min": -1.32346844673,
        "var": 346.844573975
    },
    "spectral_rms": {
        "dmean": 0.00042608982767,
        "dmean2": 0.000573474855628,
        "dvar": 5.93805452809e-07,
        "dvar2": 1.1666120372e-06,
        "max": 0.013616993092,
        "mean": 0.00215997989289,
        "median": 0.00144286616705,
        "min": 3.2250320036e-12,
        "var": 3.79553603125e-06
    },
    "spectral_rolloff": {
        "dmean": 325.273223877,
        "dmean2": 540.487792969,
        "dvar": 823950.1875,
        "dvar2": 1768026.5,
        "max": 19379.8828125,
        "mean": 1282.76953125,
        "median": 645.99609375,
        "min": 86.1328125,
        "var": 3923952.75
    },
    "spectral_skewness": {
        "dmean": 0.549001574516,
        "dmean2": 0.830230891705,
        "dvar": 0.383876174688,
        "dvar2": 0.838667154312,
        "max": 11.8519029617,
        "mean": 2.91573238373,
        "median": 2.54018902779,
        "min": -0.226216837764,
        "var": 2.39308595657
    },
    "spectral_spread": {
        "dmean": 677514,
        "dmean2": 973226.125,
        "dvar": 1.02168867635e+12,
        "dvar2": 1.88188196864e+12,
        "max": 40085304,
        "mean": 3532361,
        "median": 3029011.5,
        "min": 572874.5,
        "var": 4.03887174451e+12
    },
    "spectral_strongpeak": {
        "dmean": 0.517568707466,
        "dmean2": 0.809017062187,
        "dvar": 1.61742055416,
        "dvar2": 3.95959711075,
        "max": 27.3182697296,
        "mean": 1.15388011932,
        "median": 0.321095049381,
        "min": 0,
        "var": 4.59997415543
    },
    "zerocrossingrate": {
        "dmean": 0.00841283518821,
        "dmean2": 0.00979379564524,
        "dvar": 0.000244178518187,
        "dvar2": 0.00028951652348,
        "max": 0.5205078125,
        "mean": 0.0484074130654,
        "median": 0.0302734375,
        "min": 0.00341796875,
        "var": 0.00303143193014
    },
    "barkbands": {
        "dmean": [2.57750002675e-06, 0.000253287522355, 0.000162041149451, 0.000491655198857, 0.000428163184552, 0.000371774454834, 0.000403984449804, 0.000375205767341, 0.000300110783428, 0.000304581946693, 0.000328778318362, 0.000390405737562, 0.000269757088972, 0.000372545357095, 0.000236321604461, 0.000378936878406, 0.000196075823624, 0.000105518527562, 0.000141284588608, 0.000145605052239, 1.48221479321e-05, 1.94711374206e-05, 1.8590977561e-05, 1.12192064989e-05, 7.99018926045e-06, 3.6623609958e-06, 3.03215614395e-07],
        "dmean2": [3.78511163035e-06, 0.000408735242672, 0.000267215014901, 0.000870245916303, 0.000719574163668, 0.000552306475583, 0.000615663186181, 0.000535487139132, 0.000420812662924, 0.000437514769146, 0.000500256719533, 0.000555379723664, 0.000391070498154, 0.000560763699468, 0.000345062057022, 0.000559599313419, 0.00030707064434, 0.000165316421771, 0.000218056622543, 0.000218129949644, 2.25033345487e-05, 2.98646991723e-05, 2.78637708107e-05, 1.66732024809e-05, 1.14804633995e-05, 5.35353274245e-06, 4.90017555421e-07],
        "dvar": [4.19160192666e-11, 7.94202264842e-07, 6.80601260683e-07, 9.08078891371e-06, 3.65492769561e-06, 1.49461766341e-06, 2.48956348514e-06, 2.50386801781e-06, 2.32415231949e-06, 2.50344237429e-06, 2.97705855701e-06, 3.60972489943e-06, 3.08731046061e-06, 4.15146860178e-06, 2.08247683986e-06, 7.01339558873e-06, 1.40541271776e-06, 2.24337995292e-07, 5.83061705584e-07, 5.40708754215e-07, 7.08923053594e-09, 9.39365829566e-09, 6.32101482267e-09, 3.29585891912e-09, 2.30470353912e-09, 3.18177456604e-10, 3.11420594173e-12],
        "dvar2": [8.25368939861e-11, 1.86833563021e-06, 1.66799839008e-06, 2.50321154454e-05, 9.94533638732e-06, 3.06648826154e-06, 6.01036299486e-06, 5.69254734728e-06, 4.67296376883e-06, 5.03256342199e-06, 6.26345536148e-06, 6.46424086881e-06, 5.5683995015e-06, 8.79578510649e-06, 4.18637682742e-06, 1.59582323249e-05, 3.38860695592e-06, 5.08975006142e-07, 1.28991257498e-06, 1.07495202428e-06, 1.57291069058e-08, 1.9226531478e-08, 1.39210056815e-08, 7.26912352533e-09, 4.70080552262e-09, 6.79303169271e-10, 7.92703663127e-12],
        "max": [0.00010506023682, 0.0310500897467, 0.0257150605321, 0.0460865795612, 0.0368035770953, 0.037266317755, 0.0441349186003, 0.0558122470975, 0.0467729307711, 0.0644181743264, 0.0550199560821, 0.0653901621699, 0.0773470029235, 0.0553021132946, 0.0498577728868, 0.142566263676, 0.0363952927291, 0.0159693360329, 0.0259097330272, 0.0258038062602, 0.00443211849779, 0.00524520082399, 0.00244662561454, 0.0023277704604, 0.00191817409359, 0.000481590279378, 8.10870915302e-05],
        "mean": [3.50931213688e-06, 0.000298398372252, 0.00020562033751, 0.000430911808508, 0.000607652706094, 0.000669453351293, 0.000615009048488, 0.000634877884295, 0.00081334344577, 0.000479445792735, 0.000433804671047, 0.000609959184658, 0.000447501282906, 0.000584087974858, 0.000402984820539, 0.000470126164146, 0.000286878959741, 0.000151388565428, 0.000186113727977, 0.000236788284383, 1.8690361685e-05, 2.80352578557e-05, 2.76497030427e-05, 1.52679076564e-05, 1.02229369077e-05, 4.54402015748e-06, 3.11654730467e-07],
        "median": [7.96852020812e-07, 6.68796928949e-05, 3.86413521483e-05, 3.97989533667e-05, 0.000133139837999, 0.00010706523608, 6.73333997838e-05, 3.65351661458e-05, 1.83285610547e-05, 9.7117608675e-06, 6.06394951319e-06, 4.19417710873e-06, 5.04096442455e-06, 3.19794298775e-06, 4.19202206103e-06, 2.21049094762e-06, 1.8752075448e-06, 1.02326157503e-06, 9.18653427107e-07, 8.16394504e-07, 3.04424105479e-07, 2.20951875463e-07, 2.20218552727e-07, 1.60042048947e-07, 1.08482275607e-07, 8.73260432854e-08, 6.75284983487e-09],
        "min": [4.36151057634e-24, 1.48762711086e-23, 3.51862571532e-24, 1.56774950419e-23, 3.86967165804e-23, 3.93167991172e-23, 1.65944275151e-23, 4.07068382965e-23, 1.43178431002e-22, 4.05258199623e-23, 1.01875453675e-22, 8.24562477872e-23, 7.43089049798e-23, 9.76738416546e-23, 1.58710281811e-22, 8.20947854095e-23, 1.28112083859e-22, 2.19707304166e-22, 2.00466557547e-22, 1.31568670397e-22, 3.08461198953e-22, 4.77595678092e-22, 7.29817001493e-22, 8.77256038691e-22, 1.35268627467e-21, 1.64159233122e-21, 1.97155489971e-21],
        "var": [7.03979305405e-11, 7.79945821705e-07, 7.76913111622e-07, 5.83152632316e-06, 3.77837932319e-06, 3.49405854649e-06, 4.12601821154e-06, 4.06240451412e-06, 1.78012342076e-05, 5.52639903617e-06, 5.00811393067e-06, 9.36058404477e-06, 9.26835764403e-06, 1.06834559119e-05, 5.97424786974e-06, 9.71738973021e-06, 2.5252982141e-06, 4.85958423724e-07, 1.0536003856e-06, 1.54299596034e-06, 1.21663141783e-08, 1.9111837446e-08, 1.30996822278e-08, 5.67801405893e-09, 3.94656396452e-09, 5.27057564259e-10, 3.18053591276e-12]
    },
    "erbbands": {
        "dmean": [0.00522144744173, 0.0656456500292, 0.172260761261, 0.903899312019, 1.78234791756, 1.20022177696, 2.30596518517, 3.15940976143, 5.81685256958, 6.14689064026, 8.2221364975, 7.46274328232, 7.89899539948, 9.50302600861, 13.4155902863, 14.2514419556, 13.204211235, 19.1520690918, 14.2388114929, 13.333615303, 20.7421531677, 8.71493244171, 4.80283594131, 4.55137252808, 7.91360807419, 5.33786296844, 1.1569082737, 0.490413099527, 0.662759363651, 0.758064806461, 0.46725666523, 0.260911256075, 0.174666002393, 0.104005619884, 0.0503289997578, 0.0174609087408, 0.00685037998483, 0.00130519038066, 3.00990795949e-05, 4.35110996477e-06],
        "dmean2": [0.0084325550124, 0.106284715235, 0.281078279018, 1.57865953445, 3.1835205555, 1.92713463306, 3.46525287628, 4.6788225174, 8.82381153107, 8.92350959778, 11.0318813324, 9.71483707428, 11.1505002975, 13.5090703964, 18.9102859497, 19.278377533, 18.2853908539, 28.4144706726, 20.5467662811, 19.1472434998, 30.478767395, 13.3743524551, 7.29514026642, 6.58596086502, 11.7423191071, 7.86943054199, 1.65976345539, 0.730780363083, 1.00420510769, 1.16452312469, 0.693907082081, 0.388343632221, 0.260614424944, 0.150644004345, 0.0728232115507, 0.0253428574651, 0.0102699324489, 0.00198250566609, 4.55308727396e-05, 6.24300400887e-06],
        "dvar": [0.000334363547154, 0.0527208223939, 0.482838869095, 25.6528530121, 134.529205322, 17.9503860474, 48.8038368225, 124.64704895, 499.297180176, 656.461975098, 1286.12658691, 1428.33374023, 1925.34375, 2869.59375, 4106.17285156, 5156.91113281, 6392.78759766, 11305.3330078, 5265.35742188, 6353.80810547, 18383.6875, 2297.48046875, 483.831390381, 486.636962891, 1794.67053223, 705.704162598, 32.7760925293, 7.53150653839, 12.7812843323, 11.912861824, 4.21814775467, 1.59641730785, 0.864385426044, 0.399858802557, 0.094038978219, 0.00787250418216, 0.00115784548689, 4.35233887401e-05, 2.28960210791e-08, 1.11060383112e-10],
        "dvar2": [0.000798684253823, 0.125224158168, 1.17058110237, 70.1974334717, 375.477142334, 44.2774963379, 104.558418274, 257.790893555, 1227.99084473, 1587.75964355, 2631.11767578, 2656.07470703, 3702.05908203, 5746.58203125, 7572.21289062, 9077.92285156, 11281.6621094, 24387.5917969, 10395.4033203, 13390.3662109, 40892.4101562, 5407.59814453, 1044.78918457, 973.202941895, 3717.60644531, 1399.59204102, 63.5687828064, 14.681687355, 25.4794006348, 27.7320747375, 8.96977901459, 3.48588943481, 1.86115241051, 0.842918157578, 0.193850681186, 0.0163035877049, 0.00260331924073, 0.000101578771137, 5.40499769386e-08, 2.44799763793e-10],
        "max": [0.332182914019, 8.5800447464, 20.9330635071, 79.3961334229, 189.63343811, 106.42326355, 181.750091553, 462.603637695, 746.045959473, 634.772949219, 1555.86376953, 1384.42236328, 2179.80395508, 2013.9119873, 1935.4732666, 2828.59814453, 3052.53881836, 3206.10131836, 3076.2590332, 3456.75634766, 4711.90722656, 1400.69140625, 1100.65625, 1069.48608398, 1738.2388916, 1008.88897705, 322.736297607, 172.589141846, 220.924942017, 115.641960144, 76.2127227783, 48.4104385376, 30.9967956543, 23.3344211578, 11.9633827209, 2.88307547569, 0.913889229298, 0.227497756481, 0.00550499511883, 0.000259078165982],
        "mean": [0.00589278852567, 0.0772056877613, 0.222290694714, 0.885887503624, 1.53512525558, 2.01548027992, 4.5094575882, 5.40411806107, 8.99542617798, 10.5405864716, 16.3786964417, 19.3731098175, 13.636926651, 14.2256851196, 22.2325878143, 25.1807880402, 23.443063736, 29.2237567902, 22.7655277252, 20.7456436157, 25.8122272491, 15.4592695236, 8.33764743805, 7.73136281967, 14.4209289551, 9.62894439697, 1.92186915874, 0.688791453838, 0.960098624229, 1.08921837807, 0.697005569935, 0.370689690113, 0.236641690135, 0.133087679744, 0.0630815327168, 0.0219172798097, 0.00823070295155, 0.0015125204809, 3.92041110899e-05, 1.19106025522e-05],
        "median": [0.00148539640941, 0.0168327353895, 0.0502627268434, 0.12453995645, 0.20182518661, 0.474604010582, 0.687304139137, 0.975173771381, 1.0674893856, 1.34110856056, 0.903517842293, 0.691010177135, 0.477713257074, 0.350822091103, 0.390017390251, 0.307956397533, 0.360602736473, 0.269318848848, 0.28745123744, 0.196688100696, 0.157564669847, 0.112591870129, 0.0721776634455, 0.0570924207568, 0.0490578487515, 0.0359277650714, 0.0194806940854, 0.00940916128457, 0.00810576789081, 0.00661747949198, 0.0064536887221, 0.00428608711809, 0.0021512163803, 0.00122275948524, 0.000762072799262, 0.000377675431082, 0.000155881905812, 3.31382980221e-05, 2.56720204561e-06, 2.69900874628e-06],
        "min": [1.01895423847e-21, 1.58824271581e-21, 9.65539090803e-21, 2.74188142582e-20, 1.23221425238e-19, 1.15695012242e-19, 1.36692824071e-19, 2.22654764571e-19, 1.73271151423e-19, 6.71423537185e-19, 9.25462387226e-19, 3.0038759956e-18, 2.41561967874e-18, 1.45804572655e-18, 5.34224424296e-18, 3.12861214363e-18, 3.12691394184e-18, 4.9230812209e-18, 6.35165191728e-18, 7.13975072743e-18, 6.89781694187e-18, 5.94692154254e-18, 1.36668426895e-17, 1.12571787112e-17, 1.20913241845e-17, 6.81679915036e-18, 9.32573679632e-18, 1.35922301711e-17, 1.96183765912e-17, 2.1374917783e-17, 1.83540310249e-17, 1.24266541059e-17, 1.82603544749e-17, 1.19525034254e-17, 9.94974199809e-18, 6.18249265483e-18, 2.91345047219e-18, 1.22752393151e-18, 3.14163248346e-19, 2.627380242e-20],
        "var": [0.000313286029268, 0.0518475659192, 0.603282928467, 17.1264381409, 85.6147766113, 38.4906044006, 173.275695801, 258.696411133, 827.582336426, 940.33404541, 3718.87719727, 9627.21777344, 4590.85253906, 5791.94287109, 11080.6738281, 15928.2695312, 20886.125, 24121.3808594, 13418.9912109, 13326.1796875, 25210.71875, 5957.78076172, 1431.56982422, 1192.78869629, 5935.27294922, 2266.42895508, 95.7621383667, 15.3616390228, 27.040397644, 21.3893051147, 8.60272598267, 2.85417509079, 1.56625747681, 0.671885311604, 0.152105912566, 0.0133129898459, 0.00176311284304, 5.95911333221e-05, 3.08043368591e-08, 3.77953390807e-10]
    },
    "gfcc": {
        "mean": [-199.531341553, 116.834724426, -104.184585571, 4.82628583908, -55.7742195129, -0.0265380702913, -42.6174468994, 3.62761926651, -20.359752655, 3.48834109306, -11.9804849625, -1.67548167706, -12.5087480545],
        "cov": [[22914.3886719, -786.593017578, -3652.58032227, 256.583831787, -492.751678467, 163.198547363, 92.5907363892, -35.2097816467, -78.3919525146, -200.877044678, 248.202590942, -144.766326904, -202.380599976], [-786.593017578, 3146.05419922, 939.989624023, -854.54901123, 399.739990234, -362.718841553, 101.450202942, -111.804824829, 153.897598267, -59.6313972473, -11.3631391525, -146.490783691, 99.2388916016], [-3652.58032227, 939.989624023, 2526.87768555, 147.007293701, -64.1122360229, -45.2488937378, -104.159706116, 17.6763286591, -44.7888526917, 86.0288238525, -198.605041504, 116.239730835, -9.18300533295], [256.583831787, -854.54901123, 147.007293701, 880.681091309, 68.926109314, 94.4841003418, -75.3314285278, 43.5997543335, -46.0313873291, 21.5671100616, -21.8517303467, 74.5095062256, -34.2395591736], [-492.751678467, 399.739990234, -64.1122360229, 68.926109314, 560.93170166, 55.1705970764, 25.1506824493, -34.8102340698, 47.2677764893, 13.0810174942, 3.44695973396, -13.0538988113, -0.518415331841], [163.198547363, -362.718841553, -45.2488937378, 94.4841003418, 55.1705970764, 432.493133545, 120.053146362, -34.1268920898, -74.1612243652, -0.546571671963, 20.854352951, 24.7823181152, -11.0382165909], [92.5907363892, 101.450202942, -104.159706116, -75.3314285278, 25.1506824493, 120.053146362, 318.403198242, 99.6606903076, 37.5128936768, -12.4012136459, 8.41746139526, -60.0301322937, 3.12321186066], [-35.2097816467, -111.804824829, 17.6763286591, 43.5997543335, -34.8102340698, -34.1268920898, 99.6606903076, 268.741760254, 117.515907288, 25.4642696381, -48.617855072, -23.8221817017, -15.4222555161], [-78.3919525146, 153.897598267, -44.7888526917, -46.0313873291, 47.2677764893, -74.1612243652, 37.5128936768, 117.515907288, 232.036437988, 66.7184066772, -5.05282878876, -36.0253639221, -14.1081781387], [-200.877044678, -59.6313972473, 86.0288238525, 21.5671100616, 13.0810174942, -0.546571671963, -12.4012136459, 25.4642696381, 66.7184066772, 177.111114502, 46.2424430847, 4.52708482742, -24.7148895264], [248.202590942, -11.3631391525, -198.605041504, -21.8517303467, 3.44695973396, 20.854352951, 8.41746139526, -48.617855072, -5.05282878876, 46.2424430847, 208.475189209, 44.3048362732, 12.5695896149], [-144.766326904, -146.490783691, 116.239730835, 74.5095062256, -13.0538988113, 24.7823181152, -60.0301322937, -23.8221817017, -36.0253639221, 4.52708482742, 44.3048362732, 160.519485474, 41.9193382263], [-202.380599976, 99.2388916016, -9.18300533295, -34.2395591736, -0.518415331841, -11.0382165909, 3.12321186066, -15.4222555161, -14.1081781387, -24.7148895264, 12.5695896149, 41.9193382263, 141.569595337]],
        "icov": [[7.76570741436e-05, -0.000153239394422, 0.000205543154152, -0.000172429354279, 0.000219047447899, -0.000123217425426, 5.34410428372e-05, -5.72044409637e-05, 8.18644257379e-05, -7.36555302865e-05, 0.000108692147478, -0.000153343513375, 0.000204902273254], [-0.000153239394422, 0.00144127523527, -0.00106400973164, 0.00129073497374, -0.0014001034433, 0.00108587834984, -0.000578819017392, 0.000737647234928, -0.000774823594838, 0.00099980912637, -0.000960529316217, 0.00128732447047, -0.00101213157177], [0.000205543154152, -0.00106400973164, 0.00142001186032, -0.00102492922451, 0.00117562001105, -0.000712369801477, 0.000352518138243, -0.000446387421107, 0.000737333612051, -0.00116360443644, 0.00141508830711, -0.00151229824405, 0.00096876983298], [-0.000172429354279, 0.00129073497374, -0.00102492922451, 0.00253770966083, -0.00154045282397, 0.000621722603682, 4.71231123811e-06, -2.57073643297e-05, -0.00024781137472, 0.000738504808396, -0.000749636325054, 0.00064652482979, -0.000584728550166], [0.000219047447899, -0.0014001034433, 0.00117562001105, -0.00154045282397, 0.00340991583653, -0.00129515037406, 0.000321282655932, 5.64145448152e-05, -9.51934343902e-05, -0.000928387395106, 0.00108611711767, -0.00116292724852, 0.000985199352726], [-0.000123217425426, 0.00108587834984, -0.000712369801477, 0.000621722603682, -0.00129515037406, 0.00403392175213, -0.0022418696899, 0.00126647634897, 0.00042086886242, 0.000185472221347, -0.000419595831772, -8.4571829575e-06, -0.000221886963118], [5.34410428372e-05, -0.000578819017392, 0.000352518138243, 4.71231123811e-06, 0.000321282655932, -0.0022418696899, 0.00540307490155, -0.00268147862516, 0.000257366424194, 0.000442993710749, -0.000797176035121, 0.00162343482953, -0.000385728257243], [-5.72044409637e-05, 0.000737647234928, -0.000446387421107, -2.57073643297e-05, 5.64145448152e-05, 0.00126647634897, -0.00268147862516, 0.00683440733701, -0.00330267613754, 0.000162640310009, 0.0012028394267, -0.000286362483166, -5.41376066394e-05], [8.18644257379e-05, -0.000774823594838, 0.000737333612051, -0.00024781137472, -9.51934343902e-05, 0.00042086886242, 0.000257366424194, -0.00330267613754, 0.00761229963973, -0.0029253535904, 0.000519138411619, -6.64991966914e-06, 0.00051885045832], [-7.36555302865e-05, 0.00099980912637, -0.00116360443644, 0.000738504808396, -0.000928387395106, 0.000185472221347, 0.000442993710749, 0.000162640310009, -0.0029253535904, 0.00838269572705, -0.00310050859116, 0.00129516329616, 0.000379677017918], [0.000108692147478, -0.000960529316217, 0.00141508830711, -0.000749636325054, 0.00108611711767, -0.000419595831772, -0.000797176035121, 0.0012028394267, 0.000519138411619, -0.00310050859116, 0.00762403011322, -0.00351360323839, 0.000733001157641], [-0.000153343513375, 0.00128732447047, -0.00151229824405, 0.00064652482979, -0.00116292724852, -8.4571829575e-06, 0.00162343482953, -0.000286362483166, -6.64991966914e-06, 0.00129516329616, -0.00351360323839, 0.0104268537834, -0.00368529907428], [0.000204902273254, -0.00101213157177, 0.00096876983298, -0.000584728550166, 0.000985199352726, -0.000221886963118, -0.000385728257243, -5.41376066394e-05, 0.00051885045832, 0.000379677017918, 0.000733001157641, -0.00368529907428, 0.00912055466324]]
    },
    "melbands": {
        "dmean": [6.05417080806e-05, 8.79341532709e-05, 0.000196712993784, 0.000100825243862, 7.12826076779e-05, 7.15145652066e-05, 8.55003891047e-05, 6.85937848175e-05, 6.72384194331e-05, 4.47297861683e-05, 3.93401787733e-05, 3.82679572795e-05, 4.30794498243e-05, 4.52228123322e-05, 3.36982448061e-05, 3.07757800329e-05, 3.94794151362e-05, 2.73684272543e-05, 1.95147295017e-05, 2.50947141467e-05, 2.52435074799e-05, 1.22246374303e-05, 6.17647629042e-06, 4.75820206702e-06, 4.10007078244e-06, 5.02472448716e-06, 7.71642407926e-06, 3.57997919309e-06, 1.02756951037e-06, 3.13402694019e-07, 2.8421138154e-07, 3.73433977074e-07, 4.49157681714e-07, 4.39869438651e-07, 3.00489062965e-07, 2.04031096018e-07, 1.57807903634e-07, 1.32761755367e-07, 1.0372367143e-07, 8.59141451315e-08],
        "dmean2": [9.75128641585e-05, 0.000140502888826, 0.000345938780811, 0.000174186236109, 0.00010770024528, 0.000106486855657, 0.000129811611259, 9.90329208435e-05, 8.96788187674e-05, 5.94439516135e-05, 5.64157671761e-05, 5.52123710804e-05, 6.23338419246e-05, 6.33368254057e-05, 4.74096159451e-05, 4.27399754699e-05, 5.97957441641e-05, 4.00698227168e-05, 2.87389266305e-05, 3.74704723072e-05, 3.80446654162e-05, 1.91693543456e-05, 9.19384729059e-06, 7.40531550036e-06, 6.06331468589e-06, 7.59294380259e-06, 1.12259422167e-05, 5.65262598684e-06, 1.51236338297e-06, 4.65452188791e-07, 4.4089327389e-07, 5.73707268359e-07, 6.94934101375e-07, 6.81890810483e-07, 4.57102856899e-07, 3.05804860545e-07, 2.39818916725e-07, 2.01973477942e-07, 1.55950615977e-07, 1.25900641024e-07],
        "dvar": [4.51892745446e-08, 9.98139881858e-08, 1.37287599955e-06, 2.88219581535e-07, 4.28947544151e-08, 6.01844973858e-08, 1.06800776223e-07, 8.36687945593e-08, 9.01647752016e-08, 5.2207003165e-08, 5.11812032755e-08, 4.80119055624e-08, 4.79232511452e-08, 4.67146961114e-08, 3.09853298575e-08, 3.9167225907e-08, 5.21863725567e-08, 2.10287360858e-08, 1.70176832626e-08, 3.79308779941e-08, 2.62059351996e-08, 5.60922819304e-09, 9.55640344635e-10, 5.36398037099e-10, 4.49220272092e-10, 7.70003227846e-10, 1.44402367841e-09, 4.07965605742e-10, 2.98101959784e-11, 3.80777961245e-12, 2.8495563114e-12, 4.77104423677e-12, 4.41649538122e-12, 4.30487329811e-12, 1.80109768246e-12, 8.62648819565e-13, 6.79706562302e-13, 4.96165825439e-13, 3.79936262573e-13, 2.79940187784e-13],
        "dvar2": [1.06605682504e-07, 2.36722527802e-07, 3.78498657483e-06, 7.99045551503e-07, 9.14165951826e-08, 1.24440546756e-07, 2.60737067492e-07, 2.00332067379e-07, 1.76052637357e-07, 1.00641081247e-07, 9.85741621662e-08, 9.53818073413e-08, 9.424362446e-08, 8.5503231162e-08, 5.89569282283e-08, 7.08202918531e-08, 1.12928027818e-07, 4.21886774404e-08, 3.45846409289e-08, 8.67713580988e-08, 5.88319792882e-08, 1.32853319457e-08, 1.99829353065e-09, 1.17283238676e-09, 9.35892363607e-10, 1.71209690869e-09, 2.86826695728e-09, 9.26155763192e-10, 5.85956352883e-11, 7.06867550604e-12, 5.97397738916e-12, 9.65487325505e-12, 9.70650903404e-12, 1.03492501027e-11, 3.97460189761e-12, 1.80979070705e-12, 1.57823092702e-12, 1.10707211627e-12, 8.36766582673e-13, 5.90791901078e-13],
        "max": [0.00583358854055, 0.0101778842509, 0.0178221110255, 0.0106115564704, 0.00551143987104, 0.00909660290927, 0.00996942445636, 0.00738591840491, 0.0123792262748, 0.00781418848783, 0.0113023947924, 0.00807483587414, 0.00738416146487, 0.00813100952655, 0.00596886686981, 0.0106240035966, 0.00613421201706, 0.00616245809942, 0.00509887607768, 0.0127415833995, 0.00393424555659, 0.00221475819126, 0.0010604346171, 0.000680891855154, 0.00102631165646, 0.000826737028547, 0.00136665767059, 0.000742470147088, 0.000274881400401, 0.000121725868667, 8.04206065368e-05, 0.000138361967402, 8.02486974862e-05, 7.19436793588e-05, 4.75630295114e-05, 3.1553034205e-05, 3.95988281525e-05, 2.41516063397e-05, 2.03984909604e-05, 2.12735758396e-05],
        "mean": [7.04420453985e-05, 0.000113870199129, 0.000181015086127, 0.000115370043204, 0.00014937328524, 0.000124454512843, 0.000134491579956, 0.000117788898933, 0.000153029250214, 0.000108511951112, 6.45200707368e-05, 5.49480319023e-05, 6.49351277389e-05, 7.10453387001e-05, 5.72691824345e-05, 4.36175323557e-05, 5.8680318034e-05, 3.64802435797e-05, 3.06625042867e-05, 3.22040395986e-05, 2.82049877569e-05, 1.72379259311e-05, 1.00967654362e-05, 6.20075479674e-06, 6.1432729126e-06, 6.5906447162e-06, 1.35020327434e-05, 4.90311913381e-06, 1.43643183037e-06, 4.09523778444e-07, 3.6228655631e-07, 5.10092320383e-07, 6.1323294176e-07, 6.07103174843e-07, 4.2085079599e-07, 2.8955926723e-07, 2.04543354698e-07, 1.73529514313e-07, 1.32592631985e-07, 1.05523213279e-07],
        "median": [1.64662142197e-05, 2.79483174381e-05, 2.4480452339e-05, 2.36801661231e-05, 2.63395686488e-05, 2.07185876206e-05, 1.51408303282e-05, 1.17734462037e-05, 5.9337012317e-06, 3.07613186123e-06, 1.60908416547e-06, 8.93540743618e-07, 9.07511036985e-07, 7.0811711339e-07, 6.53344727652e-07, 5.11040184392e-07, 3.37384449267e-07, 4.01483418955e-07, 2.61193378037e-07, 1.98513049554e-07, 1.36561880026e-07, 1.08833788204e-07, 6.19616358222e-08, 4.72383447914e-08, 3.88007137531e-08, 3.17020472096e-08, 2.62669832551e-08, 1.89408098095e-08, 1.22427659122e-08, 6.20575058008e-09, 4.21860546496e-09, 3.96678601078e-09, 3.59677354567e-09, 3.20878079663e-09, 3.6792875413e-09, 3.18197579396e-09, 2.18596585277e-09, 1.43334211167e-09, 1.09316378172e-09, 8.7784557401e-10],
        "min": [5.97774457618e-24, 7.74925046242e-24, 8.59489988648e-24, 8.82225275481e-24, 4.30926471302e-24, 5.48458344811e-24, 2.87870805989e-24, 8.47522258741e-24, 7.79923900026e-24, 2.08929810748e-23, 1.15112184677e-23, 4.72561051044e-24, 1.62967476971e-23, 7.77375405985e-24, 6.56402047891e-24, 8.95250000115e-24, 8.0192688728e-24, 8.98361661956e-24, 1.30448650417e-23, 5.37580426245e-24, 9.71961595552e-24, 6.6894450241e-24, 7.83213292228e-24, 1.18052632147e-23, 8.02173721858e-24, 9.01611532227e-24, 7.56666387274e-24, 3.56596920254e-24, 4.86764018326e-24, 8.07296979006e-24, 7.2695189024e-24, 1.04988235698e-23, 8.57545130972e-24, 1.08616664541e-23, 1.07684159953e-23, 8.53494093566e-24, 7.03903425628e-24, 1.18295798521e-23, 1.15677158969e-23, 9.50030710184e-24],
        "var": [4.3458122434e-08, 1.2152800366e-07, 8.92283082976e-07, 2.14785700337e-07, 1.66174004335e-07, 1.30481552674e-07, 1.87591936651e-07, 1.2011358308e-07, 4.09921881328e-07, 2.9489916642e-07, 1.19482194805e-07, 9.76180132284e-08, 1.04747186924e-07, 1.16694174324e-07, 9.24881362607e-08, 9.68981339611e-08, 1.13987191241e-07, 4.29577724503e-08, 4.07959142024e-08, 5.01434165301e-08, 3.32885612409e-08, 1.07454765086e-08, 2.78109957286e-09, 1.0067978673e-09, 9.32354526917e-10, 1.42573441941e-09, 5.36322763978e-09, 7.91744059203e-10, 6.99424268502e-11, 8.46223178336e-12, 4.85134805592e-12, 9.79538672397e-12, 7.53673859433e-12, 7.30025762063e-12, 3.35902377961e-12, 1.66040824753e-12, 1.0271355164e-12, 8.49333949525e-13, 6.23264731926e-13, 4.59262781884e-13]
    },
    "mfcc": {
        "mean": [-841.031433105, 146.002578735, 11.8071117401, 9.75437164307, 3.87771058083, -4.40202188492, -9.37294101715, -5.15582036972, -8.46564865112, 2.58821058273, -2.33936166763, -0.712938725948, 1.53545749187],
        "cov": [[16337.5390625, -790.503112793, -3026.2355957, -117.32106781, -539.809692383, -22.9901371002, 109.431640625, 379.945404053, -460.259521484, 364.252105713, -176.563140869, -60.864490509, 435.270874023], [-790.503112793, 3243.30908203, 649.58190918, -300.129577637, 111.186454773, -95.0620346069, -64.8313140869, -135.888565063, 166.097717285, -35.4829750061, 45.6072998047, 63.6451416016, -121.747322083], [-3026.2355957, 649.58190918, 1909.26013184, 246.146942139, 86.819694519, 53.3268241882, -28.3902397156, -97.3031539917, 142.02734375, -120.104782104, 31.3990306854, 23.617805481, -193.564849854], [-117.32106781, -300.129577637, 246.146942139, 619.112854004, 199.513046265, -5.54794645309, -37.1143264771, 21.0393009186, 25.5515193939, -7.14766216278, 16.1354732513, 30.2436523438, 18.5446376801], [-539.809692383, 111.186454773, 86.819694519, 199.513046265, 399.187286377, 126.456039429, -9.63077163696, -10.1634883881, 13.0627555847, -44.7731704712, -1.27937185764, 19.5411834717, -1.2325193882], [-22.9901371002, -95.0620346069, 53.3268241882, -5.54794645309, 126.456039429, 353.338989258, 148.08380127, 22.3655986786, -32.3557891846, -27.8207702637, 8.18933105469, -31.939907074, -17.7679901123], [109.431640625, -64.8313140869, -28.3902397156, -37.1143264771, -9.63077163696, 148.08380127, 268.807189941, 83.2551879883, -10.563747406, 14.3788127899, -17.8223247528, -27.3995227814, -3.01449084282], [379.945404053, -135.888565063, -97.3031539917, 21.0393009186, -10.1634883881, 22.3655986786, 83.2551879883, 224.588912964, 66.7346191406, 45.3194580078, 4.98454904556, -14.4584751129, 16.0453281403], [-460.259521484, 166.097717285, 142.02734375, 25.5515193939, 13.0627555847, -32.3557891846, -10.563747406, 66.7346191406, 272.494018555, 74.7176361084, 32.2089118958, 20.8996238708, -31.9220714569], [364.252105713, -35.4829750061, -120.104782104, -7.14766216278, -44.7731704712, -27.8207702637, 14.3788127899, 45.3194580078, 74.7176361084, 223.818130493, 74.3252487183, 9.57210159302, 38.5268592834], [-176.563140869, 45.6072998047, 31.3990306854, 16.1354732513, -1.27937185764, 8.18933105469, -17.8223247528, 4.98454904556, 32.2089118958, 74.3252487183, 205.320907593, 58.3374214172, 7.22491168976], [-60.864490509, 63.6451416016, 23.617805481, 30.2436523438, 19.5411834717, -31.939907074, -27.3995227814, -14.4584751129, 20.8996238708, 9.57210159302, 58.3374214172, 153.02053833, 62.4817123413], [435.270874023, -121.747322083, -193.564849854, 18.5446376801, -1.2325193882, -17.7679901123, -3.01449084282, 16.0453281403, -31.9220714569, 38.5268592834, 7.22491168976, 62.4817123413, 190.336044312]],
