{
"lowlevel": {
    "average_loudness": 0.960044503212,
    "barkbands_crest": {
        "dmean": 3.28242468834,
        "dmean2": 5.13726329803,
        "dvar": 11.6173000336,
        "dvar2": 24.9558448792,
        "max": 26.2389774323,
        "mean": 15.6345186234,
        "median": 16.4873867035,
        "min": 2.84633374214,
        "var": 32.2372703552
    },
    "barkbands_flatness_db": {
        "dmean": 0.0344952344894,
        "dmean2": 0.0513720624149,
        "dvar": 0.0012640216155,
        "dvar2": 0.00261370069347,
        "max": 0.525646150112,
        "mean": 0.219442501664,
        "median": 0.217389971018,
        "min": 0.0481249019504,
        "var": 0.00470084697008
    },
    "barkbands_kurtosis": {
        "dmean": 15.5230989456,
        "dmean2": 23.6193332672,
        "dvar": 812.243164062,
        "dvar2": 1739.55090332,
        "max": 906.373413086,
        "mean": 25.1418819427,
        "median": 11.6074075699,
        "min": -1.96540880203,
        "var": 1698.21069336
    },
    "barkbands_skewness": {
        "dmean": 1.26329934597,
        "dmean2": 1.83821678162,
        "dvar": 2.07356476784,
        "dvar2": 4.22025489807,
        "max": 23.835187912,
        "mean": 3.45967054367,
        "median": 3.00116586685,
        "min": -11.5354700089,
        "var": 6.89221334457
    },
    "barkbands_spread": {
        "dmean": 6.12220144272,
        "dmean2": 9.21160125732,
        "dvar": 93.1720962524,
        "dvar2": 177.833694458,
        "max": 105.641098022,
        "mean": 13.8541326523,
        "median": 9.50651931763,
        "min": 0.25712621212,
        "var": 202.601303101
    },
    "dissonance": {
        "dmean": 0.0289180502295,
        "dmean2": 0.048085026443,
        "dvar": 0.000774798216298,
        "dvar2": 0.00207734503783,
        "max": 0.499999910593,
        "mean": 0.444752335548,
        "median": 0.455286502838,
        "min": 0.193167671561,
        "var": 0.00171691132709
    },
    "dynamic_complexity": 3.39866232872,
    "erbbands_crest": {
        "dmean": 2.96502304077,
        "dmean2": 4.68305063248,
        "dvar": 8.90238857269,
        "dvar2": 19.2696914673,
        "max": 33.7146339417,
        "mean": 10.9156894684,
        "median": 9.21028900146,
        "min": 2.78192949295,
        "var": 33.260383606
    },
    "erbbands_flatness_db": {
        "dmean": 0.0202835705131,
        "dmean2": 0.0290666203946,
        "dvar": 0.000406273582485,
        "dvar2": 0.000819320732262,
        "max": 0.39951890707,
        "mean": 0.157104924321,
        "median": 0.148288309574,
        "min": 0.036447443068,
        "var": 0.00230731582269
    },
    "erbbands_kurtosis": {
        "dmean": 2.18062949181,
        "dmean2": 3.36217689514,
        "dvar": 22.3402786255,
        "dvar2": 52.2749862671,
        "max": 129.709014893,
        "mean": 3.02131533623,
        "median": 1.41230463982,
        "min": -1.89550805092,
        "var": 46.0051116943
    },
    "erbbands_skewness": {
        "dmean": 0.486635833979,
        "dmean2": 0.715188622475,
        "dvar": 0.310192704201,
        "dvar2": 0.624152481556,
        "max": 7.0166387558,
        "mean": 0.820664048195,
        "median": 0.825668931007,
        "min": -8.04324150085,
        "var": 1.11541855335
    },
    "erbbands_spread": {
        "dmean": 13.6470708847,
        "dmean2": 20.6395893097,
        "dvar": 267.450775146,
        "dvar2": 599.291687012,
        "max": 186.033340454,
        "mean": 42.8883323669,
        "median": 36.7210769653,
        "min": 1.32302689552,
        "var": 697.809936523
    },
    "hfc": {
        "dmean": 9.23421573639,
        "dmean2": 13.3595371246,
        "dvar": 308.384155273,
        "dvar2": 661.635009766,
        "max": 461.160461426,
        "mean": 20.9367389679,
        "median": 12.7484607697,
        "min": 1.18475067433e-16,
        "var": 717.439758301
    },
    "melbands_crest": {
        "dmean": 3.86281752586,
        "dmean2": 6.09246110916,
        "dvar": 14.4895763397,
        "dvar2": 33.7537231445,
        "max": 36.7613487244,
        "mean": 19.6786994934,
        "median": 20.3033447266,
        "min": 2.01404762268,
        "var": 38.137172699
    },
    "melbands_flatness_db": {
        "dmean": 0.041717261076,
        "dmean2": 0.0594691000879,
        "dvar": 0.00191480794456,
        "dvar2": 0.00368562247604,
        "max": 0.64101344347,
        "mean": 0.292183160782,
        "median": 0.294774770737,
        "min": 0.00489714881405,
        "var": 0.00812069326639
    },
    "melbands_kurtosis": {
        "dmean": 32.0053749084,
        "dmean2": 49.4345588684,
        "dvar": 2835.79541016,
        "dvar2": 6479.52636719,
        "max": 997.572387695,
        "mean": 52.5422554016,
        "median": 26.7730293274,
        "min": -1.89244151115,
        "var": 5185.3125
    },
    "melbands_skewness": {
        "dmean": 1.60783433914,
        "dmean2": 2.39246106148,
        "dvar": 3.27332043648,
        "dvar2": 6.94347858429,
        "max": 23.5579204559,
        "mean": 4.70151138306,
        "median": 4.08953285217,
        "min": -4.65323066711,
        "var": 9.64464187622
    },
    "melbands_spread": {
        "dmean": 6.45643186569,
        "dmean2": 9.73870849609,
        "dvar": 197.090301514,
        "dvar2": 408.508209229,
        "max": 257.471313477,
        "mean": 12.8853883743,
        "median": 7.43163490295,
        "min": 0.295741558075,
        "var": 385.596221924
    },
    "pitch_salience": {
        "dmean": 0.0884322077036,
        "dmean2": 0.139069214463,
        "dvar": 0.00777361355722,
        "dvar2": 0.0175274983048,
        "max": 0.921137094498,
        "mean": 0.411538869143,
        "median": 0.389501482248,
        "min": 0.060314219445,
        "var": 0.0225705262274
    },
    "silence_rate_20dB": {
        "dmean": 0.0337779484689,
        "dmean2": 0.067562378943,
        "dvar": 0.0326360650361,
        "dvar2": 0.0906451120973,
        "max": 1,
        "mean": 0.980042219162,
        "median": 1,
        "min": 0,
        "var": 0.0195583291352
    },
    "silence_rate_30dB": {
        "dmean": 0.134536027908,
        "dmean2": 0.26909789443,
        "dvar": 0.116437189281,
        "dvar2": 0.233920946717,
        "max": 1,
        "mean": 0.805795431137,
        "median": 1,
        "min": 0,
        "var": 0.156489685178
    },
    "silence_rate_60dB": {
        "dmean": 0.0147778522223,
        "dmean2": 0.0295585412532,
        "dvar": 0.014560748823,
        "dvar2": 0.0336780361831,
        "max": 1,
        "mean": 0.0471118800342,
        "median": 0,
        "min": 0,
        "var": 0.0448882691562
    },
    "spectral_centroid": {
        "dmean": 238.468734741,
        "dmean2": 346.915649414,
        "dvar": 174508.65625,
        "dvar2": 314288.53125,
        "max": 12235.1298828,
        "mean": 865.133666992,
        "median": 684.930175781,
        "min": 111.097213745,
        "var": 517707.65625
    },
    "spectral_complexity": {
        "dmean": 2.6970539093,
        "dmean2": 3.99808073044,
        "dvar": 14.9000139236,
        "dvar2": 25.2852020264,
        "max": 52,
        "mean": 12.7584915161,
        "median": 12,
        "min": 0,
        "var": 48.7551002502
    },
    "spectral_decrease": {
        "dmean": 9.34732380387e-09,
        "dmean2": 1.41234703932e-08,
        "dvar": 2.80387466708e-16,
        "dvar2": 6.32304218834e-16,
        "max": 2.07569394192e-19,
        "mean": -1.80631580804e-08,
        "median": -1.41847564805e-08,
        "min": -1.56100071536e-07,
        "var": 4.19386182158e-16
    },
    "spectral_energy": {
        "dmean": 0.0358264446259,
        "dmean2": 0.0540958121419,
        "dvar": 0.00405519036576,
        "dvar2": 0.00914753600955,
        "max": 0.594566464424,
        "mean": 0.0700734704733,
        "median": 0.0554967299104,
        "min": 1.05575549584e-20,
        "var": 0.0061191720888
    },
    "spectral_energyband_high": {
        "dmean": 0.000621954794042,
        "dmean2": 0.000895804958418,
        "dvar": 3.27984230353e-06,
        "dvar2": 6.37696120975e-06,
        "max": 0.0601833239198,
        "mean": 0.000941398146097,
        "median": 0.000284594396362,
        "min": 7.4097902232e-21,
        "var": 6.53658617011e-06
    },
    "spectral_energyband_low": {
        "dmean": 0.0329343751073,
        "dmean2": 0.0503433905542,
        "dvar": 0.00392168574035,
        "dvar2": 0.00894525460899,
        "max": 0.583613038063,
        "mean": 0.055233232677,
        "median": 0.0392893180251,
        "min": 3.41300008001e-23,
        "var": 0.00552401458845
    },
    "spectral_energyband_middle_high": {
        "dmean": 0.00231459923089,
        "dmean2": 0.00338787189685,
        "dvar": 4.62233765575e-05,
        "dvar2": 0.000102451333078,
        "max": 0.310618788004,
        "mean": 0.0046672122553,
        "median": 0.00178142311051,
        "min": 1.40897423918e-21,
        "var": 0.000106847437564
    },
    "spectral_energyband_middle_low": {
        "dmean": 0.00508078886196,
        "dmean2": 0.0083326920867,
        "dvar": 9.19051017263e-05,
        "dvar2": 0.000238180611632,
        "max": 0.167898833752,
        "mean": 0.0108919497579,
        "median": 0.00719158444554,
        "min": 1.99232854822e-22,
        "var": 0.000150736654177
    },
    "spectral_entropy": {
        "dmean": 0.237880587578,
        "dmean2": 0.330684810877,
        "dvar": 0.0634920075536,
        "dvar2": 0.116442322731,
        "max": 9.79083824158,
        "mean": 7.34153652191,
        "median": 7.33763933182,
        "min": 5.45038795471,
        "var": 0.290283709764
    },
    "spectral_flux": {
        "dmean": 0.0578343048692,
        "dmean2": 0.0882265865803,
        "dvar": 0.00549200410023,
        "dvar2": 0.0122900800779,
        "max": 0.680321097374,
        "mean": 0.115704737604,
        "median": 0.0868585407734,
        "min": 6.86912679515e-11,
        "var": 0.00915747135878
    },
    "spectral_kurtosis": {
        "dmean": 1.51313650608,
        "dmean2": 2.24707388878,
        "dvar": 3.19631004333,
        "dvar2": 6.7531504631,
        "max": 30.3434448242,
        "mean": 3.74169540405,
        "median": 3.36997795105,
        "min": -1.48099553585,
        "var": 8.82417106628
    },
    "spectral_rms": {
        "dmean": 0.00184249004815,
        "dmean2": 0.00265977252275,
        "dvar": 5.82608572586e-06,
        "dvar2": 1.23183535834e-05,
        "max": 0.0240845344961,
        "mean": 0.00724385026842,
        "median": 0.00735820271075,
        "min": 3.20936961902e-12,
        "var": 1.58910097525e-05
    },
    "spectral_rolloff": {
        "dmean": 407.020355225,
        "dmean2": 691.857543945,
        "dvar": 1270988.5,
        "dvar2": 2618497.75,
        "max": 19078.4179688,
        "mean": 775.592346191,
        "median": 366.064453125,
        "min": 21.533203125,
        "var": 2174668.25
    },
    "spectral_skewness": {
        "dmean": 0.29301610589,
        "dmean2": 0.408805459738,
        "dvar": 0.0929821357131,
        "dvar2": 0.175427183509,
        "max": 4.68344068527,
        "mean": 1.74085915089,
        "median": 1.76655435562,
        "min": -0.608038187027,
        "var": 0.399772286415
    },
    "spectral_spread": {
        "dmean": 869874.6875,
        "dmean2": 1245136.625,
        "dvar": 1.17251283354e+12,
        "dvar2": 2.39562784768e+12,
        "max": 50524744,
        "mean": 6156919.5,
        "median": 5713684.5,
        "min": 2091022,
        "var": 4.26553769984e+12
    },
    "spectral_strongpeak": {
        "dmean": 0.420907527208,
        "dmean2": 0.704643845558,
        "dvar": 1.04879570007,
        "dvar2": 2.72791028023,
        "max": 22.2105197906,
        "mean": 0.861193954945,
        "median": 0.565277099609,
        "min": 0,
        "var": 1.82725262642
    },
    "zerocrossingrate": {
        "dmean": 0.0127980196849,
        "dmean2": 0.014704762958,
        "dvar": 0.000310951087158,
        "dvar2": 0.000361223821528,
        "max": 0.51611328125,
        "mean": 0.0416552834213,
        "median": 0.03125,
        "min": 0,
        "var": 0.00187763816211
    },
    "barkbands": {
        "dmean": [0.00164249015506, 0.0286632720381, 0.00501809967682, 0.00193102401681, 0.000940359197557, 0.00108191149775, 0.00113436987158, 0.000964152859524, 0.000660843972582, 0.000857855251525, 0.000535845290869, 0.000670148758218, 0.000340903381584, 0.000241471410845, 0.000188181104022, 7.7692369814e-05, 5.28155796928e-05, 7.91948041297e-05, 9.47515945882e-05, 6.46952539682e-05, 7.08286097506e-05, 0.000140519463457, 0.000149873652845, 0.000211744496482, 7.57397574489e-05, 1.81535324373e-05, 2.79528507008e-08],
        "dmean2": [0.00285503943451, 0.0437586084008, 0.00878372695297, 0.00343723339029, 0.00158715806901, 0.00167102983687, 0.0017904342385, 0.00157495657913, 0.00103310903069, 0.00129046326037, 0.00082556635607, 0.000971140631009, 0.000524226401467, 0.00039502303116, 0.00029405913665, 0.000120031596452, 8.37620100356e-05, 0.000125681879581, 0.000146093618241, 9.90986372926e-05, 0.00010387920338, 0.000206161581445, 0.000229822355323, 0.000315932120429, 0.000112544323201, 2.63318252109e-05, 5.04076709262e-08],
        "dvar": [1.13151481855e-05, 0.00338039244525, 0.000150995620061, 1.88165213331e-05, 4.05632863476e-06, 4.0272852857e-06, 1.02699241324e-05, 1.48160879689e-05, 3.25537757817e-06, 4.95791118738e-06, 6.85751001583e-06, 2.31813755818e-05, 2.23745564654e-06, 7.52403479964e-07, 3.60747435479e-07, 5.47422800423e-08, 2.39504913679e-08, 4.27691759342e-07, 2.6047101187e-07, 8.62049347461e-08, 1.10146324062e-07, 4.463545622e-07, 1.95451505647e-07, 3.7404691966e-07, 5.19701970347e-08, 3.73944031296e-09, 3.7817066644e-13],
        "dvar2": [3.0002087442e-05, 0.00778912287205, 0.000435063440818, 5.35964099981e-05, 1.11555700641e-05, 9.68571475823e-06, 2.42287824221e-05, 3.36143093591e-05, 7.28009263185e-06, 1.16814380817e-05, 1.7332007701e-05, 4.61663730675e-05, 5.46690534975e-06, 1.90494472463e-06, 8.51404820423e-07, 1.16427329999e-07, 5.48127587763e-08, 1.17434183267e-06, 5.79501545417e-07, 2.04859816222e-07, 2.20146688434e-07, 9.07488072244e-07, 4.31990315519e-07, 7.72349324052e-07, 1.10979215151e-07, 7.51721529468e-09, 1.08206445106e-12],
        "max": [0.0345529392362, 0.527755081654, 0.16437728703, 0.0552518256009, 0.0291632525623, 0.0474510602653, 0.0740653946996, 0.166823014617, 0.128086447716, 0.0821998119354, 0.128684908152, 0.295304596424, 0.0706508681178, 0.0258980412036, 0.00963560119271, 0.0145366862416, 0.00516317784786, 0.0481936410069, 0.0313116535544, 0.0163413248956, 0.0212447568774, 0.0247333347797, 0.0128425247967, 0.0226938854903, 0.00450595095754, 0.00239535956644, 4.55514636997e-05],
        "mean": [0.00173876609188, 0.0450274050236, 0.00728268967941, 0.00203261012211, 0.00155326758977, 0.00227219541557, 0.00174115493428, 0.00119633204304, 0.00115513498895, 0.00172567821573, 0.000788452569395, 0.00108816975262, 0.000514768587891, 0.000330354552716, 0.000226826930884, 0.000115785187518, 7.31232648832e-05, 9.92570348899e-05, 0.000129115142045, 8.29258788144e-05, 9.1984977189e-05, 0.000169853810803, 0.000195182714378, 0.000298056518659, 0.000118200623547, 2.64134796453e-05, 1.92394420395e-08],
        "median": [0.000295292120427, 0.0272607002407, 0.00301481573842, 0.00081960397074, 0.000885188928805, 0.00120112346485, 0.000400190503569, 0.000227204087423, 0.000324700988131, 0.000436619680841, 0.000136320362799, 0.000106563791633, 9.18305158848e-05, 8.45111426315e-05, 4.00385943067e-05, 2.52636164078e-05, 2.13391904254e-05, 2.49925760727e-05, 3.52950301021e-05, 1.81950817932e-05, 1.55412308231e-05, 2.60102624452e-05, 4.78499132441e-05, 9.39094243222e-05, 3.15678589686e-05, 5.57681414648e-06, 9.80148184837e-10],
        "min": [9.55511419931e-25, 1.35209276096e-23, 4.80321391313e-24, 6.44402802991e-24, 1.89528092328e-23, 1.36925442996e-23, 2.50430583903e-23, 2.2776301289e-23, 3.91841979099e-23, 7.76685184248e-23, 5.52230843321e-23, 6.59401005174e-23, 3.35681740634e-23, 5.37403350637e-23, 1.25627714744e-22, 1.18806238859e-22, 1.43416086394e-22, 1.11527438219e-22, 1.31239078e-22, 2.34256777022e-22, 3.25745330713e-22, 3.53600122872e-22, 5.29049906874e-22, 6.48276703259e-22, 1.12296432451e-21, 1.62925197182e-21, 2.27839387248e-21],
        "var": [1.1307859495e-05, 0.00455563375726, 0.000132967397803, 1.40302736327e-05, 4.36886239186e-06, 9.00857685338e-06, 1.82333660632e-05, 2.89262570732e-05, 1.40356023621e-05, 1.96559631149e-05, 1.28360406961e-05, 5.01036520291e-05, 4.90038473799e-06, 1.12963743959e-06, 4.27789956348e-07, 1.5310523338e-07, 3.12181569484e-08, 5.17773742104e-07, 4.75776801068e-07, 1.16016849461e-07, 1.81063626314e-07, 5.95706353579e-07, 3.28894458335e-07, 8.43086411351e-07, 1.09227734413e-07, 7.79152475872e-09, 2.16706711712e-13]
    },
    "erbbands": {
        "dmean": [1.02978646755, 5.92842912674, 6.67928171158, 6.13233661652, 4.04637956619, 2.96291732788, 5.71806621552, 9.80169582367, 15.7355175018, 17.7474861145, 18.7561168671, 15.6879062653, 25.584810257, 19.9082641602, 25.3938674927, 26.1915054321, 14.9833974838, 13.9160785675, 11.1977500916, 6.24755430222, 3.73397159576, 2.70271086693, 3.81246805191, 4.7563457489, 4.64398384094, 3.22471523285, 2.48016285896, 3.35787558556, 5.11073207855, 4.14272737503, 4.32937288284, 5.52248191833, 2.80857634544, 1.06481099129, 0.456812679768, 0.133251294494, 0.0237721689045, 0.00189316587057, 5.20114735991e-05, 4.09025233239e-05],
        "dmean2": [1.61088180542, 9.06603145599, 11.4370126724, 10.839589119, 7.12227916718, 4.92683267593, 9.08488273621, 14.8991060257, 24.6292934418, 29.3526744843, 30.3406467438, 24.009935379, 38.551448822, 30.2513256073, 38.3416595459, 36.2828140259, 22.7718296051, 22.0734500885, 17.2788085938, 9.80352401733, 5.6590385437, 4.2597117424, 6.03932762146, 7.29900503159, 7.05686235428, 4.87233638763, 3.6157977581, 4.95969104767, 7.55116510391, 6.15543031693, 6.61867427826, 8.19957828522, 4.31691884995, 1.58817481995, 0.687722921371, 0.193363517523, 0.0352015793324, 0.00285958684981, 7.61838527978e-05, 6.15837925579e-05],
        "dvar": [3.91178607941, 161.734390259, 253.863571167, 201.622344971, 69.8335037231, 45.2896575928, 157.938858032, 362.672912598, 1872.46142578, 4986.08447266, 5784.04931641, 1632.18713379, 3634.35253906, 4463.77246094, 21302.4707031, 28189.5527344, 3294.5065918, 2473.46069336, 1190.31616211, 382.306335449, 141.88369751, 58.0592498779, 697.209411621, 959.917297363, 601.698608398, 210.756759644, 124.129951477, 280.488525391, 678.005249023, 237.632095337, 155.072433472, 215.311294556, 83.8494796753, 10.6725664139, 1.85586774349, 0.191480889916, 0.00670876307413, 3.68158653146e-05, 1.5947289711e-08, 4.80265649472e-09],
        "dvar2": [9.15585422516, 384.847686768, 722.393188477, 578.998535156, 200.303817749, 122.149711609, 388.079772949, 829.026855469, 4228.78710938, 13199.3027344, 12201.2753906, 3527.26416016, 7699.76123047, 11327.6962891, 52068.5898438, 47952.3632812, 7874.94335938, 5853.07177734, 2784.18798828, 942.742492676, 284.895233154, 140.082199097, 1911.50646973, 2431.69042969, 1326.36669922, 487.750183105, 235.639968872, 571.592834473, 1431.98925781, 496.478057861, 341.119140625, 448.960906982, 176.808044434, 22.7061748505, 4.1207652092, 0.387418270111, 0.0138118807226, 7.93629878899e-05, 3.38221788354e-08, 1.08433741985e-08],
        "max": [19.0879325867, 128.705535889, 190.462753296, 201.374771118, 121.987251282, 119.1563797, 372.855010986, 464.175445557, 1061.15942383, 1614.15014648, 3621.30200195, 2738.16210938, 1580.64575195, 2958.36938477, 6770.06298828, 9725.57714844, 2824.76416016, 1599.34655762, 633.909362793, 411.682739258, 743.301391602, 180.602279663, 2093.15014648, 2012.43591309, 1286.20495605, 882.372924805, 649.257141113, 904.768798828, 1112.70324707, 563.766540527, 364.429962158, 635.332824707, 350.59677124, 70.3864059448, 24.6036109924, 15.2278699875, 3.47104668617, 0.274669468403, 0.00477247219533, 0.000690992863383],
        "mean": [1.52898180485, 9.17491054535, 10.0999279022, 7.88041067123, 4.96430683136, 4.90017175674, 11.4181098938, 20.64112854, 28.2651786804, 20.5004787445, 26.6979675293, 28.4910430908, 56.2550315857, 35.5942687988, 37.3700866699, 46.2842826843, 24.0249443054, 20.5949954987, 14.5036773682, 8.36092948914, 5.93470144272, 3.89287233353, 4.96751117706, 6.40538215637, 6.19811248779, 4.19356107712, 3.31832838058, 4.21311759949, 5.99595308304, 5.43109416962, 5.75424146652, 7.59710884094, 3.78992342949, 1.5815050602, 0.710178673267, 0.203732028604, 0.0329707860947, 0.00242349086329, 9.38423690968e-05, 8.37246770971e-05],
        "median": [0.657965838909, 4.94336795807, 6.55190706253, 4.86174297333, 2.61365842819, 2.62024688721, 5.23934555054, 10.1352939606, 7.94196891785, 4.18902683258, 6.23396492004, 9.68032646179, 12.1574144363, 10.7873287201, 7.43643188477, 5.83335494995, 5.11956644058, 5.73317909241, 3.1958823204, 2.05518507957, 1.55945456028, 1.23352372646, 1.35520899296, 1.67796063423, 1.70741009712, 0.928752422333, 0.67599773407, 0.667149782181, 0.860919952393, 1.07915568352, 1.51965665817, 2.52313637733, 0.935302615166, 0.386749625206, 0.183259218931, 0.0475688017905, 0.00602971669286, 0.000302813947201, 4.7208450269e-05, 6.67367130518e-05],
        "min": [6.29100491773e-22, 2.36193204615e-21, 5.53916367707e-21, 1.61492635875e-20, 4.85332876338e-20, 5.74642500788e-20, 7.78437896359e-20, 1.39309286821e-19, 2.93299711196e-19, 4.9071879794e-19, 5.57536173075e-19, 6.67164384211e-19, 1.95698607939e-18, 3.14140366463e-18, 2.11797962162e-18, 2.42031248115e-18, 2.11770582484e-18, 2.63184572484e-18, 5.36978108555e-18, 6.23159161445e-18, 7.92173832721e-18, 8.87801701797e-18, 6.97437333474e-18, 9.32191356753e-18, 9.66520179354e-18, 1.04345194679e-17, 1.40785346163e-17, 1.19827757543e-17, 1.19511038358e-17, 1.84932571025e-17, 1.22034791222e-17, 1.29293607154e-17, 1.20831963078e-17, 1.21374800355e-17, 8.53951568616e-18, 5.83383478587e-18, 2.93299571609e-18, 1.2712739277e-18, 2.72829136535e-19, 3.76986207078e-20],
        "var": [5.22830963135, 207.512039185, 217.645599365, 149.922775269, 57.9806365967, 51.2621498108, 332.575378418, 861.863586426, 3813.33227539, 5483.09326172, 14452.8544922, 5997.96240234, 22351.6015625, 14051.8515625, 27485.7363281, 82876.3671875, 7553.04638672, 4271.99707031, 1510.36547852, 495.602386475, 377.289489746, 80.2147827148, 940.827209473, 1673.98583984, 945.626953125, 284.025177002, 215.779815674, 420.305084229, 841.148803711, 363.69744873, 285.945007324, 502.627563477, 163.062255859, 21.4081840515, 3.77617549896, 0.422829866409, 0.0131818940863, 6.59327488393e-05, 3.30179901198e-08, 7.79143238816e-09]
    },
    "gfcc": {
        "mean": [-21.40184021, 103.252281189, -81.001625061, 32.126159668, -68.1809005737, 42.9149780273, -35.5017166138, 16.4362564087, -17.3424911499, -0.507024109364, -2.24120116234, -3.50167584419, -5.94203138351],
        "cov": [[9762.09375, -6.66555452347, -539.975463867, 386.949432373, 54.2484474182, 206.643936157, 214.830215454, 253.054382324, -71.2913131714, 371.021270752, 0.613127291203, 112.49823761, -12.5510225296], [-6.66555452347, 1184.97265625, 56.5536422729, -117.279518127, 266.393463135, 24.5204963684, 118.948600769, -19.0797977448, 136.259841919, -137.342208862, 205.318389893, -138.754257202, 93.7688446045], [-539.975463867, 56.5536422729, 1109.54211426, 181.565078735, 143.584152222, 178.026885986, 133.773101807, 72.8484344482, 63.8015708923, 67.001411438, -14.7180633545, 63.8959388733, -37.3730506897], [386.949432373, -117.279518127, 181.565078735, 553.768371582, 214.975631714, 51.6089744568, 135.286148071, 85.9721984863, 75.2209472656, 51.6334991455, -13.6799430847, 12.0501194, 37.5969810486], [54.2484474182, 266.393463135, 143.584152222, 214.975631714, 544.831665039, 114.494125366, 218.861785889, 123.920822144, 119.659965515, 76.1839752197, 54.249256134, 23.7754993439, 6.19449567795], [206.643936157, 24.5204963684, 178.026885986, 51.6089744568, 114.494125366, 282.249267578, 129.107254028, 25.7416305542, 58.9447135925, 23.7324562073, 33.032951355, -8.59366321564, 10.851764679], [214.830215454, 118.948600769, 133.773101807, 135.286148071, 218.861785889, 129.107254028, 309.453186035, 121.033813477, 55.0679702759, 75.8288345337, 55.92162323, 12.7697486877, 23.3361682892], [253.054382324, -19.0797977448, 72.8484344482, 85.9721984863, 123.920822144, 25.7416305542, 121.033813477, 171.195175171, 51.1111755371, 53.2481651306, -1.14041852951, 42.6559944153, 1.71336710453], [-71.2913131714, 136.259841919, 63.8015708923, 75.2209472656, 119.659965515, 58.9447135925, 55.0679702759, 51.1111755371, 177.354415894, 31.2504386902, 52.6544303894, -4.09651851654, 44.2716407776], [371.021270752, -137.342208862, 67.001411438, 51.6334991455, 76.1839752197, 23.7324562073, 75.8288345337, 53.2481651306, 31.2504386902, 210.161865234, 16.6506328583, 65.2827606201, -9.05934047699], [0.613127291203, 205.318389893, -14.7180633545, -13.6799430847, 54.249256134, 33.032951355, 55.92162323, -1.14041852951, 52.6544303894, 16.6506328583, 154.731796265, -19.8697624207, 25.7432327271], [112.49823761, -138.754257202, 63.8959388733, 12.0501194, 23.7754993439, -8.59366321564, 12.7697486877, 42.6559944153, -4.09651851654, 65.2827606201, -19.8697624207, 131.186828613, 4.79938030243], [-12.5510225296, 93.7688446045, -37.3730506897, 37.5969810486, 6.19449567795, 10.851764679, 23.3361682892, 1.71336710453, 44.2716407776, -9.05934047699, 25.7432327271, 4.79938030243, 106.177093506]],
        "icov": [[0.000157773145474, -0.000261393084656, 0.000198425041162, -0.000285251182504, 0.000254459882854, -0.000364569103112, 0.000155455985805, -0.00033732780139, 0.00028134038439, -0.000442059419584, 0.000155794958118, -0.000213741062908, 0.000230899619055], [-0.000261393084656, 0.00271674524993, -0.000817816588096, 0.00164552079514, -0.00190348993056, 0.00169437401928, -0.000903210486285, 0.00107605324592, -0.00108084001113, 0.002213611966, -0.00213657063432, 0.0021574923303, -0.00212162244134], [0.000198425041162, -0.000817816588096, 0.0014921646798, -0.000911479466595, 0.000722572556697, -0.00129649951123, 0.000116072995297, -0.000447130732937, 0.00012277654605, -0.000795662228484, 0.000765128119383, -0.00129626889247, 0.00141973409336], [-0.000285251182504, 0.00164552079514, -0.000911479466595, 0.00356274168007, -0.00192576332483, 0.00151072011795, -0.00106321461499, 0.000628422014415, -0.00111831072718, 0.00127915781923, -0.000353337381966, 0.00180834962521, -0.00230847555213], [0.000254459882854, -0.00190348993056, 0.000722572556697, -0.00192576332483, 0.00454534729943, -0.00150826096069, -0.00084193929797, -0.00125209742691, -0.000589795177802, -0.00156852114014, 0.00111350463703, -0.00200710073113, 0.00267442408949], [-0.000364569103112, 0.00169437401928, -0.00129649951123, 0.00151072011795, -0.00150826096069, 0.00644932128489, -0.00289721298032, 0.00234165647998, -0.00219473894686, 0.001895141555, -0.00105310627259, 0.00168839446269, -0.00124709762167], [0.000155455985805, -0.000903210486285, 0.000116072995297, -0.00106321461499, -0.00084193929797, -0.00289721298032, 0.00784632470459, -0.00461273267865, 0.00263594184071, -0.0022289911285, -0.0012265664991, 0.000697199429851, -0.00109486700967], [-0.00033732780139, 0.00107605324592, -0.000447130732937, 0.000628422014415, -0.00125209742691, 0.00234165647998, -0.00461273267865, 0.0112707270309, -0.0035811313428, 0.00136982067488, 0.000974416267127, -0.00192152603995, 0.000756244873628], [0.00028134038439, -0.00108084001113, 0.00012277654605, -0.00111831072718, -0.000589795177802, -0.00219473894686, 0.00263594184071, -0.0035811313428, 0.00993615202606, -0.00229699234478, -0.00150777865201, 0.000858584127855, -0.00284804753028], [-0.000442059419584, 0.002213611966, -0.000795662228484, 0.00127915781923, -0.00156852114014, 0.001895141555, -0.0022289911285, 0.00136982067488, -0.00229699234478, 0.0087569989264, -0.00229732738808, -0.00160557311028, -4.00708340749e-05], [0.000155794958118, -0.00213657063432, 0.000765128119383, -0.000353337381966, 0.00111350463703, -0.00105310627259, -0.0012265664991, 0.000974416267127, -0.00150777865201, -0.00229732738808, 0.0102132139727, -0.000579986837693, 0.000578891544137], [-0.000213741062908, 0.0021574923303, -0.00129626889247, 0.00180834962521, -0.00200710073113, 0.00168839446269, 0.000697199429851, -0.00192152603995, 0.000858584127855, -0.00160557311028, -0.000579986837693, 0.0124732842669, -0.00412309914827], [0.000230899619055, -0.00212162244134, 0.00141973409336, -0.00230847555213, 0.00267442408949, -0.00124709762167, -0.00109486700967, 0.000756244873628, -0.00284804753028, -4.00708340749e-05, 0.000578891544137, -0.00412309914827, 0.0140663376078]]
    },
    "melbands": {
        "dmean": [0.00857310555875, 0.00480042397976, 0.0009870743379, 0.000237306376221, 0.000173032385646, 0.000220208239625, 0.000233190847212, 0.000202103547053, 0.000140861375257, 0.000101574754808, 0.000130315427668, 8.42831213959e-05, 7.32677071937e-05, 9.32745169848e-05, 3.61455458915e-05, 3.69434819731e-05, 2.60427805188e-05, 1.89143411262e-05, 1.25226924865e-05, 6.41925544187e-06, 4.1956241148e-06, 2.79255345959e-06, 3.07668733512e-06, 4.24617337558e-06, 3.9274223127e-06, 3.9495494093e-06, 2.64771256298e-06, 2.13298426388e-06, 1.46310640048e-06, 1.69949430529e-06, 2.14579108615e-06, 2.87794159703e-06, 2.96563871416e-06, 2.14518126995e-06, 2.27823716159e-06, 3.36705693371e-06, 3.61140109817e-06, 2.32589900406e-06, 1.19327069115e-06, 8.196516319e-07],
        "dmean2": [0.0131595926359, 0.00767451105639, 0.0017476209905, 0.000408731546486, 0.000275025289739, 0.000336388911819, 0.00036556989653, 0.000335488410201, 0.000227619588259, 0.000155904577696, 0.000196663226234, 0.000129339736304, 0.000110925298941, 0.000133387671667, 5.33215425094e-05, 5.60116459383e-05, 4.18696617999e-05, 2.94090241368e-05, 1.99676251214e-05, 9.84730831988e-06, 6.37432503936e-06, 4.44964234703e-06, 4.82172163174e-06, 6.8888698479e-06, 6.02798309046e-06, 6.09961853115e-06, 4.01364923164e-06, 3.27420093527e-06, 2.18999457502e-06, 2.50411039815e-06, 3.23306608152e-06, 4.30310183219e-06, 4.49930530522e-06, 3.25196356243e-06, 3.57645876647e-06, 4.98523468195e-06, 5.56212671654e-06, 3.65638243238e-06, 1.81036239155e-06, 1.23679910757e-06],
        "dvar": [0.0002881611872, 0.000107519037556, 5.11129110237e-06, 2.58188293856e-07, 1.3236326879e-07, 1.70783025055e-07, 3.98931803147e-07, 6.69504174766e-07, 3.2929258964e-07, 6.66584440978e-08, 9.56739469871e-08, 8.06931979014e-08, 1.34754643e-07, 5.17205251072e-07, 2.58785330942e-08, 2.77289462502e-08, 8.75009753543e-09, 3.45326656159e-09, 1.96220750759e-09, 3.95451366098e-10, 2.11994102828e-10, 5.78745905366e-11, 1.26990945537e-10, 1.50499568363e-09, 6.05195282777e-10, 4.79749295845e-10, 1.65942259933e-10, 9.66403901348e-11, 4.90399422459e-11, 5.49247383685e-11, 1.22670165692e-10, 2.34895186635e-10, 1.8750405395e-10, 5.76155026466e-11, 4.63847085741e-11, 9.28599558359e-11, 1.02454808526e-10, 6.32039073856e-11, 1.43443737791e-11, 6.71406203204e-12],
        "dvar2": [0.000660675752442, 0.000279211963061, 1.4744064174e-05, 7.13234669547e-07, 3.27026469904e-07, 3.94252481328e-07, 9.10369351459e-07, 1.74463286839e-06, 6.81662413626e-07, 1.41793989883e-07, 2.02404820016e-07, 2.08165516824e-07, 3.32963992378e-07, 1.05938590877e-06, 5.50805516752e-08, 5.96230549377e-08, 2.13371862401e-08, 7.99641597382e-09, 4.98460961396e-09, 8.20764067822e-10, 3.97487820436e-10, 1.3590820136e-10, 2.96917018749e-10, 4.21818180385e-09, 1.49712164887e-09, 1.12646647565e-09, 3.54273610448e-10, 2.4267557408e-10, 9.37275951296e-11, 1.12299974875e-10, 2.63207927675e-10, 5.13922182588e-10, 3.8754766063e-10, 1.26550533941e-10, 1.04027911285e-10, 2.08289149817e-10, 2.25825302902e-10, 1.36995095823e-10, 3.01591425445e-11, 1.49035350033e-11],
        "max": [0.155935704708, 0.117007851601, 0.0310117304325, 0.00633420143276, 0.0100957062095, 0.00907029211521, 0.0152984159067, 0.0270034726709, 0.0299862138927, 0.0147943412885, 0.00839116703719, 0.0132630439475, 0.0178126841784, 0.0452562049031, 0.00710103008896, 0.00828867778182, 0.00316469208337, 0.00162137334701, 0.000984822632745, 0.00140701234341, 0.000759334943723, 0.000198057372472, 0.00074706407031, 0.00273758219555, 0.00152889196761, 0.00107322842814, 0.000652502174489, 0.000605519395322, 0.000378954398911, 0.000458240829175, 0.00059761753073, 0.00073179329047, 0.000379344943212, 0.000291368982289, 0.00018685516261, 0.000347111432347, 0.000394690257963, 0.000325055996655, 0.00013413601846, 5.83565743e-05],
        "mean": [0.0132521912456, 0.00773420231417, 0.00130870228168, 0.000330968236085, 0.000358841760317, 0.000468936079415, 0.000409220636357, 0.000224528004765, 0.000209880643524, 0.000182591800694, 0.00028051272966, 0.000141691169119, 0.000104284517874, 0.000151666827151, 5.93834847677e-05, 5.45991169929e-05, 3.64906118193e-05, 2.35824882111e-05, 1.46769616549e-05, 9.23002698983e-06, 6.27526969765e-06, 3.85515113521e-06, 4.10293341702e-06, 4.98270946991e-06, 5.14666180607e-06, 4.93279503644e-06, 3.46080332747e-06, 2.62149319497e-06, 1.93597156795e-06, 2.09147151509e-06, 2.56108228314e-06, 3.27069346895e-06, 3.5249395296e-06, 2.81825009552e-06, 2.97634869639e-06, 4.35663014287e-06, 4.78060928799e-06, 2.96389407595e-06, 1.64837786087e-06, 1.19114690733e-06],
        "median": [0.0073344251141, 0.0057468614541, 0.000848923344165, 0.000180259579793, 0.000178208545549, 0.000234761857428, 0.000113049107313, 4.01419420086e-05, 4.65317425551e-05, 5.54499056307e-05, 5.61227388971e-05, 3.82046200684e-05, 1.98700872716e-05, 1.62839714903e-05, 1.07876021502e-05, 9.51095989876e-06, 9.34034142119e-06, 4.54563814856e-06, 2.59705598182e-06, 2.17149636228e-06, 1.44020236803e-06, 1.19401602205e-06, 1.06270567812e-06, 1.1918114069e-06, 1.21324887914e-06, 1.29932141135e-06, 8.12423081697e-07, 5.20153776051e-07, 3.92564942331e-07, 3.5832530898e-07, 3.68976714071e-07, 4.40543971081e-07, 5.1790669886e-07, 5.78513095206e-07, 6.74740022077e-07, 1.37328436267e-06, 1.55380973865e-06, 6.58095473227e-07, 3.84413510801e-07, 2.76579555702e-07],
        "min": [4.40635534665e-24, 3.88064069004e-24, 4.69486465666e-24, 3.86633469752e-24, 3.25173770222e-24, 3.2039552139e-24, 4.34108657307e-24, 5.33249224888e-24, 4.18082948018e-24, 4.64583892355e-24, 8.59748577253e-24, 1.3174976604e-23, 7.78522015311e-24, 6.02837721895e-24, 8.78456571392e-24, 3.69175425717e-24, 3.88830802361e-24, 8.39712614666e-24, 1.01860780862e-23, 7.81038954915e-24, 8.31063780359e-24, 8.72762178948e-24, 7.22480468857e-24, 3.90178807876e-24, 7.70345866459e-24, 5.03330649538e-24, 7.05926459419e-24, 6.14289142339e-24, 7.87918847528e-24, 6.48951059426e-24, 6.99265160164e-24, 6.11269698338e-24, 7.23515296593e-24, 1.08887117614e-23, 6.06546393668e-24, 7.05655091268e-24, 8.03573397762e-24, 7.45988997149e-24, 7.23120392824e-24, 9.08194892025e-24],
        "var": [0.000392135523725, 0.000117884104839, 3.84970917366e-06, 2.41742156959e-07, 2.82699005538e-07, 4.09885956287e-07, 8.07911533229e-07, 8.18677335701e-07, 1.01824798548e-06, 2.30730549333e-07, 5.65089180782e-07, 2.34007529798e-07, 1.98398723228e-07, 9.82333858701e-07, 6.59395240632e-08, 5.99578058313e-08, 1.46120120448e-08, 4.58925519808e-09, 2.2263582089e-09, 9.62344315347e-10, 4.72630046211e-10, 7.83847362018e-11, 2.49187614987e-10, 1.57576529602e-09, 1.125278426e-09, 6.42269737394e-10, 2.56075605165e-10, 1.12974171684e-10, 8.21035253673e-11, 8.93492224652e-11, 1.68050851013e-10, 2.71482475389e-10, 2.52190074379e-10, 8.8226675965e-11, 8.58574530915e-11, 1.59838503544e-10, 2.20080814683e-10, 1.14197019896e-10, 2.68397370301e-11, 1.28790415832e-11]
    },
    "mfcc": {
        "mean": [-670.237121582, 126.426704407, 45.2714271545, 2.77809309959, 10.6629076004, 11.6765480042, 8.0739440918, 13.7125988007, -4.12981796265, 12.0973577499, 0.499053508043, 2.73366951942, -3.33768105507],
        "cov": [[7255.49414062, 105.24899292, -547.336181641, 270.4559021, -114.621627808, 156.548797607, 165.830459595, 36.1536178589, 131.921356201, 73.6002044678, 176.231063843, 42.8285942078, 208.961975098], [105.24899292, 1287.18762207, 41.6829910278, -117.372039795, 162.896286011, -3.17800998688, 113.177276611, 80.629776001, -39.0265464783, 94.9609603882, 16.0692634583, 51.4360351562, -2.1941742897], [-547.336181641, 41.6829910278, 868.614135742, 13.3172035217, 48.0713005066, 110.706924438, 30.8234577179, 57.5696487427, 9.25150489807, 31.8791503906, 19.4473648071, 15.062743187, -55.6015548706], [270.4559021, -117.372039795, 13.3172035217, 528.231750488, 140.157012939, 72.9906463623, 105.488929749, 67.9708404541, 133.334609985, 41.6085624695, 83.0806274414, 35.119468689, 59.8014717102], [-114.621627808, 162.896286011, 48.0713005066, 140.157012939, 297.634887695, 109.884117126, 40.424785614, 93.8269195557, 64.6190338135, 51.1271095276, 50.8505477905, 44.8025550842, 25.1402721405], [156.548797607, -3.17800998688, 110.706924438, 72.9906463623, 109.884117126, 249.694107056, 119.452262878, 49.1152191162, 85.359664917, 55.5838088989, 60.4263801575, 43.4013710022, 43.7445106506], [165.830459595, 113.177276611, 30.8234577179, 105.488929749, 40.424785614, 119.452262878, 263.660919189, 85.5316390991, 60.6878128052, 75.1641998291, 70.2572250366, 35.3138008118, 64.1883239746], [36.1536178589, 80.629776001, 57.5696487427, 67.9708404541, 93.8269195557, 49.1152191162, 85.5316390991, 184.602600098, 83.6345214844, 22.7820301056, 37.1601104736, 30.6423110962, 24.4027843475], [131.921356201, -39.0265464783, 9.25150489807, 133.334609985, 64.6190338135, 85.359664917, 60.6878128052, 83.6345214844, 185.518249512, 52.6765136719, 43.3221244812, 42.8109054565, 51.190196991], [73.6002044678, 94.9609603882, 31.8791503906, 41.6085624695, 51.1271095276, 55.5838088989, 75.1641998291, 22.7820301056, 52.6765136719, 141.349777222, 44.0501747131, 23.7824115753, 33.8732757568], [176.231063843, 16.0692634583, 19.4473648071, 83.0806274414, 50.8505477905, 60.4263801575, 70.2572250366, 37.1601104736, 43.3221244812, 44.0501747131, 142.309692383, 46.5381507874, 44.8001823425], [42.8285942078, 51.4360351562, 15.062743187, 35.119468689, 44.8025550842, 43.4013710022, 35.3138008118, 30.6423110962, 42.8109054565, 23.7824115753, 46.5381507874, 132.164169312, 58.3541030884], [208.961975098, -2.1941742897, -55.6015548706, 59.8014717102, 25.1402721405, 43.7445106506, 64.1883239746, 24.4027843475, 51.190196991, 33.8732757568, 44.8001823425, 58.3541030884, 141.599899292]],
