{
"lowlevel": {
    "average_loudness": 0.952369749546,
    "barkbands_crest": {
        "dmean": 2.7936604023,
        "dmean2": 4.50392961502,
        "dvar": 6.10745334625,
        "dvar2": 14.7000999451,
        "max": 26.2379283905,
        "mean": 12.0527772903,
        "median": 11.5310201645,
        "min": 3.28335976601,
        "var": 18.6371631622
    },
    "barkbands_flatness_db": {
        "dmean": 0.0251390691847,
        "dmean2": 0.0388340689242,
        "dvar": 0.000657089112792,
        "dvar2": 0.00139879633207,
        "max": 0.39987885952,
        "mean": 0.188284754753,
        "median": 0.183494478464,
        "min": 0.020850520581,
        "var": 0.00290212314576
    },
    "barkbands_kurtosis": {
        "dmean": 7.22470664978,
        "dmean2": 11.2321777344,
        "dvar": 137.930358887,
        "dvar2": 319.008880615,
        "max": 251.95552063,
        "mean": 15.1994924545,
        "median": 8.71957492828,
        "min": -1.94115710258,
        "var": 376.068695068
    },
    "barkbands_skewness": {
        "dmean": 0.773951530457,
        "dmean2": 1.16082453728,
        "dvar": 0.670308828354,
        "dvar2": 1.50644922256,
        "max": 14.2395811081,
        "mean": 2.68507552147,
        "median": 2.56332063675,
        "min": -4.21244478226,
        "var": 3.49977731705
    },
    "barkbands_spread": {
        "dmean": 5.86210346222,
        "dmean2": 9.15575504303,
        "dvar": 87.5706100464,
        "dvar2": 199.517547607,
        "max": 93.557258606,
        "mean": 14.6820869446,
        "median": 10.5251312256,
        "min": 0.640237152576,
        "var": 187.208084106
    },
    "dissonance": {
        "dmean": 0.0256998855621,
        "dmean2": 0.0421740114689,
        "dvar": 0.000575624871999,
        "dvar2": 0.00147068791557,
        "max": 0.500000119209,
        "mean": 0.442670792341,
        "median": 0.451430350542,
        "min": 0.260365128517,
        "var": 0.00155634968542
    },
    "dynamic_complexity": 2.69542241096,
    "erbbands_crest": {
        "dmean": 3.32312917709,
        "dmean2": 5.30557966232,
        "dvar": 9.57234859467,
        "dvar2": 22.0853099823,
        "max": 32.4736099243,
        "mean": 11.8958158493,
        "median": 10.8737344742,
        "min": 2.68262004852,
        "var": 29.8412628174
    },
    "erbbands_flatness_db": {
        "dmean": 0.0203680749983,
        "dmean2": 0.0298992209136,
        "dvar": 0.000409446307458,
        "dvar2": 0.000793180195615,
        "max": 0.34764495492,
        "mean": 0.182148367167,
        "median": 0.180024683475,
        "min": 0.0480422563851,
        "var": 0.00205516116694
    },
    "erbbands_kurtosis": {
        "dmean": 2.27134561539,
        "dmean2": 3.50311422348,
        "dvar": 11.6185445786,
        "dvar2": 25.226398468,
        "max": 59.0731620789,
        "mean": 2.75228309631,
        "median": 0.897783756256,
        "min": -1.91625356674,
        "var": 29.7672538757
    },
    "erbbands_skewness": {
        "dmean": 0.566276013851,
        "dmean2": 0.838876366615,
        "dvar": 0.360253602266,
        "dvar2": 0.738248229027,
        "max": 6.96052598953,
        "mean": 1.20316433907,
        "median": 1.16996753216,
        "min": -5.2219452858,
        "var": 1.55495369434
    },
    "erbbands_spread": {
        "dmean": 12.5395774841,
        "dmean2": 18.9914207458,
        "dvar": 229.83795166,
        "dvar2": 491.16998291,
        "max": 139.428527832,
        "mean": 45.8010101318,
        "median": 40.1914634705,
        "min": 3.48277139664,
        "var": 737.193786621
    },
    "hfc": {
        "dmean": 7.57483768463,
        "dmean2": 11.343755722,
        "dvar": 229.270050049,
        "dvar2": 527.084960938,
        "max": 278.612457275,
        "mean": 19.6030006409,
        "median": 13.2869768143,
        "min": 1.03241318843e-16,
        "var": 483.377716064
    },
    "melbands_crest": {
        "dmean": 3.54036998749,
        "dmean2": 5.71180868149,
        "dvar": 9.64879989624,
        "dvar2": 24.0506153107,
        "max": 33.2077674866,
        "mean": 15.5213537216,
        "median": 14.8700790405,
        "min": 1.00083982944,
        "var": 32.132434845
    },
    "melbands_flatness_db": {
        "dmean": 0.0293604694307,
        "dmean2": 0.0442288145423,
        "dvar": 0.000986011466011,
        "dvar2": 0.00204607192427,
        "max": 0.512946665287,
        "mean": 0.245035201311,
        "median": 0.244261905551,
        "min": 4.09862337847e-07,
        "var": 0.00604012887925
    },
    "melbands_kurtosis": {
        "dmean": 16.7635688782,
        "dmean2": 26.0338611603,
        "dvar": 777.340576172,
        "dvar2": 1802.27722168,
        "max": 733.437561035,
        "mean": 38.6211967468,
        "median": 23.7148303986,
        "min": -1.88015043736,
        "var": 2309.96582031
    },
    "melbands_skewness": {
        "dmean": 1.05619561672,
        "dmean2": 1.59061396122,
        "dvar": 1.2466660738,
        "dvar2": 2.81345129013,
        "max": 19.1389961243,
        "mean": 3.92961215973,
        "median": 3.6923263073,
        "min": -1.31517779827,
        "var": 6.67462015152
    },
    "melbands_spread": {
        "dmean": 6.24171924591,
        "dmean2": 9.63208580017,
        "dvar": 184.930099487,
        "dvar2": 386.203430176,
        "max": 205.561553955,
        "mean": 16.7217330933,
        "median": 9.25532341003,
        "min": 0.511879384518,
        "var": 633.63067627
    },
    "pitch_salience": {
        "dmean": 0.0824106559157,
        "dmean2": 0.132883876562,
        "dvar": 0.00541876023635,
        "dvar2": 0.0136978747323,
        "max": 0.996093332767,
        "mean": 0.544628083706,
        "median": 0.552678227425,
        "min": 0.075340397656,
        "var": 0.0157816577703
    },
    "silence_rate_20dB": {
        "dmean": 0,
        "dmean2": 0,
        "dvar": 0,
        "dvar2": 0,
        "max": 1,
        "mean": 1,
        "median": 1,
        "min": 1,
        "var": 0
    },
    "silence_rate_30dB": {
        "dmean": 0,
        "dmean2": 0,
        "dvar": 0,
        "dvar2": 0,
        "max": 1,
        "mean": 1,
        "median": 1,
        "min": 1,
        "var": 0
    },
    "silence_rate_60dB": {
        "dmean": 0.0021953897085,
        "dmean2": 0.00439158268273,
        "dvar": 0.00219051982276,
        "dvar2": 0.00583594944328,
        "max": 1,
        "mean": 0.0365831367671,
        "median": 0,
        "min": 0,
        "var": 0.0352454483509
    },
    "spectral_centroid": {
        "dmean": 252.382324219,
        "dmean2": 383.140594482,
        "dvar": 162866.15625,
        "dvar2": 316290.21875,
        "max": 11944.2304688,
        "mean": 1097.43591309,
        "median": 751.281311035,
        "min": 155.161270142,
        "var": 2174867
    },
    "spectral_complexity": {
        "dmean": 2.70069527626,
        "dmean2": 4.12991762161,
        "dvar": 10.8666152954,
        "dvar2": 22.570016861,
        "max": 41,
        "mean": 11.9518928528,
        "median": 11,
        "min": 0,
        "var": 41.9718322754
    },
    "spectral_decrease": {
        "dmean": 2.24354068656e-09,
        "dmean2": 3.51046747227e-09,
        "dvar": 6.00269295457e-18,
        "dvar2": 1.32297257123e-17,
        "max": 4.49864301607e-28,
        "mean": -7.42897343642e-09,
        "median": -6.99488955647e-09,
        "min": -2.7018471016e-08,
        "var": 1.90909612695e-17
    },
    "spectral_energy": {
        "dmean": 0.00893499143422,
        "dmean2": 0.0139893218875,
        "dvar": 9.43620689213e-05,
        "dvar2": 0.00020954037609,
        "max": 0.103353247046,
        "mean": 0.029816692695,
        "median": 0.028233224526,
        "min": 9.83226619524e-21,
        "var": 0.000301602674881
    },
    "spectral_energyband_high": {
        "dmean": 0.000829835887998,
        "dmean2": 0.00123965565581,
        "dvar": 5.2094842431e-06,
        "dvar2": 1.14161302918e-05,
        "max": 0.0449767187238,
        "mean": 0.00127051386517,
        "median": 0.000398647942347,
        "min": 7.0934437221e-21,
        "var": 9.35612479225e-06
    },
    "spectral_energyband_low": {
        "dmean": 0.00341852009296,
        "dmean2": 0.00505044264719,
        "dvar": 3.84285158361e-05,
        "dvar2": 7.60673574405e-05,
        "max": 0.0949427857995,
        "mean": 0.00665499083698,
        "median": 0.00290071428753,
        "min": 1.24299834648e-23,
        "var": 0.000101433266536
    },
    "spectral_energyband_middle_high": {
        "dmean": 0.00115919893142,
        "dmean2": 0.00157346052583,
        "dvar": 5.9595777202e-06,
        "dvar2": 9.58845612331e-06,
        "max": 0.0682116448879,
        "mean": 0.00309582147747,
        "median": 0.000961279845797,
        "min": 1.04517844883e-21,
        "var": 3.23668355122e-05
    },
    "spectral_energyband_middle_low": {
        "dmean": 0.00714146206155,
        "dmean2": 0.0113252904266,
        "dvar": 7.21053074813e-05,
        "dvar2": 0.000168367332662,
        "max": 0.0921138674021,
        "mean": 0.019467657432,
        "median": 0.0154544143006,
        "min": 1.30019839828e-22,
        "var": 0.000233903207118
    },
    "spectral_entropy": {
        "dmean": 0.23317964375,
        "dmean2": 0.349028557539,
        "dvar": 0.0705839172006,
        "dvar2": 0.147729590535,
        "max": 9.82539176941,
        "mean": 7.27938938141,
        "median": 7.27061748505,
        "min": 5.27276420593,
        "var": 0.36371332407
    },
    "spectral_flux": {
        "dmean": 0.0283658318222,
        "dmean2": 0.0454750880599,
        "dvar": 0.000789591635112,
        "dvar2": 0.00189023115672,
        "max": 0.313647419214,
        "mean": 0.0849663764238,
        "median": 0.0788016319275,
        "min": 6.25470786275e-11,
        "var": 0.00190218747593
    },
    "spectral_kurtosis": {
        "dmean": 1.45534408092,
        "dmean2": 2.45819354057,
        "dvar": 3.45390439034,
        "dvar2": 8.9699344635,
        "max": 47.0648803711,
        "mean": 2.72109031677,
        "median": 2.04754018784,
        "min": -1.26094603539,
        "var": 8.49138259888
    },
    "spectral_rms": {
        "dmean": 0.000812517013401,
        "dmean2": 0.00125534669496,
        "dvar": 6.91134289355e-07,
        "dvar2": 1.45976298427e-06,
        "max": 0.0100415349007,
        "mean": 0.00509582925588,
        "median": 0.00524829560891,
        "min": 3.0971687888e-12,
        "var": 3.12202041641e-06
    },
    "spectral_rolloff": {
        "dmean": 452.732421875,
        "dmean2": 794.02545166,
        "dvar": 1290441.5,
        "dvar2": 2992677,
        "max": 19789.0136719,
        "mean": 1282.49743652,
        "median": 516.796875,
        "min": 86.1328125,
        "var": 7428504.5
    },
    "spectral_skewness": {
        "dmean": 0.252341300249,
        "dmean2": 0.388163745403,
        "dvar": 0.0729044377804,
        "dvar2": 0.156237125397,
        "max": 5.67881822586,
        "mean": 1.27303111553,
        "median": 1.25166511536,
        "min": -0.415757387877,
        "var": 0.344508826733
    },
    "spectral_spread": {
        "dmean": 535494,
        "dmean2": 811970.9375,
        "dvar": 743378976768,
        "dvar2": 1.58682670694e+12,
        "max": 42352520,
        "mean": 5633174.5,
        "median": 4863254,
        "min": 1862800,
        "var": 2.29991409254e+13
    },
    "spectral_strongpeak": {
        "dmean": 0.584366083145,
        "dmean2": 0.923583328724,
        "dvar": 0.725175976753,
        "dvar2": 1.53605091572,
        "max": 16.3612384796,
        "mean": 1.30457818508,
        "median": 0.75583678484,
        "min": 0,
        "var": 2.11814570427
    },
    "zerocrossingrate": {
        "dmean": 0.0103896884248,
        "dmean2": 0.0122463442385,
        "dvar": 0.000213354971493,
        "dvar2": 0.000274796359008,
        "max": 0.52490234375,
        "mean": 0.0546222999692,
        "median": 0.03955078125,
        "min": 0.00439453125,
        "var": 0.00468108477071
    },
    "barkbands": {
        "dmean": [1.28339834191e-05, 0.00138311856426, 0.00207743397914, 0.00127047370188, 0.00400187959895, 0.00186508987099, 0.000961593352258, 0.0016740191495, 0.00135588285048, 0.000486083852593, 0.000301230029436, 0.000254842307186, 0.000125978782307, 0.000192330684513, 0.000275038211839, 0.000104739679955, 7.85637821537e-05, 4.32904198533e-05, 3.33217030857e-05, 0.000127675841213, 0.000229832701734, 0.000297702819807, 0.000185479366337, 7.59339163778e-05, 3.10657960654e-05, 7.36715264793e-06, 4.28375841466e-07],
        "dmean2": [1.99733713089e-05, 0.00200155959465, 0.0032034246251, 0.00209107296541, 0.00642909202725, 0.00293633132242, 0.00146554433741, 0.00254152109846, 0.00199307291768, 0.000716454698704, 0.000436417758465, 0.000377773743821, 0.000191690414795, 0.000295686273603, 0.000392389163608, 0.000160656942171, 0.000123245059513, 6.63491009618e-05, 5.07420445501e-05, 0.000193979925825, 0.000343676452758, 0.000450891064247, 0.000296585960314, 0.000122775585623, 5.19923851243e-05, 1.27965731735e-05, 7.63587195252e-07],
        "dvar": [7.18821724366e-10, 8.03397870186e-06, 1.69037921296e-05, 4.38976894657e-06, 3.24318752973e-05, 9.7146448752e-06, 6.1547225414e-06, 2.33825521718e-05, 1.46785150719e-05, 2.68186295216e-06, 9.90214516605e-07, 8.03337627531e-07, 1.90234288766e-07, 5.23615142356e-07, 1.15007856039e-06, 6.4967075275e-08, 2.19860876172e-08, 6.6517960029e-09, 7.28441085229e-09, 7.14326802154e-08, 4.71145540359e-07, 8.04954254363e-07, 4.10433216302e-07, 6.06939778436e-08, 1.37977833603e-08, 9.29935961569e-10, 6.81916806008e-12],
        "dvar2": [1.61464519532e-09, 1.42630206028e-05, 3.8824215153e-05, 1.13820533443e-05, 7.8698991274e-05, 2.26776974159e-05, 1.27802868519e-05, 4.68777725473e-05, 2.88952051051e-05, 5.29073759026e-06, 1.83116696917e-06, 1.62015385285e-06, 3.90560899177e-07, 1.23669485674e-06, 1.65172912148e-06, 1.22885225551e-07, 4.93300831295e-08, 1.56618966685e-08, 1.51324801578e-08, 1.61156705758e-07, 9.58764189818e-07, 1.77101071586e-06, 1.02344745301e-06, 1.47747769574e-07, 3.83502190004e-08, 2.62172616949e-09, 1.82102267293e-11],
        "max": [0.000719484291039, 0.0455121695995, 0.0562483929098, 0.0265140235424, 0.0640690624714, 0.0805261880159, 0.0474937707186, 0.0818695127964, 0.0797877386212, 0.0307034198195, 0.0238720327616, 0.0215721093118, 0.0138830756769, 0.0169115290046, 0.0514201149344, 0.0103877624497, 0.00372771383263, 0.001869287109, 0.00332282180898, 0.00543802138418, 0.0233563408256, 0.0236351359636, 0.0145529350266, 0.0042251306586, 0.00320932175964, 0.000755647779442, 8.36384060676e-05],
        "mean": [1.6028940081e-05, 0.00251010432839, 0.00353978550993, 0.00189109658822, 0.0073207677342, 0.00326758925803, 0.00162584427744, 0.00282207364216, 0.00239423848689, 0.000787070428487, 0.000520385918207, 0.000416288035922, 0.000193857587874, 0.000250209675869, 0.000499332556501, 0.000169273305801, 0.000127616149257, 7.23154516891e-05, 5.99215309194e-05, 0.000228861055803, 0.000354319665348, 0.000407467159675, 0.000216691783862, 8.86649941094e-05, 3.04150253214e-05, 6.15136241322e-06, 3.12652332468e-07],
        "median": [6.78929154674e-06, 0.000551696051843, 0.00116004643496, 0.00091311626602, 0.00456784013659, 0.00152593769599, 0.000307123031234, 0.00028542050859, 0.000198940309929, 8.03938091849e-05, 4.64110562461e-05, 4.24719764851e-05, 2.60865763266e-05, 3.3428594179e-05, 7.0032379881e-05, 6.06514695392e-05, 5.34069658897e-05, 2.62641151494e-05, 1.64284192579e-05, 8.1600388512e-05, 0.000110970606329, 9.61850091699e-05, 4.35683286923e-05, 1.67098587553e-05, 5.27012707607e-06, 8.85171573373e-07, 4.69474201736e-08],
        "min": [3.54669595012e-25, 1.8025169945e-24, 4.98899647416e-25, 1.07443456798e-24, 9.31957512415e-24, 6.36009441288e-24, 4.70477945494e-24, 9.02807918676e-24, 8.45686737187e-24, 1.08699747371e-23, 1.90261985406e-23, 2.12907215877e-23, 2.69114154909e-23, 2.14709605274e-23, 5.35409110269e-23, 4.51078554214e-23, 5.34995873372e-23, 7.21802995112e-23, 1.2092376872e-22, 1.86109528886e-22, 2.27916960674e-22, 3.47219311e-22, 4.39927304811e-22, 5.6178983063e-22, 8.64653853201e-22, 1.3169853331e-21, 1.88870092719e-21],
        "var": [1.06993458537e-09, 2.41167272179e-05, 3.54071780748e-05, 7.2546949923e-06, 6.2123486714e-05, 2.82830606011e-05, 1.5107724721e-05, 6.01646133873e-05, 4.30825602962e-05, 6.65812149236e-06, 3.13519217343e-06, 1.93806954485e-06, 4.33529123711e-07, 7.13075792191e-07, 4.7013945732e-06, 1.57985851956e-07, 4.37275993193e-08, 1.45203866708e-08, 2.20839329046e-08, 1.73831935513e-07, 9.54148049459e-07, 1.34072695346e-06, 4.81047152334e-07, 8.18220016185e-08, 1.04297237513e-08, 5.93427418316e-10, 4.88247246452e-12]
    },
    "erbbands": {
        "dmean": [0.0159700419754, 0.416031301022, 2.34152674675, 2.46410322189, 11.2703819275, 15.1544189453, 14.5296993256, 13.4640703201, 10.253194809, 25.6135196686, 40.6078681946, 25.1032009125, 17.7141819, 14.5545663834, 9.52284812927, 7.8708357811, 4.92535352707, 7.78535938263, 12.6414012909, 10.8759078979, 5.28812265396, 4.32754993439, 2.61429238319, 1.40738582611, 2.221108675, 5.94526052475, 8.62128639221, 9.97494697571, 11.1231050491, 8.02573394775, 4.68902158737, 2.05550670624, 1.10613322258, 0.466731578112, 0.168958604336, 0.0503147616982, 0.0106459911913, 0.00125737313647, 7.14552079444e-05, 1.24286843857e-05],
        "dmean2": [0.0251944530755, 0.599216222763, 3.52416539192, 3.94747138023, 18.8714199066, 23.7712726593, 23.0493030548, 21.4714355469, 15.9723367691, 38.368434906, 59.4171905518, 37.2656440735, 26.2241401672, 20.4898529053, 13.4891281128, 11.497428894, 7.30645942688, 11.821352005, 18.1573486328, 16.1238861084, 8.08979225159, 6.71375799179, 4.01440572739, 2.12005662918, 3.32523345947, 8.97200870514, 12.909702301, 14.9532594681, 16.8039779663, 12.6663208008, 7.55213499069, 3.26758694649, 1.82389223576, 0.780289053917, 0.285143435001, 0.0872704833746, 0.0183578301221, 0.00219116150402, 0.000126942250063, 1.9719465854e-05],
        "dvar": [0.00126138690393, 0.714260995388, 21.9531612396, 11.9916954041, 367.714874268, 578.55065918, 762.133056641, 496.554229736, 656.956848145, 6361.89013672, 13381.5058594, 4707.95507812, 3036.23828125, 2131.94238281, 724.280090332, 749.103027344, 208.40020752, 962.055358887, 2470.4465332, 1146.8145752, 115.375167847, 65.9858856201, 24.4745292664, 10.0926475525, 29.476940155, 161.590148926, 596.739868164, 933.778625488, 1188.52111816, 684.664794922, 286.043304443, 43.2923965454, 15.6792182922, 2.89435839653, 0.386936366558, 0.0449837483466, 0.00190481822938, 3.12369265885e-05, 1.73388983171e-07, 3.04190672651e-10],
        "dvar2": [0.00310853077099, 1.241091609, 46.9610977173, 28.9248714447, 950.098693848, 1298.45092773, 1745.27661133, 1194.63708496, 1473.47973633, 13974.6123047, 26766.8847656, 9995.85253906, 5926.67138672, 3890.12084961, 1419.26245117, 1531.89831543, 424.941162109, 2241.79174805, 4517.671875, 2225.74609375, 234.584899902, 142.67578125, 56.9349479675, 21.7996578217, 63.7958374023, 361.560333252, 1320.14111328, 1893.69421387, 2624.35766602, 1642.38317871, 730.825500488, 98.3351821899, 40.3454322815, 7.95868873596, 1.0759408474, 0.127755716443, 0.00530982809141, 8.61081425683e-05, 4.81403617414e-07, 7.71731734073e-10],
        "max": [0.968191564083, 13.466053009, 69.8726882935, 50.772151947, 201.726318359, 332.176239014, 814.478088379, 418.774932861, 584.273193359, 1416.86669922, 2211.50195312, 1376.11791992, 1281.22412109, 1342.94702148, 536.390625, 755.276123047, 421.994262695, 886.196228027, 2121.01416016, 1340.21582031, 293.550567627, 228.853637695, 113.505874634, 62.1711273193, 202.967926025, 263.825927734, 707.298095703, 1118.56469727, 1003.22338867, 656.237670898, 463.11239624, 158.516204834, 90.5232086182, 45.4311103821, 12.4658651352, 5.6502790451, 0.904214084148, 0.0950373336673, 0.0106410859153, 0.000328360736603],
        "mean": [0.0248881429434, 0.754708588123, 3.99333357811, 4.76348161697, 16.3243904114, 27.7713298798, 27.6935997009, 22.8724098206, 18.2276477814, 39.0088691711, 76.9597396851, 45.0400886536, 30.1017665863, 26.232131958, 17.5333385468, 13.3601398468, 8.89389896393, 11.9191894531, 21.6154346466, 18.9501533508, 9.44742488861, 7.58397769928, 4.65019273758, 2.60464930534, 4.16724300385, 10.9394102097, 14.2459526062, 15.006146431, 15.3881196976, 9.7730140686, 5.40960121155, 2.49120354652, 1.21128034592, 0.468320518732, 0.160283103585, 0.04272088781, 0.00906041078269, 0.00106752722058, 6.5757696575e-05, 3.73855145881e-05],
        "median": [0.00837284978479, 0.185928821564, 1.28384780884, 3.01399302483, 8.313996315, 14.9328069687, 13.905831337, 10.8762159348, 5.32613182068, 6.58671092987, 7.31813001633, 5.10260772705, 4.09970474243, 2.95168352127, 2.07357692719, 1.77994728088, 1.55998802185, 1.70972323418, 2.91175723076, 4.09876489639, 3.70085835457, 3.30218720436, 1.79042100906, 0.964176356792, 1.29836404324, 3.91765904427, 4.5382399559, 4.44657802582, 3.63989520073, 2.1675388813, 1.08278596401, 0.492913007736, 0.220858573914, 0.0830510184169, 0.0257566403598, 0.00634071510285, 0.00122837873641, 0.000217234060983, 2.31743670156e-05, 3.4562748624e-05],
        "min": [7.40468327654e-23, 5.10307177612e-22, 2.02715512897e-21, 4.83518248869e-21, 1.15517242727e-20, 2.04676649885e-20, 5.31125918166e-20, 7.33717862882e-20, 6.58830423217e-20, 1.75724969786e-19, 2.59027498767e-19, 3.61274156912e-19, 3.81827087742e-19, 7.0525558613e-19, 1.18390990314e-18, 1.05205059265e-18, 1.50429287761e-18, 1.94984833788e-18, 2.91721538475e-18, 2.57825869001e-18, 3.83531100484e-18, 2.82856561132e-18, 4.39282039794e-18, 5.36407478009e-18, 7.53454335428e-18, 9.11830636847e-18, 7.30833427217e-18, 1.2025596413e-17, 1.10913339615e-17, 1.03345439375e-17, 1.15027520915e-17, 1.00626571148e-17, 9.60270002646e-18, 8.46612987657e-18, 6.44751636001e-18, 3.91833098702e-18, 2.49060918474e-18, 1.02169533892e-18, 2.39905125107e-19, 2.64535300263e-20],
        "var": [0.00229290034622, 2.15175032616, 49.6319618225, 27.2472286224, 501.029052734, 1220.00964355, 2435.58666992, 1149.734375, 1491.61914062, 11967.6337891, 44943.1484375, 12596.9414062, 7330.26660156, 6539.98779297, 2241.09375, 1748.85644531, 575.868835449, 1505.77734375, 7687.90722656, 3635.89892578, 280.869598389, 146.471847534, 56.9536361694, 26.2167186737, 85.8570251465, 396.140289307, 1141.23950195, 1900.91589355, 1988.64111328, 869.702941895, 314.001220703, 67.0695343018, 16.9980049133, 2.32538437843, 0.290231436491, 0.0284790266305, 0.00125647580717, 2.11689439311e-05, 1.11843867501e-07, 5.73254388403e-10]
    },
    "gfcc": {
        "mean": [-48.3819465637, 102.854698181, -102.188850403, 49.6240692139, -80.1531829834, 4.58758926392, -39.9774398804, -11.2955408096, -16.1949138641, -4.53266143799, -26.1512317657, -6.47155809402, -1.66925525665],
        "cov": [[29134.8847656, 1519.74121094, -3169.25317383, 966.118164062, -2106.18652344, 340.033538818, -769.592651367, -138.538146973, -385.570953369, -93.5594787598, -764.584594727, -283.358428955, -183.768112183], [1519.74121094, 1065.52832031, -172.051895142, -82.1082839966, 99.0882720947, -114.363098145, 86.4098968506, -11.9981937408, 120.639953613, -67.8160476685, 55.0839691162, -17.6402301788, 23.374174118], [-3169.25317383, -172.051895142, 1241.13049316, 364.843811035, 396.398651123, -12.6061172485, -60.6863098145, 44.2976417542, 50.9901313782, 2.40806365013, -19.5263710022, 92.2088317871, 10.4365978241], [966.118164062, -82.1082839966, 364.843811035, 586.436950684, 86.0473251343, 55.283821106, -159.061187744, -57.9376754761, -9.8218164444, 18.4671955109, -52.9145240784, 21.308889389, 36.3736038208], [-2106.18652344, 99.0882720947, 396.398651123, 86.0473251343, 486.727416992, 25.8924350739, 48.3959579468, -2.45509457588, 73.4086608887, -4.47959852219, 46.8669204712, 37.9494781494, 24.8117847443], [340.033538818, -114.363098145, -12.6061172485, 55.283821106, 25.8924350739, 234.138427734, 78.370010376, 19.8689289093, -51.7042045593, 1.62138819695, -4.11346149445, -10.964173317, -10.9895420074], [-769.592651367, 86.4098968506, -60.6863098145, -159.061187744, 48.3959579468, 78.370010376, 296.874572754, 64.9948883057, 0.968152225018, 0.67804646492, 57.5238113403, -16.5561923981, -5.16905450821], [-138.538146973, -11.9981937408, 44.2976417542, -57.9376754761, -2.45509457588, 19.8689289093, 64.9948883057, 155.092849731, 64.4315261841, 3.27780246735, -5.93731355667, -3.84788823128, -19.2435264587], [-385.570953369, 120.639953613, 50.9901313782, -9.8218164444, 73.4086608887, -51.7042045593, 0.968152225018, 64.4315261841, 172.752441406, 22.580411911, 21.70885849, -14.1141901016, 6.45231819153], [-93.5594787598, -67.8160476685, 2.40806365013, 18.4671955109, -4.47959852219, 1.62138819695, 0.67804646492, 3.27780246735, 22.580411911, 88.8931503296, 21.3272171021, -2.09165692329, 0.141282901168], [-764.584594727, 55.0839691162, -19.5263710022, -52.9145240784, 46.8669204712, -4.11346149445, 57.5238113403, -5.93731355667, 21.70885849, 21.3272171021, 138.403900146, 33.6454353333, 9.8868932724], [-283.358428955, -17.6402301788, 92.2088317871, 21.308889389, 37.9494781494, -10.964173317, -16.5561923981, -3.84788823128, -14.1141901016, -2.09165692329, 33.6454353333, 89.637840271, 6.56626415253], [-183.768112183, 23.374174118, 10.4365978241, 36.3736038208, 24.8117847443, -10.9895420074, -5.16905450821, -19.2435264587, 6.45231819153, 0.141282901168, 9.8868932724, 6.56626415253, 76.6894760132]],
        "icov": [[0.000282491266262, -0.000685363716912, 0.00071701122215, -0.00086382945301, 0.000746238743886, -0.000606394663919, 0.000509926059749, -0.000481400056742, 0.000360439124051, -0.00039355570334, 0.00118939357344, -0.000536893261597, 0.000646223314106], [-0.000685363716912, 0.0030200870242, -0.00138408411294, 0.00182105787098, -0.00210746517405, 0.00219099852256, -0.00191050523426, 0.00166435982101, -0.00193300680257, 0.00232008635066, -0.00311187631451, 0.00132570776623, -0.00150745874271], [0.00071701122215, -0.00138408411294, 0.00345623516478, -0.00315681356005, 0.000638354686089, -0.00075871089939, 0.00106797355693, -0.0020553979557, 0.00103214464616, -0.000761731760576, 0.00339926057495, -0.00234867935069, 0.0020853120368], [-0.00086382945301, 0.00182105787098, -0.00315681356005, 0.00570255890489, -0.00202099978924, 0.000226156174904, -5.47710669707e-07, 0.00240602390841, -0.00132010725792, 0.000279359577689, -0.0029741358012, 0.00165955128614, -0.00325823761523], [0.000746238743886, -0.00210746517405, 0.000638354686089, -0.00202099978924, 0.00560151180252, -0.00268407841213, 0.000725348421838, 0.000284752866719, -0.000928850146011, -0.0005550851929, 0.00265500950627, -0.00202455301769, 0.0011358569609], [-0.000606394663919, 0.00219099852256, -0.00075871089939, 0.000226156174904, -0.00268407841213, 0.00785985030234, -0.0031524093356, -0.000521639420185, 0.00143086409662, 0.00109560764395, -0.00266525219195, 0.00201646797359, -0.000425006641308], [0.000509926059749, -0.00191050523426, 0.00106797355693, -5.47710669707e-07, 0.000725348421838, -0.0031524093356, 0.00699790427461, -0.003421820933, 0.00239495746791, -0.00134849501774, -8.71445517987e-05, 0.000945577397943, 0.000317027064739], [-0.000481400056742, 0.00166435982101, -0.0020553979557, 0.00240602390841, 0.000284752866719, -0.000521639420185, -0.003421820933, 0.0118696317077, -0.00650306930766, 0.00152961013373, 0.00011636086856, -0.0010402337648, 0.000676996947732], [0.000360439124051, -0.00193300680257, 0.00103214464616, -0.00132010725792, -0.000928850146011, 0.00143086409662, 0.00239495746791, -0.00650306930766, 0.0115264393389, -0.00346459215507, -0.000421823235229, 0.00264679710381, -0.000161932650371], [-0.00039355570334, 0.00232008635066, -0.000761731760576, 0.000279359577689, -0.0005550851929, 0.00109560764395, -0.00134849501774, 0.00152961013373, -0.00346459215507, 0.0144168846309, -0.0042776176706, 0.00153847644106, -0.000364833540516], [0.00118939357344, -0.00311187631451, 0.00339926057495, -0.0029741358012, 0.00265500950627, -0.00266525219195, -8.71445517987e-05, 0.00011636086856, -0.000421823235229, -0.0042776176706, 0.0157992057502, -0.00735851284117, 0.00216556130908], [-0.000536893261597, 0.00132570776623, -0.00234867935069, 0.00165955128614, -0.00202455301769, 0.00201646797359, 0.000945577397943, -0.0010402337648, 0.00264679710381, 0.00153847644106, -0.00735851284117, 0.0163425784558, -0.00208753836341], [0.000646223314106, -0.00150745874271, 0.0020853120368, -0.00325823761523, 0.0011358569609, -0.000425006641308, 0.000317027064739, 0.000676996947732, -0.000161932650371, -0.000364833540516, 0.00216556130908, -0.00208753836341, 0.0159858632833]]
    },
    "melbands": {
        "dmean": [0.000252813275438, 0.000985964899883, 0.000669076049235, 0.000970484456047, 0.00049446511548, 0.000311423413223, 0.000157854767167, 0.000292497279588, 0.000345333450241, 0.000153071217937, 9.14999909583e-05, 6.26750552328e-05, 3.66053209291e-05, 2.98078593914e-05, 1.39776529977e-05, 1.37255665322e-05, 1.51762778842e-05, 2.06573367905e-05, 2.26196334552e-05, 8.98643975233e-06, 6.32824367131e-06, 5.025266546e-06, 3.24020220432e-06, 1.96736141334e-06, 1.1367579873e-06, 1.43142358411e-06, 2.32062075156e-06, 4.78114861835e-06, 5.71112923353e-06, 5.48466141481e-06, 6.33203399047e-06, 6.96095185049e-06, 5.26020903635e-06, 4.3523155e-06, 2.99005250781e-06, 1.84337739029e-06, 1.05005869955e-06, 8.41026121634e-07, 5.82702284646e-07, 3.37464683753e-07],
        "dmean2": [0.000381357036531, 0.00145297218114, 0.00108938675839, 0.0015694394242, 0.000774192099925, 0.000492652528919, 0.000244529044721, 0.000436158064986, 0.000506950425915, 0.000227353084483, 0.000135432943352, 8.9175242465e-05, 5.2900861192e-05, 4.45625046268e-05, 2.01502280106e-05, 2.09469344554e-05, 2.31757585425e-05, 3.02206353808e-05, 3.18519851135e-05, 1.3582959582e-05, 9.90029184322e-06, 7.89520709077e-06, 5.04835134052e-06, 3.02702869703e-06, 1.75063337338e-06, 2.1652695068e-06, 3.55827228304e-06, 7.29776684238e-06, 8.65707988851e-06, 8.5395286078e-06, 9.53171456786e-06, 1.05645913209e-05, 8.29810869618e-06, 7.00447071722e-06, 4.88232990392e-06, 2.9079660635e-06, 1.69162785824e-06, 1.3771881413e-06, 9.94642391561e-07, 5.62911964153e-07],
        "dvar": [2.58578523926e-07, 3.76239745492e-06, 1.0220699096e-06, 2.16687499233e-06, 6.30469116913e-07, 2.47810874043e-07, 1.36136705464e-07, 7.82736947258e-07, 9.81813400358e-07, 1.75796671442e-07, 8.20869772156e-08, 3.88335017476e-08, 1.20606840071e-08, 1.51333736653e-08, 2.15213158405e-09, 2.26883667409e-09, 3.93852372937e-09, 6.29847862754e-09, 8.92379947715e-09, 6.80770717576e-10, 1.88858567673e-10, 9.17887085783e-11, 3.97747529357e-11, 1.39092912535e-11, 7.94572307256e-12, 1.82414118532e-11, 3.43810223347e-11, 1.12130194019e-10, 2.14385592612e-10, 3.58750806839e-10, 3.72118613701e-10, 4.75236516806e-10, 2.98176816571e-10, 2.13082204659e-10, 1.33515754008e-10, 3.92529793392e-11, 1.14317678587e-11, 9.75923248464e-12, 4.92797773075e-12, 1.52375486361e-12],
        "dvar2": [5.3367352848e-07, 7.45325769458e-06, 2.58131763076e-06, 5.30072065885e-06, 1.43508827932e-06, 5.8628035049e-07, 2.97194418408e-07, 1.67733071521e-06, 1.97925669454e-06, 3.60070998795e-07, 1.58781261916e-07, 7.3431202452e-08, 2.23434586388e-08, 3.07248591014e-08, 3.88201870649e-09, 4.89972018514e-09, 9.13704489847e-09, 1.31174386908e-08, 1.32152120358e-08, 1.38840872133e-09, 3.91072452199e-10, 2.02195524213e-10, 9.11414763105e-11, 3.19716024488e-11, 1.75757412096e-11, 3.71346356443e-11, 8.0818726711e-11, 2.56327792325e-10, 4.48509285267e-10, 8.13396405785e-10, 7.87741483155e-10, 1.05829400798e-09, 7.15413617236e-10, 5.20957832428e-10, 3.55243057193e-10, 8.97261848154e-11, 2.63644401449e-11, 2.43334328381e-11, 1.37858370552e-11, 4.16477963228e-12],
        "max": [0.00934980344027, 0.0298926811665, 0.0126217156649, 0.0175436530262, 0.0225446205586, 0.0112668499351, 0.00756419636309, 0.0150240333751, 0.0178866796196, 0.0086124567315, 0.00618018396199, 0.00541639234871, 0.00284396694042, 0.00331104849465, 0.00141501042526, 0.0014448602451, 0.00203997222707, 0.00279950187542, 0.00495009263977, 0.000942964048591, 0.00040924269706, 0.000284003268462, 0.000145001758938, 7.42408665246e-05, 5.45119801245e-05, 0.000198826513952, 0.000141698095831, 0.000197183777345, 0.000386570143746, 0.000536890700459, 0.000723679724615, 0.00065630156314, 0.000344847037923, 0.000352409930201, 0.000370120251318, 0.000178340065759, 7.35036446713e-05, 9.39641322475e-05, 5.18699234817e-05, 3.15517536364e-05],
        "mean": [0.000440361211076, 0.00175685982686, 0.00118725432549, 0.00163905089721, 0.00102723704185, 0.00054584920872, 0.000279240048258, 0.000443043856649, 0.000663618033286, 0.000262277317233, 0.000150355044752, 0.000109681423055, 6.63976679789e-05, 4.73817235616e-05, 2.28487388085e-05, 2.1635367375e-05, 2.11418519029e-05, 3.14504504786e-05, 3.95283386752e-05, 1.3927825421e-05, 1.02172016341e-05, 8.13473980088e-06, 5.24097458765e-06, 3.25702808368e-06, 1.87676062069e-06, 2.45509272645e-06, 3.91839603253e-06, 8.25340794108e-06, 9.30218993744e-06, 7.92393893789e-06, 9.16035605769e-06, 9.54192819336e-06, 6.42827353659e-06, 5.05414163854e-06, 3.28163491758e-06, 2.15329237108e-06, 1.26652378185e-06, 9.19968101698e-07, 5.65720313261e-07, 3.34788268219e-07],
        "median": [0.000116488343338, 0.000594958197325, 0.000745545083191, 0.000956674979534, 0.000604452565312, 0.000268105010036, 7.70108163124e-05, 5.98943297518e-05, 5.27703050466e-05, 2.52617282968e-05, 1.5799952962e-05, 1.12933748824e-05, 7.08636525815e-06, 4.11191740568e-06, 3.49823517354e-06, 2.5527424441e-06, 2.80352264781e-06, 3.94377229895e-06, 5.4658071349e-06, 4.39801669927e-06, 3.79159200747e-06, 3.42896464645e-06, 1.98386806005e-06, 1.13643784516e-06, 5.93865763676e-07, 6.4438171421e-07, 1.10218957161e-06, 2.81146913039e-06, 2.86064573629e-06, 2.36038249568e-06, 2.48383162216e-06, 2.20195033762e-06, 1.38075006362e-06, 1.04894627384e-06, 6.28930365565e-07, 4.18547415393e-07, 2.39180025119e-07, 1.60853360853e-07, 9.59451114113e-08, 5.5724314052e-08],
        "min": [1.23519968729e-24, 1.43146532228e-24, 1.25847601438e-24, 1.2025212229e-24, 2.25857641647e-24, 1.41108934093e-24, 1.08213562535e-24, 1.91736764812e-24, 2.10781346178e-24, 2.16781126401e-24, 1.56974632808e-24, 2.51683567177e-24, 3.55235977421e-24, 2.25569411594e-24, 3.43249945941e-24, 2.14153134903e-24, 3.22224988436e-24, 3.14973404287e-24, 3.4232579539e-24, 2.8925969422e-24, 3.89236395195e-24, 2.75273920067e-24, 3.13658511208e-24, 2.83467542188e-24, 3.5484998778e-24, 5.03373405799e-24, 4.26036559209e-24, 5.57101972636e-24, 3.8619060324e-24, 3.80796017383e-24, 6.13053943934e-24, 5.03884311564e-24, 4.41812002376e-24, 5.24901853776e-24, 6.48151706671e-24, 6.11059979667e-24, 5.57237538382e-24, 6.62627225395e-24, 5.52609883097e-24, 6.5609727148e-24],
        "var": [6.69034989187e-07, 9.47649186855e-06, 1.76364164872e-06, 3.64945890396e-06, 2.13343287214e-06, 6.45606576199e-07, 3.25603338069e-07, 1.49090772084e-06, 3.55085421688e-06, 4.5495823997e-07, 2.01957519153e-07, 1.14572280552e-07, 4.14215790556e-08, 3.40855805803e-08, 5.32071320336e-09, 5.6439373175e-09, 5.500826461e-09, 1.50014862754e-08, 3.27132632094e-08, 1.53934531788e-09, 3.97463117974e-10, 1.88012924673e-10, 8.35468569327e-11, 3.1467439765e-11, 1.86943655001e-11, 4.65909741343e-11, 7.3567672787e-11, 2.53086190893e-10, 4.44882103379e-10, 6.01469651862e-10, 7.31187832503e-10, 7.90496890168e-10, 3.85065646036e-10, 2.52104975784e-10, 1.25682075858e-10, 5.67649538485e-11, 1.75818040682e-11, 1.12516012132e-11, 3.71921243802e-12, 1.24796668225e-12]
    },
    "mfcc": {
        "mean": [-674.326843262, 115.131950378, 28.0512943268, 35.4970817566, -10.5620145798, 14.2748918533, -20.3275718689, -5.53099489212, 4.94657945633, -3.72781300545, -13.9932317734, -4.02604532242, -6.15843725204],
        "cov": [[9453.74902344, 630.58605957, -389.439849854, -103.30607605, -612.361328125, 96.7209701538, -276.940002441, -76.8954772949, 39.0139427185, 54.1876411438, -42.3304634094, -91.9619522095, -170.771835327], [630.58605957, 1343.23339844, -92.7259979248, 82.7627639771, -1.65965032578, -28.5171108246, -28.9436340332, 80.10181427, 78.6790924072, -2.79419922829, 5.56877946854, 104.609184265, 32.0525245667], [-389.439849854, -92.7259979248, 712.257446289, 339.080780029, 246.042648315, 79.4909362793, -33.0028915405, 30.2629241943, 49.8344764709, -27.9546222687, -62.3805961609, 27.4567241669, 24.0208530426], [-103.30607605, 82.7627639771, 339.080780029, 453.322357178, 263.643218994, 98.8233413696, -67.267906189, -11.9997215271, 34.762638092, 0.873284518719, -84.4489974976, 18.7032699585, 24.6047554016], [-612.361328125, -1.65965032578, 246.042648315, 263.643218994, 438.933868408, 87.1774520874, -60.7687911987, 21.2191123962, 28.5797367096, 11.180355072, -32.1601867676, -3.54714083672, 10.7663698196], [96.7209701538, -28.5171108246, 79.4909362793, 98.8233413696, 87.1774520874, 211.014587402, 86.3837432861, 1.21485245228, 0.460836738348, 11.0285139084, -14.7063865662, -44.1090393066, -4.27977800369], [-276.940002441, -28.9436340332, -33.0028915405, -67.267906189, -60.7687911987, 86.3837432861, 239.983032227, 63.7472724915, -0.0838377177715, 4.47640371323, 36.1178207397, -26.2899055481, 8.83100128174], [-76.8954772949, 80.10181427, 30.2629241943, -11.9997215271, 21.2191123962, 1.21485245228, 63.7472724915, 139.10357666, 44.1579856873, 3.36274194717, 35.4547462463, 23.0012950897, 8.26826667786], [39.0139427185, 78.6790924072, 49.8344764709, 34.762638092, 28.5797367096, 0.460836738348, -0.0838377177715, 44.1579856873, 134.625564575, 54.2288513184, 10.5805416107, 13.318441391, 2.18475174904], [54.1876411438, -2.79419922829, -27.9546222687, 0.873284518719, 11.180355072, 11.0285139084, 4.47640371323, 3.36274194717, 54.2288513184, 104.01750946, 34.8228492737, -0.917784571648, -1.88675284386], [-42.3304634094, 5.56877946854, -62.3805961609, -84.4489974976, -32.1601867676, -14.7063865662, 36.1178207397, 35.4547462463, 10.5805416107, 34.8228492737, 112.332008362, 43.5980033875, -2.20662999153], [-91.9619522095, 104.609184265, 27.4567241669, 18.7032699585, -3.54714083672, -44.1090393066, -26.2899055481, 23.0012950897, 13.318441391, -0.917784571648, 43.5980033875, 142.274169922, 44.9199981689], [-170.771835327, 32.0525245667, 24.0208530426, 24.6047554016, 10.7663698196, -4.27977800369, 8.83100128174, 8.26826667786, 2.18475174904, -1.88675284386, -2.20662999153, 44.9199981689, 79.9295730591]],
