{
"lowlevel": {
    "average_loudness": 0.359178721905,
    "barkbands_crest": {
        "dmean": 1.91420280933,
        "dmean2": 2.9701359272,
        "dvar": 4.29776906967,
        "dvar2": 10.403594017,
        "max": 25.9321918488,
        "mean": 12.8997392654,
        "median": 12.5965499878,
        "min": 3.3662173748,
        "var": 19.9955196381
    },
    "barkbands_flatness_db": {
        "dmean": 0.0166562795639,
        "dmean2": 0.0239519458264,
        "dvar": 0.000326354813296,
        "dvar2": 0.000643997394945,
        "max": 0.459441572428,
        "mean": 0.224464520812,
        "median": 0.214206218719,
        "min": 0.0398895405233,
        "var": 0.00445959158242
    },
    "barkbands_kurtosis": {
        "dmean": 2.96144509315,
        "dmean2": 4.36691713333,
        "dvar": 26.6774673462,
        "dvar2": 54.4104690552,
        "max": 143.70300293,
        "mean": 7.81823635101,
        "median": 3.5833261013,
        "min": -1.87804639339,
        "var": 180.433395386
    },
    "barkbands_skewness": {
        "dmean": 0.427035838366,
        "dmean2": 0.627987444401,
        "dvar": 0.227452635765,
        "dvar2": 0.475938022137,
        "max": 9.80136394501,
        "mean": 1.81716442108,
        "median": 1.59749341011,
        "min": -3.14413619041,
        "var": 2.14830255508
    },
    "barkbands_spread": {
        "dmean": 2.70882296562,
        "dmean2": 4.01370239258,
        "dvar": 15.7409029007,
        "dvar2": 33.6916656494,
        "max": 138.517562866,
        "mean": 13.0603609085,
        "median": 10.8101654053,
        "min": 0.376605659723,
        "var": 106.656974792
    },
    "dissonance": {
        "dmean": 0.0292834024876,
        "dmean2": 0.0491303801537,
        "dvar": 0.000890731927939,
        "dvar2": 0.00244620884769,
        "max": 0.499999970198,
        "mean": 0.431349813938,
        "median": 0.442273020744,
        "min": 0.169834047556,
        "var": 0.00228886632249
    },
    "dynamic_complexity": 5.7185254097,
    "erbbands_crest": {
        "dmean": 2.69515514374,
        "dmean2": 4.13738775253,
        "dvar": 7.21055841446,
        "dvar2": 17.0214996338,
        "max": 33.5549125671,
        "mean": 11.9632921219,
        "median": 10.6731262207,
        "min": 2.35208415985,
        "var": 33.3328933716
    },
    "erbbands_flatness_db": {
        "dmean": 0.0147045012563,
        "dmean2": 0.0214909799397,
        "dvar": 0.000237396205193,
        "dvar2": 0.000481692666654,
        "max": 0.42464786768,
        "mean": 0.21235229075,
        "median": 0.209484696388,
        "min": 0.0434215180576,
        "var": 0.00207197736017
    },
    "erbbands_kurtosis": {
        "dmean": 1.36978113651,
        "dmean2": 2.05053710938,
        "dvar": 8.99635601044,
        "dvar2": 19.0035114288,
        "max": 122.23563385,
        "mean": 1.63198816776,
        "median": 0.170371770859,
        "min": -1.84547638893,
        "var": 27.6057949066
    },
    "erbbands_skewness": {
        "dmean": 0.368866413832,
        "dmean2": 0.54504019022,
        "dvar": 0.155007019639,
        "dvar2": 0.337483525276,
        "max": 7.12100601196,
        "mean": 0.591463804245,
        "median": 0.505854666233,
        "min": -2.82160568237,
        "var": 0.986888825893
    },
    "erbbands_spread": {
        "dmean": 4.92644453049,
        "dmean2": 7.36443042755,
        "dvar": 33.5848999023,
        "dvar2": 68.1447982788,
        "max": 148.734329224,
        "mean": 27.8582572937,
        "median": 26.1464920044,
        "min": 0.628993034363,
        "var": 217.301956177
    },
    "hfc": {
        "dmean": 2.72172546387,
        "dmean2": 3.92255544662,
        "dvar": 46.1152877808,
        "dvar2": 98.0107727051,
        "max": 232.649856567,
        "mean": 10.469918251,
        "median": 3.99252319336,
        "min": 1.0713352788e-16,
        "var": 320.886199951
    },
    "melbands_crest": {
        "dmean": 2.13310170174,
        "dmean2": 3.3002038002,
        "dvar": 5.78183555603,
        "dvar2": 13.5335350037,
        "max": 35.8203849792,
        "mean": 16.4791698456,
        "median": 16.4029140472,
        "min": 1.6756067276,
        "var": 29.3872966766
    },
    "melbands_flatness_db": {
        "dmean": 0.0190981812775,
        "dmean2": 0.0260401442647,
        "dvar": 0.000494219362736,
        "dvar2": 0.000890082330443,
        "max": 0.602706253529,
        "mean": 0.302656680346,
        "median": 0.291457295418,
        "min": 0.00359379639849,
        "var": 0.00897836592048
    },
    "melbands_kurtosis": {
        "dmean": 5.28050374985,
        "dmean2": 7.79274225235,
        "dvar": 81.6771850586,
        "dvar2": 169.942886353,
        "max": 384.43963623,
        "mean": 15.5484933853,
        "median": 8.48827171326,
        "min": -1.80370247364,
        "var": 492.337646484
    },
    "melbands_skewness": {
        "dmean": 0.540153264999,
        "dmean2": 0.791635155678,
        "dvar": 0.375684201717,
        "dvar2": 0.781800150871,
        "max": 15.5335493088,
        "mean": 2.62905025482,
        "median": 2.41478300095,
        "min": -2.65460634232,
        "var": 3.21492671967
    },
    "melbands_spread": {
        "dmean": 3.33655190468,
        "dmean2": 4.9826874733,
        "dvar": 31.8717479706,
        "dvar2": 68.3076858521,
        "max": 210.779052734,
        "mean": 15.0565509796,
        "median": 10.9921321869,
        "min": 0.401434361935,
        "var": 269.658477783
    },
    "pitch_salience": {
        "dmean": 0.0502065233886,
        "dmean2": 0.0793102011085,
        "dvar": 0.00255594472401,
        "dvar2": 0.0063419835642,
        "max": 0.811479449272,
        "mean": 0.453497052193,
        "median": 0.449183732271,
        "min": 0.113290555775,
        "var": 0.0140461735427
    },
    "silence_rate_20dB": {
        "dmean": 0,
        "dmean2": 0,
        "dvar": 0,
        "dvar2": 0,
        "max": 1,
        "mean": 1,
        "median": 1,
        "min": 1,
        "var": 0
    },
    "silence_rate_30dB": {
        "dmean": 0.00989049766213,
        "dmean2": 0.0197833254933,
        "dvar": 0.00979291647673,
        "dvar2": 0.0222190190107,
        "max": 1,
        "mean": 0.984459638596,
        "median": 1,
        "min": 0,
        "var": 0.0152991544455
    },
    "silence_rate_60dB": {
        "dmean": 0.0369716249406,
        "dmean2": 0.0739519521594,
        "dvar": 0.0356088317931,
        "dvar2": 0.0767331346869,
        "max": 1,
        "mean": 0.188721448183,
        "median": 0,
        "min": 0,
        "var": 0.153128221631
    },
    "spectral_centroid": {
        "dmean": 135.896835327,
        "dmean2": 197.851394653,
        "dvar": 42379.46875,
        "dvar2": 82971.421875,
        "max": 11812.3496094,
        "mean": 994.601745605,
        "median": 786.543457031,
        "min": 119.832221985,
        "var": 1117195.125
    },
    "spectral_complexity": {
        "dmean": 1.57941830158,
        "dmean2": 2.50306177139,
        "dvar": 3.74187850952,
        "dvar2": 7.74060773849,
        "max": 50,
        "mean": 10.5716972351,
        "median": 9,
        "min": 0,
        "var": 51.2298049927
    },
    "spectral_decrease": {
        "dmean": 1.29673594085e-09,
        "dmean2": 1.90906424002e-09,
        "dvar": 1.12248830986e-17,
        "dvar2": 2.62833479809e-17,
        "max": 1.59420259483e-28,
        "mean": -5.13443243477e-09,
        "median": -2.78094369754e-09,
        "min": -1.03611661473e-07,
        "var": 4.22513368242e-17
    },
    "spectral_energy": {
        "dmean": 0.00511433789507,
        "dmean2": 0.0075208726339,
        "dvar": 0.000171444567968,
        "dvar2": 0.000400360731874,
        "max": 0.395985037088,
        "mean": 0.0203282125294,
        "median": 0.0110540110618,
        "min": 1.02432142088e-20,
        "var": 0.000667357293423
    },
    "spectral_energyband_high": {
        "dmean": 3.62159444194e-05,
        "dmean2": 5.14258063049e-05,
        "dvar": 1.10239506412e-08,
        "dvar2": 2.27244640882e-08,
        "max": 0.00500385835767,
        "mean": 0.000115947485028,
        "median": 1.52727152454e-05,
        "min": 6.85936291785e-21,
        "var": 9.03812846786e-08
    },
    "spectral_energyband_low": {
        "dmean": 0.00216084579006,
        "dmean2": 0.00318766501732,
        "dvar": 7.02819161233e-05,
        "dvar2": 0.000162967320648,
        "max": 0.34501388669,
        "mean": 0.00902980752289,
        "median": 0.00363836018369,
        "min": 1.47462368547e-23,
        "var": 0.000205803604331
    },
    "spectral_energyband_middle_high": {
        "dmean": 0.00114081113134,
        "dmean2": 0.00171461608261,
        "dvar": 1.38111590786e-05,
        "dvar2": 3.2766667573e-05,
        "max": 0.191403850913,
        "mean": 0.00355115765706,
        "median": 0.000930026057176,
        "min": 1.27457768545e-21,
        "var": 7.66473676777e-05
    },
    "spectral_energyband_middle_low": {
        "dmean": 0.00307565019466,
        "dmean2": 0.00463391607627,
        "dvar": 7.61915362091e-05,
        "dvar2": 0.000184432574315,
        "max": 0.280392259359,
        "mean": 0.00809060875326,
        "median": 0.0031679305248,
        "min": 1.62720661326e-22,
        "var": 0.000255809864029
    },
    "spectral_entropy": {
        "dmean": 0.150430172682,
        "dmean2": 0.213894665241,
        "dvar": 0.0270791929215,
        "dvar2": 0.0516224019229,
        "max": 9.82437229156,
        "mean": 6.81677532196,
        "median": 6.84063720703,
        "min": 4.83742618561,
        "var": 0.357464253902
    },
    "spectral_flux": {
        "dmean": 0.0155635727569,
        "dmean2": 0.0245302896947,
        "dvar": 0.000586730719078,
        "dvar2": 0.00135368783958,
        "max": 0.4338991642,
        "mean": 0.0465004295111,
        "median": 0.0327639877796,
        "min": 6.43360295594e-11,
        "var": 0.00201411033049
    },
    "spectral_kurtosis": {
        "dmean": 3.65730714798,
        "dmean2": 6.18523406982,
        "dvar": 14.8243541718,
        "dvar2": 41.4243431091,
        "max": 56.5044593811,
        "mean": 10.7150640488,
        "median": 8.47935676575,
        "min": -1.50143647194,
        "var": 62.801448822
    },
    "spectral_rms": {
        "dmean": 0.000460372801172,
        "dmean2": 0.000646506261546,
        "dvar": 6.11597386069e-07,
        "dvar2": 1.24434029658e-06,
        "max": 0.0196551997215,
        "mean": 0.0037845375482,
        "median": 0.0032839612104,
        "min": 3.16123082572e-12,
        "var": 5.50972845303e-06
    },
    "spectral_rolloff": {
        "dmean": 201.213516235,
        "dmean2": 343.67098999,
        "dvar": 296793.0625,
        "dvar2": 689775.9375,
        "max": 19530.6152344,
        "mean": 937.089355469,
        "median": 581.396484375,
        "min": 21.533203125,
        "var": 3379646.5
    },
    "spectral_skewness": {
        "dmean": 0.345942944288,
        "dmean2": 0.558165967464,
        "dvar": 0.105393216014,
        "dvar2": 0.254169553518,
        "max": 6.20096302032,
        "mean": 2.26358604431,
        "median": 2.05309391022,
        "min": -0.109828531742,
        "var": 0.930865347385
    },
    "spectral_spread": {
        "dmean": 301985.375,
        "dmean2": 463487.53125,
        "dvar": 380294201344,
        "dvar2": 666493648896,
        "max": 42572968,
        "mean": 3435680.5,
        "median": 2931813.5,
        "min": 1272789.5,
        "var": 1.2721324032e+13
    },
    "spectral_strongpeak": {
        "dmean": 0.346328526735,
        "dmean2": 0.571636140347,
        "dvar": 0.550203025341,
        "dvar2": 1.30000948906,
        "max": 12.4056472778,
        "mean": 0.838073730469,
        "median": 0.266830205917,
        "min": 0,
        "var": 2.16456794739
    },
    "zerocrossingrate": {
        "dmean": 0.00469481293112,
        "dmean2": 0.00578698376194,
        "dvar": 6.47917186143e-05,
        "dvar2": 0.000104254351754,
        "max": 0.5341796875,
        "mean": 0.0367219820619,
        "median": 0.029296875,
        "min": 0.0029296875,
        "var": 0.00237723742612
    },
    "barkbands": {
        "dmean": [0.000100400007796, 0.00164139945991, 0.000638560100924, 0.000480264512589, 0.000581944477744, 0.000607628084254, 0.000389299268136, 0.000351809430867, 0.00141628773417, 0.000565075024497, 0.000342361192452, 0.000244289141847, 0.000229043274885, 0.000164832963492, 0.000119000105769, 9.92670684354e-05, 5.01771464769e-05, 4.72700958198e-05, 9.21387036215e-05, 5.21293586644e-05, 1.62792639458e-05, 8.81173400558e-06, 4.00680210078e-06, 2.68862072517e-06, 1.63738343417e-06, 5.61686931633e-07, 7.97377219808e-10],
        "dmean2": [0.000161897667567, 0.00244290009141, 0.000962323334534, 0.000798715802375, 0.000951243622694, 0.000915423152037, 0.000563630717807, 0.000531242985744, 0.00214950926602, 0.000837938161567, 0.000520499248523, 0.000373550108634, 0.000352473842213, 0.000250730285188, 0.000179747890797, 0.000160899857292, 7.9263918451e-05, 7.47834710637e-05, 0.000137949027703, 7.95412852312e-05, 2.45641422225e-05, 1.28133178805e-05, 5.98296992393e-06, 3.84070972359e-06, 2.41551992985e-06, 8.20742798169e-07, 1.46186740491e-09],
        "dvar": [9.97314515416e-08, 3.81117533834e-05, 1.09946331577e-05, 5.20331923326e-06, 5.18872457178e-06, 2.80918516182e-06, 2.03536956178e-06, 4.76184641229e-06, 4.13520574511e-05, 9.60085526458e-06, 4.98302006235e-06, 1.09552195227e-06, 8.37776099161e-07, 3.21161252259e-07, 2.73906266557e-07, 8.96664502648e-08, 1.85162001287e-08, 2.2670416655e-08, 9.47867917489e-08, 4.96043384146e-08, 3.39688321915e-09, 7.55322027146e-10, 2.60832772048e-10, 1.46172365878e-10, 6.1045155042e-11, 1.11741718309e-11, 2.81770659103e-18],
        "dvar2": [2.68058869324e-07, 9.75419825409e-05, 2.9957103834e-05, 1.43746410686e-05, 1.48796798385e-05, 7.07537856215e-06, 4.76802006233e-06, 1.0757263226e-05, 9.32996117626e-05, 2.07378652703e-05, 1.18208499771e-05, 2.47781781582e-06, 1.84624627764e-06, 7.11732752734e-07, 6.22721529453e-07, 2.2920917786e-07, 4.4143696698e-08, 5.35039568206e-08, 1.97354609099e-07, 1.01553922605e-07, 7.12408576575e-09, 1.53577073281e-09, 5.56310053579e-10, 2.80509449002e-10, 1.23965893106e-10, 2.63083201058e-11, 9.02036735676e-18],
        "max": [0.00555291352794, 0.187712967396, 0.146719902754, 0.0722494721413, 0.0700281858444, 0.0545383431017, 0.0456011332572, 0.13786059618, 0.273064851761, 0.1187517941, 0.17073507607, 0.0359676554799, 0.036772377789, 0.0168122015893, 0.0275002662092, 0.01104596816, 0.00466719828546, 0.00545614445582, 0.0112188532948, 0.0102164261043, 0.00381826912053, 0.00159994815476, 0.000917215133086, 0.000673392787576, 0.000398896576371, 0.000187142737559, 2.47434090994e-08],
        "mean": [0.000331855349941, 0.00600200239569, 0.00239115115255, 0.000709056155756, 0.00124382087961, 0.00131460640114, 0.000869494106155, 0.000568517483771, 0.00301429908723, 0.00098111492116, 0.000665513449349, 0.000446618534625, 0.000428239582106, 0.000306872883812, 0.000222394723096, 0.000190066784853, 0.000109830107249, 0.000103460028186, 0.000230931007536, 0.000114599628432, 4.28631938121e-05, 2.16119133256e-05, 9.25337280933e-06, 5.6182498156e-06, 3.37857272825e-06, 1.06438801595e-06, 7.08298975027e-10],
        "median": [0.000108304098831, 0.00262780766934, 0.000432752480265, 9.62336780503e-05, 0.00049877044512, 0.000409802712966, 0.000159200251801, 9.48803863139e-05, 9.97749011731e-05, 4.10161228501e-05, 7.01458193362e-05, 5.48021271243e-05, 5.36593724973e-05, 4.29222782259e-05, 2.60044835159e-05, 2.81755237665e-05, 1.82968269655e-05, 1.65836754604e-05, 1.42551871249e-05, 7.99122426542e-06, 4.46953890787e-06, 1.54816564191e-06, 8.63387185746e-07, 5.7318538893e-07, 3.93408271293e-07, 2.14653795183e-07, 2.19271309443e-10],
        "min": [3.48448884433e-25, 2.53512659515e-24, 8.30373625675e-25, 5.1984119274e-25, 7.44957324857e-24, 6.36928385357e-24, 9.91317323381e-24, 6.06041917119e-24, 2.12139606885e-23, 1.831031358e-23, 1.98865838863e-23, 2.24717678474e-23, 3.67487760362e-23, 2.4354144584e-23, 4.52313310858e-23, 6.17794082896e-23, 5.92529329347e-23, 1.18971470508e-22, 1.50113969863e-22, 1.82079169101e-22, 3.08911316675e-22, 3.35898286108e-22, 3.92278339087e-22, 5.48052947614e-22, 8.35042110034e-22, 1.37499662422e-21, 1.97694025747e-21],
        "var": [2.5516601454e-07, 8.91472009243e-05, 2.43757003773e-05, 6.51679238217e-06, 6.48051172902e-06, 7.51411153033e-06, 5.39640404895e-06, 8.38801133796e-06, 0.000164384808159, 2.41453544731e-05, 1.79891176231e-05, 3.04569925902e-06, 2.25869803216e-06, 8.10379162886e-07, 7.95401149389e-07, 1.99239678977e-07, 6.36618651129e-08, 6.95922395266e-08, 4.99775467233e-07, 1.68548567103e-07, 2.16586659718e-08, 4.41168035437e-09, 1.16198906053e-09, 4.58454330055e-10, 1.24710838878e-10, 1.9489050998e-11, 2.16448040694e-18]
    },
    "erbbands": {
        "dmean": [0.0422502495348, 0.395890623331, 0.774161219597, 1.07546806335, 2.11081576347, 1.80781030655, 2.60425019264, 6.50265073776, 6.44982242584, 4.14597177505, 11.5761232376, 34.1320343018, 22.7182121277, 14.5379447937, 8.71341609955, 8.80792808533, 9.96064853668, 7.37255430222, 7.76241636276, 5.23960828781, 3.94489860535, 2.73277640343, 2.6705391407, 3.1248986721, 4.32547473907, 1.69039833546, 0.794900000095, 0.496648490429, 0.325902670622, 0.206346780062, 0.105433002114, 0.0696997195482, 0.0384611263871, 0.0228257086128, 0.00957667082548, 0.00400803331286, 0.000702349585481, 1.44121731864e-05, 2.8436975299e-06, 5.8047244238e-06],
        "dmean2": [0.0674779564142, 0.582201123238, 1.15164625645, 1.77520573139, 3.55617666245, 2.91289258003, 4.02139377594, 9.67650318146, 9.34209823608, 6.20944833755, 17.0453128815, 50.8984947205, 31.7115039825, 22.7810344696, 12.8238935471, 13.3989038467, 15.2230997086, 11.1076803207, 11.5927877426, 8.12706661224, 6.3785905838, 4.28619766235, 4.21731042862, 4.59874582291, 6.29923439026, 2.43167757988, 1.22419118881, 0.739980816841, 0.473598778248, 0.305623948574, 0.156362205744, 0.100950464606, 0.055656388402, 0.0338686145842, 0.0141314845532, 0.00576328113675, 0.00106745772064, 2.17226788664e-05, 4.07811648984e-06, 8.51778713695e-06],
        "dvar": [0.0217354800552, 2.41548228264, 15.5754613876, 29.5932712555, 99.5560760498, 41.0226211548, 32.6844139099, 351.550079346, 512.060974121, 441.462188721, 3132.24023438, 28750.4121094, 13493.5927734, 7075.58789062, 1720.70959473, 1476.25769043, 1364.21496582, 824.706420898, 804.584594727, 413.192626953, 113.0756073, 58.1430053711, 68.8932418823, 118.130653381, 224.349731445, 59.8802757263, 8.37576293945, 3.01066255569, 0.960403680801, 0.579736828804, 0.226285293698, 0.111467272043, 0.0303156003356, 0.00994440354407, 0.00268921116367, 0.000527420721482, 1.9272980353e-05, 8.03332156352e-09, 5.21491981542e-11, 2.152452383e-10],
        "dvar2": [0.0638579279184, 5.96998405457, 39.8902702332, 82.5752105713, 284.311706543, 114.665603638, 81.0763778687, 862.889648438, 1205.20141602, 1074.0970459, 6453.22119141, 65211.0039062, 26540.1894531, 19688.8847656, 2861.22607422, 3404.78271484, 3063.24829102, 1860.9173584, 1860.06762695, 843.700073242, 309.82611084, 134.213760376, 165.01499939, 250.366226196, 430.268737793, 112.386177063, 18.8012084961, 6.5101108551, 1.93059408665, 1.24162971973, 0.455836176872, 0.20597435534, 0.0653982535005, 0.0216129813343, 0.00537920231, 0.00118361541536, 4.62760763185e-05, 1.92889277884e-08, 1.17398354926e-10, 4.99422725397e-10],
        "max": [2.78475308418, 53.9660110474, 200.033370972, 196.084335327, 305.049285889, 175.653381348, 141.934066772, 500.425415039, 717.905151367, 1202.84460449, 2556.63891602, 8554.33398438, 4854.80615234, 5357.90380859, 3019.87646484, 1298.50524902, 1267.50146484, 908.686157227, 1269.01318359, 1565.01940918, 295.737792969, 272.392822266, 376.941772461, 443.453643799, 659.175537109, 469.315765381, 158.239883423, 87.8162765503, 55.1170692444, 49.9065971375, 24.9638633728, 18.0283145905, 8.87973117828, 4.700963974, 2.63710975647, 1.33890342712, 0.248501449823, 0.00515191536397, 0.000201819319045, 0.00043101477786],
        "mean": [0.193103477359, 1.24061107635, 3.11309504509, 2.22965621948, 3.37449884415, 4.00889539719, 6.13109922409, 13.7921762466, 14.6361207962, 8.48436355591, 21.8754329681, 70.2102203369, 45.2667121887, 30.7398777008, 18.4726600647, 17.6080741882, 20.502532959, 15.2068605423, 15.1270141602, 11.0334949493, 8.81981563568, 6.37314367294, 6.10516119003, 8.80318546295, 11.7257900238, 4.52578401566, 2.18208622932, 1.32521224022, 0.820896029472, 0.51897674799, 0.246017441154, 0.143374294043, 0.0796340182424, 0.0456057339907, 0.0193222444504, 0.00786404684186, 0.00125118624419, 2.84981506411e-05, 1.14336335173e-05, 2.33528644458e-05],
        "median": [0.0835444778204, 0.494923710823, 0.72230899334, 0.453840643167, 0.776715874672, 1.5391920805, 2.65071105957, 4.16601753235, 3.29715585709, 2.18042755127, 2.70231676102, 2.7576277256, 1.96009290218, 2.25794458389, 3.47214055061, 2.30859613419, 2.76012039185, 2.64027500153, 2.70376873016, 1.9547355175, 1.67616128922, 1.27578163147, 1.1884534359, 0.942088603973, 0.663109660149, 0.399321258068, 0.256835103035, 0.11236487329, 0.0607339963317, 0.0391638800502, 0.0235079862177, 0.013669019565, 0.00847003050148, 0.00461723841727, 0.00247496366501, 0.00139159243554, 0.000306474219542, 7.47551166569e-06, 6.21151866653e-06, 1.2735306882e-05],
        "min": [1.10349851903e-22, 5.83061761551e-22, 1.33152491049e-21, 4.09046588631e-21, 1.45622561901e-20, 1.94328410396e-20, 5.38827809774e-20, 3.95671441634e-20, 1.24468193216e-19, 2.20386506084e-19, 2.62382646729e-19, 4.18404445743e-19, 6.47950219352e-19, 9.89528456247e-19, 1.00298151493e-18, 1.13730241152e-18, 1.60579641737e-18, 2.19192336453e-18, 2.95075424987e-18, 2.79334426084e-18, 3.41725992031e-18, 5.33308073613e-18, 6.52306690125e-18, 7.34110385932e-18, 7.67164275055e-18, 8.57891512591e-18, 9.87445863618e-18, 1.17570067322e-17, 1.02601382142e-17, 9.36515360687e-18, 1.24638102318e-17, 1.14596923775e-17, 9.68172638064e-18, 8.17931575252e-18, 5.88223270992e-18, 4.44389590563e-18, 2.18293108409e-18, 9.40856425221e-19, 2.62146874405e-19, 2.99449042955e-20],
        "var": [0.0740965753794, 4.83350086212, 36.7419013977, 38.1172790527, 103.641395569, 67.2784805298, 95.3059692383, 877.459472656, 1167.33361816, 1002.04296875, 8278.80859375, 99847.28125, 43421.703125, 26650.8867188, 6776.24951172, 4361.72949219, 4028.8034668, 1984.93005371, 1660.88061523, 1514.66564941, 331.459625244, 187.977203369, 236.617019653, 750.639038086, 1187.60620117, 216.527145386, 50.1955451965, 19.2111816406, 5.74181461334, 3.36943507195, 1.01872313023, 0.366166323423, 0.0818575546145, 0.0216654483229, 0.0049672559835, 0.000953990384005, 3.20119652315e-05, 1.33870017294e-08, 2.13877915378e-10, 8.83651485317e-10]
    },
    "gfcc": {
        "mean": [-115.694549561, 142.460449219, -114.771957397, 27.4100627899, -43.4389953613, 9.61298465729, -29.0658149719, 10.7600364685, -18.3746318817, 5.74367237091, -5.27828168869, -0.754790902138, -1.23345971107],
        "cov": [[18406.9746094, 1107.45263672, -3261.06738281, 855.990905762, -648.897338867, 40.886505127, 119.128662109, 1.7271450758, -69.9988937378, 10.8130664825, 152.677322388, -245.594314575, 56.0390090942], [1107.45263672, 1310.97888184, 321.412414551, -115.970733643, 447.905303955, -69.5333480835, 70.6166610718, -9.84855556488, 65.1569519043, -59.3879814148, 12.0102796555, -61.117515564, -52.728767395], [-3261.06738281, 321.412414551, 1489.10205078, -49.3150291443, 301.696655273, 126.587516785, 9.30453109741, 63.4466323853, 33.8556404114, -28.3753128052, -50.0453872681, 63.2890625, -38.0881690979], [855.990905762, -115.970733643, -49.3150291443, 503.397735596, 123.023963928, 38.6266212463, -8.38077259064, -3.88028478622, 42.6807899475, -5.76135396957, 12.4751367569, 3.54950046539, 66.8910751343], [-648.897338867, 447.905303955, 301.696655273, 123.023963928, 621.429077148, 77.3426589966, 55.3623504639, 1.81843519211, 69.127784729, -17.9659233093, 13.5132284164, -7.27941226959, 25.6711864471], [40.886505127, -69.5333480835, 126.587516785, 38.6266212463, 77.3426589966, 289.043548584, 130.026153564, 47.7607765198, -13.0755186081, -16.6505470276, 4.74296331406, 6.17363595963, -5.71555137634], [119.128662109, 70.6166610718, 9.30453109741, -8.38077259064, 55.3623504639, 130.026153564, 391.811584473, 108.832191467, -40.2589645386, -55.9257202148, 13.1484985352, -63.3885498047, -25.036151886], [1.7271450758, -9.84855556488, 63.4466323853, -3.88028478622, 1.81843519211, 47.7607765198, 108.832191467, 153.962112427, 25.321149826, -3.3266658783, -10.7355413437, -11.4575090408, -9.52175235748], [-69.9988937378, 65.1569519043, 33.8556404114, 42.6807899475, 69.127784729, -13.0755186081, -40.2589645386, 25.321149826, 194.637298584, 34.4236793518, 14.1255064011, 2.01364946365, 2.21034550667], [10.8130664825, -59.3879814148, -28.3753128052, -5.76135396957, -17.9659233093, -16.6505470276, -55.9257202148, -3.3266658783, 34.4236793518, 125.020294189, 58.8835945129, 22.1578941345, -4.64947366714], [152.677322388, 12.0102796555, -50.0453872681, 12.4751367569, 13.5132284164, 4.74296331406, 13.1484985352, -10.7355413437, 14.1255064011, 58.8835945129, 154.582336426, 58.2925872803, -12.3216648102], [-245.594314575, -61.117515564, 63.2890625, 3.54950046539, -7.27941226959, 6.17363595963, -63.3885498047, -11.4575090408, 2.01364946365, 22.1578941345, 58.2925872803, 147.90965271, 39.8048210144], [56.0390090942, -52.728767395, -38.0881690979, 66.8910751343, 25.6711864471, -5.71555137634, -25.036151886, -9.52175235748, 2.21034550667, -4.64947366714, -12.3216648102, 39.8048210144, 130.638214111]],
        "icov": [[0.000284104433376, -0.000792178092524, 0.000683889607899, -0.000740362971555, 0.000710956926923, -0.00067529961234, 0.000242183523369, -0.000368980137864, 0.000255148130236, -0.000263515481493, 3.34454707627e-05, 4.03540216212e-05, -3.57008320861e-05], [-0.000792178092524, 0.00350952148438, -0.00204420322552, 0.00254172761925, -0.00295824208297, 0.00253032520413, -0.000827101117466, 0.00117758032866, -0.000989141874015, 0.00146621023305, -0.000598028826062, 0.000361099868314, 0.000380723067792], [0.000683889607899, -0.00204420322552, 0.00253551942296, -0.00169455562718, 0.00134086806793, -0.00195022532716, 0.000720280047972, -0.00123915448785, 0.000634861062281, -0.00069440464722, 0.000745332799852, -0.000709645508323, 0.000438433256932], [-0.000740362971555, 0.00254172761925, -0.00169455562718, 0.00444259867072, -0.00259513477795, 0.00158790161368, -0.00039700025809, 0.000939224497415, -0.00114411918912, 0.00132731499616, -0.000787580444012, 0.000552197510842, -0.00102945324033], [0.000710956926923, -0.00295824208297, 0.00134086806793, -0.00259513477795, 0.00462808879092, -0.00246657500975, 0.000411529006669, -0.000465378630906, 8.04732844699e-05, -0.000835966144223, -0.00010723098967, 0.000324056163663, -0.000891642877832], [-0.00067529961234, 0.00253032520413, -0.00195022532716, 0.00158790161368, -0.00246657500975, 0.00638276524842, -0.00218417914584, 0.000679946446326, -0.000460472481791, 0.000671615591273, 0.00012621935457, -0.000864525616635, 0.000631261267699], [0.000242183523369, -0.000827101117466, 0.000720280047972, -0.00039700025809, 0.000411529006669, -0.00218417914584, 0.00514080515131, -0.00350954337046, 0.00135235895868, 0.00201856228523, -0.00245575141162, 0.00256901234388, -0.00043689380982], [-0.000368980137864, 0.00117758032866, -0.00123915448785, 0.000939224497415, -0.000465378630906, 0.000679946446326, -0.00350954337046, 0.00981057342142, -0.00226550386287, -0.000951618014369, 0.00180735089816, -0.00107588001993, 0.000457799149444], [0.000255148130236, -0.000989141874015, 0.000634861062281, -0.00114411918912, 8.04732844699e-05, -0.000460472481791, 0.00135235895868, -0.00226550386287, 0.00652435980737, -0.00165000767447, -0.000291930540698, 0.00047726376215, -2.1747453502e-05], [-0.000263515481493, 0.00146621023305, -0.00069440464722, 0.00132731499616, -0.000835966144223, 0.000671615591273, 0.00201856228523, -0.000951618014369, -0.00165000767447, 0.0122194550931, -0.00547828152776, 0.00155921280384, -0.000195082844584], [3.34454707627e-05, -0.000598028826062, 0.000745332799852, -0.000787580444012, -0.00010723098967, 0.00012621935457, -0.00245575141162, 0.00180735089816, -0.000291930540698, -0.00547828152776, 0.0117067303509, -0.00595184415579, 0.00278016878292], [4.03540216212e-05, 0.000361099868314, -0.000709645508323, 0.000552197510842, 0.000324056163663, -0.000864525616635, 0.00256901234388, -0.00107588001993, 0.00047726376215, 0.00155921280384, -0.00595184415579, 0.0115405162796, -0.00407907972112], [-3.57008320861e-05, 0.000380723067792, 0.000438433256932, -0.00102945324033, -0.000891642877832, 0.000631261267699, -0.00043689380982, 0.000457799149444, -2.1747453502e-05, -0.000195082844584, 0.00278016878292, -0.00407907972112, 0.0101296463981]]
    },
    "melbands": {
        "dmean": [0.000414678215748, 0.000441058713477, 0.000218377288547, 0.000138078583404, 8.74899778864e-05, 0.000136901493534, 8.98030193639e-05, 4.94782616443e-05, 0.00012091298413, 0.000217278502532, 0.000111706744065, 5.95572782913e-05, 3.47992390743e-05, 2.15418785956e-05, 2.84606358036e-05, 2.3208463972e-05, 1.39519697768e-05, 1.45146732393e-05, 9.21268747334e-06, 8.74729539646e-06, 4.0259715206e-06, 3.23685571857e-06, 2.52761310549e-06, 2.25677240451e-06, 2.93774519378e-06, 4.4166022235e-06, 2.78891479866e-06, 9.68128006207e-07, 5.52272751975e-07, 4.99740849591e-07, 2.60805080643e-07, 2.0658643507e-07, 1.6842598427e-07, 1.06399447475e-07, 6.90317847329e-08, 5.42207878595e-08, 4.1405964879e-08, 2.96041751113e-08, 2.49121665519e-08, 1.85956121612e-08],
        "dmean2": [0.00063269858947, 0.000646253232844, 0.000358442484867, 0.000229852696066, 0.000134635061841, 0.00020366665558, 0.000131049528136, 7.59926697356e-05, 0.000177412104676, 0.000325585337123, 0.000155702757183, 9.42815750022e-05, 5.04970739712e-05, 3.2469528378e-05, 4.36325026385e-05, 3.57162753062e-05, 2.1170852051e-05, 2.16049375013e-05, 1.40730435305e-05, 1.4082924281e-05, 6.50116908218e-06, 5.04582703797e-06, 4.05635637435e-06, 3.53910422746e-06, 4.37106700701e-06, 6.54714585835e-06, 4.00294857172e-06, 1.46924082856e-06, 8.70959411259e-07, 7.56409292535e-07, 4.00151321855e-07, 3.08200554855e-07, 2.48446042406e-07, 1.60169520314e-07, 1.04541328483e-07, 8.16589746933e-08, 6.05153900324e-08, 4.39522445106e-08, 3.75041864231e-08, 2.79618763699e-08],
        "dvar": [2.20495167014e-06, 3.94399012293e-06, 1.03929539819e-06, 3.62792945907e-07, 3.58243177345e-08, 1.49183208009e-07, 1.0256638916e-07, 8.67154383855e-08, 3.10346138122e-07, 1.12547729714e-06, 3.33686244858e-07, 1.10893040528e-07, 4.1387824723e-08, 8.74574102028e-09, 1.92358680096e-08, 8.9532781189e-09, 3.00878877368e-09, 2.57092969136e-09, 1.58970281383e-09, 9.04157027026e-10, 1.36203714973e-10, 8.6418962264e-11, 6.13561285112e-11, 6.84766063297e-11, 1.16079292012e-10, 2.869793847e-10, 1.12342274372e-10, 1.82992319214e-11, 3.48224877753e-12, 4.84354657077e-12, 8.55766087333e-13, 3.99929357209e-13, 2.96532844937e-13, 1.66684699897e-13, 1.01632217182e-13, 6.24753748084e-14, 4.03259240236e-14, 2.01460738689e-14, 9.88454415161e-15, 7.4651597092e-15],
        "dvar2": [6.05202103543e-06, 9.43505256146e-06, 2.86275076178e-06, 1.04383229882e-06, 8.92247840056e-08, 3.70135609273e-07, 2.45106406283e-07, 2.11613141232e-07, 6.25630207196e-07, 2.53821599472e-06, 6.60360569782e-07, 3.06078220547e-07, 7.64838077316e-08, 1.88345605778e-08, 4.29439808158e-08, 1.90667552857e-08, 6.98572222291e-09, 5.70235192399e-09, 3.38972783176e-09, 2.23352802919e-09, 3.6248662405e-10, 1.98721192279e-10, 1.45005382701e-10, 1.53312182394e-10, 2.55039739328e-10, 5.9008070652e-10, 2.02979993924e-10, 3.7459275265e-11, 8.26881098315e-12, 9.26800910322e-12, 1.99950798106e-12, 8.45620448664e-13, 5.90898857622e-13, 3.76729843068e-13, 2.13202421212e-13, 1.28376557431e-13, 7.86063786761e-14, 4.48860410917e-14, 2.23286914267e-14, 1.61508244387e-14],
        "max": [0.0335587114096, 0.0975143536925, 0.0317759662867, 0.018321832642, 0.00467869313434, 0.0109680406749, 0.0103183891624, 0.0179930720478, 0.0185136049986, 0.054056622088, 0.0242114458233, 0.0197874642909, 0.0137055246159, 0.00383146922104, 0.0055365441367, 0.00432238448411, 0.00158533349168, 0.00168475869577, 0.00286992220208, 0.00109661463648, 0.000431660620961, 0.000335825432558, 0.000344790634699, 0.00030806180439, 0.000418570853071, 0.000686544168275, 0.000478875619592, 0.000225597512326, 7.8311888501e-05, 0.000173646534677, 3.09455863317e-05, 2.61197801592e-05, 3.71571986761e-05, 2.5098261176e-05, 1.9047069145e-05, 1.54738609126e-05, 1.09168086055e-05, 7.63541902415e-06, 3.73174020751e-06, 4.32963315689e-06],
        "mean": [0.00163206912111, 0.00166668510064, 0.000442380987806, 0.000268914271146, 0.000214226893149, 0.000299792242004, 0.000202359398827, 9.28329318413e-05, 0.000222937946091, 0.000453773711342, 0.000215089909034, 0.00012263811368, 6.98045769241e-05, 4.14306414314e-05, 5.38842723472e-05, 4.4715081458e-05, 2.59036078205e-05, 2.57269384747e-05, 1.76112462213e-05, 1.51985332195e-05, 8.77502498042e-06, 6.92351659382e-06, 5.16675117979e-06, 4.94301275467e-06, 7.19355875844e-06, 9.4926708698e-06, 6.99039355823e-06, 2.10964458347e-06, 1.33247203848e-06, 1.15269438083e-06, 6.22266213668e-07, 4.5962943318e-07, 4.05474963827e-07, 2.35670526649e-07, 1.48842602243e-07, 1.03592569189e-07, 7.8252682556e-08, 5.57742616536e-08, 4.90731046909e-08, 3.44767059346e-08],
        "median": [0.000753768137656, 0.000490619335324, 0.000109070140752, 9.13718540687e-05, 9.7968368209e-05, 9.6340685559e-05, 4.5242071792e-05, 1.95381762751e-05, 1.91817125597e-05, 1.51848671521e-05, 7.91900583863e-06, 7.2265415838e-06, 9.88540887192e-06, 7.48867114453e-06, 4.16487273469e-06, 5.19765853824e-06, 3.86157034882e-06, 3.85362181987e-06, 2.04767025025e-06, 1.71966280504e-06, 1.5916200482e-06, 1.10484552351e-06, 1.0429687336e-06, 7.19557931461e-07, 6.02559907747e-07, 5.25354039382e-07, 3.18990061032e-07, 2.01129694233e-07, 1.56701815968e-07, 9.79304388693e-08, 4.25627320055e-08, 3.19332151832e-08, 2.49748399739e-08, 1.84216268906e-08, 1.37402711431e-08, 8.88739570826e-09, 7.22610593584e-09, 5.88721871253e-09, 4.61570870414e-09, 3.34925731593e-09],
        "min": [1.24737516372e-24, 1.49407898727e-24, 1.11567197597e-24, 1.05038170594e-24, 1.66669545979e-24, 8.94153325684e-25, 2.01267723105e-24, 2.40886506854e-24, 1.82118459896e-24, 2.81751375289e-24, 3.09226690643e-24, 3.80824376932e-24, 3.58550731501e-24, 2.76733766337e-24, 2.43097230376e-24, 2.70196692952e-24, 2.97869105203e-24, 4.45906032702e-24, 3.32007100319e-24, 3.4361830454e-24, 3.31634679086e-24, 3.95455735129e-24, 4.7853679073e-24, 5.11754224613e-24, 5.3196413103e-24, 6.09872389017e-24, 2.66397262731e-24, 5.35733032334e-24, 5.84348202783e-24, 5.09286194385e-24, 4.90856313158e-24, 5.74510831193e-24, 5.44300613967e-24, 5.05758723961e-24, 6.18908672357e-24, 5.8302508583e-24, 5.91086179319e-24, 6.2647814773e-24, 6.73950850373e-24, 7.24037522512e-24],
        "var": [5.72299768464e-06, 9.36958804232e-06, 1.39154701628e-06, 4.23103784897e-07, 1.03437358234e-07, 3.79331112299e-07, 2.35999266351e-07, 1.75917406864e-07, 1.01120292584e-06, 4.08368578064e-06, 1.06930315269e-06, 4.06885789062e-07, 1.58075337708e-07, 2.48505322986e-08, 4.9833474236e-08, 2.80495928706e-08, 6.46407816163e-09, 5.37714361926e-09, 6.09104988669e-09, 1.75899517174e-09, 3.99525107442e-10, 2.62009997032e-10, 1.62507063362e-10, 1.90465684891e-10, 6.31811547525e-10, 9.85065473635e-10, 5.93105398128e-10, 5.21043173884e-11, 1.62591242553e-11, 2.3653129802e-11, 4.08382442446e-12, 1.78350346644e-12, 2.27914670643e-12, 7.19029707736e-13, 4.61926124521e-13, 1.92104199302e-13, 1.18423066492e-13, 4.78897181785e-14, 2.70976173629e-14, 1.42067601579e-14]
    },
    "mfcc": {
        "mean": [-756.723693848, 169.673461914, -4.51084280014, 28.4227371216, 6.73885583878, 5.35252428055, 5.28512191772, 3.35058403015, -1.08079254627, 4.62881851196, 2.64331912994, -0.388974428177, 1.90898919106],
        "cov": [[11373.8583984, -552.469116211, -2079.62280273, 411.076812744, -617.940612793, 175.980621338, 52.7190093994, -85.7525558472, -28.6249904633, 118.919013977, 89.2914657593, 46.0402297974, 82.9211349487], [-552.469116211, 1824.484375, 196.051193237, 70.5511550903, 318.441925049, 30.2135372162, 110.806808472, 84.9050521851, 41.9201126099, -2.63440203667, 75.3762359619, 119.833656311, -49.8650779724], [-2079.62280273, 196.051193237, 1006.30493164, -6.8914732933, 120.289657593, 24.7141265869, 26.5374965668, 106.347099304, 14.630449295, 24.4777259827, -1.93333935738, -45.0341377258, 0.779959738255], [411.076812744, 70.5511550903, -6.8914732933, 397.425567627, 168.895553589, 36.1109352112, 11.8107872009, 1.11697328091, 66.8464508057, 2.46216440201, -52.9724769592, 37.9084510803, 46.2914466858], [-617.940612793, 318.441925049, 120.289657593, 168.895553589, 513.871765137, 113.761795044, -47.3242225647, -2.25161600113, 64.2778930664, -32.8887062073, -53.3508987427, 124.852882385, 20.6286563873], [175.980621338, 30.2135372162, 24.7141265869, 36.1109352112, 113.761795044, 204.595947266, 90.966796875, 50.6861190796, 30.5516757965, 4.197930336, -1.90553939342, 18.2513103485, 3.9708237648], [52.7190093994, 110.806808472, 26.5374965668, 11.8107872009, -47.3242225647, 90.966796875, 347.924713135, 118.303192139, 39.3892669678, 26.086139679, 33.1817321777, -22.706653595, -23.0036582947], [-85.7525558472, 84.9050521851, 106.347099304, 1.11697328091, -2.25161600113, 50.6861190796, 118.303192139, 223.114868164, 59.7848968506, 40.1894607544, 27.1323986053, -21.6234493256, -6.90953588486], [-28.6249904633, 41.9201126099, 14.630449295, 66.8464508057, 64.2778930664, 30.5516757965, 39.3892669678, 59.7848968506, 162.529983521, 64.6550216675, -27.6394939423, -26.7736797333, -16.7580509186], [118.919013977, -2.63440203667, 24.4777259827, 2.46216440201, -32.8887062073, 4.197930336, 26.086139679, 40.1894607544, 64.6550216675, 162.977050781, 54.7043113708, -42.1586265564, -32.3877105713], [89.2914657593, 75.3762359619, -1.93333935738, -52.9724769592, -53.3508987427, -1.90553939342, 33.1817321777, 27.1323986053, -27.6394939423, 54.7043113708, 176.614334106, 46.0038223267, -40.1558761597], [46.0402297974, 119.833656311, -45.0341377258, 37.9084510803, 124.852882385, 18.2513103485, -22.706653595, -21.6234493256, -26.7736797333, -42.1586265564, 46.0038223267, 193.158798218, 39.5194969177], [82.9211349487, -49.8650779724, 0.779959738255, 46.2914466858, 20.6286563873, 3.9708237648, -23.0036582947, -6.90953588486, -16.7580509186, -32.3877105713, -40.1558761597, 39.5194969177, 163.902206421]],
