{
"lowlevel": {
    "average_loudness": 0.942039608955,
    "barkbands_crest": {
        "dmean": 2.05248618126,
        "dmean2": 3.28602051735,
        "dvar": 5.11606788635,
        "dvar2": 13.5469121933,
        "max": 25.500459671,
        "mean": 13.8844070435,
        "median": 13.8405103683,
        "min": 2.89666485786,
        "var": 19.0842056274
    },
    "barkbands_flatness_db": {
        "dmean": 0.0217344928533,
        "dmean2": 0.0325892604887,
        "dvar": 0.000615526339971,
        "dvar2": 0.00142449804116,
        "max": 0.415637493134,
        "mean": 0.185061365366,
        "median": 0.177309513092,
        "min": 0.0369761474431,
        "var": 0.00365055142902
    },
    "barkbands_kurtosis": {
        "dmean": 8.56033706665,
        "dmean2": 13.5047264099,
        "dvar": 332.172088623,
        "dvar2": 873.743774414,
        "max": 344.120117188,
        "mean": 19.2905044556,
        "median": 8.39118385315,
        "min": -1.90288078785,
        "var": 877.35546875
    },
    "barkbands_skewness": {
        "dmean": 0.769829332829,
        "dmean2": 1.18220257759,
        "dvar": 1.0758702755,
        "dvar2": 2.65112829208,
        "max": 16.7633361816,
        "mean": 3.29358100891,
        "median": 2.83334922791,
        "min": -1.91542804241,
        "var": 4.56513643265
    },
    "barkbands_spread": {
        "dmean": 5.05863618851,
        "dmean2": 7.49722766876,
        "dvar": 47.4271507263,
        "dvar2": 99.2437820435,
        "max": 109.61089325,
        "mean": 17.9608573914,
        "median": 14.917350769,
        "min": 0.496435642242,
        "var": 190.367736816
    },
    "dissonance": {
        "dmean": 0.0168811064214,
        "dmean2": 0.0282801128924,
        "dvar": 0.00025580287911,
        "dvar2": 0.000690993212629,
        "max": 0.499999940395,
        "mean": 0.46594914794,
        "median": 0.471680909395,
        "min": 0.282440125942,
        "var": 0.000566633592825
    },
    "dynamic_complexity": 2.92391991615,
    "erbbands_crest": {
        "dmean": 2.31693220139,
        "dmean2": 3.72585940361,
        "dvar": 5.41382980347,
        "dvar2": 12.959897995,
        "max": 30.2759056091,
        "mean": 8.30250453949,
        "median": 7.36392116547,
        "min": 2.22549819946,
        "var": 15.7774295807
    },
    "erbbands_flatness_db": {
        "dmean": 0.0130221368745,
        "dmean2": 0.0188876185566,
        "dvar": 0.000167984791915,
        "dvar2": 0.000329689733917,
        "max": 0.318804383278,
        "mean": 0.128345683217,
        "median": 0.124425582588,
        "min": 0.0280582793057,
        "var": 0.00101817154791
    },
    "erbbands_kurtosis": {
        "dmean": 0.76302164793,
        "dmean2": 1.18198311329,
        "dvar": 1.12751340866,
        "dvar2": 2.54471111298,
        "max": 16.2425479889,
        "mean": 0.181226342916,
        "median": -0.338896989822,
        "min": -1.90382313728,
        "var": 3.12398409843
    },
    "erbbands_skewness": {
        "dmean": 0.341735213995,
        "dmean2": 0.509676933289,
        "dvar": 0.123128779233,
        "dvar2": 0.259222865105,
        "max": 3.6151573658,
        "mean": 0.322097539902,
        "median": 0.292615324259,
        "min": -3.11974430084,
        "var": 0.628239154816
    },
    "erbbands_spread": {
        "dmean": 10.9533872604,
        "dmean2": 16.34416008,
        "dvar": 150.075302124,
        "dvar2": 315.819610596,
        "max": 191.895812988,
        "mean": 58.1052742004,
        "median": 54.3337173462,
        "min": 4.38484859467,
        "var": 694.871520996
    },
    "hfc": {
        "dmean": 6.23448705673,
        "dmean2": 8.76486206055,
        "dvar": 83.8386611938,
        "dvar2": 166.945404053,
        "max": 143.757049561,
        "mean": 26.1212539673,
        "median": 21.6667499542,
        "min": 1.05337010703e-16,
        "var": 363.237762451
    },
    "melbands_crest": {
        "dmean": 2.20330858231,
        "dmean2": 3.55492091179,
        "dvar": 5.42564249039,
        "dvar2": 14.2246198654,
        "max": 30.7385292053,
        "mean": 17.9990844727,
        "median": 18.2657394409,
        "min": 1.69331431389,
        "var": 19.3484840393
    },
    "melbands_flatness_db": {
        "dmean": 0.0258698388934,
        "dmean2": 0.0375791341066,
        "dvar": 0.000934369687457,
        "dvar2": 0.00210843561217,
        "max": 0.541033923626,
        "mean": 0.261363536119,
        "median": 0.25443276763,
        "min": 0.00300519238226,
        "var": 0.0059283291921
    },
    "melbands_kurtosis": {
        "dmean": 23.4373016357,
        "dmean2": 37.4178771973,
        "dvar": 1890.04406738,
        "dvar2": 4874.59033203,
        "max": 635.121887207,
        "mean": 57.9290351868,
        "median": 32.405040741,
        "min": -1.58274281025,
        "var": 4890.00048828
    },
    "melbands_skewness": {
        "dmean": 1.13890743256,
        "dmean2": 1.74427449703,
        "dvar": 2.01022648811,
        "dvar2": 4.67443990707,
        "max": 19.2557544708,
        "mean": 5.38322925568,
        "median": 4.90260410309,
        "min": -0.821822106838,
        "var": 8.60579967499
    },
    "melbands_spread": {
        "dmean": 4.10744667053,
        "dmean2": 6.251557827,
        "dvar": 46.8992042542,
        "dvar2": 104.573745728,
        "max": 163.067489624,
        "mean": 12.8202037811,
        "median": 9.21707439423,
        "min": 0.488199114799,
        "var": 171.762985229
    },
    "pitch_salience": {
        "dmean": 0.0669603943825,
        "dmean2": 0.109429262578,
        "dvar": 0.00422744592652,
        "dvar2": 0.0113532142714,
        "max": 0.885097265244,
        "mean": 0.453736126423,
        "median": 0.452937781811,
        "min": 0.0697414800525,
        "var": 0.0127631537616
    },
    "silence_rate_20dB": {
        "dmean": 0,
        "dmean2": 0,
        "dvar": 0,
        "dvar2": 0,
        "max": 1,
        "mean": 1,
        "median": 1,
        "min": 1,
        "var": 0
    },
    "silence_rate_30dB": {
        "dmean": 0.0779807120562,
        "dmean2": 0.155977427959,
        "dvar": 0.0719052255154,
        "dvar2": 0.151551380754,
        "max": 1,
        "mean": 0.838411808014,
        "median": 1,
        "min": 0,
        "var": 0.135484904051
    },
    "silence_rate_60dB": {
        "dmean": 0.00225733639672,
        "dmean2": 0.00451513612643,
        "dvar": 0.00225196359679,
        "dvar2": 0.00531617784873,
        "max": 1,
        "mean": 0.0621729753911,
        "median": 0,
        "min": 0,
        "var": 0.0583026744425
    },
    "spectral_centroid": {
        "dmean": 249.744125366,
        "dmean2": 375.976989746,
        "dvar": 92420.3046875,
        "dvar2": 195038.359375,
        "max": 11436.9511719,
        "mean": 1144.73583984,
        "median": 1032.03918457,
        "min": 149.539367676,
        "var": 495352.34375
    },
    "spectral_complexity": {
        "dmean": 3.48142838478,
        "dmean2": 5.41262197495,
        "dvar": 18.7634887695,
        "dvar2": 38.9792480469,
        "max": 57,
        "mean": 17.4137687683,
        "median": 17,
        "min": 0,
        "var": 88.6772232056
    },
    "spectral_decrease": {
        "dmean": 3.92845622699e-09,
        "dmean2": 6.23895424212e-09,
        "dvar": 4.58210645362e-17,
        "dvar2": 1.12029530516e-16,
        "max": 9.75584507784e-29,
        "mean": -1.83284001309e-08,
        "median": -1.75869470098e-08,
        "min": -8.49925996249e-08,
        "var": 1.11462428723e-16
    },
    "spectral_energy": {
        "dmean": 0.0150252366439,
        "dmean2": 0.0238134972751,
        "dvar": 0.000656721938867,
        "dvar2": 0.00160282384604,
        "max": 0.323660314083,
        "mean": 0.0715447813272,
        "median": 0.0690232887864,
        "min": 1.02368221383e-20,
        "var": 0.00162577885203
    },
    "spectral_energyband_high": {
        "dmean": 0.00055918621365,
        "dmean2": 0.00077331031207,
        "dvar": 1.17971330837e-06,
        "dvar2": 2.16317380364e-06,
        "max": 0.0219368878752,
        "mean": 0.00139888259582,
        "median": 0.000716638576705,
        "min": 7.34939957613e-21,
        "var": 4.29097826782e-06
    },
    "spectral_energyband_low": {
        "dmean": 0.0139351449907,
        "dmean2": 0.0221884027123,
        "dvar": 0.000720643496606,
        "dvar2": 0.00178107467946,
        "max": 0.315262526274,
        "mean": 0.0535015761852,
        "median": 0.0487027615309,
        "min": 2.79789336223e-23,
        "var": 0.00154251593631
    },
    "spectral_energyband_middle_high": {
        "dmean": 0.00149318785407,
        "dmean2": 0.00227421126328,
        "dvar": 6.3932775447e-06,
        "dvar2": 1.48194330905e-05,
        "max": 0.0591276213527,
        "mean": 0.00425823125988,
        "median": 0.00275726127438,
        "min": 1.38900386564e-21,
        "var": 2.35132138187e-05
    },
    "spectral_energyband_middle_low": {
        "dmean": 0.00488877063617,
        "dmean2": 0.00791377574205,
        "dvar": 4.43181597802e-05,
        "dvar2": 0.0001128556396,
        "max": 0.0886206924915,
        "mean": 0.0136688956991,
        "median": 0.0114330071956,
        "min": 1.79316224801e-22,
        "var": 0.000105527920823
    },
    "spectral_entropy": {
        "dmean": 0.159108534455,
        "dmean2": 0.227218002081,
        "dvar": 0.0315296947956,
        "dvar2": 0.0601221472025,
        "max": 9.81072235107,
        "mean": 7.56682443619,
        "median": 7.60479068756,
        "min": 5.70855093002,
        "var": 0.190136507154
    },
    "spectral_flux": {
        "dmean": 0.0286894198507,
        "dmean2": 0.0441649928689,
        "dvar": 0.0015841104323,
        "dvar2": 0.0033219945617,
        "max": 0.446516871452,
        "mean": 0.092828668654,
        "median": 0.0803535953164,
        "min": 6.38064184821e-11,
        "var": 0.00364900124259
    },
    "spectral_kurtosis": {
        "dmean": 0.966769039631,
        "dmean2": 1.52333688736,
        "dvar": 1.41928648949,
        "dvar2": 3.31241488457,
        "max": 26.1556587219,
        "mean": 3.04301333427,
        "median": 2.6095495224,
        "min": -1.24854004383,
        "var": 5.48625135422
    },
    "spectral_rms": {
        "dmean": 0.000811006408185,
        "dmean2": 0.00126645283308,
        "dvar": 1.37826202717e-06,
        "dvar2": 3.21654056279e-06,
        "max": 0.0177698098123,
        "mean": 0.00787676777691,
        "median": 0.00820608250797,
        "min": 3.16024420174e-12,
        "var": 7.75618354965e-06
    },
    "spectral_rolloff": {
        "dmean": 288.509033203,
        "dmean2": 485.837493896,
        "dvar": 485766.34375,
        "dvar2": 1073782.5,
        "max": 19207.6171875,
        "mean": 692.90447998,
        "median": 301.46484375,
        "min": 64.599609375,
        "var": 1265942.875
    },
    "spectral_skewness": {
        "dmean": 0.175890445709,
        "dmean2": 0.259174644947,
        "dvar": 0.034618511796,
        "dvar2": 0.0673469305038,
        "max": 3.87221956253,
        "mean": 1.43160259724,
        "median": 1.40031099319,
        "min": -0.315619528294,
        "var": 0.215706899762
    },
    "spectral_spread": {
        "dmean": 559163.25,
        "dmean2": 820684.1875,
        "dvar": 489375858688,
        "dvar2": 963042934784,
        "max": 41679264,
        "mean": 5685047.5,
        "median": 5436375,
        "min": 1896105.125,
        "var": 3.37333295514e+12
    },
    "spectral_strongpeak": {
        "dmean": 0.25649613142,
        "dmean2": 0.452649235725,
        "dvar": 0.376822501421,
        "dvar2": 0.971549332142,
        "max": 23.3143463135,
        "mean": 0.707015693188,
        "median": 0.61234164238,
        "min": 0,
        "var": 0.580754995346
    },
    "zerocrossingrate": {
        "dmean": 0.00855839904398,
        "dmean2": 0.0104424543679,
        "dvar": 0.000104843406007,
        "dvar2": 0.000138080315082,
        "max": 0.5078125,
        "mean": 0.0431604646146,
        "median": 0.037109375,
        "min": 0.00341796875,
        "var": 0.00113827420864
    },
    "barkbands": {
        "dmean": [0.000785562035162, 0.0110260955989, 0.00494611123577, 0.00191193888895, 0.0025854059495, 0.000738815579098, 0.000754014181439, 0.000684004102368, 0.00082606280921, 0.000377242395189, 0.000271093536867, 0.000331179646309, 0.00030450426857, 0.000269812298939, 0.000252834695857, 0.000171945270267, 0.000178529706318, 0.000182251125807, 0.000146127073094, 0.000196341236006, 0.000143633398693, 0.000151465603267, 0.000122946919873, 0.000120346769108, 7.22644399502e-05, 1.78360733116e-05, 6.40018527065e-08],
        "dmean2": [0.00113385380246, 0.0177693888545, 0.00815602764487, 0.0032553053461, 0.00425949506462, 0.00118782406207, 0.00117080425844, 0.00104351830669, 0.00122450792696, 0.000580429739784, 0.000418128503952, 0.000536789011676, 0.000483268027892, 0.000431167864008, 0.000401444878662, 0.000277613988146, 0.000285158312181, 0.000286613212666, 0.000232971651712, 0.000302200467559, 0.000221289068577, 0.000219652749365, 0.000179261536687, 0.000175539200427, 0.000105808147055, 2.73561654467e-05, 1.12696504573e-07],
        "dvar": [1.63233232797e-06, 0.000540902256034, 0.000107975436549, 9.00422855921e-06, 2.11929491343e-05, 2.48346213993e-06, 2.93328230327e-06, 3.62016521649e-06, 4.47713910035e-06, 1.36673827456e-06, 6.0673102098e-07, 1.38338532452e-06, 6.30291935977e-07, 4.71412249681e-07, 3.50982702457e-07, 1.90651718412e-07, 2.08152428627e-07, 2.042667262e-07, 7.54686766413e-08, 1.54556360599e-07, 1.92436957036e-07, 1.91552601336e-07, 8.02373065767e-08, 5.78913166294e-08, 2.10872048712e-08, 1.8090465792e-09, 1.18947047849e-13],
        "dvar2": [3.07348932438e-06, 0.00140948360786, 0.000289397983579, 2.65696071438e-05, 5.35065664735e-05, 5.79795687372e-06, 6.62106003801e-06, 7.79069341661e-06, 8.886247997e-06, 2.91484184345e-06, 1.17950526146e-06, 3.26049553223e-06, 1.55844691108e-06, 1.06881623196e-06, 8.04203807547e-07, 4.13407775568e-07, 4.47623051514e-07, 4.61856302536e-07, 1.85134155117e-07, 3.54802836e-07, 4.69807645231e-07, 3.82733787774e-07, 1.56901023729e-07, 1.09724304309e-07, 4.35000835353e-08, 4.23543733419e-09, 3.1991770344e-13],
        "max": [0.0428062565625, 0.271051734686, 0.170963793993, 0.0508359000087, 0.0751776844263, 0.0591972097754, 0.0577887520194, 0.0482533872128, 0.064182318747, 0.0486367382109, 0.0311788078398, 0.0550198368728, 0.0196073334664, 0.0212812013924, 0.0118626421317, 0.012843888253, 0.0131146833301, 0.018306421116, 0.00557036371902, 0.0108421845362, 0.0111556071788, 0.0131152914837, 0.00955219287425, 0.00758110964671, 0.0039277295582, 0.000796057691332, 9.21799528442e-06],
        "mean": [0.00165413401555, 0.0354273170233, 0.0152828469872, 0.00351939466782, 0.00448548654094, 0.00140369392466, 0.00146409857552, 0.001040850766, 0.00148011208512, 0.000661684491206, 0.000459571747342, 0.000492530001793, 0.000488966237754, 0.000443542958237, 0.000426065176725, 0.00027804551064, 0.000306283240207, 0.00033001677366, 0.000268047326244, 0.000390827597585, 0.0002380109363, 0.000308490882162, 0.000250997982221, 0.000262304703938, 0.000153401924763, 2.80332533293e-05, 4.55051853976e-08],
        "median": [0.000969279557467, 0.0298541467637, 0.0100212274119, 0.00233144126832, 0.00243847072124, 0.000774519634433, 0.000608669419307, 0.000260827015154, 0.000386386818718, 0.000180279268534, 0.000134451576741, 0.000141419193824, 0.000135070731631, 0.000129149862914, 0.00013324234169, 0.000100303273939, 0.00011218997679, 0.000110484070319, 0.000115042981633, 0.000157471557031, 7.71140767029e-05, 8.12850994407e-05, 0.000112164401799, 0.000123629477457, 6.85445629642e-05, 1.11480630949e-05, 1.31404487291e-09],
        "min": [2.40255950611e-24, 8.410707176e-24, 4.20352264184e-24, 2.49371830016e-24, 2.19047551392e-23, 3.68874072963e-23, 1.48121477611e-23, 1.17931179122e-23, 1.7534994261e-23, 2.53326902494e-23, 1.66895609849e-23, 3.87762179824e-23, 5.81641408025e-23, 2.87649230738e-23, 9.01785144735e-23, 4.35503947145e-23, 1.21709865457e-22, 1.47572335757e-22, 1.67942579731e-22, 2.12747430523e-22, 3.19602363559e-22, 4.1692394411e-22, 5.19397329107e-22, 6.25228282823e-22, 8.81007432016e-22, 1.2651007523e-21, 2.07411964111e-21],
        "var": [4.94607684232e-06, 0.000977715011686, 0.000279964355286, 1.63065797096e-05, 3.57672251994e-05, 4.68475627713e-06, 6.97115910953e-06, 6.87688498147e-06, 1.18015777844e-05, 3.77332162316e-06, 1.56074270308e-06, 2.22625703827e-06, 1.30765749873e-06, 9.92509853859e-07, 7.54166990191e-07, 4.37947875298e-07, 4.73598419148e-07, 4.13052589465e-07, 1.61956549505e-07, 3.87662339563e-07, 2.97864460208e-07, 7.01262763414e-07, 2.29789918649e-07, 2.05410643161e-07, 6.80295357824e-08, 2.66223376677e-09, 8.62754556382e-14]
    },
    "erbbands": {
        "dmean": [0.248781770468, 2.82928323746, 6.16523551941, 5.16883897781, 8.97898864746, 8.95516395569, 4.39523077011, 6.86235284805, 9.5291223526, 13.174785614, 15.9606313705, 18.7554798126, 13.9247846603, 9.3498878479, 10.5896596909, 13.0999584198, 13.640838623, 13.8583917618, 12.0290937424, 11.9090032578, 8.88489437103, 8.861951828, 10.0795631409, 6.94808626175, 8.31260871887, 9.19584274292, 5.57057762146, 6.05704498291, 5.79107427597, 3.68289279938, 3.75045537949, 2.87902784348, 1.87308216095, 0.987065017223, 0.444365143776, 0.130515962839, 0.0234545692801, 0.00182825198863, 4.29438441643e-05, 1.76187513716e-05],
        "dmean2": [0.383655637503, 4.66581344604, 10.1051797867, 8.67996501923, 15.0830230713, 14.8002281189, 7.17327308655, 10.9873046875, 15.062874794, 19.9925956726, 24.2145385742, 27.5551395416, 21.0156116486, 14.2925682068, 16.3333110809, 21.1794147491, 21.6004047394, 21.8828620911, 18.8146686554, 18.9642181396, 14.277256012, 14.2601604462, 15.8214616776, 11.0649623871, 12.7255392075, 14.1960897446, 8.5344877243, 9.2778711319, 8.4183921814, 5.35161924362, 5.49614048004, 4.25577354431, 2.74086618423, 1.44602835178, 0.663941860199, 0.198667705059, 0.035722926259, 0.00287599838339, 6.46058324492e-05, 2.72431207122e-05],
        "dvar": [0.215044930577, 39.9309539795, 156.044235229, 87.3236694336, 208.430252075, 294.709594727, 60.8248710632, 258.8331604, 477.845977783, 1230.51989746, 1893.82312012, 2535.54370117, 1820.57214355, 723.944091797, 782.422302246, 2036.25488281, 1333.63024902, 1233.50231934, 833.943603516, 795.832763672, 520.172912598, 385.143127441, 700.053894043, 213.807830811, 236.164886475, 400.650634766, 189.644775391, 410.212524414, 357.288452148, 80.1616287231, 86.7239151001, 35.6893386841, 15.2572097778, 4.47380638123, 0.774528682232, 0.0845086947083, 0.00354078901, 2.99983148579e-05, 1.16503544589e-08, 7.90496834657e-10],
        "dvar2": [0.507235229015, 106.940628052, 415.160217285, 242.237228394, 563.848266602, 744.479309082, 152.330032349, 605.337280273, 1093.93151855, 2652.66235352, 4033.15063477, 5028.88769531, 3647.51025391, 1541.54223633, 1546.29650879, 4771.30615234, 3291.78808594, 2865.18261719, 1881.12841797, 1758.57592773, 1144.11938477, 888.314697266, 1668.79504395, 530.551513672, 546.064880371, 920.381835938, 424.497680664, 941.23815918, 667.594482422, 155.931762695, 172.708633423, 70.6084747314, 30.1861877441, 9.04729557037, 1.69035327435, 0.195652022958, 0.00833432935178, 7.19644376659e-05, 2.71413451713e-08, 1.87673609986e-09],
        "max": [6.91050052643, 69.6148376465, 169.826141357, 168.891677856, 231.543640137, 263.366027832, 146.726196289, 653.487243652, 675.27154541, 1075.82287598, 1329.95043945, 1513.14733887, 1755.17089844, 1066.84069824, 1446.32141113, 2134.81445312, 1078.86413574, 1256.01379395, 748.047485352, 763.040588379, 742.756225586, 519.062316895, 1244.30322266, 220.292434692, 298.209838867, 517.800476074, 378.754638672, 555.794433594, 607.24407959, 413.973114014, 414.916168213, 182.720916748, 117.570320129, 62.4981384277, 20.774892807, 6.31619405746, 1.13044250011, 0.0992272049189, 0.00201640091836, 0.000353369192453],
        "mean": [0.673997581005, 8.96500492096, 19.8867149353, 14.4035892487, 14.6580085754, 15.5125598907, 8.55211734772, 12.583533287, 17.5795059204, 25.19789505, 26.3092651367, 33.9385147095, 25.9087409973, 18.4351673126, 19.1305370331, 20.8538627625, 23.6145343781, 23.7774734497, 20.7787704468, 21.4431285858, 15.7824745178, 16.3879127502, 19.3287887573, 13.4020586014, 16.9066467285, 18.5185165405, 10.2991905212, 10.6236362457, 11.1660747528, 7.55086278915, 7.51877641678, 6.11269712448, 3.91402888298, 2.02853751183, 0.920307993889, 0.229855209589, 0.0345292575657, 0.0021355249919, 9.4003698905e-05, 8.68373390404e-05],
        "median": [0.531932592392, 7.30988311768, 15.9892625809, 10.7712192535, 9.21035003662, 6.91374635696, 5.02027750015, 6.83282852173, 7.61498308182, 9.62685585022, 7.94226551056, 9.22168827057, 7.98610162735, 6.37115907669, 6.9525141716, 6.573346138, 7.07194757462, 7.97152042389, 7.13915729523, 6.74889087677, 6.39146709442, 6.81244468689, 6.59065389633, 5.80379772186, 7.02089452744, 7.55511045456, 4.35060024261, 3.02256059647, 2.67369151115, 2.99415540695, 3.28399920464, 2.78077054024, 1.71794235706, 0.835576713085, 0.411674320698, 0.0984239429235, 0.0129165388644, 0.000560333486646, 6.00710336585e-05, 8.47666378831e-05],
        "min": [1.39044130905e-22, 1.61469946974e-21, 5.22454060354e-21, 9.0484301699e-21, 3.27119300733e-20, 5.55492106384e-20, 1.08514683859e-19, 3.58317348113e-19, 2.42219576461e-19, 3.10954071913e-19, 3.17159477471e-19, 5.38112834919e-19, 1.00708029827e-18, 1.20192279495e-18, 1.23211633488e-18, 2.21733145782e-18, 2.24999847457e-18, 2.31493959728e-18, 3.1272270297e-18, 3.75284192495e-18, 5.64325030478e-18, 7.30915400816e-18, 6.01778403767e-18, 8.24900902785e-18, 8.25492006051e-18, 1.1085268246e-17, 9.88416146477e-18, 1.513271675e-17, 1.64548574257e-17, 1.37449128229e-17, 1.34385755821e-17, 1.49133401798e-17, 1.08298977386e-17, 8.26412244482e-18, 6.94326472626e-18, 4.39826283278e-18, 2.1293680375e-18, 1.07516191557e-18, 2.64961149644e-19, 3.16084388244e-20],
        "var": [0.416111588478, 65.6280822754, 325.069335938, 209.071914673, 312.983856201, 582.18359375, 128.396865845, 430.810302734, 1035.25622559, 2980.03173828, 3730.16894531, 6255.02929688, 5164.14160156, 2296.13232422, 2106.08178711, 3683.31665039, 2913.4206543, 2643.28320312, 1838.66723633, 2252.35253906, 1187.57568359, 893.765991211, 1441.13537598, 467.189300537, 624.801757812, 974.654174805, 370.260955811, 869.152038574, 1022.49273682, 228.205673218, 238.78326416, 108.340515137, 52.9388580322, 14.8242692947, 2.19762301445, 0.150697976351, 0.00474833697081, 3.07053378492e-05, 1.53002215342e-08, 2.17867457408e-09]
    },
    "gfcc": {
        "mean": [7.35092830658, 96.2194671631, -89.9122390747, 57.1514778137, -55.0458717346, 32.60887146, -35.0815620422, 18.8529415131, -20.1096992493, 3.90305542946, -10.9892873764, -7.57245731354, -9.80845832825],
        "cov": [[16988.4296875, 360.976837158, -289.185577393, 542.705993652, -421.848297119, 187.42515564, -342.888092041, 367.135192871, -226.013153076, 141.985641479, -151.367233276, -74.1865081787, -168.601821899], [360.976837158, 758.342102051, -59.8885498047, -155.317443848, 128.775878906, -63.2310256958, 75.3053588867, -23.2194900513, 49.7217254639, -55.4674797058, 99.424369812, -80.6418991089, 40.4635047913], [-289.185577393, -59.8885498047, 691.040588379, 241.101638794, 47.3381080627, 18.1566085815, -6.80876684189, -29.1639232635, 26.3347568512, 6.49045658112, 23.8173904419, 16.8889636993, 8.86124801636], [542.705993652, -155.317443848, 241.101638794, 421.144866943, 16.9835586548, -23.6461677551, -46.6824645996, -5.9189248085, 31.3341503143, -16.5364933014, -4.29688501358, 5.94768810272, 28.0461120605], [-421.848297119, 128.775878906, 47.3381080627, 16.9835586548, 236.960861206, -0.731679141521, 32.3305130005, -6.20483064651, 36.4601821899, -2.24782824516, 2.50609183311, -5.41422653198, 18.0985298157], [187.42515564, -63.2310256958, 18.1566085815, -23.6461677551, -0.731679141521, 182.592086792, 52.7756233215, -11.3625717163, -16.9170036316, 23.3536376953, -6.89366483688, 0.490589678288, 2.13734793663], [-342.888092041, 75.3053588867, -6.80876684189, -46.6824645996, 32.3305130005, 52.7756233215, 182.372680664, -12.6222219467, 7.58837127686, 15.4478740692, -5.92190790176, 1.42808485031, -5.48574733734], [367.135192871, -23.2194900513, -29.1639232635, -5.9189248085, -6.20483064651, -11.3625717163, -12.6222219467, 126.681282043, 22.5276947021, -5.65984582901, 6.58018732071, -10.5678634644, -10.5566320419], [-226.013153076, 49.7217254639, 26.3347568512, 31.3341503143, 36.4601821899, -16.9170036316, 7.58837127686, 22.5276947021, 120.254066467, 19.1906375885, -5.11858844757, -11.5987987518, 15.2007713318], [141.985641479, -55.4674797058, 6.49045658112, -16.5364933014, -2.24782824516, 23.3536376953, 15.4478740692, -5.65984582901, 19.1906375885, 94.1231918335, -13.0023565292, 10.0665311813, -8.03147888184], [-151.367233276, 99.424369812, 23.8173904419, -4.29688501358, 2.50609183311, -6.89366483688, -5.92190790176, 6.58018732071, -5.11858844757, -13.0023565292, 113.523880005, -7.13973140717, -2.5431201458], [-74.1865081787, -80.6418991089, 16.8889636993, 5.94768810272, -5.41422653198, 0.490589678288, 1.42808485031, -10.5678634644, -11.5987987518, 10.0665311813, -7.13973140717, 93.3860626221, 12.1268434525], [-168.601821899, 40.4635047913, 8.86124801636, 28.0461120605, 18.0985298157, 2.13734793663, -5.48574733734, -10.5566320419, 15.2007713318, -8.03147888184, -2.5431201458, 12.1268434525, 88.741897583]],
        "icov": [[0.000153377593961, -0.000578582868911, 0.000143453769851, -0.000584236986469, 0.000365552667063, -0.000469133636216, 0.000474662025226, -0.000672880269121, 0.000602922402322, -0.000637983204797, 0.000632864364889, -0.00030041532591, 0.000509754638188], [-0.000578582868911, 0.00487498193979, -0.000589509378187, 0.00338625325821, -0.00240371725522, 0.0029072475154, -0.0028863591142, 0.00340630486608, -0.00321835256182, 0.00368390674703, -0.00450415443629, 0.00321239489131, -0.0033698102925], [0.000143453769851, -0.000589509378187, 0.00204696599394, -0.00167826737743, 7.67452293076e-05, -0.000783291936386, 0.000443385099061, -0.000242868714849, 0.000352198636392, -0.000808077922557, 0.00010334966646, -0.000652850954793, 0.000827794952784], [-0.000584236986469, 0.00338625325821, -0.00167826737743, 0.00596267031506, -0.00179240584839, 0.0025088195689, -0.00160996650811, 0.00298453238793, -0.00333433994092, 0.00359922414646, -0.00291578448378, 0.00202918308787, -0.00327421422116], [0.000365552667063, -0.00240371725522, 7.67452293076e-05, -0.00179240584839, 0.00592725072056, -0.00140235514846, 0.000692691130098, -0.00162458210252, 0.000491669459734, -0.00158226897474, 0.00220763403922, -0.0012620621128, 0.00103215768468], [-0.000469133636216, 0.0029072475154, -0.000783291936386, 0.0025088195689, -0.00140235514846, 0.00831897184253, -0.00369189470075, 0.002408655826, -0.00084357225569, 0.000887493195478, -0.00256568263285, 0.00231046834961, -0.00295208999887], [0.000474662025226, -0.0028863591142, 0.000443385099061, -0.00160996650811, 0.000692691130098, -0.00369189470075, 0.00835593696684, -0.00182401458733, 0.00150722602848, -0.00271777086891, 0.00300101842731, -0.00202005798928, 0.0027875546366], [-0.000672880269121, 0.00340630486608, -0.000242868714849, 0.00298453238793, -0.00162458210252, 0.002408655826, -0.00182401458733, 0.0118809547275, -0.00509698269889, 0.00406635506079, -0.00396641297266, 0.00232923845761, -0.0013675338123], [0.000602922402322, -0.00321835256182, 0.000352198636392, -0.00333433994092, 0.000491669459734, -0.00084357225569, 0.00150722602848, -0.00509698269889, 0.0131873842329, -0.00587761867791, 0.00365071953274, -0.000217426902964, 0.000381965364795], [-0.000637983204797, 0.00368390674703, -0.000808077922557, 0.00359922414646, -0.00158226897474, 0.000887493195478, -0.00271777086891, 0.00406635506079, -0.00587761867791, 0.0155798820779, -0.00253082136624, 0.000531291996595, -0.00105992716271], [0.000632864364889, -0.00450415443629, 0.00010334966646, -0.00291578448378, 0.00220763403922, -0.00256568263285, 0.00300101842731, -0.00396641297266, 0.00365071953274, -0.00253082136624, 0.0134549839422, -0.00225066323765, 0.00333131663501], [-0.00030041532591, 0.00321239489131, -0.000652850954793, 0.00202918308787, -0.0012620621128, 0.00231046834961, -0.00202005798928, 0.00232923845761, -0.000217426902964, 0.000531291996595, -0.00225066323765, 0.0137191647664, -0.00411161035299], [0.000509754638188, -0.0033698102925, 0.000827794952784, -0.00327421422116, 0.00103215768468, -0.00295208999887, 0.0027875546366, -0.0013675338123, 0.000381965364795, -0.00105992716271, 0.00333131663501, -0.00411161035299, 0.0150919901207]]
    },
    "melbands": {
        "dmean": [0.00261719338596, 0.00335002643988, 0.000970017339569, 0.000669942935929, 0.000188906778931, 0.000152492866619, 0.000145921789226, 0.000141938900924, 0.000138389659696, 0.000115528957394, 7.05430356902e-05, 3.91252578993e-05, 3.80705168936e-05, 3.73098628188e-05, 3.39020880347e-05, 2.88087885565e-05, 2.71893932222e-05, 2.10525122384e-05, 1.69915256265e-05, 1.38991717904e-05, 1.09118536784e-05, 9.38471839618e-06, 1.08025260488e-05, 9.20908223634e-06, 5.68728546568e-06, 5.94329776504e-06, 7.41204485166e-06, 6.13097790847e-06, 3.81904874303e-06, 3.48251273863e-06, 4.02122714149e-06, 3.79591642741e-06, 2.62831963482e-06, 2.02149794859e-06, 2.37113431467e-06, 2.10006282941e-06, 1.80098561486e-06, 1.46951947499e-06, 1.1220390661e-06, 8.13771350749e-07],
        "dmean2": [0.00413556117564, 0.00552608352154, 0.00163454958238, 0.00111221487168, 0.000306956557324, 0.000244166352786, 0.000228975884966, 0.00021500090952, 0.00021054809622, 0.000168942031451, 0.000106658320874, 6.03027910984e-05, 5.85288253205e-05, 6.00926505285e-05, 5.42697271158e-05, 4.61549934698e-05, 4.29807187174e-05, 3.32668205374e-05, 2.70659438684e-05, 2.20945057663e-05, 1.76556532097e-05, 1.53101409524e-05, 1.71348892763e-05, 1.45019475895e-05, 9.23858442547e-06, 9.44282965065e-06, 1.12751449706e-05, 9.61994555837e-06, 5.90875561102e-06, 5.52049277758e-06, 6.20487116976e-06, 5.62111108593e-06, 3.91836874769e-06, 3.01291493088e-06, 3.56748478225e-06, 3.1452532312e-06, 2.70874829766e-06, 2.18458762902e-06, 1.69363067926e-06, 1.20980269003e-06],
        "dvar": [2.73150053545e-05, 4.71476341772e-05, 2.442981895e-06, 1.46017339375e-06, 1.09980206275e-07, 1.17077405548e-07, 1.1011594836e-07, 1.41375934959e-07, 1.34918991535e-07, 9.85519648111e-08, 4.70743906078e-08, 1.31581714413e-08, 9.49741618683e-09, 2.12357100793e-08, 8.50872794445e-09, 6.49271347797e-09, 5.14915976524e-09, 2.75465361632e-09, 1.81522863407e-09, 1.1881823303e-09, 8.24779078368e-10, 4.17729684177e-10, 8.83245032668e-10, 5.39540245814e-10, 1.51758508538e-10, 1.39404904287e-10, 2.20137630347e-10, 1.81818379796e-10, 9.08413275158e-11, 1.67480862512e-10, 2.66873412258e-10, 2.16411097376e-10, 5.5931176357e-11, 2.55682679889e-11, 4.66803262711e-11, 2.12053430371e-11, 1.42881002169e-11, 9.47244279542e-12, 7.07754861662e-12, 3.01195765377e-12],
        "dvar2": [6.91179157002e-05, 0.000123168763821, 6.93511128702e-06, 3.73549096366e-06, 2.72556320624e-07, 2.71867293122e-07, 2.50131904522e-07, 3.06255259375e-07, 2.89572454903e-07, 1.90551375567e-07, 9.4606363632e-08, 2.81259211476e-08, 1.94324609737e-08, 5.25476835378e-08, 2.00265741768e-08, 1.61081850081e-08, 1.17196670146e-08, 6.16805984066e-09, 4.28651469875e-09, 2.49699860788e-09, 1.85182402745e-09, 9.9375185858e-10, 2.13291806439e-09, 1.23272647645e-09, 3.84380721696e-10, 3.35704603005e-10, 4.95813279322e-10, 4.27208934894e-10, 2.00741395728e-10, 4.37514302565e-10, 5.85235859774e-10, 4.07624739518e-10, 1.15022415204e-10, 5.22777689194e-11, 9.36296110088e-11, 4.39518005324e-11, 2.97463824406e-11, 1.9511302296e-11, 1.51226774159e-11, 6.40274985808e-12],
        "max": [0.0623709261417, 0.0803488940001, 0.0251381918788, 0.0201843697578, 0.00613692868501, 0.0134729454294, 0.0116529976949, 0.012023425661, 0.0107480837032, 0.00946374703199, 0.0089400773868, 0.00450141029432, 0.00392553629354, 0.00767528032884, 0.00327842845581, 0.00234072376043, 0.00244852062315, 0.00157510244753, 0.000991941429675, 0.00104391667992, 0.000726172933355, 0.00051495799562, 0.00102556974161, 0.000627082888968, 0.000204979718546, 0.000295684643788, 0.000419773801696, 0.000294880912406, 0.000361507874914, 0.000539219530765, 0.000517437292729, 0.000537421321496, 0.000261233275523, 0.000233645390836, 0.000375842122594, 0.000181799492566, 0.000113629197585, 8.49399439176e-05, 8.48683848744e-05, 4.82393043058e-05],
        "mean": [0.00810756999999, 0.0116466712207, 0.0026148983743, 0.00114545971155, 0.000367594679119, 0.000284391077003, 0.000278599967714, 0.000260246131802, 0.000226215299335, 0.000207038421649, 0.000125621678308, 7.3167073424e-05, 6.6885164415e-05, 5.47148447367e-05, 5.63123612665e-05, 4.5496482926e-05, 4.38994829892e-05, 3.30844741256e-05, 2.81555076072e-05, 2.39756373048e-05, 1.75875538844e-05, 1.58026759891e-05, 1.94327640202e-05, 1.6132962628e-05, 9.84071448329e-06, 1.0833648048e-05, 1.45640187839e-05, 1.14250460683e-05, 6.60460455038e-06, 5.39530401511e-06, 6.64480103296e-06, 6.7512073656e-06, 5.15938836543e-06, 3.81312111131e-06, 4.42956752522e-06, 3.99480040869e-06, 3.6341973555e-06, 2.89134254672e-06, 2.11269275496e-06, 1.57635827236e-06],
        "median": [0.00691333413124, 0.0101422965527, 0.00208618957549, 0.000640517682768, 0.000210804588278, 0.000153323388076, 0.000122732919408, 9.37904842431e-05, 5.87063586863e-05, 5.39640968782e-05, 3.42031780747e-05, 2.27859163715e-05, 2.22372746066e-05, 1.61702919286e-05, 1.53493219841e-05, 1.41573182191e-05, 1.27523426272e-05, 9.74275098997e-06, 8.82618223841e-06, 7.42170504964e-06, 6.52452126815e-06, 6.28178577244e-06, 6.1426371758e-06, 4.85294731334e-06, 4.04071852245e-06, 4.38989309259e-06, 4.86260796606e-06, 4.5127667363e-06, 2.57044212049e-06, 1.73720866314e-06, 1.49099207647e-06, 1.41776058626e-06, 1.39367784868e-06, 1.50950052102e-06, 1.77785011601e-06, 1.80901042768e-06, 1.52699271894e-06, 1.21332186609e-06, 7.6130618254e-07, 6.28835437055e-07],
        "min": [2.18592153824e-24, 2.37535287678e-24, 1.80786448536e-24, 4.77413334472e-24, 4.20968798424e-24, 8.38650334571e-24, 3.59230926817e-24, 3.42286707332e-24, 2.139085683e-24, 3.22380827908e-24, 4.53883743593e-24, 4.40837956373e-24, 3.26617622337e-24, 5.90205849992e-24, 5.72252440751e-24, 6.3701015079e-24, 3.1754641218e-24, 3.92528903398e-24, 5.93822146153e-24, 4.07733526815e-24, 8.16595282496e-24, 7.17426631468e-24, 4.29746966476e-24, 7.74852707697e-24, 5.99664173916e-24, 6.08182057312e-24, 5.94745113412e-24, 6.46462282156e-24, 5.18734105345e-24, 6.82952542163e-24, 9.82330462176e-24, 9.9420502761e-24, 7.22492853973e-24, 6.19168996456e-24, 7.90522956262e-24, 7.61722354587e-24, 7.99365771465e-24, 6.66709107263e-24, 7.33171348503e-24, 6.2470691834e-24],
        "var": [4.99065827171e-05, 8.73754543136e-05, 5.66157177673e-06, 2.33094442592e-06, 2.51515871241e-07, 2.09060772249e-07, 2.45401281518e-07, 3.21306686146e-07, 2.65192937832e-07, 2.53222196989e-07, 1.32787775442e-07, 4.02570776714e-08, 2.57054839636e-08, 3.06713410225e-08, 1.89544735463e-08, 1.04870903073e-08, 1.09795079695e-08, 5.76712189115e-09, 3.52178264329e-09, 3.20591841962e-09, 1.64449276419e-09, 7.97182764245e-10, 2.27393504026e-09, 1.20137944037e-09, 2.95432150965e-10, 3.01896008192e-10, 6.09555184106e-10, 3.94650007118e-10, 1.73517811231e-10, 1.95428118133e-10, 5.77629888365e-10, 5.25112175964e-10, 2.12105139008e-10, 6.13378653425e-11, 1.22571133798e-10, 5.20242945945e-11, 4.15057155312e-11, 2.83911505417e-11, 2.19374553245e-11, 8.66002408673e-12]
    },
    "mfcc": {
        "mean": [-633.58203125, 113.404159546, 30.0721702576, 30.9359264374, 16.7612075806, 12.5843324661, 9.75491809845, 9.51841068268, 3.10857748985, 11.2201852798, 2.51689696312, 4.50718593597, 0.938475370407],
        "cov": [[10448.8173828, 531.175476074, 77.4866790771, 290.698425293, 23.9864292145, -71.8805236816, 20.4199619293, 110.502784729, -74.782951355, 183.678955078, 16.3225002289, -7.08698606491, -65.8045806885], [531.175476074, 1022.04821777, -140.316223145, -59.8884544373, 19.1037349701, -16.0321807861, 69.3664093018, 10.8718290329, -9.17635917664, 45.1050720215, 28.5226535797, 22.7731361389, 3.00795984268], [77.4866790771, -140.316223145, 609.271789551, 184.09173584, 92.0561904907, 62.0148925781, 14.3409023285, 3.22486042976, -3.50700736046, -29.8843364716, 9.90449810028, 22.3978652954, 20.4149150848], [290.698425293, -59.8884544373, 184.09173584, 366.678649902, 114.908821106, 7.78801012039, -35.4345054626, 17.514623642, 16.6773281097, -8.68522453308, -13.6533126831, -0.555836796761, 35.9732818604], [23.9864292145, 19.1037349701, 92.0561904907, 114.908821106, 234.852813721, -8.13185119629, -17.1146678925, 4.74514627457, 3.29602622986, 18.8974914551, -19.7754039764, -3.72371387482, 20.0477352142], [-71.8805236816, -16.0321807861, 62.0148925781, 7.78801012039, -8.13185119629, 209.759689331, 43.8232154846, -13.6810808182, 59.1623535156, -36.6461639404, 27.2351551056, 4.44066095352, -3.75496315956], [20.4199619293, 69.3664093018, 14.3409023285, -35.4345054626, -17.1146678925, 43.8232154846, 143.382034302, 20.7493419647, -14.4397878647, -6.53281545639, 14.9523439407, 16.7588310242, -18.8206119537], [110.502784729, 10.8718290329, 3.22486042976, 17.514623642, 4.74514627457, -13.6810808182, 20.7493419647, 100.592399597, 2.05408334732, 9.41146087646, 0.806105196476, 3.37085318565, 9.50945281982], [-74.782951355, -9.17635917664, -3.50700736046, 16.6773281097, 3.29602622986, 59.1623535156, -14.4397878647, 2.05408334732, 155.177627563, -10.604511261, 7.70359945297, -1.15865504742, 1.34329915047], [183.678955078, 45.1050720215, -29.8843364716, -8.68522453308, 18.8974914551, -36.6461639404, -6.53281545639, 9.41146087646, -10.604511261, 137.711746216, 13.2771081924, -4.09221506119, -8.56331825256], [16.3225002289, 28.5226535797, 9.90449810028, -13.6533126831, -19.7754039764, 27.2351551056, 14.9523439407, 0.806105196476, 7.70359945297, 13.2771081924, 88.8477706909, 16.1386699677, -6.44343614578], [-7.08698606491, 22.7731361389, 22.3978652954, -0.555836796761, -3.72371387482, 4.44066095352, 16.7588310242, 3.37085318565, -1.15865504742, -4.09221506119, 16.1386699677, 80.8423690796, 9.39034366608], [-65.8045806885, 3.00795984268, 20.4149150848, 35.9732818604, 20.0477352142, -3.75496315956, -18.8206119537, 9.50945281982, 1.34329915047, -8.56331825256, -6.44343614578, 9.39034366608, 96.89087677]],
