{
"lowlevel": {
    "average_loudness": 0.946297049522,
    "barkbands_crest": {
        "dmean": 3.26827478409,
        "dmean2": 5.35531759262,
        "dvar": 9.2594871521,
        "dvar2": 23.5080699921,
        "max": 26.762336731,
        "mean": 13.4409294128,
        "median": 13.1185569763,
        "min": 2.50644016266,
        "var": 22.9435329437
    },
    "barkbands_flatness_db": {
        "dmean": 0.0353280901909,
        "dmean2": 0.0515000969172,
        "dvar": 0.00143271125853,
        "dvar2": 0.00310399755836,
        "max": 0.631300330162,
        "mean": 0.179382234812,
        "median": 0.17383864522,
        "min": 0.0252401996404,
        "var": 0.00585204223171
    },
    "barkbands_kurtosis": {
        "dmean": 11.6850547791,
        "dmean2": 18.4765796661,
        "dvar": 726.881164551,
        "dvar2": 1768.79040527,
        "max": 835.522094727,
        "mean": 17.5625305176,
        "median": 7.60102367401,
        "min": -1.95580279827,
        "var": 1346.46862793
    },
    "barkbands_skewness": {
        "dmean": 1.04123723507,
        "dmean2": 1.58784866333,
        "dvar": 1.55509209633,
        "dvar2": 3.5274143219,
        "max": 26.1307315826,
        "mean": 2.81527614594,
        "median": 2.43006205559,
        "min": -4.1277551651,
        "var": 4.96341514587
    },
    "barkbands_spread": {
        "dmean": 9.08096504211,
        "dmean2": 13.6902294159,
        "dvar": 182.962936401,
        "dvar2": 384.383209229,
        "max": 125.427360535,
        "mean": 19.6698913574,
        "median": 13.1400060654,
        "min": 0.130927428603,
        "var": 369.709869385
    },
    "dissonance": {
        "dmean": 0.0261625163257,
        "dmean2": 0.0429275520146,
        "dvar": 0.000566853501368,
        "dvar2": 0.00148557161447,
        "max": 0.5,
        "mean": 0.443084031343,
        "median": 0.449960321188,
        "min": 0.125445321202,
        "var": 0.0014219020959
    },
    "dynamic_complexity": 3.1817779541,
    "erbbands_crest": {
        "dmean": 3.02724051476,
        "dmean2": 4.82300806046,
        "dvar": 8.07943725586,
        "dvar2": 19.1514759064,
        "max": 31.5619163513,
        "mean": 9.9568605423,
        "median": 8.90439128876,
        "min": 2.24093699455,
        "var": 24.4923744202
    },
    "erbbands_flatness_db": {
        "dmean": 0.0216299425811,
        "dmean2": 0.0305533390492,
        "dvar": 0.000476516608614,
        "dvar2": 0.000940886093304,
        "max": 0.40570217371,
        "mean": 0.139735594392,
        "median": 0.135482892394,
        "min": 0.0301838163286,
        "var": 0.00251382309943
    },
    "erbbands_kurtosis": {
        "dmean": 1.93824517727,
        "dmean2": 3.01184678078,
        "dvar": 17.1590557098,
        "dvar2": 40.1950759888,
        "max": 172.540542603,
        "mean": 1.95080447197,
        "median": 0.54701590538,
        "min": -1.89058995247,
        "var": 30.7058620453
    },
    "erbbands_skewness": {
        "dmean": 0.538041949272,
        "dmean2": 0.80069321394,
        "dvar": 0.335604041815,
        "dvar2": 0.725570738316,
        "max": 11.2290296555,
        "mean": 0.849107801914,
        "median": 0.754624903202,
        "min": -4.61502504349,
        "var": 1.22593581676
    },
    "erbbands_spread": {
        "dmean": 14.5487365723,
        "dmean2": 21.0333137512,
        "dvar": 287.043121338,
        "dvar2": 590.264221191,
        "max": 205.833084106,
        "mean": 47.9625968933,
        "median": 40.4677696228,
        "min": 1.83399128914,
        "var": 812.088623047
    },
    "hfc": {
        "dmean": 14.4862604141,
        "dmean2": 21.9582214355,
        "dvar": 920.050476074,
        "dvar2": 2338.2109375,
        "max": 309.4637146,
        "mean": 21.5171012878,
        "median": 10.7684268951,
        "min": 1.05582914956e-16,
        "var": 1065.34863281
    },
    "melbands_crest": {
        "dmean": 3.77734375,
        "dmean2": 6.18841505051,
        "dvar": 11.6144008636,
        "dvar2": 31.4295139313,
        "max": 37.0116271973,
        "mean": 17.9166145325,
        "median": 17.5744476318,
        "min": 1.53617680073,
        "var": 37.712310791
    },
    "melbands_flatness_db": {
        "dmean": 0.043249193579,
        "dmean2": 0.0631298497319,
        "dvar": 0.00216802023351,
        "dvar2": 0.00461212452501,
        "max": 0.787048280239,
        "mean": 0.265514463186,
        "median": 0.264350146055,
        "min": 0.00273274234496,
        "var": 0.00986357312649
    },
    "melbands_kurtosis": {
        "dmean": 23.0351676941,
        "dmean2": 36.2362632751,
        "dvar": 1867.20068359,
        "dvar2": 4435.328125,
        "max": 947.206970215,
        "mean": 39.9455451965,
        "median": 20.2752113342,
        "min": -1.88601064682,
        "var": 4217.5625
    },
    "melbands_skewness": {
        "dmean": 1.27561187744,
        "dmean2": 1.97189366817,
        "dvar": 1.9673602581,
        "dvar2": 4.50648975372,
        "max": 21.7755393982,
        "mean": 4.06520175934,
        "median": 3.53564691544,
        "min": -1.34368824959,
        "var": 6.85414934158
    },
    "melbands_spread": {
        "dmean": 7.23917102814,
        "dmean2": 11.6565675735,
        "dvar": 198.237075806,
        "dvar2": 466.183105469,
        "max": 281.887145996,
        "mean": 15.7522220612,
        "median": 9.60158061981,
        "min": 0.085855551064,
        "var": 452.190643311
    },
    "pitch_salience": {
        "dmean": 0.0885322764516,
        "dmean2": 0.140628129244,
        "dvar": 0.00764579512179,
        "dvar2": 0.0181748811156,
        "max": 0.857215881348,
        "mean": 0.461838036776,
        "median": 0.461589068174,
        "min": 0.0268179383129,
        "var": 0.0200797021389
    },
    "silence_rate_20dB": {
        "dmean": 0,
        "dmean2": 0,
        "dvar": 0,
        "dvar2": 0,
        "max": 1,
        "mean": 1,
        "median": 1,
        "min": 1,
        "var": 0
    },
    "silence_rate_30dB": {
        "dmean": 0.0697503685951,
        "dmean2": 0.139513537288,
        "dvar": 0.0648860037327,
        "dvar2": 0.142616510391,
        "max": 1,
        "mean": 0.918509662151,
        "median": 1,
        "min": 0,
        "var": 0.074857339263
    },
    "silence_rate_60dB": {
        "dmean": 0.0183553602546,
        "dmean2": 0.0367140881717,
        "dvar": 0.0180172901601,
        "dvar2": 0.0412361547351,
        "max": 1,
        "mean": 0.0677250623703,
        "median": 0,
        "min": 0,
        "var": 0.0631302148104
    },
    "spectral_centroid": {
        "dmean": 298.602294922,
        "dmean2": 464.373840332,
        "dvar": 180686.890625,
        "dvar2": 399967.4375,
        "max": 11568.5664062,
        "mean": 1015.06085205,
        "median": 760.955871582,
        "min": 62.6712646484,
        "var": 1248214
    },
    "spectral_complexity": {
        "dmean": 3.44071221352,
        "dmean2": 5.02946329117,
        "dvar": 29.4367828369,
        "dvar2": 50.8251953125,
        "max": 63,
        "mean": 12.0908508301,
        "median": 10,
        "min": 0,
        "var": 81.5781097412
    },
    "spectral_decrease": {
        "dmean": 5.32735189296e-09,
        "dmean2": 8.20107715072e-09,
        "dvar": 9.51959749165e-17,
        "dvar2": 1.99597265676e-16,
        "max": 1.38526339036e-28,
        "mean": -1.05418154206e-08,
        "median": -6.97373447878e-09,
        "min": -9.99762121978e-08,
        "var": 1.50161762661e-16
    },
    "spectral_energy": {
        "dmean": 0.020926438272,
        "dmean2": 0.0321618206799,
        "dvar": 0.00141582812648,
        "dvar2": 0.00296980887651,
        "max": 0.380663871765,
        "mean": 0.0417388901114,
        "median": 0.0278387162834,
        "min": 9.92668110734e-21,
        "var": 0.00224212836474
    },
    "spectral_energyband_high": {
        "dmean": 0.00118038803339,
        "dmean2": 0.00181839754805,
        "dvar": 7.62585432312e-06,
        "dvar2": 1.89067268366e-05,
        "max": 0.0276273116469,
        "mean": 0.0013506411342,
        "median": 0.000219271852984,
        "min": 6.95596856611e-21,
        "var": 9.25798758544e-06
    },
    "spectral_energyband_low": {
        "dmean": 0.0166194867343,
        "dmean2": 0.0256433337927,
        "dvar": 0.00130211201031,
        "dvar2": 0.00284851947799,
        "max": 0.371878743172,
        "mean": 0.0270250532776,
        "median": 0.0139258699492,
        "min": 1.64194281896e-23,
        "var": 0.00183539220598
    },
    "spectral_energyband_middle_high": {
        "dmean": 0.00142444530502,
        "dmean2": 0.00239278306253,
        "dvar": 1.62675914908e-05,
        "dvar2": 4.53497996205e-05,
        "max": 0.0455727055669,
        "mean": 0.00254227803089,
        "median": 0.00118307536468,
        "min": 1.14674657491e-21,
        "var": 1.7135114831e-05
    },
    "spectral_energyband_middle_low": {
        "dmean": 0.0070770252496,
        "dmean2": 0.0117670875043,
        "dvar": 0.000179458496859,
        "dvar2": 0.000462872296339,
        "max": 0.153209730983,
        "mean": 0.0121522899717,
        "median": 0.00825920887291,
        "min": 1.60734814438e-22,
        "var": 0.000196979162865
    },
    "spectral_entropy": {
        "dmean": 0.309289395809,
        "dmean2": 0.440944284201,
        "dvar": 0.119672968984,
        "dvar2": 0.244130924344,
        "max": 9.8213558197,
        "mean": 7.39939689636,
        "median": 7.37183666229,
        "min": 4.66674041748,
        "var": 0.464641362429
    },
    "spectral_flux": {
        "dmean": 0.0420220121741,
        "dmean2": 0.0645332783461,
        "dvar": 0.00321186101064,
        "dvar2": 0.00649474840611,
        "max": 0.541898787022,
        "mean": 0.10187022388,
        "median": 0.0733896046877,
        "min": 6.21695958603e-11,
        "var": 0.00703755812719
    },
    "spectral_kurtosis": {
        "dmean": 1.8581045866,
        "dmean2": 2.70935320854,
        "dvar": 10.2986707687,
        "dvar2": 22.5373592377,
        "max": 78.6523284912,
        "mean": 4.92494726181,
        "median": 3.76698207855,
        "min": -1.45282483101,
        "var": 33.9386863708
    },
    "spectral_rms": {
        "dmean": 0.00135064811911,
        "dmean2": 0.00201376713812,
        "dvar": 3.40366955243e-06,
        "dvar2": 6.72955047776e-06,
        "max": 0.0192712061107,
        "mean": 0.0056214556098,
        "median": 0.00521149905398,
        "min": 3.11200371028e-12,
        "var": 9.12020823307e-06
    },
    "spectral_rolloff": {
        "dmean": 914.014038086,
        "dmean2": 1599.61303711,
        "dvar": 4561372.5,
        "dvar2": 10461865,
        "max": 20951.8066406,
        "mean": 1457.34484863,
        "median": 430.6640625,
        "min": 64.599609375,
        "var": 8082957
    },
    "spectral_skewness": {
        "dmean": 0.299889445305,
        "dmean2": 0.417661130428,
        "dvar": 0.140251383185,
        "dvar2": 0.276636391878,
        "max": 7.27096319199,
        "mean": 1.81349384785,
        "median": 1.79309058189,
        "min": -0.290929853916,
        "var": 0.547374904156
    },
    "spectral_spread": {
        "dmean": 1065603.25,
        "dmean2": 1424829.125,
        "dvar": 2.06343556301e+12,
        "dvar2": 3.85717947597e+12,
        "max": 43024064,
        "mean": 6924661.5,
        "median": 6250270.5,
        "min": 938110.4375,
        "var": 1.67777780367e+13
    },
    "spectral_strongpeak": {
        "dmean": 0.278965353966,
        "dmean2": 0.471780896187,
        "dvar": 0.193983033299,
        "dvar2": 0.51014649868,
        "max": 11.5729284286,
        "mean": 0.567971348763,
        "median": 0.390209853649,
        "min": 0,
        "var": 0.269564270973
    },
    "zerocrossingrate": {
        "dmean": 0.0189560316503,
        "dmean2": 0.0207296572626,
        "dvar": 0.000609317212366,
        "dvar2": 0.000720862473827,
        "max": 0.5224609375,
        "mean": 0.0609481371939,
        "median": 0.04052734375,
        "min": 0.001953125,
        "var": 0.00425875140354
    },
    "barkbands": {
        "dmean": [0.000259206222836, 0.0125159136951, 0.00627857167274, 0.00297717400827, 0.00317254196852, 0.00135899067391, 0.000717131479178, 0.000471762177767, 0.000629501359072, 0.000351361522917, 0.000191905593965, 0.000288238661597, 0.000204197087442, 0.00016130770382, 0.000182677133125, 0.00016239368415, 0.000129665524582, 0.000138797375257, 0.000107140636828, 0.000130732703838, 0.000166338781128, 0.000139884403325, 0.00019895513833, 0.000200402748305, 0.000242903479375, 0.000224409275688, 1.1765680938e-05],
        "dmean2": [0.000359263649443, 0.0205459147692, 0.0109047507867, 0.00554349273443, 0.00516130542383, 0.00214735674672, 0.00119041907601, 0.000765036384109, 0.00107282504905, 0.000589844887145, 0.000298470928101, 0.000480915769003, 0.000340177910402, 0.000261590379523, 0.000316063611535, 0.000280940759694, 0.000223029273911, 0.000240713561652, 0.000174829387106, 0.000214727144339, 0.000285729329335, 0.000226462027058, 0.000321296567563, 0.0003088695521, 0.000366108724847, 0.000348178815329, 1.87592595466e-05],
        "dvar": [3.55992568757e-07, 0.000995876383968, 0.000313396798447, 7.53417698434e-05, 4.6339158871e-05, 5.58243164051e-06, 2.90351840704e-06, 1.01402133623e-06, 2.30289651881e-06, 1.12868633551e-06, 3.04586080802e-07, 4.71055415119e-07, 2.12747679029e-07, 1.17745344141e-07, 2.66889287559e-07, 1.84727994679e-07, 1.94051821722e-07, 2.43486198315e-07, 1.12825944143e-07, 2.12998713778e-07, 4.3733754751e-07, 1.98864015033e-07, 3.19774329682e-07, 2.17940993252e-07, 2.4810077548e-07, 2.47360361527e-07, 7.50324025134e-10],
        "dvar2": [5.30956356215e-07, 0.00254708249122, 0.000836670049466, 0.000217380118556, 0.000120911063277, 1.32859304358e-05, 7.78972298576e-06, 2.5522258511e-06, 6.42962004349e-06, 3.06963966068e-06, 5.93178867803e-07, 1.21577454593e-06, 5.53758866317e-07, 3.01726061025e-07, 7.46492162307e-07, 5.15304179771e-07, 5.34972798505e-07, 6.80872233261e-07, 3.01608224618e-07, 5.69405756323e-07, 1.21063510505e-06, 5.17889702678e-07, 8.16181000118e-07, 5.05640684878e-07, 5.84847043683e-07, 6.2071433149e-07, 1.75156611437e-09],
        "max": [0.0174080524594, 0.328934460878, 0.162044212222, 0.0938485711813, 0.131805181503, 0.0444051921368, 0.0254919454455, 0.0176878012717, 0.0187322366983, 0.0225242432207, 0.0165347866714, 0.0137614076957, 0.00906623154879, 0.00612990744412, 0.00876715127379, 0.00673554744571, 0.00626679183915, 0.00558124808595, 0.00459379097447, 0.00499392207712, 0.00769003061578, 0.00539662083611, 0.00860367529094, 0.00516365515068, 0.00704948185012, 0.0104199312627, 0.000301784748444],
        "mean": [0.000876164122019, 0.018945241347, 0.00592698017135, 0.0021360446699, 0.00474410317838, 0.00264291861095, 0.00101088616066, 0.000666756241117, 0.000844444090035, 0.000517228501849, 0.000297490216326, 0.000410711625591, 0.000267602270469, 0.00022439728491, 0.000199409842025, 0.000182479867362, 0.000123730496853, 0.000145492420415, 0.000145027705003, 0.000148293940583, 0.000159982679179, 0.000150007879711, 0.000226158910664, 0.000259044580162, 0.000271152646746, 0.000206096403417, 1.10838809633e-05],
        "median": [7.7888587839e-05, 0.0108704138547, 0.00139700458385, 0.000400058255764, 0.00181261915714, 0.00112976343371, 0.00022783219174, 0.000222195929382, 0.000176601839485, 9.14892443689e-05, 4.48658174719e-05, 0.000114674272481, 7.07462895662e-05, 6.0679303715e-05, 4.46280064352e-05, 5.66533490201e-05, 2.00786307687e-05, 3.45250227838e-05, 4.38721290266e-05, 3.34872602252e-05, 1.73663011083e-05, 1.55270863615e-05, 2.68226685876e-05, 5.47945091967e-05, 4.68075159006e-05, 1.34336478368e-05, 4.44569110414e-07],
        "min": [6.83218723554e-25, 2.00331286045e-24, 1.57896239282e-24, 1.29938920054e-24, 6.18015405711e-24, 5.73413249573e-24, 9.28057147441e-24, 7.23068722434e-24, 1.27791112134e-23, 9.06435653321e-24, 1.78411401343e-23, 2.0370349681e-23, 3.61083061782e-23, 2.76412191133e-23, 3.1731904669e-23, 6.95883865665e-23, 6.93931024717e-23, 7.5375539587e-23, 1.38208733517e-22, 1.5580734941e-22, 2.41329994199e-22, 2.48903967657e-22, 4.71688889582e-22, 5.6754561223e-22, 9.075672806e-22, 1.38346018034e-21, 2.03338483296e-21],
        "var": [3.91317780668e-06, 0.00101844815072, 0.000245250732405, 4.42447962996e-05, 6.06461035204e-05, 1.81100949703e-05, 4.38095821664e-06, 1.5751375031e-06, 2.87653301712e-06, 1.77597064521e-06, 8.76291380791e-07, 7.99050610567e-07, 3.03318643091e-07, 2.00729246558e-07, 2.49523878892e-07, 1.64161590988e-07, 1.44503829347e-07, 1.84486495414e-07, 1.13176255923e-07, 1.89130702211e-07, 3.65653676226e-07, 2.08860726048e-07, 3.83287925843e-07, 3.19209476629e-07, 3.10839908479e-07, 2.36010890831e-07, 8.4446555304e-10]
    },
    "erbbands": {
        "dmean": [0.287019610405, 3.10159730911, 6.8365650177, 9.3666601181, 7.67556905746, 13.0548124313, 13.5338182449, 11.8355522156, 11.520813942, 7.9695353508, 11.2415819168, 13.851890564, 11.9323148727, 8.97884082794, 8.68723583221, 9.92191791534, 9.36177158356, 7.32129478455, 9.37255382538, 8.89784526825, 8.25087070465, 7.35657787323, 6.8543138504, 6.68477106094, 5.79391956329, 5.78259325027, 5.44854736328, 6.84912347794, 5.17524433136, 7.20892858505, 4.76060914993, 4.57330656052, 3.18734574318, 2.31828093529, 1.86308789253, 1.19066953659, 0.409896820784, 0.0435809269547, 0.00199603149667, 7.5921707321e-05],
        "dmean2": [0.458668738604, 5.08170461655, 11.3825368881, 17.0615673065, 13.1302471161, 21.772731781, 22.0454902649, 18.4775276184, 19.1364173889, 12.5720500946, 18.5147800446, 23.3785667419, 19.9678668976, 14.4065122604, 13.2854633331, 16.6942329407, 15.4993133545, 11.9362239838, 15.6933946609, 15.4725580215, 14.11419487, 12.5646457672, 11.7709169388, 11.1322097778, 9.56677341461, 9.33801078796, 8.99465656281, 11.9341144562, 8.64565181732, 11.5881500244, 7.51417016983, 7.1310749054, 4.92920064926, 3.6176571846, 2.76103925705, 1.79533886909, 0.666947126389, 0.0667584091425, 0.00337832956575, 0.000122758399812],
        "dvar": [0.321603655815, 68.0831069946, 312.1612854, 739.736816406, 395.130371094, 932.382629395, 452.900756836, 551.418273926, 798.481018066, 264.675628662, 785.25201416, 1184.0769043, 1080.42651367, 595.766784668, 443.641967773, 601.116821289, 471.476654053, 228.768692017, 666.769104004, 698.977111816, 424.326690674, 602.837036133, 567.495483398, 560.876220703, 381.3515625, 395.845275879, 385.611907959, 818.40045166, 329.84777832, 527.787414551, 160.617828369, 110.481025696, 57.2841758728, 23.609752655, 15.3069391251, 6.48664855957, 1.01101660728, 0.00967256352305, 2.32696093008e-05, 2.19188596162e-08],
        "dvar2": [0.817809641361, 171.335403442, 769.189147949, 2095.57519531, 986.967590332, 2549.41870117, 1106.35778809, 1335.35058594, 2175.83325195, 631.425354004, 2106.34082031, 3290.78369141, 2971.27661133, 1478.22253418, 872.546020508, 1608.03015137, 1211.08337402, 598.418273926, 1789.80505371, 1995.65319824, 1158.3338623, 1658.32421875, 1581.27026367, 1529.80273438, 1032.1015625, 1039.19885254, 1003.4574585, 2303.06005859, 888.989074707, 1394.47192383, 377.241729736, 261.401275635, 134.111328125, 55.6382408142, 35.9505233765, 15.6622877121, 2.68238210678, 0.0231998637319, 6.12015865045e-05, 5.6049469066e-08],
        "max": [7.50836420059, 85.4318618774, 150.855895996, 256.758087158, 246.321670532, 539.123535156, 461.410461426, 493.302734375, 442.199981689, 334.35848999, 358.375976562, 426.625335693, 627.861022949, 694.954772949, 720.083618164, 453.06652832, 437.186035156, 278.020904541, 554.668823242, 387.823242188, 356.095489502, 311.751953125, 294.65057373, 335.019958496, 229.792480469, 239.607208252, 287.709594727, 363.026763916, 204.886398315, 275.912139893, 315.260559082, 139.200576782, 112.47064209, 94.891494751, 51.0945968628, 18.2790355682, 33.9859924316, 3.45657753944, 0.0573697164655, 0.00238859397359],
        "mean": [0.604772269726, 3.95030140877, 7.2310461998, 7.61612987518, 7.69121217728, 18.4015426636, 23.6543159485, 22.5436611176, 17.1226978302, 13.3148612976, 14.9304885864, 17.9696598053, 17.3273277283, 15.1166419983, 15.6116809845, 14.2139368057, 13.2512559891, 10.6811647415, 11.6312255859, 9.97528076172, 9.67211532593, 7.35176706314, 7.43039417267, 8.12418556213, 7.4532251358, 6.79790592194, 6.16189575195, 6.1767115593, 5.2988910675, 7.06657075882, 5.87690114975, 5.61677074432, 4.19467782974, 2.73149490356, 1.99168777466, 1.14714944363, 0.346880584955, 0.0421930551529, 0.00172093207948, 9.87675302895e-05],
        "median": [0.290275663137, 2.27051520348, 2.08033704758, 1.99258601665, 2.19038939476, 5.85660409927, 11.3426570892, 8.76021385193, 5.27276659012, 5.54710149765, 5.26579236984, 3.97728586197, 4.74810314178, 3.1405954361, 4.32831954956, 4.57056522369, 4.5303106308, 3.54797554016, 2.85537719727, 2.91193842888, 3.12124109268, 1.43369734287, 1.78530883789, 2.36352276802, 2.11216711998, 1.65969479084, 0.927305698395, 0.432148426771, 0.558968961239, 0.551765263081, 0.82726162672, 1.04817175865, 0.912953674793, 0.59133541584, 0.245903685689, 0.0869530513883, 0.0192744228989, 0.00244005559944, 8.18528569653e-05, 4.23324090661e-05],
        "min": [9.09125148359e-23, 4.17794543626e-22, 2.57411538433e-21, 5.17925731177e-21, 1.62160083388e-20, 1.8842618592e-20, 4.39503936163e-20, 6.22192008948e-20, 8.93401719714e-20, 1.6265967786e-19, 2.62504397376e-19, 3.58437470248e-19, 5.70695996236e-19, 7.55499467115e-19, 1.10025319868e-18, 1.1333612061e-18, 1.97886087069e-18, 1.5687524778e-18, 1.96765360736e-18, 2.95920307264e-18, 3.86215053417e-18, 4.67294593956e-18, 5.32258381416e-18, 7.0537504135e-18, 6.86187842579e-18, 7.91065245264e-18, 9.62038597514e-18, 1.10701837804e-17, 9.82590147987e-18, 1.1650175529e-17, 1.37117139291e-17, 9.73235397003e-18, 9.36000109883e-18, 8.68775885964e-18, 6.92211247723e-18, 4.25310959248e-18, 2.38265529056e-18, 9.57044453206e-19, 2.52420238528e-19, 2.79412305139e-20],
        "var": [0.788574457169, 63.2797431946, 302.012207031, 469.089691162, 340.884368896, 1145.46777344, 1413.89538574, 1571.20422363, 1153.31726074, 539.445739746, 856.986572266, 1390.84887695, 1304.30517578, 1573.86743164, 1622.58398438, 826.254577637, 675.64263916, 398.899200439, 849.200134277, 550.634399414, 419.790802002, 458.521881104, 438.029052734, 474.394683838, 346.863830566, 368.492645264, 408.036743164, 628.810791016, 313.228424072, 482.7421875, 236.874572754, 155.482376099, 84.0365219116, 31.7996864319, 18.4902648926, 6.76711034775, 0.823107302189, 0.0105021828786, 2.02810515475e-05, 2.24990657216e-08]
    },
    "gfcc": {
        "mean": [-27.6436691284, 83.9784240723, -73.6144943237, 25.6578884125, -54.8400535583, 21.2332668304, -43.7170219421, 16.7941055298, -25.9898681641, 8.46066761017, -8.41711425781, 3.86940145493, -7.72957277298],
        "cov": [[19835.5234375, -517.781921387, -196.904602051, 1008.3482666, -898.785705566, 564.661071777, -471.450805664, 377.350585938, -388.656890869, 191.747528076, -145.430358887, 262.470611572, -141.362915039], [-517.781921387, 1794.59106445, -153.591720581, -62.5402565002, 415.569946289, 96.21118927, 197.02784729, 95.4335784912, 128.7109375, -80.7768707275, 246.296844482, -143.665924072, 95.4602737427], [-196.904602051, -153.591720581, 1343.25695801, 432.57043457, 51.1565933228, 159.600372314, 44.9721260071, 77.0053405762, 43.7416496277, 43.3624763489, -12.7678918839, 50.5192832947, 15.2804698944], [1008.3482666, -62.5402565002, 432.57043457, 556.50390625, 93.1114425659, 82.1847686768, 35.0479774475, 75.9648666382, 60.6870918274, 6.38360404968, 9.24182796478, 16.6329307556, 10.4422397614], [-898.785705566, 415.569946289, 51.1565933228, 93.1114425659, 521.198242188, 147.794876099, 176.487548828, 46.9537086487, 133.682907104, -1.01258552074, 27.4851779938, -37.3313560486, -5.0269370079], [564.661071777, 96.21118927, 159.600372314, 82.1847686768, 147.794876099, 284.82723999, 145.273696899, 55.0885658264, 31.182466507, 56.9723396301, 33.619720459, -0.867597520351, -9.99603271484], [-471.450805664, 197.02784729, 44.9721260071, 35.0479774475, 176.487548828, 145.273696899, 327.691040039, 54.6016731262, 60.0022010803, 40.888584137, 64.1111679077, 0.811534523964, 1.26320493221], [377.350585938, 95.4335784912, 77.0053405762, 75.9648666382, 46.9537086487, 55.0885658264, 54.6016731262, 196.566680908, 61.3939361572, 15.6330337524, 59.7191047668, -0.669496178627, 27.8479061127], [-388.656890869, 128.7109375, 43.7416496277, 60.6870918274, 133.682907104, 31.182466507, 60.0022010803, 61.3939361572, 147.764816284, 26.0421543121, 21.1260051727, 2.89711427689, 25.1110725403], [191.747528076, -80.7768707275, 43.3624763489, 6.38360404968, -1.01258552074, 56.9723396301, 40.888584137, 15.6330337524, 26.0421543121, 115.193656921, 30.866104126, 30.6494636536, 2.19782519341], [-145.430358887, 246.296844482, -12.7678918839, 9.24182796478, 27.4851779938, 33.619720459, 64.1111679077, 59.7191047668, 21.1260051727, 30.866104126, 178.985549927, 16.7082252502, 50.4528083801], [262.470611572, -143.665924072, 50.5192832947, 16.6329307556, -37.3313560486, -0.867597520351, 0.811534523964, -0.669496178627, 2.89711427689, 30.6494636536, 16.7082252502, 118.350791931, 24.3997459412], [-141.362915039, 95.4602737427, 15.2804698944, 10.4422397614, -5.0269370079, -9.99603271484, 1.26320493221, 27.8479061127, 25.1110725403, 2.19782519341, 50.4528083801, 24.3997459412, 99.2349853516]],
        "icov": [[0.000134355970658, -0.00017529966135, 0.000204648560612, -0.000411309825722, 0.000336084631272, -0.000478309899336, 0.000288185896352, -0.000394352420699, 0.000415498652728, -0.000293884862913, 0.000429347128375, -0.000488398596644, 0.000250802957453], [-0.00017529966135, 0.00137704191729, -0.000265086971922, 0.000805329298601, -0.00107727770228, 0.000510284444317, -0.000480093352962, 0.000681034114677, -0.000952609698288, 0.00142775359564, -0.00211568805389, 0.00188680551946, -0.00098531821277], [0.000204648560612, -0.000265086971922, 0.00137460965198, -0.0013877855381, 0.000613809854258, -0.00118269992527, 0.000490560021717, -0.000701089331415, 0.00067422981374, -0.000593286706135, 0.000950465153437, -0.00102704076562, 0.000195178858121], [-0.000411309825722, 0.000805329298601, -0.0013877855381, 0.00389661011286, -0.00138420483563, 0.00121673219837, -0.00073005160084, 0.000738954695407, -0.0019255928928, 0.00160067877732, -0.0017241082387, 0.00154762296006, -0.000754733802751], [0.000336084631272, -0.00107727770228, 0.000613809854258, -0.00138420483563, 0.00461366539821, -0.00246795942076, -0.000163168588188, -0.000400936376536, -0.00171470420901, 0.000142299817526, 0.00167458085343, -0.00123510963749, 0.001548955217], [-0.000478309899336, 0.000510284444317, -0.00118269992527, 0.00121673219837, -0.00246795942076, 0.00759747903794, -0.00265493406914, 0.000381855585147, 0.000186373115866, -0.00157301023137, -0.00128630409017, 0.00197764532641, -0.000395841954742], [0.000288185896352, -0.000480093352962, 0.000490560021717, -0.00073005160084, -0.000163168588188, -0.00265493406914, 0.00529673695564, -0.00108923099469, 0.000377431511879, -0.0010925863171, -9.43490376812e-05, -0.00139329570811, 0.00115542672575], [-0.000394352420699, 0.000681034114677, -0.000701089331415, 0.000738954695407, -0.000400936376536, 0.000381855585147, -0.00108923099469, 0.0081197693944, -0.00401709554717, 0.00168145785574, -0.00332981161773, 0.00222931383178, -0.00130922882818], [0.000415498652728, -0.000952609698288, 0.00067422981374, -0.0019255928928, -0.00171470420901, 0.000186373115866, 0.000377431511879, -0.00401709554717, 0.0129574770108, -0.0044161034748, 0.00309868482873, -0.00193711661268, -0.00161869206931], [-0.000293884862913, 0.00142775359564, -0.000593286706135, 0.00160067877732, 0.000142299817526, -0.00157301023137, -0.0010925863171, 0.00168145785574, -0.0044161034748, 0.0134599544108, -0.00413934607059, -0.000444070232334, 0.000554710859433], [0.000429347128375, -0.00211568805389, 0.000950465153437, -0.0017241082387, 0.00167458085343, -0.00128630409017, -9.43490376812e-05, -0.00332981161773, 0.00309868482873, -0.00413934607059, 0.0113815236837, -0.0033653350547, -0.0020787504036], [-0.000488398596644, 0.00188680551946, -0.00102704076562, 0.00154762296006, -0.00123510963749, 0.00197764532641, -0.00139329570811, 0.00222931383178, -0.00193711661268, -0.000444070232334, -0.0033653350547, 0.0131552629173, -0.00401028664783], [0.000250802957453, -0.00098531821277, 0.000195178858121, -0.000754733802751, 0.001548955217, -0.000395841954742, 0.00115542672575, -0.00130922882818, -0.00161869206931, 0.000554710859433, -0.0020787504036, -0.00401028664783, 0.0142630925402]]
    },
    "melbands": {
        "dmean": [0.00302445795387, 0.00367706362158, 0.00157920643687, 0.00069058558438, 0.00050459819613, 0.00025577636552, 0.000167611520737, 8.85343833943e-05, 9.78646203293e-05, 8.67416893016e-05, 6.08051777817e-05, 3.91167050111e-05, 2.82582277578e-05, 3.10740506393e-05, 2.82374403469e-05, 1.71157789737e-05, 1.37609067679e-05, 1.5799609173e-05, 1.30682801682e-05, 1.15770908451e-05, 9.19447302294e-06, 7.58397027312e-06, 7.60859848015e-06, 6.49199546388e-06, 5.56640225113e-06, 3.96309769712e-06, 5.28146483703e-06, 3.42864314007e-06, 3.24519965034e-06, 3.63592425856e-06, 4.31351099905e-06, 2.74177818937e-06, 3.02171747535e-06, 4.676581284e-06, 2.7202304409e-06, 2.55583336184e-06, 2.99176440421e-06, 2.38547386289e-06, 1.91019785234e-06, 2.0154491267e-06],
        "dmean2": [0.00495156925172, 0.00581332063302, 0.00284610595554, 0.0011313847499, 0.000829072901979, 0.000402115780162, 0.000277779035969, 0.000139890253195, 0.000163105636602, 0.000146051868796, 0.000101584009826, 6.30120775895e-05, 4.27576887887e-05, 5.07860895596e-05, 4.76945315313e-05, 2.78875904769e-05, 2.24256255024e-05, 2.59822936641e-05, 2.26909978664e-05, 2.02035571419e-05, 1.55759043992e-05, 1.30505850393e-05, 1.29203062897e-05, 1.13524174594e-05, 9.23940024222e-06, 6.49453340884e-06, 9.0200910563e-06, 5.44257363799e-06, 5.37735104444e-06, 6.15704811935e-06, 7.61145156503e-06, 4.61483068648e-06, 4.89197964271e-06, 7.62053605285e-06, 4.30330237577e-06, 3.92471110899e-06, 4.74076796309e-06, 3.7932570649e-06, 2.93917241834e-06, 3.20332560477e-06],
        "dvar": [4.98225017509e-05, 7.92707214714e-05, 1.87238601939e-05, 2.93704033538e-06, 6.3624872837e-07, 2.38606702396e-07, 1.61076556537e-07, 2.99861966369e-08, 6.86870933464e-08, 4.22189856408e-08, 2.85023435964e-08, 1.14330820367e-08, 5.19514653519e-09, 5.47230527559e-09, 4.87768270219e-09, 1.33390998247e-09, 8.58455972974e-10, 1.79446357773e-09, 1.44593148566e-09, 1.2284789852e-09, 5.01798991248e-10, 6.48449960394e-10, 7.62524821063e-10, 5.5523868836e-10, 3.75378284012e-10, 1.35669392387e-10, 4.02378325104e-10, 1.22039101047e-10, 1.21290838484e-10, 2.06905076405e-10, 3.50225903833e-10, 9.89001727736e-11, 8.54353324198e-11, 2.40194780732e-10, 5.77445001537e-11, 3.6844853557e-11, 4.96309625342e-11, 3.83896386902e-11, 1.58527791588e-11, 1.94458962821e-11],
        "dvar2": [0.000129158855998, 0.000180770861334, 5.25295108673e-05, 7.54831353333e-06, 1.6460265897e-06, 5.83545784139e-07, 4.37874803083e-07, 7.07878200501e-08, 1.88572968796e-07, 1.16721231791e-07, 7.81013085316e-08, 2.88365686885e-08, 1.0284015417e-08, 1.35542643775e-08, 1.34667867968e-08, 3.36267680368e-09, 2.23558593859e-09, 4.63429072894e-09, 4.05695121941e-09, 3.51956241929e-09, 1.34683464381e-09, 1.78576275989e-09, 2.11916195703e-09, 1.57357893382e-09, 1.0179357357e-09, 3.55382417938e-10, 1.11929243651e-09, 3.06613068268e-10, 3.11984466039e-10, 5.60066715227e-10, 9.97465998687e-10, 2.67274480326e-10, 2.19474161067e-10, 6.4230376573e-10, 1.37407640821e-10, 8.32165517051e-11, 1.22197793551e-10, 9.36406716057e-11, 3.52044504659e-11, 4.75653717802e-11],
        "max": [0.0757310241461, 0.0848543196917, 0.0413148626685, 0.0323367156088, 0.0200926382095, 0.0104262754321, 0.0060979439877, 0.00384841789491, 0.00357469986193, 0.00257747597061, 0.00333568011411, 0.00294428132474, 0.00238708336838, 0.00165123655461, 0.00107848981861, 0.00062109332066, 0.00053606700385, 0.00100846227724, 0.000479925074615, 0.000662455684505, 0.000368072098354, 0.000310947652906, 0.000453740765806, 0.000293266086373, 0.000289595365757, 0.000180524817551, 0.000249835138675, 0.000141782904393, 0.000176858651685, 0.000171812789631, 0.000253025878919, 0.000125269521959, 0.000173389838892, 0.000206495766179, 0.000241978894337, 0.000151844753418, 8.23699883767e-05, 8.03648654255e-05, 8.00798516138e-05, 8.57312916196e-05],
        "mean": [0.00529069406912, 0.0044349450618, 0.00131606485229, 0.000889957882464, 0.000884038687218, 0.000492482096888, 0.000249820848694, 0.000147352504428, 0.000121321310871, 0.000115116636152, 8.73326061992e-05, 6.36750919512e-05, 4.88218938699e-05, 4.64123440906e-05, 3.63724830095e-05, 2.36378527916e-05, 1.90538175957e-05, 1.96815053641e-05, 1.35926893563e-05, 1.25707447296e-05, 1.0567494428e-05, 7.09447658664e-06, 7.49083437768e-06, 6.85674740453e-06, 6.52277731206e-06, 5.48795696886e-06, 5.5460063777e-06, 4.11049904869e-06, 3.81128552362e-06, 3.55748602487e-06, 3.67157122128e-06, 2.79382356894e-06, 3.17285139317e-06, 4.33376362707e-06, 3.30718057739e-06, 3.22485766446e-06, 3.54352505383e-06, 3.03946876556e-06, 2.4929479423e-06, 2.20918809646e-06],
        "median": [0.00300970673561, 0.00182174774818, 0.000377766526071, 0.00024987955112, 0.000427264982136, 0.000192642241018, 7.6755968621e-05, 6.33552481304e-05, 3.68900764443e-05, 2.30371133512e-05, 2.13207258639e-05, 1.10168575702e-05, 1.16850505947e-05, 1.29770978674e-05, 8.3591130533e-06, 6.98543499311e-06, 5.39537541044e-06, 3.99875125368e-06, 3.31028127221e-06, 3.61338152288e-06, 3.06183846988e-06, 1.12842212729e-06, 1.29436716634e-06, 1.7885510033e-06, 1.77655044808e-06, 1.59372734743e-06, 1.26364523112e-06, 9.36324852319e-07, 6.17057821728e-07, 3.31781365048e-07, 1.88250311339e-07, 2.39370024246e-07, 4.03640541435e-07, 2.90068243203e-07, 4.33268695588e-07, 5.53162124106e-07, 6.55572875985e-07, 6.14543409938e-07, 5.92996855175e-07, 4.41588070998e-07],
        "min": [1.6689583073e-24, 2.11636372792e-24, 1.05201760624e-24, 6.78620946375e-25, 2.09071963483e-24, 1.34851196354e-24, 1.92876215225e-24, 1.83630094884e-24, 2.02964858734e-24, 2.0095746411e-24, 2.07632607875e-24, 2.24748641265e-24, 2.66890399404e-24, 2.28875803749e-24, 3.59420292877e-24, 4.22309625305e-24, 2.75187382026e-24, 2.93034314766e-24, 2.89752771729e-24, 3.49686972041e-24, 3.50957393086e-24, 3.95157900694e-24, 3.58962674666e-24, 3.46894010006e-24, 4.63132348846e-24, 4.98998738206e-24, 4.90989078448e-24, 4.12625529389e-24, 4.20919889048e-24, 5.60119247269e-24, 6.09986616076e-24, 4.85921002119e-24, 4.99772492425e-24, 5.76096362727e-24, 6.89714736728e-24, 5.01657160014e-24, 5.9646333135e-24, 5.5876548307e-24, 6.49237849808e-24, 6.89100845172e-24],
        "var": [6.30441209069e-05, 8.97432400961e-05, 1.22003903016e-05, 3.24393613482e-06, 1.65098208527e-06, 6.99635336332e-07, 2.37416188043e-07, 6.21953617497e-08, 6.5248194403e-08, 5.55512400524e-08, 3.50035413987e-08, 3.02343146075e-08, 1.7931283125e-08, 1.26856694038e-08, 5.50354561923e-09, 2.11941753037e-09, 1.47111067772e-09, 2.65024424628e-09, 1.15118281574e-09, 9.5584307136e-10, 5.16178377818e-10, 4.88194484838e-10, 5.66818203485e-10, 4.06147920851e-10, 3.23149285109e-10, 1.56694421327e-10, 2.98823660261e-10, 1.27811358719e-10, 1.3959132461e-10, 1.82874826393e-10, 2.50581222438e-10, 9.48638459453e-11, 8.83956657871e-11, 2.03696198797e-10, 8.35379612707e-11, 5.65446890699e-11, 6.39152133997e-11, 5.14150839959e-11, 2.51347363062e-11, 2.33827523316e-11]
    },
    "mfcc": {
        "mean": [-680.772888184, 121.957969666, 35.3955421448, 14.2473907471, 16.2361621857, 0.823861718178, 6.52594614029, 1.59808313847, -4.98361063004, 6.84835147858, -1.9819535017, -0.268999427557, 3.64406299591],
        "cov": [[9623.09179688, -575.705322266, 248.098114014, 340.530517578, 35.7260551453, 13.877038002, 95.1460189819, 145.851501465, -62.002456665, 53.9064750671, 1.61410295963, 6.52467012405, -65.7645950317], [-575.705322266, 1658.17736816, -100.25453949, -13.6705417633, 232.714782715, 35.0547790527, 243.703521729, 98.5654907227, 32.7787704468, 113.531562805, 63.9722251892, 56.6507415771, 84.9762191772], [248.098114014, -100.25453949, 1056.50598145, 287.699432373, 114.109313965, 55.0577850342, 50.0364227295, 43.1188774109, 34.5727767944, 26.616312027, 12.4179992676, 14.0540065765, -1.22334301472], [340.530517578, -13.6705417633, 287.699432373, 457.035644531, 167.696243286, 53.8221931458, 25.1608104706, 86.8046264648, 54.4838981628, 24.5232219696, 34.4963188171, 32.7126502991, -6.37778425217], [35.7260551453, 232.714782715, 114.109313965, 167.696243286, 368.934204102, 65.2459030151, 48.0969200134, 82.255645752, 71.291267395, 57.9337997437, 31.0786418915, 42.9510116577, 1.83762788773], [13.877038002, 35.0547790527, 55.0577850342, 53.8221931458, 65.2459030151, 330.799621582, 92.124671936, 63.9941368103, 78.2896194458, 20.6762866974, 73.6763687134, 29.5069179535, 20.7487297058], [95.1460189819, 243.703521729, 50.0364227295, 25.1608104706, 48.0969200134, 92.124671936, 256.073760986, 95.3708877563, 26.766494751, 83.1503601074, 56.237197876, 40.007724762, 45.8144721985], [145.851501465, 98.5654907227, 43.1188774109, 86.8046264648, 82.255645752, 63.9941368103, 95.3708877563, 167.123153687, 74.223991394, 37.3928947449, 44.9724998474, 44.2366523743, 30.1055812836], [-62.002456665, 32.7787704468, 34.5727767944, 54.4838981628, 71.291267395, 78.2896194458, 26.766494751, 74.223991394, 144.705780029, 52.6636734009, 30.5129375458, 20.0439682007, 17.6039848328], [53.9064750671, 113.531562805, 26.616312027, 24.5232219696, 57.9337997437, 20.6762866974, 83.1503601074, 37.3928947449, 52.6636734009, 141.750915527, 44.2518920898, 11.4025793076, 25.232252121], [1.61410295963, 63.9722251892, 12.4179992676, 34.4963188171, 31.0786418915, 73.6763687134, 56.237197876, 44.9724998474, 30.5129375458, 44.2518920898, 102.749824524, 41.771446228, 19.6719589233], [6.52467012405, 56.6507415771, 14.0540065765, 32.7126502991, 42.9510116577, 29.5069179535, 40.007724762, 44.2366523743, 20.0439682007, 11.4025793076, 41.771446228, 93.2115707397, 35.9342002869], [-65.7645950317, 84.9762191772, -1.22334301472, -6.37778425217, 1.83762788773, 20.7487297058, 45.8144721985, 30.1055812836, 17.6039848328, 25.232252121, 19.6719589233, 35.9342002869, 97.0271224976]],
