{
"lowlevel": {
    "average_loudness": 0.891728937626,
    "barkbands_crest": {
        "dmean": 2.87704515457,
        "dmean2": 4.5453338623,
        "dvar": 7.46271467209,
        "dvar2": 17.8922729492,
        "max": 26.3600559235,
        "mean": 12.1629104614,
        "median": 11.3886127472,
        "min": 3.03824472427,
        "var": 21.6817073822
    },
    "barkbands_flatness_db": {
        "dmean": 0.0331517755985,
        "dmean2": 0.0479373559356,
        "dvar": 0.00128620536998,
        "dvar2": 0.00264859432355,
        "max": 0.576245307922,
        "mean": 0.211991652846,
        "median": 0.205971598625,
        "min": 0.0370414108038,
        "var": 0.00636374391615
    },
    "barkbands_kurtosis": {
        "dmean": 7.73451328278,
        "dmean2": 12.3627386093,
        "dvar": 288.831359863,
        "dvar2": 676.819763184,
        "max": 644.588562012,
        "mean": 11.7037181854,
        "median": 7.03028297424,
        "min": -1.95103406906,
        "var": 373.106384277
    },
    "barkbands_skewness": {
        "dmean": 0.848529815674,
        "dmean2": 1.30022108555,
        "dvar": 1.01116323471,
        "dvar2": 2.2833738327,
        "max": 18.2719650269,
        "mean": 2.25873565674,
        "median": 2.09707069397,
        "min": -4.35209608078,
        "var": 2.60072493553
    },
    "barkbands_spread": {
        "dmean": 6.47623538971,
        "dmean2": 10.0299024582,
        "dvar": 107.863670349,
        "dvar2": 238.49772644,
        "max": 111.06463623,
        "mean": 15.2967863083,
        "median": 8.82787513733,
        "min": 0.099850922823,
        "var": 280.042053223
    },
    "dissonance": {
        "dmean": 0.0289938300848,
        "dmean2": 0.0477319732308,
        "dvar": 0.000762754702009,
        "dvar2": 0.00196815468371,
        "max": 0.500000119209,
        "mean": 0.43679317832,
        "median": 0.446925163269,
        "min": 0.0775673538446,
        "var": 0.00204590242356
    },
    "dynamic_complexity": 4.27881908417,
    "erbbands_crest": {
        "dmean": 3.01178455353,
        "dmean2": 4.82458639145,
        "dvar": 8.40019130707,
        "dvar2": 20.2169532776,
        "max": 32.2682228088,
        "mean": 10.3402109146,
        "median": 9.40403747559,
        "min": 2.36763620377,
        "var": 22.2055244446
    },
    "erbbands_flatness_db": {
        "dmean": 0.0262393504381,
        "dmean2": 0.0366953238845,
        "dvar": 0.000719167466741,
        "dvar2": 0.00127419701312,
        "max": 0.392157375813,
        "mean": 0.184775725007,
        "median": 0.181685686111,
        "min": 0.0322244986892,
        "var": 0.00324240815826
    },
    "erbbands_kurtosis": {
        "dmean": 2.46551346779,
        "dmean2": 3.87243032455,
        "dvar": 13.3774175644,
        "dvar2": 29.9647693634,
        "max": 69.778427124,
        "mean": 3.29389309883,
        "median": 1.63656783104,
        "min": -1.92790091038,
        "var": 32.9974899292
    },
    "erbbands_skewness": {
        "dmean": 0.576277673244,
        "dmean2": 0.870466172695,
        "dvar": 0.371282666922,
        "dvar2": 0.801433086395,
        "max": 7.07197761536,
        "mean": 1.11121988297,
        "median": 1.15542948246,
        "min": -5.05813837051,
        "var": 1.41854655743
    },
    "erbbands_spread": {
        "dmean": 13.7678871155,
        "dmean2": 21.1281166077,
        "dvar": 306.170623779,
        "dvar2": 647.359069824,
        "max": 160.518432617,
        "mean": 39.009803772,
        "median": 32.0093536377,
        "min": 2.10958170891,
        "var": 750.256896973
    },
    "hfc": {
        "dmean": 7.02907323837,
        "dmean2": 10.263004303,
        "dvar": 197.466995239,
        "dvar2": 398.078735352,
        "max": 376.520782471,
        "mean": 14.2739343643,
        "median": 6.20821809769,
        "min": 1.04484875706e-16,
        "var": 465.793457031
    },
    "melbands_crest": {
        "dmean": 3.24612259865,
        "dmean2": 5.09333992004,
        "dvar": 9.70392990112,
        "dvar2": 22.1005783081,
        "max": 36.0147438049,
        "mean": 15.0877456665,
        "median": 14.507610321,
        "min": 1.61059701443,
        "var": 27.8816547394
    },
    "melbands_flatness_db": {
        "dmean": 0.0394285060465,
        "dmean2": 0.056426204741,
        "dvar": 0.0019089251291,
        "dvar2": 0.00389685365371,
        "max": 0.726007163525,
        "mean": 0.289837539196,
        "median": 0.283436954021,
        "min": 0.00331665552221,
        "var": 0.0110176736489
    },
    "melbands_kurtosis": {
        "dmean": 15.8051538467,
        "dmean2": 25.3639564514,
        "dvar": 1148.72436523,
        "dvar2": 2832.01147461,
        "max": 1060.76086426,
        "mean": 24.2720508575,
        "median": 14.174030304,
        "min": -1.89803910255,
        "var": 1331.2199707
    },
    "melbands_skewness": {
        "dmean": 1.08977484703,
        "dmean2": 1.65802872181,
        "dvar": 1.79785585403,
        "dvar2": 4.03258323669,
        "max": 24.5660381317,
        "mean": 3.11035227776,
        "median": 2.76833701134,
        "min": -2.94923734665,
        "var": 4.1311545372
    },
    "melbands_spread": {
        "dmean": 6.59169244766,
        "dmean2": 10.2085237503,
        "dvar": 182.40763855,
        "dvar2": 413.157165527,
        "max": 237.459289551,
        "mean": 15.5329370499,
        "median": 7.91627883911,
        "min": 0.214151963592,
        "var": 552.858581543
    },
    "pitch_salience": {
        "dmean": 0.0785927996039,
        "dmean2": 0.125909522176,
        "dvar": 0.00573104806244,
        "dvar2": 0.0137232206762,
        "max": 0.96374809742,
        "mean": 0.536445140839,
        "median": 0.544178783894,
        "min": 0.0618619807065,
        "var": 0.017540384084
    },
    "silence_rate_20dB": {
        "dmean": 0,
        "dmean2": 0,
        "dvar": 0,
        "dvar2": 0,
        "max": 1,
        "mean": 1,
        "median": 1,
        "min": 1,
        "var": 0
    },
    "silence_rate_30dB": {
        "dmean": 0.0273993685842,
        "dmean2": 0.0548029541969,
        "dvar": 0.0266505591571,
        "dvar2": 0.0725728645921,
        "max": 1,
        "mean": 0.982684314251,
        "median": 1,
        "min": 0,
        "var": 0.0170177593827
    },
    "silence_rate_60dB": {
        "dmean": 0.0363272540271,
        "dmean2": 0.0726600959897,
        "dvar": 0.0350020714104,
        "dvar2": 0.0764479339123,
        "max": 1,
        "mean": 0.130444824696,
        "median": 0,
        "min": 0,
        "var": 0.113427780569
    },
    "spectral_centroid": {
        "dmean": 290.218444824,
        "dmean2": 443.926757812,
        "dvar": 188014.140625,
        "dvar2": 408310.1875,
        "max": 11918.0166016,
        "mean": 1031.92797852,
        "median": 667.356628418,
        "min": 92.5818405151,
        "var": 1349506.75
    },
    "spectral_complexity": {
        "dmean": 3.10613417625,
        "dmean2": 4.77339887619,
        "dvar": 26.1364173889,
        "dvar2": 52.3084640503,
        "max": 55,
        "mean": 10.6660766602,
        "median": 9,
        "min": 0,
        "var": 59.1444206238
    },
    "spectral_decrease": {
        "dmean": 3.15839110421e-09,
        "dmean2": 5.0724491274e-09,
        "dvar": 3.96860181341e-17,
        "dvar2": 1.03020838814e-16,
        "max": 3.67951276295e-25,
        "mean": -7.11773706641e-09,
        "median": -5.53023582484e-09,
        "min": -6.2021804581e-08,
        "var": 5.41117469233e-17
    },
    "spectral_energy": {
        "dmean": 0.0123567786068,
        "dmean2": 0.0197345372289,
        "dvar": 0.000586361740716,
        "dvar2": 0.00151567533612,
        "max": 0.237863451242,
        "mean": 0.0281586498022,
        "median": 0.0218597669154,
        "min": 9.77164290363e-21,
        "var": 0.000820974004455
    },
    "spectral_energyband_high": {
        "dmean": 0.000638877449092,
        "dmean2": 0.000947556691244,
        "dvar": 2.8852352898e-06,
        "dvar2": 5.82256006965e-06,
        "max": 0.0593518055975,
        "mean": 0.000882220570929,
        "median": 0.000105432212877,
        "min": 7.00763100369e-21,
        "var": 5.52904020878e-06
    },
    "spectral_energyband_low": {
        "dmean": 0.00892297551036,
        "dmean2": 0.0145991938189,
        "dvar": 0.00048468913883,
        "dvar2": 0.00126498367172,
        "max": 0.211194381118,
        "mean": 0.0153233399615,
        "median": 0.00857409462333,
        "min": 1.20820153418e-23,
        "var": 0.00053825834766
    },
    "spectral_energyband_middle_high": {
        "dmean": 0.000964793551248,
        "dmean2": 0.00143820117228,
        "dvar": 4.4828029786e-06,
        "dvar2": 9.08761376195e-06,
        "max": 0.0488858558238,
        "mean": 0.00177028065082,
        "median": 0.000353300361894,
        "min": 1.1511751012e-21,
        "var": 1.40102565638e-05
    },
    "spectral_energyband_middle_low": {
        "dmean": 0.00504404073581,
        "dmean2": 0.00818790774792,
        "dvar": 7.03023470123e-05,
        "dvar2": 0.000180477029062,
        "max": 0.0954821035266,
        "mean": 0.0112705258653,
        "median": 0.00733182672411,
        "min": 1.39434396172e-22,
        "var": 0.000143453173223
    },
    "spectral_entropy": {
        "dmean": 0.297591984272,
        "dmean2": 0.427781462669,
        "dvar": 0.113863967359,
        "dvar2": 0.221713721752,
        "max": 9.81637096405,
        "mean": 7.10870170593,
        "median": 7.14569950104,
        "min": 4.69616174698,
        "var": 0.541925132275
    },
    "spectral_flux": {
        "dmean": 0.0330975912511,
        "dmean2": 0.0519444197416,
        "dvar": 0.0023221867159,
        "dvar2": 0.00453598145396,
        "max": 0.431408435106,
        "mean": 0.080677472055,
        "median": 0.0609890669584,
        "min": 6.24582191522e-11,
        "var": 0.00472054677084
    },
    "spectral_kurtosis": {
        "dmean": 3.78622293472,
        "dmean2": 5.95255899429,
        "dvar": 43.2594223022,
        "dvar2": 94.2221679688,
        "max": 145.698165894,
        "mean": 7.23967266083,
        "median": 3.39898324013,
        "min": -1.27341544628,
        "var": 131.136856079
    },
    "spectral_rms": {
        "dmean": 0.000979336444288,
        "dmean2": 0.00148018228356,
        "dvar": 2.23510528485e-06,
        "dvar2": 5.24297092852e-06,
        "max": 0.0152335781604,
        "mean": 0.00460257008672,
        "median": 0.00461807334796,
        "min": 3.08760590879e-12,
        "var": 6.28817497272e-06
    },
    "spectral_rolloff": {
        "dmean": 484.015228271,
        "dmean2": 844.831420898,
        "dvar": 1377591.25,
        "dvar2": 3215179.25,
        "max": 19832.0800781,
        "mean": 1152.21789551,
        "median": 473.73046875,
        "min": 64.599609375,
        "var": 5022626
    },
    "spectral_skewness": {
        "dmean": 0.455147147179,
        "dmean2": 0.683492898941,
        "dvar": 0.326381057501,
        "dvar2": 0.677521646023,
        "max": 9.99703598022,
        "mean": 1.80119907856,
        "median": 1.51166415215,
        "min": -0.248252689838,
        "var": 1.43496632576
    },
    "spectral_spread": {
        "dmean": 854097.75,
        "dmean2": 1242174.625,
        "dvar": 1.22903606067e+12,
        "dvar2": 2.35734250291e+12,
        "max": 43348660,
        "mean": 4817036.5,
        "median": 4406543,
        "min": 683685,
        "var": 1.29550400881e+13
    },
    "spectral_strongpeak": {
        "dmean": 0.360191494226,
        "dmean2": 0.604424476624,
        "dvar": 0.81040263176,
        "dvar2": 2.08570742607,
        "max": 24.4222640991,
        "mean": 0.671634674072,
        "median": 0.378206133842,
        "min": 0,
        "var": 1.182949543
    },
    "zerocrossingrate": {
        "dmean": 0.0112128434703,
        "dmean2": 0.0131840072572,
        "dvar": 0.000260334345512,
        "dvar2": 0.000310617964715,
        "max": 0.52783203125,
        "mean": 0.0463803298771,
        "median": 0.029296875,
        "min": 0.00244140625,
        "var": 0.00345271266997
    },
    "barkbands": {
        "dmean": [0.000212880768231, 0.00586716225371, 0.00341403577477, 0.00154128740542, 0.00164232577663, 0.00112639321014, 0.00113311759196, 0.00104792742059, 0.000763320538681, 0.000279599655187, 0.000218532324652, 0.000136231974466, 0.000127771520056, 7.43929995224e-05, 3.79013945349e-05, 8.64757821546e-05, 8.32975420053e-05, 7.73734864197e-05, 0.000218108150875, 0.000161063318956, 0.000177053836524, 0.000161010990269, 0.000159069692018, 7.06592691131e-05, 4.31357002526e-05, 1.22673936858e-05, 1.7819210143e-06],
        "dmean2": [0.000315163342748, 0.00930793955922, 0.0062380596064, 0.00279951561242, 0.00271696434356, 0.00181565433741, 0.00182418199256, 0.00163736019749, 0.00113862450235, 0.000432676839409, 0.00033996644197, 0.0002194737026, 0.000223972892854, 0.000125109916553, 5.91762036493e-05, 0.000134969086503, 0.00013115874026, 0.000119466116303, 0.000323479354847, 0.0002505221928, 0.000268098083325, 0.000250934681389, 0.000246525043622, 0.000110273482278, 6.62237434881e-05, 1.99922724278e-05, 3.05895787278e-06],
        "dvar": [2.91793583074e-07, 0.000190623861272, 0.000119761891256, 1.32650520754e-05, 7.63653315516e-06, 5.42988937013e-06, 6.33609943179e-06, 1.19537535284e-05, 5.8214609453e-06, 1.2805606957e-06, 7.28452960175e-07, 3.18931597576e-07, 1.86956881976e-07, 7.07912732878e-08, 2.28072298825e-08, 9.30102004304e-08, 7.60973293268e-08, 9.36813009389e-08, 8.39820813781e-07, 2.62254928884e-07, 3.21173331486e-07, 2.70443678119e-07, 2.4946365329e-07, 3.44626691628e-08, 4.8752998083e-08, 1.59191870797e-09, 6.70644373368e-11],
        "dvar2": [6.10721656358e-07, 0.000463402771857, 0.000347774737747, 3.86438441637e-05, 1.95441061805e-05, 1.28991878228e-05, 1.55012348841e-05, 2.66879251285e-05, 1.21370394481e-05, 2.61391755885e-06, 1.5244277165e-06, 7.38625544727e-07, 4.93584195738e-07, 1.77416282554e-07, 4.73030716819e-08, 2.04778544344e-07, 1.8112440614e-07, 1.91377125702e-07, 1.75763693733e-06, 5.83249459396e-07, 6.92169578542e-07, 5.75073613618e-07, 5.44246915979e-07, 7.92054777321e-08, 1.06186206494e-07, 3.86635923277e-09, 1.70802899602e-10],
        "max": [0.00834826286882, 0.141440153122, 0.110531240702, 0.0388185717165, 0.0625264644623, 0.0639266222715, 0.0523655936122, 0.0698469877243, 0.0538987517357, 0.0357703752816, 0.0346859358251, 0.0180980563164, 0.00920025445521, 0.0065010022372, 0.00670036580414, 0.0101355006918, 0.00740889646113, 0.0164275169373, 0.0409097969532, 0.018227333203, 0.0238586235791, 0.030080748722, 0.016223475337, 0.00424936274067, 0.00998531654477, 0.00129247072618, 0.000216180924326],
        "mean": [0.000306359492242, 0.0105388080701, 0.00345543283038, 0.00161578692496, 0.00289674801752, 0.00192547927145, 0.00186517252587, 0.00143574841786, 0.00139193958603, 0.00040516757872, 0.000309275637846, 0.000169930979609, 0.00011634791008, 7.47676385799e-05, 4.87835859531e-05, 0.000115393580927, 0.000102201476693, 9.28635490709e-05, 0.000309908529744, 0.000212839033338, 0.000238424676354, 0.000185824654181, 0.000191294035176, 8.44806636451e-05, 5.52930614504e-05, 1.28776973725e-05, 1.5360838006e-06],
        "median": [3.32535673806e-05, 0.00511392205954, 0.000980187905952, 0.000645153108053, 0.00162890192587, 0.000976675190032, 0.000749220256694, 0.000229280951316, 0.000241802481469, 5.64739530091e-05, 3.95864262828e-05, 1.95383872779e-05, 7.34456352802e-06, 6.9371653808e-06, 4.60799765278e-06, 1.31477791001e-05, 1.40364090839e-05, 1.07230007416e-05, 2.05834076041e-05, 2.50960874837e-05, 2.73998612101e-05, 1.60575345944e-05, 1.07829382614e-05, 6.55939174976e-06, 3.27376392306e-06, 6.55408712191e-07, 8.46152037326e-09],
        "min": [1.44514328291e-24, 1.27943999293e-24, 9.53104210878e-25, 1.653717416e-24, 9.10760031031e-24, 5.57309995256e-24, 1.01576073073e-23, 9.82483106761e-24, 1.40306011742e-23, 1.82128119498e-23, 2.08991972987e-23, 2.21290077841e-23, 2.60781953592e-23, 3.33612590034e-23, 5.33286127801e-23, 4.07119974469e-23, 7.05123130805e-23, 8.90847493621e-23, 1.10589930676e-22, 1.83610165102e-22, 2.37569084057e-22, 3.02962901553e-22, 3.98407321315e-22, 5.01476125902e-22, 9.29411634237e-22, 1.25257853837e-21, 1.98491237218e-21],
        "var": [4.63030630726e-07, 0.000251536490396, 7.45546494727e-05, 9.09997197596e-06, 1.51235681187e-05, 1.0345537703e-05, 1.16564760901e-05, 2.25981584663e-05, 1.87125460798e-05, 3.27167208525e-06, 1.44624743825e-06, 4.56249551917e-07, 1.91968311469e-07, 7.74039961016e-08, 5.68772229315e-08, 1.92350540829e-07, 9.93350042222e-08, 1.3745311378e-07, 1.89171498732e-06, 4.47125501069e-07, 5.50392144305e-07, 3.8611852915e-07, 4.32323759014e-07, 5.77380525613e-08, 7.28394553562e-08, 2.30958274727e-09, 7.00412505772e-11]
    },
    "erbbands": {
        "dmean": [0.178592085838, 1.43990278244, 3.86228704453, 4.74007558823, 4.55766630173, 6.34325742722, 8.07974624634, 9.69268608093, 12.8304138184, 21.8389091492, 21.5258312225, 15.8976240158, 12.611205101, 8.64991760254, 7.0439119339, 4.96082687378, 5.68934965134, 4.13544559479, 2.84058213234, 2.07984042168, 5.41554546356, 4.69894266129, 3.69132018089, 8.76995944977, 9.87734413147, 7.15734004974, 7.83103895187, 6.50652170181, 5.75254440308, 4.96389245987, 4.63311624527, 2.01856732368, 0.973537683487, 0.416019946337, 0.39369136095, 0.0741658806801, 0.0217520650476, 0.00346425455064, 0.000341783394106, 2.47488678724e-05],
        "dmean2": [0.266091138124, 2.37823867798, 7.03764152527, 8.60081481934, 8.07981491089, 10.3086252213, 12.8050527573, 15.6281509399, 20.4604244232, 34.3449172974, 33.1807365417, 23.5297908783, 18.5208778381, 12.9268302917, 10.94643116, 8.04131603241, 9.88637924194, 6.89037895203, 4.66005563736, 3.20998311043, 8.46190738678, 7.25950479507, 5.65600061417, 12.9277029037, 14.8496866226, 11.0306100845, 12.1348018646, 9.74775409698, 8.93201351166, 7.59057426453, 7.21398448944, 3.1572740078, 1.525588274, 0.641656458378, 0.606109976768, 0.11781720072, 0.0356208570302, 0.00574988918379, 0.000588423688896, 3.91401445086e-05],
        "dvar": [0.161916732788, 13.5409393311, 158.262756348, 143.785339355, 93.9440078735, 127.965637207, 219.867050171, 563.820251465, 875.173950195, 3798.92993164, 5711.17236328, 2808.26733398, 2086.47314453, 1049.46203613, 744.690673828, 418.273223877, 356.424560547, 221.708145142, 93.4079284668, 81.0294494629, 363.403411865, 236.7993927, 181.572097778, 1549.14831543, 1449.07971191, 510.622650146, 708.746398926, 574.096618652, 332.405212402, 203.833374023, 225.538711548, 27.5399703979, 7.01532936096, 1.41436135769, 8.734623909, 0.0749724879861, 0.00520439166576, 0.000145933357999, 2.97129076898e-06, 6.31041530141e-09],
        "dvar2": [0.34275329113, 36.2348060608, 458.893157959, 417.013244629, 270.29486084, 313.469055176, 528.044189453, 1286.2980957, 2194.96411133, 8623.32910156, 12749.6855469, 5911.94482422, 4152.70410156, 2149.04443359, 1688.55664062, 967.830505371, 948.869689941, 535.61340332, 210.038375854, 178.758895874, 806.020263672, 531.829711914, 375.817260742, 3152.9597168, 3126.05029297, 1100.65344238, 1665.63635254, 1198.30639648, 693.251464844, 429.538513184, 506.912200928, 63.0668258667, 16.3586044312, 3.15317487717, 19.251329422, 0.173075690866, 0.0127404332161, 0.000344258965924, 7.62418585509e-06, 1.48522980581e-08],
        "max": [5.5331158638, 36.7759132385, 129.727005005, 133.886291504, 108.268196106, 307.356262207, 302.694091797, 738.431274414, 1087.40551758, 1296.63989258, 1886.45214844, 1363.77514648, 1293.26794434, 1270.86218262, 673.174377441, 695.03692627, 447.392089844, 386.418243408, 338.788116455, 467.874267578, 619.869628906, 511.647369385, 500.365997314, 2113.05639648, 1472.18615723, 719.052612305, 1454.7265625, 925.72454834, 896.184326172, 656.225769043, 520.512207031, 145.088851929, 60.0791397095, 31.1859302521, 142.102157593, 7.66162443161, 2.06279754639, 0.399632304907, 0.0514758117497, 0.0027862007264],
        "mean": [0.304095715284, 2.33971691132, 4.19592428207, 5.31466150284, 5.9753484726, 10.6126461029, 13.9077892303, 16.6966133118, 22.1858119965, 32.0376663208, 33.7764968872, 28.1728801727, 21.8406066895, 12.9385881424, 9.99866867065, 6.25000476837, 5.43589067459, 4.41862535477, 3.17590355873, 3.01719641685, 7.2342133522, 6.15769767761, 4.77213859558, 13.1759815216, 13.5624771118, 9.86171531677, 10.3190593719, 8.53204345703, 6.65412092209, 5.96286153793, 5.46817874908, 2.3798289299, 1.1489713192, 0.529356002808, 0.493193536997, 0.0851043537259, 0.0219021048397, 0.00336493342184, 0.000303162058117, 4.36963273387e-05],
        "median": [0.135938838124, 1.09126138687, 1.56069266796, 2.12297129631, 2.67831802368, 5.39092254639, 7.3322558403, 7.91731929779, 10.4438056946, 9.01573753357, 6.66035938263, 4.81189918518, 3.50799560547, 2.32244348526, 1.30980920792, 0.797521531582, 0.449476182461, 0.372098207474, 0.32158768177, 0.367525994778, 0.90122961998, 0.905012130737, 0.606570482254, 0.8100014925, 1.25836396217, 1.13487482071, 1.14404332638, 0.933251261711, 0.610076546669, 0.430169135332, 0.293993234634, 0.166999012232, 0.0942144915462, 0.0435945019126, 0.0176291018724, 0.00457644602284, 0.00100174034014, 9.77043091552e-05, 1.66658683156e-05, 2.69125812338e-05],
        "min": [6.31386598055e-23, 4.62540778898e-22, 1.56291020857e-21, 7.59046617914e-21, 1.27431018461e-20, 2.95231843548e-20, 4.74124514414e-20, 7.54077298072e-20, 1.89305827878e-19, 1.17142177648e-19, 2.91450471388e-19, 3.58079895579e-19, 7.04399247401e-19, 8.1309548448e-19, 1.11696338443e-18, 1.0475602427e-18, 1.41101368448e-18, 1.21802469276e-18, 2.72995679011e-18, 2.1679551859e-18, 2.50551994246e-18, 3.64172840762e-18, 4.7414997736e-18, 6.60818130474e-18, 8.14557919124e-18, 9.34344921478e-18, 9.51816051349e-18, 9.715843445e-18, 1.02291809798e-17, 9.29332703274e-18, 1.13672077948e-17, 9.58267563819e-18, 8.83287446322e-18, 8.77420502391e-18, 5.80018756009e-18, 3.9693854016e-18, 2.12120645319e-18, 9.72540337814e-19, 2.50623834882e-19, 2.80976581225e-20],
        "var": [0.258046537638, 13.7146530151, 99.0729980469, 97.5501403809, 85.8581466675, 286.653656006, 382.515014648, 1065.28686523, 1360.51843262, 6096.6875, 12571.6689453, 8407.91113281, 6051.70703125, 2132.22094727, 1275.1237793, 552.516418457, 350.593261719, 272.898803711, 146.546936035, 172.994812012, 684.576965332, 346.561462402, 281.576904297, 3898.46289062, 2793.57910156, 978.424438477, 1022.97717285, 924.43927002, 492.477783203, 339.649353027, 369.856658936, 46.5023384094, 11.1664276123, 2.59370660782, 12.1202831268, 0.11217430234, 0.00697389198467, 0.000208143872442, 2.96353437079e-06, 7.2749899438e-09]
    },
    "gfcc": {
        "mean": [-81.9849243164, 120.73097229, -81.2113265991, 45.6589851379, -76.5037841797, -0.910328805447, -25.9336090088, 11.2862234116, -14.9442396164, 0.671210885048, -9.39719486237, 0.616013646126, -3.12677335739],
        "cov": [[21343.6425781, -1036.85803223, -1608.6595459, 1095.25671387, -1012.47949219, 625.278686523, -197.102844238, 344.296020508, -386.88458252, 196.34942627, -231.793670654, -14.4906721115, -324.511169434], [-1036.85803223, 2680.02514648, 104.44165802, -396.162780762, 640.753967285, -357.719573975, 299.815979004, -53.6267814636, 232.966323853, -217.382751465, 219.971160889, -118.468856812, 185.108032227], [-1608.6595459, 104.44165802, 1234.5447998, 136.401092529, 58.5185928345, 86.875579834, 66.2393722534, -34.7892074585, 116.22844696, -6.27824544907, -27.823135376, 43.3422851562, -8.3539390564], [1095.25671387, -396.162780762, 136.401092529, 519.620544434, -39.299079895, 97.4293823242, -30.6124172211, 30.8723087311, 12.5028152466, 40.1891899109, -44.8639450073, -26.4723243713, -27.9323177338], [-1012.47949219, 640.753967285, 58.5185928345, -39.299079895, 587.905700684, 11.2359695435, 136.970458984, 8.4146900177, 133.88142395, -61.3789787292, 82.0929260254, -40.5001106262, 21.8882522583], [625.278686523, -357.719573975, 86.875579834, 97.4293823242, 11.2359695435, 304.788421631, 29.730266571, 31.2532958984, -6.93773269653, 47.9222564697, -23.6196289062, 20.4818935394, -58.5090637207], [-197.102844238, 299.815979004, 66.2393722534, -30.6124172211, 136.970458984, 29.730266571, 273.607879639, 63.9756584167, 13.3577756882, -17.1937446594, 55.023651123, -19.1701946259, 22.2115325928], [344.296020508, -53.6267814636, -34.7892074585, 30.8723087311, 8.4146900177, 31.2532958984, 63.9756584167, 157.583908081, 23.4641227722, 1.14687800407, -0.595215320587, 5.14727878571, 6.55413389206], [-386.88458252, 232.966323853, 116.22844696, 12.5028152466, 133.88142395, -6.93773269653, 13.3577756882, 23.4641227722, 153.503189087, 2.66361856461, 15.0409231186, -5.43428230286, 32.4065437317], [196.34942627, -217.382751465, -6.27824544907, 40.1891899109, -61.3789787292, 47.9222564697, -17.1937446594, 1.14687800407, 2.66361856461, 104.132659912, 4.65558624268, 0.689369261265, -8.95588207245], [-231.793670654, 219.971160889, -27.823135376, -44.8639450073, 82.0929260254, -23.6196289062, 55.023651123, -0.595215320587, 15.0409231186, 4.65558624268, 109.556518555, 7.05247497559, 19.8536396027], [-14.4906721115, -118.468856812, 43.3422851562, -26.4723243713, -40.5001106262, 20.4818935394, -19.1701946259, 5.14727878571, -5.43428230286, 0.689369261265, 7.05247497559, 107.560684204, 15.8718490601], [-324.511169434, 185.108032227, -8.3539390564, -27.9323177338, 21.8882522583, -58.5090637207, 22.2115325928, 6.55413389206, 32.4065437317, -8.95588207245, 19.8536396027, 15.8718490601, 115.777549744]],
        "icov": [[9.60477991612e-05, -0.000173382242792, 0.000166943078511, -0.000272075005341, 0.000209511374123, -0.000244886061409, 6.17720652372e-05, -0.000191249098862, 0.000150883017341, -0.000167364938534, 0.000191606610315, -0.000210170372156, 0.000269212032435], [-0.000173382242792, 0.0014288125094, -0.000388648855733, 0.000969512097072, -0.000758889771532, 0.00107363297138, -0.000746184377931, 0.000900321523659, -0.00132545852102, 0.00182546011638, -0.00152826937847, 0.00148012954742, -0.00121493870392], [0.000166943078511, -0.000388648855733, 0.00133714010008, -0.000795127940364, 0.000577748403884, -0.000633799296338, -0.00045589832007, 0.000355838797987, -0.000783816503827, -0.000122457538964, 0.000839498417918, -0.00111959048081, 0.000851197459269], [-0.000272075005341, 0.000969512097072, -0.000795127940364, 0.00327486125752, -0.000732107437216, 0.000379281584173, 1.09542261271e-05, 0.000168083046447, -0.000831645098515, 0.00055395939853, -0.000583956541959, 0.00196680543013, -0.00115535408258], [0.000209511374123, -0.000758889771532, 0.000577748403884, -0.000732107437216, 0.00365662621334, -0.00141518085729, -0.000696520728525, 0.000172490574187, -0.0021063182503, 0.00122389057651, -0.000865832495037, 5.75895064685e-05, 0.00120783329476], [-0.000244886061409, 0.00107363297138, -0.000633799296338, 0.000379281584173, -0.00141518085729, 0.00568752363324, -0.00133887433913, 0.000229934274103, -0.000485522497911, -0.00105419580359, 0.000225448224228, -0.000565320893656, 0.00112164800521], [6.17720652372e-05, -0.000746184377931, -0.00045589832007, 1.09542261271e-05, -0.000696520728525, -0.00133887433913, 0.00613127509132, -0.00304712331854, 0.00247972109355, -0.000523016031366, -0.00157840561587, 0.000955436204094, -0.00080764584709], [-0.000191249098862, 0.000900321523659, 0.000355838797987, 0.000168083046447, 0.000172490574187, 0.000229934274103, -0.00304712331854, 0.00880114641041, -0.00323718017898, 0.00161989522167, -4.6232718887e-05, -0.000149889368913, -0.000679459713865], [0.000150883017341, -0.00132545852102, -0.000783816503827, -0.000831645098515, -0.0021063182503, -0.000485522497911, 0.00247972109355, -0.00323718017898, 0.0119058014825, -0.0038615220692, 0.0015238680644, -0.000661369995214, -0.00165656628087], [-0.000167364938534, 0.00182546011638, -0.000122457538964, 0.00055395939853, 0.00122389057651, -0.00105419580359, -0.000523016031366, 0.00161989522167, -0.0038615220692, 0.0147832017392, -0.00473059806973, 0.00288834306411, -0.00137873168569], [0.000191606610315, -0.00152826937847, 0.000839498417918, -0.000583956541959, -0.000865832495037, 0.000225448224228, -0.00157840561587, -4.6232718887e-05, 0.0015238680644, -0.00473059806973, 0.0141568370163, -0.00372254196554, 0.000773451756686], [-0.000210170372156, 0.00148012954742, -0.00111959048081, 0.00196680543013, 5.75895064685e-05, -0.000565320893656, 0.000955436204094, -0.000149889368913, -0.000661369995214, 0.00288834306411, -0.00372254196554, 0.0128869451582, -0.00375298643485], [0.000269212032435, -0.00121493870392, 0.000851197459269, -0.00115535408258, 0.00120783329476, 0.00112164800521, -0.00080764584709, -0.000679459713865, -0.00165656628087, -0.00137873168569, 0.000773451756686, -0.00375298643485, 0.0123877618462]]
    },
    "melbands": {
        "dmean": [0.00154910574201, 0.00196313997731, 0.00080326985335, 0.000374334602384, 0.000279047293589, 0.000216380634811, 0.000201911243494, 0.000237107858993, 0.000167977748788, 0.000100674755231, 6.38158526272e-05, 3.57756071026e-05, 2.68851417786e-05, 1.63383974723e-05, 1.21079774544e-05, 1.299322048e-05, 7.33704428058e-06, 5.21336141901e-06, 2.61027935267e-06, 4.06754725191e-06, 7.11593656888e-06, 5.41167264601e-06, 3.32877129949e-06, 3.74947694581e-06, 7.87149747339e-06, 8.86167163117e-06, 6.19257525614e-06, 4.78542960991e-06, 5.27788461113e-06, 4.1562707338e-06, 3.96045788875e-06, 3.29820340994e-06, 3.25824271385e-06, 2.75217144008e-06, 3.22772530126e-06, 1.65810308772e-06, 1.09679763227e-06, 7.4434308317e-07, 4.46771593943e-07, 3.16140159384e-07],
        "dmean2": [0.00239163287915, 0.00346114370041, 0.00145372364204, 0.000631361559499, 0.000442444870714, 0.000349228357663, 0.000321876606904, 0.000370022258721, 0.000258314830717, 0.000149117578985, 9.40306199482e-05, 5.34503924428e-05, 4.16320835939e-05, 2.60626402451e-05, 2.01591647055e-05, 2.27267646551e-05, 1.21477532957e-05, 8.68934057507e-06, 4.05412356486e-06, 6.32845285509e-06, 1.11601602839e-05, 8.48949366627e-06, 5.17793660038e-06, 5.82678694627e-06, 1.17336221592e-05, 1.36539238156e-05, 9.60701618169e-06, 7.47380590838e-06, 8.32005389384e-06, 6.37851690044e-06, 6.04197475695e-06, 5.20420644534e-06, 5.1185979828e-06, 4.22724770033e-06, 5.05832940689e-06, 2.61837249127e-06, 1.7322209942e-06, 1.17318791126e-06, 7.01295675753e-07, 4.95870210671e-07],
        "dvar": [1.21659377328e-05, 3.53877985617e-05, 4.07996321883e-06, 4.46032629497e-07, 2.42792822291e-07, 2.53959171914e-07, 1.92978347968e-07, 4.43278935336e-07, 3.35559292353e-07, 1.11942860315e-07, 5.34337729619e-08, 1.80815309392e-08, 1.04329167527e-08, 5.40402878002e-09, 1.46009904167e-09, 2.19989937378e-09, 7.93832222179e-10, 3.15785758653e-10, 1.52121482078e-10, 2.99352376221e-10, 6.77983558184e-10, 3.34248961842e-10, 1.31818680971e-10, 3.07150110901e-10, 1.46516143662e-09, 1.73488512445e-09, 4.9608128716e-10, 2.58293053612e-10, 3.06640879355e-10, 2.04923675251e-10, 2.91678320385e-10, 1.26678847967e-10, 9.69290689379e-11, 6.82110271044e-11, 1.49238663094e-10, 1.93685727179e-11, 8.55652614734e-12, 4.30176250524e-12, 1.44731394838e-12, 8.43769281875e-13],
        "dvar2": [2.70233322226e-05, 0.000100804994872, 1.18279476737e-05, 1.19824539979e-06, 5.71901580315e-07, 5.88865987083e-07, 4.77768594465e-07, 9.87754333437e-07, 7.45361148802e-07, 2.33621676671e-07, 1.05909066406e-07, 3.64370826844e-08, 2.29596377466e-08, 1.23866517043e-08, 3.42877859438e-09, 5.86069992536e-09, 1.9197823331e-09, 7.42294614664e-10, 3.22801257946e-10, 6.34426677859e-10, 1.4915727542e-09, 7.70301988862e-10, 2.90000773395e-10, 6.1764265924e-10, 2.96519320209e-09, 4.10182243726e-09, 1.1120279142e-09, 5.71600600185e-10, 7.32165383877e-10, 4.64428134839e-10, 6.2938448897e-10, 2.73620515134e-10, 2.1722791621e-10, 1.43243597539e-10, 3.38199551697e-10, 4.5451854086e-11, 2.01925212662e-11, 1.02265322946e-11, 3.35119844201e-12, 1.96376617224e-12],
        "max": [0.0394353121519, 0.0589656047523, 0.0216207578778, 0.0168490894139, 0.00962585955858, 0.0150702483952, 0.0142379663885, 0.0139099024236, 0.0147113958374, 0.00866504572332, 0.00661733746529, 0.00467269588262, 0.00292167393491, 0.00232220999897, 0.00122084259056, 0.00114592514001, 0.00071725161979, 0.000533324608114, 0.000459643633803, 0.000904980639461, 0.000972781446762, 0.00049669976579, 0.000444079341833, 0.00104545010254, 0.00214352319017, 0.00169366842601, 0.000635108619463, 0.000534701684956, 0.000766793498769, 0.000685508479364, 0.0006942130276, 0.000577325932682, 0.000463286123704, 0.000296753773, 0.000477931200294, 0.000115619310236, 7.9739256762e-05, 4.96278116771e-05, 2.98886025121e-05, 2.46182917181e-05],
        "mean": [0.0028595936019, 0.0025885864161, 0.000920992461033, 0.000588574097492, 0.000498279172461, 0.000378377648303, 0.000349412934156, 0.000341447477695, 0.000267607800197, 0.00018100089801, 0.000107524218038, 5.13393642905e-05, 3.84793675039e-05, 2.00682679861e-05, 1.33556332003e-05, 1.17495646919e-05, 7.55296559873e-06, 5.25502900928e-06, 3.48056641997e-06, 5.40079327038e-06, 8.90998126124e-06, 6.75279034112e-06, 3.98251859224e-06, 4.51563619208e-06, 1.14644217319e-05, 1.14547829071e-05, 7.93269373389e-06, 6.17359637545e-06, 6.51518394079e-06, 5.50427284907e-06, 4.88622890771e-06, 3.65926075574e-06, 3.63512708645e-06, 3.30577631757e-06, 3.77712308364e-06, 1.82882172339e-06, 1.28106137254e-06, 8.53371773246e-07, 5.31289060746e-07, 3.88501575799e-07],
        "median": [0.00140383187681, 0.00126626924612, 0.000404082820751, 0.000292695622193, 0.000272731587756, 0.000192256557057, 0.000166759971762, 8.58557541505e-05, 4.73882064398e-05, 2.89327981591e-05, 1.58076254593e-05, 8.61137505126e-06, 4.91239461553e-06, 2.10908319787e-06, 1.29096918045e-06, 6.56274664834e-07, 6.29821101938e-07, 4.74184957966e-07, 3.24769018789e-07, 6.40321729861e-07, 1.00109787127e-06, 9.10162384571e-07, 5.61382194064e-07, 4.34416335793e-07, 5.85314410273e-07, 8.33125113786e-07, 7.72031512497e-07, 6.21180788585e-07, 6.70066924613e-07, 6.33241825199e-07, 4.37292214883e-07, 3.11882786264e-07, 2.69002612185e-07, 2.02808877248e-07, 1.62974060913e-07, 1.09281259597e-07, 8.70303438205e-08, 6.55660272741e-08, 4.35906635232e-08, 2.94088700059e-08],
        "min": [8.5708840023e-25, 1.06477181075e-24, 1.40202256811e-24, 1.00625578513e-24, 1.38537129212e-24, 1.39078425844e-24, 2.51851022626e-24, 1.2397394832e-24, 2.1805497899e-24, 2.15379695281e-24, 3.43149918378e-24, 2.81982984851e-24, 3.5585262999e-24, 3.23391615108e-24, 2.22580338738e-24, 3.01562433632e-24, 1.49969449362e-24, 4.02167245382e-24, 3.32648207577e-24, 3.02954220927e-24, 2.90771901132e-24, 3.57332375276e-24, 3.94562034609e-24, 3.59383571402e-24, 5.05631677912e-24, 3.22861835845e-24, 4.28869832036e-24, 4.60319231415e-24, 5.27690200975e-24, 4.57089043223e-24, 4.73338315694e-24, 5.18849357924e-24, 5.53896554676e-24, 4.01661112225e-24, 5.88539065785e-24, 5.37559403102e-24, 5.43857786898e-24, 4.97518361831e-24, 6.05458199493e-24, 6.86226157147e-24],
        "var": [1.87328041648e-05, 2.50892862823e-05, 2.75941079053e-06, 7.60898558383e-07, 4.60324145024e-07, 4.75784844411e-07, 3.28786398995e-07, 7.28379404791e-07, 7.94766719991e-07, 3.70462288402e-07, 1.57063269057e-07, 3.75762922999e-08, 2.00632506164e-08, 7.76980169093e-09, 1.91379156966e-09, 2.27739649361e-09, 9.15072184693e-10, 4.12712836129e-10, 3.40332012572e-10, 5.85646364737e-10, 1.16595355593e-09, 4.63072191703e-10, 2.03234831742e-10, 4.19999313106e-10, 3.5575866697e-09, 2.63414912105e-09, 8.6759760487e-10, 4.43270808947e-10, 4.2072498263e-10, 3.20658499753e-10, 4.17676754294e-10, 1.70512992614e-10, 1.36102643045e-10, 1.19464563242e-10, 2.40724690181e-10, 2.89399389869e-11, 1.42248886281e-11, 6.43703493286e-12, 2.35773705247e-12, 1.51531792756e-12]
    },
    "mfcc": {
        "mean": [-724.196166992, 139.131149292, 42.1314888, 42.3428230286, -13.2250776291, -4.24911308289, -4.28393220901, 5.24147605896, 2.12794494629, 2.48269557953, -2.68651032448, 3.91923499107, 3.66356682777],
        "cov": [[12467.8183594, -1694.75927734, -502.661590576, 229.159194946, -373.557922363, 262.555328369, 170.191223145, 131.071166992, -75.168006897, 276.331359863, 10.0592908859, -16.980096817, 9.66724014282], [-1694.75927734, 2960.69287109, -129.848953247, 142.282409668, 215.242202759, -147.601699829, 123.005378723, 113.741867065, 127.575965881, -58.2816047668, 33.1263961792, 70.6229858398, 73.7231140137], [-502.661590576, -129.848953247, 1051.9621582, 130.168151855, -4.3960776329, 102.393325806, -64.9611358643, 32.4566307068, 42.6951980591, -3.88286232948, -5.04302835464, 29.5340137482, 9.94032478333], [229.159194946, 142.282409668, 130.168151855, 389.67300415, 74.7170944214, 11.6034955978, 18.6542396545, 24.9978313446, 50.8885879517, 28.5662479401, 9.62488079071, 10.3817825317, -0.841282904148], [-373.557922363, 215.242202759, -4.3960776329, 74.7170944214, 352.165252686, 91.0208511353, -17.6108703613, 58.4380722046, 34.5343170166, 41.0796775818, 23.6104106903, 29.1518611908, 18.5460720062], [262.555328369, -147.601699829, 102.393325806, 11.6034955978, 91.0208511353, 245.858398438, 43.6835403442, 30.6488189697, 1.05761611462, 37.6229133606, 35.6198539734, 11.4269971848, 6.9174861908], [170.191223145, 123.005378723, -64.9611358643, 18.6542396545, -17.6108703613, 43.6835403442, 231.115768433, 62.648891449, 20.4804134369, 38.2506942749, 40.4702720642, 6.29697322845, 8.88790416718], [131.071166992, 113.741867065, 32.4566307068, 24.9978313446, 58.4380722046, 30.6488189697, 62.648891449, 181.424072266, 45.2649612427, 8.16903972626, 29.9284057617, 12.5213069916, 22.2318096161], [-75.168006897, 127.575965881, 42.6951980591, 50.8885879517, 34.5343170166, 1.05761611462, 20.4804134369, 45.2649612427, 139.989105225, 37.7983779907, -4.77569818497, 15.911816597, 16.6339683533], [276.331359863, -58.2816047668, -3.88286232948, 28.5662479401, 41.0796775818, 37.6229133606, 38.2506942749, 8.16903972626, 37.7983779907, 134.406921387, 32.4072875977, -5.90627622604, 7.40039968491], [10.0592908859, 33.1263961792, -5.04302835464, 9.62488079071, 23.6104106903, 35.6198539734, 40.4702720642, 29.9284057617, -4.77569818497, 32.4072875977, 101.053833008, 16.3608055115, -5.16625976562], [-16.980096817, 70.6229858398, 29.5340137482, 10.3817825317, 29.1518611908, 11.4269971848, 6.29697322845, 12.5213069916, 15.911816597, -5.90627622604, 16.3608055115, 83.3924102783, 19.296295166], [9.66724014282, 73.7231140137, 9.94032478333, -0.841282904148, 18.5460720062, 6.9174861908, 8.88790416718, 22.2318096161, 16.6339683533, 7.40039968491, -5.16625976562, 19.296295166, 78.6533203125]],
