{
"lowlevel": {
    "average_loudness": 0.759265482426,
    "barkbands_crest": {
        "dmean": 2.624584198,
        "dmean2": 4.12330961227,
        "dvar": 6.5732717514,
        "dvar2": 16.0809421539,
        "max": 25.4202461243,
        "mean": 10.3601446152,
        "median": 9.67018699646,
        "min": 2.27710723877,
        "var": 17.2631149292
    },
    "barkbands_flatness_db": {
        "dmean": 0.0244850646704,
        "dmean2": 0.036111228168,
        "dvar": 0.000786128628533,
        "dvar2": 0.00165391317569,
        "max": 0.461616307497,
        "mean": 0.139799058437,
        "median": 0.132294982672,
        "min": 0.0296861026436,
        "var": 0.00282265804708
    },
    "barkbands_kurtosis": {
        "dmean": 3.23176789284,
        "dmean2": 4.90959119797,
        "dvar": 50.8760261536,
        "dvar2": 112.680603027,
        "max": 352.952087402,
        "mean": 5.25950860977,
        "median": 2.60369682312,
        "min": -1.96294701099,
        "var": 100.438774109
    },
    "barkbands_skewness": {
        "dmean": 0.567692935467,
        "dmean2": 0.840433299541,
        "dvar": 0.41436752677,
        "dvar2": 0.89410918951,
        "max": 16.9662570953,
        "mean": 1.69329559803,
        "median": 1.56275165081,
        "min": -4.4020857811,
        "var": 1.48436534405
    },
    "barkbands_spread": {
        "dmean": 7.87444019318,
        "dmean2": 11.857216835,
        "dvar": 102.440284729,
        "dvar2": 220.035903931,
        "max": 114.293266296,
        "mean": 23.8909549713,
        "median": 19.0634632111,
        "min": 0.530907869339,
        "var": 302.12109375
    },
    "dissonance": {
        "dmean": 0.0255319289863,
        "dmean2": 0.04191814363,
        "dvar": 0.000548310228623,
        "dvar2": 0.00140954717062,
        "max": 0.499999970198,
        "mean": 0.44623658061,
        "median": 0.453094512224,
        "min": 0.223524570465,
        "var": 0.00130708818324
    },
    "dynamic_complexity": 4.92425394058,
    "erbbands_crest": {
        "dmean": 2.95636868477,
        "dmean2": 4.65788030624,
        "dvar": 7.51516389847,
        "dvar2": 17.3266181946,
        "max": 30.6949291229,
        "mean": 9.64335536957,
        "median": 8.79637241364,
        "min": 2.20856833458,
        "var": 19.3656272888
    },
    "erbbands_flatness_db": {
        "dmean": 0.0202418640256,
        "dmean2": 0.0283230356872,
        "dvar": 0.00043018895667,
        "dvar2": 0.000795444357209,
        "max": 0.370250254869,
        "mean": 0.155597537756,
        "median": 0.152272596955,
        "min": 0.0536760948598,
        "var": 0.00187351228669
    },
    "erbbands_kurtosis": {
        "dmean": 1.41876208782,
        "dmean2": 2.17224407196,
        "dvar": 4.49326229095,
        "dvar2": 9.92407608032,
        "max": 45.5369033813,
        "mean": 1.18034183979,
        "median": 0.181013584137,
        "min": -1.85336923599,
        "var": 10.3551464081
    },
    "erbbands_skewness": {
        "dmean": 0.462726950645,
        "dmean2": 0.69296246767,
        "dvar": 0.223346576095,
        "dvar2": 0.475167572498,
        "max": 6.50321960449,
        "mean": 0.707411587238,
        "median": 0.733274042606,
        "min": -5.20485973358,
        "var": 0.84215015173
    },
    "erbbands_spread": {
        "dmean": 11.4188699722,
        "dmean2": 16.8776340485,
        "dvar": 155.3203125,
        "dvar2": 318.474334717,
        "max": 172.811035156,
        "mean": 44.4495658875,
        "median": 40.8766860962,
        "min": 2.25117945671,
        "var": 546.424377441
    },
    "hfc": {
        "dmean": 12.2605409622,
        "dmean2": 18.8996105194,
        "dvar": 495.763519287,
        "dvar2": 1153.66235352,
        "max": 234.183288574,
        "mean": 20.1972026825,
        "median": 10.4667444229,
        "min": 1.15662798934e-16,
        "var": 704.731567383
    },
    "melbands_crest": {
        "dmean": 2.91491270065,
        "dmean2": 4.61541461945,
        "dvar": 8.21444511414,
        "dvar2": 20.0542106628,
        "max": 33.2966880798,
        "mean": 13.6198072433,
        "median": 12.7755212784,
        "min": 2.27037477493,
        "var": 25.160150528
    },
    "melbands_flatness_db": {
        "dmean": 0.0302448328584,
        "dmean2": 0.0440776571631,
        "dvar": 0.00130653439555,
        "dvar2": 0.00275155063719,
        "max": 0.604110121727,
        "mean": 0.194468066096,
        "median": 0.187604948878,
        "min": 0.00489786919206,
        "var": 0.00537114031613
    },
    "melbands_kurtosis": {
        "dmean": 7.58052253723,
        "dmean2": 11.6972703934,
        "dvar": 198.875747681,
        "dvar2": 452.524993896,
        "max": 505.436706543,
        "mean": 15.5812921524,
        "median": 9.6039390564,
        "min": -1.93180942535,
        "var": 433.20223999
    },
    "melbands_skewness": {
        "dmean": 0.751407086849,
        "dmean2": 1.12274765968,
        "dvar": 0.718982636929,
        "dvar2": 1.62363791466,
        "max": 17.6990699768,
        "mean": 2.74313616753,
        "median": 2.47166848183,
        "min": -2.15842843056,
        "var": 2.70608329773
    },
    "melbands_spread": {
        "dmean": 9.09157371521,
        "dmean2": 13.982375145,
        "dvar": 226.249313354,
        "dvar2": 476.508514404,
        "max": 259.148132324,
        "mean": 24.1662101746,
        "median": 18.1449146271,
        "min": 0.369220554829,
        "var": 556.747192383
    },
    "pitch_salience": {
        "dmean": 0.0721181854606,
        "dmean2": 0.114243105054,
        "dvar": 0.00561913056299,
        "dvar2": 0.0143086249009,
        "max": 0.930746018887,
        "mean": 0.545295357704,
        "median": 0.551494538784,
        "min": 0.0895952880383,
        "var": 0.0136168692261
    },
    "silence_rate_20dB": {
        "dmean": 0,
        "dmean2": 0,
        "dvar": 0,
        "dvar2": 0,
        "max": 1,
        "mean": 1,
        "median": 1,
        "min": 1,
        "var": 0
    },
    "silence_rate_30dB": {
        "dmean": 0.00517356488854,
        "dmean2": 0.0103479931131,
        "dvar": 0.00514675118029,
        "dvar2": 0.0134118767455,
        "max": 1,
        "mean": 0.996412158012,
        "median": 1,
        "min": 0,
        "var": 0.00357435573824
    },
    "silence_rate_60dB": {
        "dmean": 0.0462283045053,
        "dmean2": 0.0924643278122,
        "dvar": 0.0440902262926,
        "dvar2": 0.0917542651296,
        "max": 1,
        "mean": 0.169378384948,
        "median": 0,
        "min": 0,
        "var": 0.140688508749
    },
    "spectral_centroid": {
        "dmean": 329.034301758,
        "dmean2": 507.640106201,
        "dvar": 195048.4375,
        "dvar2": 414501.65625,
        "max": 11044.671875,
        "mean": 1303.23425293,
        "median": 1105.81237793,
        "min": 118.233886719,
        "var": 586887.8125
    },
    "spectral_complexity": {
        "dmean": 4.46945905685,
        "dmean2": 6.95602083206,
        "dvar": 46.5820465088,
        "dvar2": 105.484085083,
        "max": 53,
        "mean": 13.0698375702,
        "median": 11,
        "min": 0,
        "var": 91.1359329224
    },
    "spectral_decrease": {
        "dmean": 2.27941510111e-09,
        "dmean2": 3.41362627054e-09,
        "dvar": 1.62422356123e-17,
        "dvar2": 3.73783231914e-17,
        "max": 6.77744876242e-17,
        "mean": -5.25129761897e-09,
        "median": -3.81559983609e-09,
        "min": -4.38626486243e-08,
        "var": 2.93253857472e-17
    },
    "spectral_energy": {
        "dmean": 0.0095447525382,
        "dmean2": 0.0142606189474,
        "dvar": 0.000269647454843,
        "dvar2": 0.000614281685557,
        "max": 0.17891266942,
        "mean": 0.0216515567154,
        "median": 0.0155684109777,
        "min": 1.07841967917e-20,
        "var": 0.000492866383865
    },
    "spectral_energyband_high": {
        "dmean": 0.00114702514838,
        "dmean2": 0.00184559635818,
        "dvar": 5.32385138285e-06,
        "dvar2": 1.27183366203e-05,
        "max": 0.0339554212987,
        "mean": 0.0013353403192,
        "median": 0.000355862721335,
        "min": 7.74308019436e-21,
        "var": 6.16408897258e-06
    },
    "spectral_energyband_low": {
        "dmean": 0.00385406683199,
        "dmean2": 0.00596798304468,
        "dvar": 0.000133234832902,
        "dvar2": 0.000339422869729,
        "max": 0.149749666452,
        "mean": 0.00607503438368,
        "median": 0.00246491073631,
        "min": 2.61553428003e-23,
        "var": 0.00012596329907
    },
    "spectral_energyband_middle_high": {
        "dmean": 0.00228712148964,
        "dmean2": 0.00358539656736,
        "dvar": 2.48871656368e-05,
        "dvar2": 5.92475735175e-05,
        "max": 0.074206136167,
        "mean": 0.00399400759488,
        "median": 0.001231992268,
        "min": 1.30308148925e-21,
        "var": 4.82349823869e-05
    },
    "spectral_energyband_middle_low": {
        "dmean": 0.00463148159906,
        "dmean2": 0.0071816612035,
        "dvar": 5.40127657587e-05,
        "dvar2": 0.000127263803734,
        "max": 0.106474138796,
        "mean": 0.0107122920454,
        "median": 0.00724961282685,
        "min": 2.97355249098e-22,
        "var": 0.000140889518661
    },
    "spectral_entropy": {
        "dmean": 0.220091402531,
        "dmean2": 0.310047924519,
        "dvar": 0.0656896755099,
        "dvar2": 0.11706558615,
        "max": 9.80262088776,
        "mean": 7.61425209045,
        "median": 7.6078877449,
        "min": 5.54158163071,
        "var": 0.245350450277
    },
    "spectral_flux": {
        "dmean": 0.0278211478144,
        "dmean2": 0.0404877327383,
        "dvar": 0.00144616386387,
        "dvar2": 0.00242848461494,
        "max": 0.351021081209,
        "mean": 0.0722548663616,
        "median": 0.0538672581315,
        "min": 6.87745624339e-11,
        "var": 0.0036031936761
    },
    "spectral_kurtosis": {
        "dmean": 1.11634111404,
        "dmean2": 1.750177145,
        "dvar": 2.05988907814,
        "dvar2": 4.8398103714,
        "max": 52.5698890686,
        "mean": 2.71776032448,
        "median": 2.24908018112,
        "min": -1.30270051956,
        "var": 5.65446138382
    },
    "spectral_rms": {
        "dmean": 0.00087456125766,
        "dmean2": 0.00123440439347,
        "dvar": 1.50557650613e-06,
        "dvar2": 3.13244936478e-06,
        "max": 0.01321169734,
        "mean": 0.00400961562991,
        "median": 0.00389726739377,
        "min": 3.24363496132e-12,
        "var": 5.04654735778e-06
    },
    "spectral_rolloff": {
        "dmean": 834.482299805,
        "dmean2": 1381.06079102,
        "dvar": 2084420.75,
        "dvar2": 4336007.5,
        "max": 18906.1523438,
        "mean": 1820.06738281,
        "median": 990.52734375,
        "min": 64.599609375,
        "var": 4777958
    },
    "spectral_skewness": {
        "dmean": 0.226945638657,
        "dmean2": 0.347162008286,
        "dvar": 0.0707056671381,
        "dvar2": 0.154370635748,
        "max": 5.96730661392,
        "mean": 1.35999119282,
        "median": 1.33128643036,
        "min": -0.328261852264,
        "var": 0.22919473052
    },
    "spectral_spread": {
        "dmean": 744446.0625,
        "dmean2": 989047.25,
        "dvar": 827849310208,
        "dvar2": 1.37239160422e+12,
        "max": 40194860,
        "mean": 5938604.5,
        "median": 5483016,
        "min": 1395268.875,
        "var": 3.54400731136e+12
    },
    "spectral_strongpeak": {
        "dmean": 0.433907657862,
        "dmean2": 0.727718651295,
        "dvar": 0.45126953721,
        "dvar2": 1.15109527111,
        "max": 9.3703584671,
        "mean": 0.857488512993,
        "median": 0.486967295408,
        "min": 0,
        "var": 0.960100829601
    },
    "zerocrossingrate": {
        "dmean": 0.0160918086767,
        "dmean2": 0.0176778342575,
        "dvar": 0.000389332999475,
        "dvar2": 0.000436991103925,
        "max": 0.51123046875,
        "mean": 0.0724312365055,
        "median": 0.0595703125,
        "min": 0.00341796875,
        "var": 0.00258560758084
    },
    "barkbands": {
        "dmean": [3.22570376738e-05, 0.00235746265389, 0.0017375490861, 0.000560866552405, 0.00171901611611, 0.00106147560291, 0.00108857953455, 0.000797115033492, 0.00123148818966, 0.000839726009872, 0.00044403783977, 0.000447465048637, 0.000359161407687, 0.000352824252332, 0.00017576153914, 0.000118961710541, 8.0840283772e-05, 0.000130460379296, 0.000131093329401, 0.000230342964642, 0.000244847120484, 0.000284150330117, 0.00027974267141, 0.00014576666581, 0.000124591082567, 5.8222165535e-05, 1.98876455215e-06],
        "dmean2": [5.07767290401e-05, 0.00373374344781, 0.00306983129121, 0.000987065723166, 0.00276163197123, 0.00164742209017, 0.0017149093328, 0.0012585191289, 0.0019545906689, 0.00130166893359, 0.00073301064549, 0.000724752899259, 0.000572908029426, 0.000590153445955, 0.000286077382043, 0.000196423337911, 0.000134521877044, 0.000218517801841, 0.000221189868171, 0.000377166143153, 0.00042775660404, 0.000475686916616, 0.000453677203041, 0.000227951168199, 0.00019547365082, 9.45446736296e-05, 3.37100755132e-06],
        "dvar": [3.79170028708e-09, 5.3707153711e-05, 3.80877499992e-05, 3.14319845529e-06, 9.13640178624e-06, 6.27129202257e-06, 6.57386908642e-06, 5.58153806196e-06, 1.08436706796e-05, 5.01927024743e-06, 1.67725852407e-06, 1.86103579836e-06, 9.81390940069e-07, 1.0595765616e-06, 1.85439077427e-07, 6.40917505734e-08, 2.62484061153e-08, 7.69675878587e-08, 8.37667712972e-08, 2.41819350322e-07, 3.62684346555e-07, 4.34497678725e-07, 3.86733063351e-07, 9.48695912939e-08, 7.30870439725e-08, 1.87306508082e-08, 2.73755379476e-10],
        "dvar2": [8.8066771653e-09, 0.000137961367727, 0.000108670654299, 8.97925747267e-06, 2.32582060562e-05, 1.56499354489e-05, 1.66998543136e-05, 1.37027072924e-05, 2.67234390776e-05, 1.170070027e-05, 4.2498431867e-06, 4.73722684546e-06, 2.38676489062e-06, 2.73217074209e-06, 4.17245757944e-07, 1.56172418997e-07, 6.50507416822e-08, 1.96097744265e-07, 2.13778832858e-07, 6.02398813498e-07, 1.00346176168e-06, 1.11062388441e-06, 9.06795776245e-07, 2.14971834112e-07, 1.66172981153e-07, 4.5177269925e-08, 7.75533026687e-10],
        "max": [0.00143335480243, 0.116407804191, 0.0681035369635, 0.0278184469789, 0.0502090230584, 0.050283882767, 0.0646452382207, 0.0695247203112, 0.0923752039671, 0.0513306371868, 0.0252864472568, 0.0371659174562, 0.0236821435392, 0.0227457843721, 0.0148834902793, 0.00686861714348, 0.00394056504592, 0.00662098266184, 0.00538489548489, 0.00985230039805, 0.00718400767073, 0.0103675182909, 0.0167060866952, 0.00426287343726, 0.00277819135226, 0.00127641158178, 0.00131341966335],
        "mean": [7.3101495218e-05, 0.00366618973203, 0.0020014338661, 0.000639383564703, 0.00309619423933, 0.00195804005489, 0.00161120155826, 0.00129305850714, 0.00180129322689, 0.0012500876328, 0.000504197436385, 0.000595504476223, 0.000465200224426, 0.000363415747415, 0.0002356152836, 0.000184831020306, 0.000110627304821, 0.00016380098532, 0.000148219492985, 0.000285658374196, 0.000219879337237, 0.000300867890473, 0.000307316862745, 0.000173665641341, 0.000143640383612, 5.72364078835e-05, 1.90827950064e-06],
        "median": [1.71604533534e-05, 0.000894296215847, 0.000561482622288, 0.000143014476635, 0.00140533549711, 0.000544731796253, 0.000517961219884, 0.000244061113335, 0.000338318059221, 0.000184376316611, 6.17233599769e-05, 7.88922479842e-05, 7.69589823904e-05, 6.48617788102e-05, 5.88910515944e-05, 4.38163042418e-05, 3.34569485858e-05, 3.74019109586e-05, 3.32048002747e-05, 6.64061299176e-05, 4.24815916631e-05, 7.83939321991e-05, 6.23947707936e-05, 3.61567763321e-05, 2.18568184209e-05, 5.32694957656e-06, 8.95365701581e-08],
        "min": [3.78043839457e-24, 6.08654348336e-24, 2.40955256082e-24, 3.10909469004e-24, 3.31761038826e-23, 2.25465660608e-23, 4.6164086531e-23, 7.47575143994e-23, 3.15049967182e-23, 4.79980918946e-24, 4.60919120691e-23, 7.0839418988e-23, 6.4143315189e-23, 7.66004891115e-23, 8.82318581949e-23, 9.86604668333e-23, 1.45447144479e-22, 1.59187372265e-22, 1.56122111222e-22, 2.91988142421e-22, 2.97253315647e-22, 5.71716250416e-22, 5.32648273805e-22, 7.9201882271e-22, 1.05481128614e-21, 1.28776249205e-21, 2.37212498733e-21],
        "var": [1.15246283627e-08, 5.11170474056e-05, 2.5017936423e-05, 2.65962944468e-06, 1.7714301066e-05, 1.4966971321e-05, 9.50993944571e-06, 1.12802681542e-05, 1.84281852853e-05, 9.80702770903e-06, 2.05561491384e-06, 3.00351052829e-06, 1.61582499913e-06, 9.95377035906e-07, 3.52176471097e-07, 1.6687356208e-07, 4.49618688947e-08, 1.22521413459e-07, 1.08915457986e-07, 3.33174540401e-07, 2.72073037877e-07, 4.18798862256e-07, 5.64390632007e-07, 1.22939312064e-07, 8.36800708726e-08, 1.70210228134e-08, 1.66917285549e-10]
    },
    "erbbands": {
        "dmean": [0.045685980469, 0.625285029411, 1.98430144787, 1.87986803055, 2.56980657578, 7.3083896637, 7.9224319458, 10.4149284363, 14.9296588898, 15.2122650146, 18.7673816681, 25.9110088348, 26.0941982269, 23.5506229401, 18.5779495239, 16.076543808, 15.8230085373, 16.9763660431, 11.6704301834, 7.81881093979, 5.90614366531, 4.41588020325, 6.4932847023, 5.85119152069, 8.49732685089, 10.8072290421, 7.54095506668, 11.6041183472, 10.4144105911, 9.43650722504, 8.14672756195, 3.73289656639, 2.21774935722, 1.40933156013, 0.927396178246, 0.356440573931, 0.0850473120809, 0.00925124716014, 0.000289327756036, 2.31196172535e-05],
        "dmean2": [0.0712335929275, 1.00170481205, 3.44512224197, 3.28041315079, 4.16027212143, 11.8355321884, 12.5513353348, 15.8171472549, 23.7106285095, 23.2887859344, 29.7424964905, 40.6027946472, 40.356918335, 37.5537834167, 29.432598114, 26.2812080383, 25.1096839905, 27.8475265503, 19.3341445923, 12.8335933685, 9.57114219666, 7.27213811874, 10.773308754, 9.84636592865, 14.204864502, 17.7389144897, 12.6751012802, 20.4711589813, 17.5987758636, 15.3075447083, 13.3541316986, 5.8975071907, 3.4693133831, 2.21230983734, 1.47593307495, 0.574795722961, 0.138877883554, 0.0149932326749, 0.000469803489977, 3.5517361539e-05],
        "dvar": [0.0159610863775, 3.99868535995, 48.3800582886, 37.0649833679, 34.4763183594, 204.304656982, 323.450073242, 655.880737305, 1108.93676758, 1459.81726074, 3158.71704102, 5464.98779297, 5243.85742188, 3984.36938477, 2508.77001953, 2565.28466797, 2028.79370117, 2104.31469727, 928.925842285, 359.100494385, 168.454025269, 70.5012054443, 193.839096069, 160.578887939, 335.014129639, 555.94329834, 268.29006958, 933.238342285, 591.469482422, 397.366027832, 374.945373535, 62.0218658447, 23.3976516724, 9.53870296478, 4.20085096359, 0.705072402954, 0.0373190492392, 0.000598119047936, 2.91707738143e-06, 2.13629576251e-08],
        "dvar2": [0.0391805954278, 10.4210309982, 136.829086304, 105.2394104, 88.3408279419, 525.010681152, 811.984619141, 1581.82336426, 2791.92456055, 3222.50952148, 8040.11279297, 12972.7490234, 12503.2158203, 9788.52539062, 6102.42089844, 6747.55175781, 5015.16894531, 5123.30078125, 2321.73754883, 846.069763184, 395.636810303, 173.119384766, 483.795928955, 407.212554932, 858.050476074, 1387.87365723, 698.819335938, 2614.25390625, 1516.62487793, 943.810241699, 915.571166992, 143.957778931, 52.6969680786, 21.3275794983, 9.97156143188, 1.68869996071, 0.0901016443968, 0.0015191930579, 8.12007056084e-06, 5.87862096779e-08],
        "max": [1.4042737484, 31.8315486908, 69.2271957397, 79.7497329712, 130.670639038, 233.905563354, 520.345031738, 485.672424316, 696.925720215, 1487.98669434, 1716.64599609, 2675.47387695, 2618.24316406, 2078.23828125, 1501.73144531, 1393.9329834, 1334.5871582, 1310.45629883, 651.196350098, 916.821166992, 451.317016602, 185.819137573, 409.738037109, 360.723876953, 341.791809082, 446.345458984, 262.100799561, 276.72555542, 347.308624268, 585.692260742, 492.36920166, 175.92350769, 88.9093933105, 40.372543335, 19.5213909149, 8.25437259674, 1.71804106236, 1.17862141132, 0.13207167387, 0.0119723267853],
        "mean": [0.0718219876289, 0.934823572636, 2.41023778915, 2.30427742004, 3.83779788017, 11.8670396805, 15.5032348633, 18.8129615784, 22.6487102509, 26.1268138885, 27.8580799103, 38.4664573669, 44.4223213196, 32.3126869202, 26.072845459, 19.9980106354, 20.996465683, 20.5056743622, 14.2848882675, 10.8002214432, 10.1737375259, 6.77944898605, 8.37555885315, 7.43339967728, 10.2692079544, 13.6203460693, 7.87046909332, 9.82102394104, 10.3069829941, 11.2230625153, 8.51504135132, 4.39248037338, 2.61005187035, 1.64296889305, 1.01047682762, 0.363805145025, 0.082836009562, 0.00933839101344, 0.000295936712064, 3.86682731914e-05],
        "median": [0.010474037379, 0.237598285079, 0.868544101715, 0.661064386368, 1.07660102844, 4.4285993576, 5.23420190811, 5.1078877449, 7.81267786026, 7.84440660477, 6.26910543442, 7.45627689362, 8.85283184052, 5.51271915436, 4.35112762451, 3.01735162735, 3.71827435493, 3.75065302849, 3.5676317215, 2.84204149246, 2.50766158104, 2.22343635559, 2.2689781189, 1.4946628809, 2.6888153553, 3.29612493515, 1.84255552292, 1.6956230402, 2.48512911797, 3.2166955471, 1.5225969553, 0.8992395401, 0.51945412159, 0.289313226938, 0.124085433781, 0.0362662412226, 0.0073581263423, 0.000670938985422, 3.13290584018e-05, 2.39853397943e-05],
        "min": [2.59163274124e-22, 1.68737605111e-21, 2.1865869219e-21, 7.99404953871e-21, 2.78805555235e-20, 1.05707614139e-19, 1.09841610809e-19, 2.21670419642e-19, 4.46516489053e-19, 8.06620314645e-19, 1.55883210072e-18, 7.915099996e-19, 4.02360398883e-19, 1.13704919086e-18, 2.74857993442e-18, 1.98361633203e-18, 3.09347868109e-18, 4.95372247233e-18, 5.51939655167e-18, 5.53980930123e-18, 6.72089169424e-18, 8.06054419708e-18, 8.96318849692e-18, 9.80938681894e-18, 9.66719860754e-18, 1.3014855622e-17, 1.22173087549e-17, 1.81713018645e-17, 2.10255812123e-17, 1.71685819454e-17, 1.6517433639e-17, 1.60286989372e-17, 1.3247228854e-17, 8.89096322174e-18, 6.85222398728e-18, 4.75187882233e-18, 2.6585688285e-18, 1.33747164116e-18, 3.3061201917e-19, 3.10066810846e-20],
        "var": [0.017855392769, 3.57855224609, 32.2473182678, 27.7270736694, 61.0615501404, 333.868621826, 760.728149414, 1498.52001953, 1626.93896484, 3626.64208984, 4789.27246094, 9616.28613281, 11912.2080078, 6204.71728516, 4377.07324219, 2956.54174805, 3157.2487793, 2800.85180664, 1170.66906738, 608.641906738, 537.476928711, 145.163101196, 305.555297852, 287.036468506, 427.349395752, 768.232055664, 285.457946777, 630.345397949, 531.691589355, 562.053710938, 482.029296875, 83.5132446289, 29.1940498352, 11.5406684875, 4.35661029816, 0.658830225468, 0.034261919558, 0.000517970998771, 1.88374497156e-06, 1.39777052155e-08]
    },
    "gfcc": {
        "mean": [-39.988861084, 72.9557647705, -110.003883362, 27.1569156647, -81.9042434692, 17.6172065735, -39.7160682678, 7.86488771439, -22.6699333191, 6.09628105164, -14.6875886917, 3.19831395149, -7.7995672226],
        "cov": [[17089.6738281, 277.792572021, 117.235519409, 196.885604858, -506.744903564, 22.8350372314, -385.646820068, 176.549468994, -336.468322754, 56.2536811829, -467.210113525, 26.9192047119, -365.164398193], [277.792572021, 1957.74438477, 166.979660034, 253.727050781, 407.038665771, 47.8886680603, 272.597473145, -0.458179414272, 231.833114624, -150.624298096, 109.679176331, -175.226364136, 6.10906124115], [117.235519409, 166.979660034, 1199.04211426, 488.545257568, 218.768539429, 155.53187561, 92.3804779053, 113.732383728, 102.104484558, 70.9468994141, -6.79558181763, 39.4712867737, -50.9190368652], [196.885604858, 253.727050781, 488.545257568, 608.659912109, 232.096084595, 54.6055374146, 54.1952705383, 47.7256813049, 134.410720825, 0.429368436337, -14.5017089844, -51.236492157, -20.6109886169], [-506.744903564, 407.038665771, 218.768539429, 232.096084595, 425.072937012, 162.56842041, 176.089157104, 32.4201507568, 103.008407593, -23.2417049408, 20.6888408661, -45.3735542297, -20.9413719177], [22.8350372314, 47.8886680603, 155.53187561, 54.6055374146, 162.56842041, 278.102630615, 160.302185059, 62.9420700073, 16.5601615906, 21.3450946808, 37.8625869751, 2.18957734108, -34.3830490112], [-385.646820068, 272.597473145, 92.3804779053, 54.1952705383, 176.089157104, 160.302185059, 285.854675293, 86.5700759888, 64.1659698486, -5.1699347496, 57.1110267639, -21.3413085938, -37.5198822021], [176.549468994, -0.458179414272, 113.732383728, 47.7256813049, 32.4201507568, 62.9420700073, 86.5700759888, 166.832809448, 81.6135177612, 33.6423873901, 9.72399234772, 18.4898529053, -9.33777046204], [-336.468322754, 231.833114624, 102.104484558, 134.410720825, 103.008407593, 16.5601615906, 64.1659698486, 81.6135177612, 215.430923462, 33.8973464966, 22.178024292, -19.056646347, 35.456237793], [56.2536811829, -150.624298096, 70.9468994141, 0.429368436337, -23.2417049408, 21.3450946808, -5.1699347496, 33.6423873901, 33.8973464966, 128.305831909, 26.0922012329, 33.2534332275, 16.5717258453], [-467.210113525, 109.679176331, -6.79558181763, -14.5017089844, 20.6888408661, 37.8625869751, 57.1110267639, 9.72399234772, 22.178024292, 26.0922012329, 139.977966309, 53.4330101013, 16.9024410248], [26.9192047119, -175.226364136, 39.4712867737, -51.236492157, -45.3735542297, 2.18957734108, -21.3413085938, 18.4898529053, -19.056646347, 33.2534332275, 53.4330101013, 130.282577515, 33.7522697449], [-365.164398193, 6.10906124115, -50.9190368652, -20.6109886169, -20.9413719177, -34.3830490112, -37.5198822021, -9.33777046204, 35.456237793, 16.5717258453, 16.9024410248, 33.7522697449, 119.715431213]],
        "icov": [[0.000115751739941, -0.000233679253142, 0.000132581146318, -0.000201500151888, 0.00026646713377, -0.0002703909704, 0.000251392397331, -0.000253488949966, 0.000274485268164, -0.000354313960997, 0.000681687961332, -0.00054614583496, 0.000440153147792], [-0.000233679253142, 0.00155759777408, -0.000547804986127, 0.000617838290054, -0.00111482245848, 0.00111000030302, -0.00101607944816, 0.000809898891021, -0.00130720622838, 0.00198185886256, -0.00275023723952, 0.00262908707373, -0.00129050726537], [0.000132581146318, -0.000547804986127, 0.00174591818359, -0.00147995294537, 0.000348654284608, -0.000887162575964, 0.000392460380681, -0.000644548097625, 0.00057090370683, -0.00135896482971, 0.00172297470272, -0.00216650217772, 0.00118566351011], [-0.000201500151888, 0.000617838290054, -0.00147995294537, 0.00369530450553, -0.00177387765143, 0.000988664454781, 0.000183946089237, 0.000417419942096, -0.00172055803705, 0.00130495079793, -0.00177038670518, 0.00242860242724, -0.000681378180161], [0.00026646713377, -0.00111482245848, 0.000348654284608, -0.00177387765143, 0.0058158072643, -0.00284403562546, -0.00103444384877, 0.000971147499513, -0.00062582094688, -0.000389188411646, 0.00264552934095, -0.00194866175298, 0.00107974163257], [-0.0002703909704, 0.00111000030302, -0.000887162575964, 0.000988664454781, -0.00284403562546, 0.00757130142301, -0.00321949622594, -0.000512892846018, 0.000725106452592, 8.9752531494e-05, -0.00281869154423, 0.00210182671435, -0.000882324529812], [0.000251392397331, -0.00101607944816, 0.000392460380681, 0.000183946089237, -0.00103444384877, -0.00321949622594, 0.00856028404087, -0.00365546485409, 0.000496261578519, -0.000122765573906, -0.000882584310602, 2.02453011298e-05, 0.00229831202887], [-0.000253488949966, 0.000809898891021, -0.000644548097625, 0.000417419942096, 0.000971147499513, -0.000512892846018, -0.00365546485409, 0.0110867349431, -0.0050533125177, 0.000162753640325, 0.000507572083734, -0.00145221408457, 0.000536744249985], [0.000274485268164, -0.00130720622838, 0.00057090370683, -0.00172055803705, -0.00062582094688, 0.000725106452592, 0.000496261578519, -0.0050533125177, 0.010127264075, -0.00357447098941, 0.000981505378149, 0.000426790968049, -0.00205278629437], [-0.000354313960997, 0.00198185886256, -0.00135896482971, 0.00130495079793, -0.000389188411646, 8.9752531494e-05, -0.000122765573906, 0.000162753640325, -0.00357447098941, 0.0125205004588, -0.00500668399036, 0.00240055005997, -0.00224774214439], [0.000681687961332, -0.00275023723952, 0.00172297470272, -0.00177038670518, 0.00264552934095, -0.00281869154423, -0.000882584310602, 0.000507572083734, 0.000981505378149, -0.00500668399036, 0.0165775213391, -0.0104816230014, 0.00308089097962], [-0.00054614583496, 0.00262908707373, -0.00216650217772, 0.00242860242724, -0.00194866175298, 0.00210182671435, 2.02453011298e-05, -0.00145221408457, 0.000426790968049, 0.00240055005997, -0.0104816230014, 0.01776971668, -0.00613632472232], [0.000440153147792, -0.00129050726537, 0.00118566351011, -0.000681378180161, 0.00107974163257, -0.000882324529812, 0.00229831202887, 0.000536744249985, -0.00205278629437, -0.00224774214439, 0.00308089097962, -0.00613632472232, 0.013060413301]]
    },
    "melbands": {
        "dmean": [0.000534752674866, 0.000967927451711, 0.000337351870257, 0.000329171394696, 0.000304891349515, 0.000220006288146, 0.000230758523685, 0.000168621743796, 0.000157309215865, 0.000172165804543, 0.000132420507725, 0.000101668098068, 6.22242223471e-05, 5.62124114367e-05, 3.48221474269e-05, 3.51332528226e-05, 3.3037544199e-05, 2.11236347241e-05, 1.33274688778e-05, 8.64151479618e-06, 6.97504083291e-06, 4.44066336058e-06, 5.55322048967e-06, 6.72819714964e-06, 4.51039613836e-06, 5.66922153666e-06, 7.69924463384e-06, 7.41782196201e-06, 4.80886183141e-06, 5.35037224836e-06, 7.13128792995e-06, 5.14193334311e-06, 6.58021781419e-06, 5.11040707352e-06, 5.10988365932e-06, 3.09829079015e-06, 2.15267277781e-06, 1.61083744388e-06, 1.29471243326e-06, 1.20106381019e-06],
        "dmean2": [0.000837048923131, 0.00159652798902, 0.000580637657549, 0.000530093035195, 0.000484664633404, 0.000337535049766, 0.000367861735867, 0.000258312211372, 0.00025219283998, 0.000269825337455, 0.00020485681307, 0.000161727119121, 0.000100099074189, 9.02938772924e-05, 5.8189027186e-05, 5.53578684048e-05, 5.48183015781e-05, 3.52903371095e-05, 2.19335743168e-05, 1.44739460666e-05, 1.12043362606e-05, 7.31441878088e-06, 9.21033188206e-06, 1.13454825623e-05, 7.6262354014e-06, 9.64831178862e-06, 1.2691520169e-05, 1.23264253489e-05, 8.12213238532e-06, 9.30855094339e-06, 1.26643490148e-05, 8.66541722644e-06, 1.1070106666e-05, 8.2460919657e-06, 8.43037560116e-06, 5.02188731843e-06, 3.38249583365e-06, 2.53158418673e-06, 2.02804449145e-06, 1.90761556951e-06],
        "dvar": [2.53226426139e-06, 1.0211630979e-05, 1.04046671368e-06, 3.64629329397e-07, 3.98657078904e-07, 2.87262196252e-07, 2.7321482321e-07, 1.71988176589e-07, 2.18735806357e-07, 2.28331018093e-07, 1.35231019271e-07, 7.48766026959e-08, 2.91400663599e-08, 3.10654577618e-08, 1.12313225387e-08, 1.00940225067e-08, 8.85897044611e-09, 3.59997187616e-09, 1.29063459919e-09, 3.9704634025e-10, 2.80449996559e-10, 7.58787893629e-11, 1.33104888222e-10, 2.37761893507e-10, 9.82217779333e-11, 1.72886885363e-10, 2.56647647578e-10, 2.95547891715e-10, 1.16650022974e-10, 1.68064867578e-10, 4.12261891292e-10, 1.52513640606e-10, 2.27255436691e-10, 1.25285393171e-10, 1.44525252876e-10, 5.98057922629e-11, 1.97824829434e-11, 1.2801862001e-11, 7.60847461423e-12, 7.23207865122e-12],
        "dvar2": [6.33684339846e-06, 2.78780662484e-05, 2.93346352009e-06, 9.28409178869e-07, 1.0128529766e-06, 7.05864181327e-07, 6.96445624726e-07, 3.82448774872e-07, 5.70423196677e-07, 5.4392887705e-07, 3.22854987189e-07, 1.82697775131e-07, 7.19075003985e-08, 7.93092524987e-08, 2.98242035512e-08, 2.34025439028e-08, 2.2166460667e-08, 9.17487419372e-09, 2.9026034909e-09, 1.00072861109e-09, 6.51134368646e-10, 1.84902468336e-10, 3.39714784081e-10, 5.9392618601e-10, 2.47442455414e-10, 4.51280041114e-10, 6.36348918004e-10, 7.4102962655e-10, 3.0211816382e-10, 4.62459320838e-10, 1.16515508353e-09, 3.8847949857e-10, 5.89784276972e-10, 2.9065461149e-10, 3.48300610575e-10, 1.4931836323e-10, 4.64688044988e-11, 2.93046073518e-11, 1.68285281543e-11, 1.67563341674e-11],
        "max": [0.0233023054898, 0.0372268296778, 0.0125993043184, 0.00851588603109, 0.0170540995896, 0.0100140683353, 0.00990583654493, 0.0177376419306, 0.0157290194184, 0.0176993198693, 0.0126213617623, 0.00882626976818, 0.00382641516626, 0.00541789131239, 0.00195696484298, 0.00247045024298, 0.00235352083109, 0.00130257196724, 0.00120853504632, 0.000552892393898, 0.00067257322371, 0.000204318392207, 0.000177001245902, 0.000492253631819, 0.000295319827273, 0.000330447306624, 0.000417874311097, 0.000291131058475, 0.000212302868022, 0.000180423114216, 0.000200125956326, 0.000193664076505, 0.000229458950344, 0.000366125750588, 0.000368377077393, 0.000221357782721, 6.15044846199e-05, 6.36666445644e-05, 3.85854800697e-05, 3.51778508048e-05],
        "mean": [0.000847521587275, 0.00131765997503, 0.000437597744167, 0.000523823662661, 0.000589225150179, 0.00040009393706, 0.000348358036717, 0.000293930526823, 0.000215630076127, 0.000256338040344, 0.000223557712161, 0.000137881186674, 8.10654528323e-05, 7.68941827118e-05, 3.74987648684e-05, 4.91026949021e-05, 3.62426908396e-05, 2.35468651226e-05, 1.7041560568e-05, 1.19007054309e-05, 1.16955725389e-05, 6.46670105198e-06, 6.73952854413e-06, 8.47419869388e-06, 5.48880325368e-06, 6.21392473477e-06, 9.7578868008e-06, 8.82288168214e-06, 4.90226102556e-06, 4.81912229588e-06, 5.81627500651e-06, 4.95534186484e-06, 7.07607523509e-06, 6.03672606303e-06, 5.26666826772e-06, 3.33044158651e-06, 2.46525178227e-06, 1.83860322522e-06, 1.53783730639e-06, 1.3355113424e-06],
        "median": [0.000179388502147, 0.000528984877747, 0.000143544501043, 0.000182075847988, 0.000215663560084, 0.00010644239228, 0.000122523357277, 8.36768813315e-05, 4.14357164118e-05, 4.64797776658e-05, 4.17302799178e-05, 2.05241885851e-05, 1.25342712636e-05, 9.43254963204e-06, 5.56090162718e-06, 8.64740286488e-06, 5.93820186623e-06, 5.12738870384e-06, 3.86902684113e-06, 3.01424324789e-06, 2.5211998036e-06, 1.89160948594e-06, 1.98585212274e-06, 1.72280817878e-06, 9.94638639895e-07, 1.40676922911e-06, 2.34685467149e-06, 1.96497580873e-06, 1.05098251879e-06, 8.95380367183e-07, 8.94730931122e-07, 1.08358506168e-06, 1.84451630503e-06, 1.62090759659e-06, 9.14325084977e-07, 5.6257340475e-07, 5.0164305776e-07, 3.56571860038e-07, 2.86225429136e-07, 2.14523652176e-07],
        "min": [4.72014883196e-24, 1.51907522834e-24, 1.34263682334e-24, 4.81473364893e-24, 4.0070426339e-24, 4.57105412087e-24, 9.54685068411e-24, 1.05943672472e-23, 1.08541249438e-23, 4.57659231886e-24, 1.70056993592e-24, 3.56341920967e-24, 8.58781039353e-24, 8.56235227439e-24, 3.28416264643e-24, 6.08136776696e-24, 8.08731207018e-24, 9.56352089276e-24, 6.44564480033e-24, 6.55937842691e-24, 8.19797505569e-24, 8.25614565884e-24, 6.11125179021e-24, 8.9946874935e-24, 7.95545633646e-24, 4.97201555292e-24, 8.80705456061e-24, 7.15570441758e-24, 5.89899653631e-24, 9.08602811999e-24, 1.12738360219e-23, 1.17751831595e-23, 1.00625361576e-23, 9.17766378047e-24, 9.124638917e-24, 8.54032491134e-24, 1.07472997666e-23, 9.11603796655e-24, 7.46302490473e-24, 7.69041563838e-24],
        "var": [2.6210661872e-06, 7.73986357672e-06, 8.56539202232e-07, 6.37864445707e-07, 9.19943431654e-07, 6.6465946702e-07, 3.86233381278e-07, 4.49731913932e-07, 2.82300533172e-07, 4.10146952845e-07, 3.0789271932e-07, 1.20851538554e-07, 4.40226735066e-08, 5.29032107011e-08, 1.05090007807e-08, 1.9507172766e-08, 1.00351327248e-08, 3.83060072551e-09, 2.22365992286e-09, 6.88757162415e-10, 8.82547313008e-10, 1.58218077528e-10, 1.63640087592e-10, 4.35243147079e-10, 1.80812004258e-10, 1.84929085933e-10, 4.00463689987e-10, 3.72386704806e-10, 1.28149935108e-10, 1.30865721037e-10, 2.6477622872e-10, 1.3525063014e-10, 2.24503582391e-10, 1.90988322379e-10, 1.95771690525e-10, 7.16018286329e-11, 2.46450897884e-11, 1.51976469603e-11, 1.0135435026e-11, 8.08089185844e-12]
    },
    "mfcc": {
        "mean": [-679.467773438, 100.560562134, 18.9708919525, 9.6650018692, -11.550822258, 3.48033261299, -7.16958093643, 0.45265007019, -4.3397898674, 3.39370346069, -1.89149963856, -4.67724466324, 1.49034810066],
        "cov": [[12285.1953125, 301.805847168, 112.265625, 139.68711853, -255.448684692, -93.6508026123, -184.047164917, 51.2089805603, -97.6198806763, -14.6716947556, -6.1698012352, -118.101951599, -40.4352645874], [301.805847168, 1578.15588379, 60.3324813843, 225.370788574, 145.189376831, 143.949066162, 115.591247559, 177.287368774, 72.2318572998, 82.9574661255, 98.373626709, 29.107257843, 39.2153968811], [112.265625, 60.3324813843, 906.151184082, 341.296569824, 209.120223999, 104.800308228, 46.786277771, 81.0656738281, 91.0043563843, 61.7599258423, 28.9780483246, 88.9299621582, 98.8825912476], [139.68711853, 225.370788574, 341.296569824, 516.687683105, 238.804672241, 110.34854126, -5.93217134476, 66.7739868164, 108.001411438, 81.56199646, -7.92189836502, 59.1084671021, 79.5584564209], [-255.448684692, 145.189376831, 209.120223999, 238.804672241, 314.780639648, 147.745391846, 35.3389282227, 72.3222579956, 85.3684997559, 64.7679443359, 8.00187969208, 34.934009552, 35.5604057312], [-93.6508026123, 143.949066162, 104.800308228, 110.34854126, 147.745391846, 246.258163452, 135.835159302, 70.5222396851, 47.9630813599, 49.4315338135, 45.3797111511, 30.8641242981, -2.79978179932], [-184.047164917, 115.591247559, 46.786277771, -5.93217134476, 35.3389282227, 135.835159302, 260.771118164, 121.14855957, -0.392983853817, 17.9241313934, 88.8995513916, 25.8552360535, -35.3839759827], [51.2089805603, 177.287368774, 81.0656738281, 66.7739868164, 72.3222579956, 70.5222396851, 121.14855957, 210.448074341, 59.2806625366, 43.0895462036, 77.7182769775, 42.2058677673, 13.1624364853], [-97.6198806763, 72.2318572998, 91.0043563843, 108.001411438, 85.3684997559, 47.9630813599, -0.392983853817, 59.2806625366, 178.856292725, 99.960144043, 1.48294019699, 44.7037506104, 49.2574539185], [-14.6716947556, 82.9574661255, 61.7599258423, 81.56199646, 64.7679443359, 49.4315338135, 17.9241313934, 43.0895462036, 99.960144043, 144.212875366, 45.7476272583, 31.9510574341, 22.8311367035], [-6.1698012352, 98.373626709, 28.9780483246, -7.92189836502, 8.00187969208, 45.3797111511, 88.8995513916, 77.7182769775, 1.48294019699, 45.7476272583, 145.25769043, 44.795173645, -11.3198003769], [-118.101951599, 29.107257843, 88.9299621582, 59.1084671021, 34.934009552, 30.8641242981, 25.8552360535, 42.2058677673, 44.7037506104, 31.9510574341, 44.795173645, 113.792900085, 53.0174674988], [-40.4352645874, 39.2153968811, 98.8825912476, 79.5584564209, 35.5604057312, -2.79978179932, -35.3839759827, 13.1624364853, 49.2574539185, 22.8311367035, -11.3198003769, 53.0174674988, 121.376907349]],
