{
"lowlevel": {
    "average_loudness": 0.885739803314,
    "barkbands_crest": {
        "dmean": 3.27131009102,
        "dmean2": 5.04994153976,
        "dvar": 9.84874725342,
        "dvar2": 21.4959259033,
        "max": 26.5219211578,
        "mean": 13.1760692596,
        "median": 12.2044868469,
        "min": 2.05816531181,
        "var": 36.2080841064
    },
    "barkbands_flatness_db": {
        "dmean": 0.0307483486831,
        "dmean2": 0.0420285835862,
        "dvar": 0.000910825154278,
        "dvar2": 0.00178756937385,
        "max": 0.447195082903,
        "mean": 0.156641498208,
        "median": 0.149057433009,
        "min": 0.0144697418436,
        "var": 0.00445560971275
    },
    "barkbands_kurtosis": {
        "dmean": 10.3360757828,
        "dmean2": 15.3306150436,
        "dvar": 640.010620117,
        "dvar2": 1481.8671875,
        "max": 1040.19055176,
        "mean": 14.6833143234,
        "median": 4.96680212021,
        "min": -1.95571601391,
        "var": 1152.49267578
    },
    "barkbands_skewness": {
        "dmean": 1.08943903446,
        "dmean2": 1.51764178276,
        "dvar": 1.74930989742,
        "dvar2": 3.46463370323,
        "max": 30.0025119781,
        "mean": 2.48635864258,
        "median": 2.0236697197,
        "min": -4.56734132767,
        "var": 6.29561090469
    },
    "barkbands_spread": {
        "dmean": 12.8852405548,
        "dmean2": 18.783657074,
        "dvar": 324.338531494,
        "dvar2": 637.380249023,
        "max": 133.726928711,
        "mean": 29.2367973328,
        "median": 19.0229263306,
        "min": 0.309086948633,
        "var": 719.274536133
    },
    "dissonance": {
        "dmean": 0.0272278506309,
        "dmean2": 0.0452263057232,
        "dvar": 0.000683278543875,
        "dvar2": 0.00178958044853,
        "max": 0.499999940395,
        "mean": 0.448911130428,
        "median": 0.458657085896,
        "min": 0,
        "var": 0.00146374944597
    },
    "dynamic_complexity": 5.27835226059,
    "erbbands_crest": {
        "dmean": 2.97042036057,
        "dmean2": 4.78058767319,
        "dvar": 7.4070057869,
        "dvar2": 17.9578666687,
        "max": 30.1037464142,
        "mean": 9.10638713837,
        "median": 8.17242050171,
        "min": 2.44418787956,
        "var": 17.7939338684
    },
    "erbbands_flatness_db": {
        "dmean": 0.0225436016917,
        "dmean2": 0.0326756462455,
        "dvar": 0.000446406076662,
        "dvar2": 0.000877834041603,
        "max": 0.341634213924,
        "mean": 0.123050630093,
        "median": 0.115437239408,
        "min": 0.0357534624636,
        "var": 0.00212280545384
    },
    "erbbands_kurtosis": {
        "dmean": 1.64097702503,
        "dmean2": 2.54812026024,
        "dvar": 5.56215620041,
        "dvar2": 12.7314920425,
        "max": 43.041633606,
        "mean": 1.40767765045,
        "median": 0.573095321655,
        "min": -1.92890930176,
        "var": 10.8561143875
    },
    "erbbands_skewness": {
        "dmean": 0.553805708885,
        "dmean2": 0.817336797714,
        "dvar": 0.342246621847,
        "dvar2": 0.693628013134,
        "max": 4.69643354416,
        "mean": 0.602106332779,
        "median": 0.741215586662,
        "min": -6.25866365433,
        "var": 1.07728087902
    },
    "erbbands_spread": {
        "dmean": 18.8992958069,
        "dmean2": 27.7703895569,
        "dvar": 473.728149414,
        "dvar2": 909.534667969,
        "max": 204.923294067,
        "mean": 56.775592804,
        "median": 48.9964332581,
        "min": 2.40107035637,
        "var": 1179.53942871
    },
    "hfc": {
        "dmean": 39.3108825684,
        "dmean2": 58.2507667542,
        "dvar": 11297.9960938,
        "dvar2": 25953.3339844,
        "max": 1055.98120117,
        "mean": 42.3944740295,
        "median": 9.53166007996,
        "min": 1.11405253999e-16,
        "var": 11950.9931641
    },
    "melbands_crest": {
        "dmean": 3.83017277718,
        "dmean2": 5.91466999054,
        "dvar": 13.8406572342,
        "dvar2": 31.0618553162,
        "max": 35.1967811584,
        "mean": 17.7090244293,
        "median": 16.2763767242,
        "min": 1.91861236095,
        "var": 65.2456207275
    },
    "melbands_flatness_db": {
        "dmean": 0.0384472720325,
        "dmean2": 0.0509437397122,
        "dvar": 0.0015505902702,
        "dvar2": 0.00275062746368,
        "max": 0.545608580112,
        "mean": 0.231880456209,
        "median": 0.228030994534,
        "min": 0.00502214673907,
        "var": 0.00860614236444
    },
    "melbands_kurtosis": {
        "dmean": 31.3205757141,
        "dmean2": 46.0888595581,
        "dvar": 4210.171875,
        "dvar2": 8581.33007812,
        "max": 938.023132324,
        "mean": 49.523223877,
        "median": 16.1475391388,
        "min": -1.97838151455,
        "var": 8553.15429688
    },
    "melbands_skewness": {
        "dmean": 1.53634166718,
        "dmean2": 2.18514823914,
        "dvar": 4.2371764183,
        "dvar2": 7.77225494385,
        "max": 24.31316185,
        "mean": 4.35791873932,
        "median": 3.24585986137,
        "min": -1.80534422398,
        "var": 14.1176395416
    },
    "melbands_spread": {
        "dmean": 12.003777504,
        "dmean2": 17.8435268402,
        "dvar": 506.134429932,
        "dvar2": 1050.66955566,
        "max": 316.898345947,
        "mean": 24.3745059967,
        "median": 13.6236820221,
        "min": 0.30413633585,
        "var": 1075.98071289
    },
    "pitch_salience": {
        "dmean": 0.0872940197587,
        "dmean2": 0.129613995552,
        "dvar": 0.00758532481268,
        "dvar2": 0.0144732687622,
        "max": 0.968303322792,
        "mean": 0.47029787302,
        "median": 0.499827265739,
        "min": 0.040407653898,
        "var": 0.0314565002918
    },
    "silence_rate_20dB": {
        "dmean": 0,
        "dmean2": 0,
        "dvar": 0,
        "dvar2": 0,
        "max": 1,
        "mean": 1,
        "median": 1,
        "min": 1,
        "var": 0
    },
    "silence_rate_30dB": {
        "dmean": 0.0835978835821,
        "dmean2": 0.167213454843,
        "dvar": 0.0766170397401,
        "dvar2": 0.158085107803,
        "max": 1,
        "mean": 0.902232587337,
        "median": 1,
        "min": 0,
        "var": 0.0882146805525
    },
    "silence_rate_60dB": {
        "dmean": 0.0461375676095,
        "dmean2": 0.0922848954797,
        "dvar": 0.0440145283937,
        "dvar2": 0.0994425565004,
        "max": 1,
        "mean": 0.177970588207,
        "median": 0,
        "min": 0,
        "var": 0.146301835775
    },
    "spectral_centroid": {
        "dmean": 397.711151123,
        "dmean2": 572.728210449,
        "dvar": 306881.84375,
        "dvar2": 567114.0625,
        "max": 10951.6474609,
        "mean": 1299.01013184,
        "median": 966.98828125,
        "min": 132.306228638,
        "var": 974104
    },
    "spectral_complexity": {
        "dmean": 3.2463490963,
        "dmean2": 4.7429356575,
        "dvar": 33.6209449768,
        "dvar2": 47.9802894592,
        "max": 61,
        "mean": 10.7669029236,
        "median": 9,
        "min": 0,
        "var": 92.0964584351
    },
    "spectral_decrease": {
        "dmean": 4.82670214907e-09,
        "dmean2": 6.79261580316e-09,
        "dvar": 1.01364101926e-16,
        "dvar2": 2.0953440475e-16,
        "max": 2.63049637628e-10,
        "mean": -8.20682100056e-09,
        "median": -3.82442788549e-09,
        "min": -7.93634882257e-08,
        "var": 1.66870943384e-16
    },
    "spectral_energy": {
        "dmean": 0.0209601800889,
        "dmean2": 0.0294869672507,
        "dvar": 0.001740933978,
        "dvar2": 0.00365445180796,
        "max": 0.303764790297,
        "mean": 0.0348197259009,
        "median": 0.0170564074069,
        "min": 1.014823061e-20,
        "var": 0.00275993882678
    },
    "spectral_energyband_high": {
        "dmean": 0.00329200108536,
        "dmean2": 0.00480133155361,
        "dvar": 8.2517064584e-05,
        "dvar2": 0.00018325925339,
        "max": 0.0941577628255,
        "mean": 0.00336908362806,
        "median": 0.000379342032829,
        "min": 7.37945676696e-21,
        "var": 9.25833373913e-05
    },
    "spectral_energyband_low": {
        "dmean": 0.0150088937953,
        "dmean2": 0.0207228064537,
        "dvar": 0.00140698335599,
        "dvar2": 0.00288259913214,
        "max": 0.290380805731,
        "mean": 0.0226543433964,
        "median": 0.00380292162299,
        "min": 4.86247109329e-23,
        "var": 0.00221207784489
    },
    "spectral_energyband_middle_high": {
        "dmean": 0.00185956154019,
        "dmean2": 0.00286713405512,
        "dvar": 3.36516204698e-05,
        "dvar2": 8.10782730696e-05,
        "max": 0.0591964349151,
        "mean": 0.00279741571285,
        "median": 0.000885841553099,
        "min": 1.54309149828e-21,
        "var": 3.99735217798e-05
    },
    "spectral_energyband_middle_low": {
        "dmean": 0.00491099571809,
        "dmean2": 0.00826955959201,
        "dvar": 0.000103325619421,
        "dvar2": 0.000281676388113,
        "max": 0.0792840197682,
        "mean": 0.00699483091012,
        "median": 0.00366249028593,
        "min": 1.81790269305e-22,
        "var": 9.86065788311e-05
    },
    "spectral_entropy": {
        "dmean": 0.295817703009,
        "dmean2": 0.402459263802,
        "dvar": 0.0952572748065,
        "dvar2": 0.18928399682,
        "max": 9.80358314514,
        "mean": 7.64536142349,
        "median": 7.6317653656,
        "min": 5.38368368149,
        "var": 0.361293911934
    },
    "spectral_flux": {
        "dmean": 0.0411179848015,
        "dmean2": 0.0625011250377,
        "dvar": 0.00426719617099,
        "dvar2": 0.00879399944097,
        "max": 0.490746259689,
        "mean": 0.0953154712915,
        "median": 0.0647372677922,
        "min": 1.00738424547e-10,
        "var": 0.00932606868446
    },
    "spectral_kurtosis": {
        "dmean": 1.47722220421,
        "dmean2": 2.13742017746,
        "dvar": 6.44959259033,
        "dvar2": 13.1601371765,
        "max": 105.523452759,
        "mean": 3.20530819893,
        "median": 2.71161985397,
        "min": -1.73296070099,
        "var": 14.1001596451
    },
    "spectral_rms": {
        "dmean": 0.00136809970718,
        "dmean2": 0.00181920267642,
        "dvar": 4.47321463071e-06,
        "dvar2": 8.55475173012e-06,
        "max": 0.0172149911523,
        "mean": 0.00467491755262,
        "median": 0.00407926412299,
        "min": 3.14653988628e-12,
        "var": 1.21155671877e-05
    },
    "spectral_rolloff": {
        "dmean": 1610.31274414,
        "dmean2": 2686.81323242,
        "dvar": 10094976,
        "dvar2": 19665934,
        "max": 18841.5527344,
        "mean": 2721.79174805,
        "median": 775.1953125,
        "min": 64.599609375,
        "var": 17083190
    },
    "spectral_skewness": {
        "dmean": 0.305935770273,
        "dmean2": 0.415098935366,
        "dvar": 0.104449741542,
        "dvar2": 0.195632904768,
        "max": 8.47857952118,
        "mean": 1.53854489326,
        "median": 1.56678879261,
        "min": -0.929573535919,
        "var": 0.412705868483
    },
    "spectral_spread": {
        "dmean": 1592109.625,
        "dmean2": 2158592.25,
        "dvar": 3.4626296873e+12,
        "dvar2": 6.15356930458e+12,
        "max": 40330340,
        "mean": 7914524.5,
        "median": 7179340.5,
        "min": 1084017.125,
        "var": 9.42638471578e+12
    },
    "spectral_strongpeak": {
        "dmean": 0.377434432507,
        "dmean2": 0.614245355129,
        "dvar": 0.557984173298,
        "dvar2": 1.4445836544,
        "max": 12.7961835861,
        "mean": 0.671713829041,
        "median": 0.392139703035,
        "min": 0,
        "var": 0.859289586544
    },
    "zerocrossingrate": {
        "dmean": 0.0319258421659,
        "dmean2": 0.03324560076,
        "dvar": 0.00144795479719,
        "dvar2": 0.00161091121845,
        "max": 0.5029296875,
        "mean": 0.0989499315619,
        "median": 0.06591796875,
        "min": 0.001953125,
        "var": 0.00781347509474
    },
    "barkbands": {
        "dmean": [0.000202426250326, 0.00853309314698, 0.00998252723366, 0.0018597956514, 0.00178466551006, 0.000584277266171, 0.000290408701403, 0.000473987223813, 0.00106262241025, 0.000409294938436, 0.000315899203997, 0.000285432965029, 0.000241632922553, 0.000308559276164, 0.000242612397415, 0.000137492796057, 0.000109337874164, 0.000115030466986, 0.000166490106494, 0.00017365529493, 0.000245971546974, 0.000249194999924, 0.00042710697744, 0.000446516321972, 0.000689582317136, 0.00106200401206, 0.000280864071101],
        "dmean2": [0.000297650607536, 0.011367643252, 0.0169157683849, 0.00345609360375, 0.00284681026824, 0.000922209699638, 0.000466196041089, 0.000792259117588, 0.00179311016109, 0.000629524642136, 0.000490981619805, 0.00043293175986, 0.000380517129088, 0.000523469119798, 0.000401578989113, 0.000231176250963, 0.000177619658643, 0.000181441631867, 0.000265394744929, 0.000267602095846, 0.000370361638488, 0.000366942753317, 0.000647265696898, 0.000638134602923, 0.00104692718014, 0.00169172079768, 0.000450687104603],
        "dvar": [1.87858191225e-07, 0.000373650836991, 0.00124854431488, 4.5774042519e-05, 1.18781708807e-05, 1.52663108111e-06, 6.27978010925e-07, 1.90291234503e-06, 1.34771435114e-05, 1.17773902275e-06, 6.27118311058e-07, 7.63578952956e-07, 1.07569894681e-06, 1.34216759307e-06, 8.37694813072e-07, 2.82952044017e-07, 1.63832979183e-07, 2.03751866934e-07, 4.30944680829e-07, 3.54212147613e-07, 7.26904602288e-07, 6.41357189579e-07, 2.36230448536e-06, 1.20256606806e-06, 3.42924454344e-06, 9.74523482e-06, 6.95104859005e-07],
        "dvar2": [3.88487421787e-07, 0.000721652759239, 0.00315165985376, 0.000131954468088, 3.09153328999e-05, 3.79937273465e-06, 1.52652444285e-06, 5.12337601322e-06, 3.73844522983e-05, 2.79590858554e-06, 1.44172338423e-06, 1.62927437941e-06, 2.34391904996e-06, 3.54966618943e-06, 2.11534370465e-06, 7.53192637148e-07, 4.12130077621e-07, 5.17224407304e-07, 1.10342932658e-06, 8.45391127768e-07, 1.47958746766e-06, 1.35574748583e-06, 5.74367913941e-06, 2.52640734288e-06, 8.17458294478e-06, 2.43742542807e-05, 1.72060845216e-06],
        "max": [0.00854881200939, 0.239945247769, 0.234015733004, 0.053101606667, 0.0438018254936, 0.0365720763803, 0.024401595816, 0.019478417933, 0.0437946543097, 0.0256449747831, 0.0240496639162, 0.0321848019958, 0.0461812093854, 0.027001677081, 0.0116995517164, 0.00699033308774, 0.00821355078369, 0.00610284879804, 0.00816506054252, 0.00828787405044, 0.0114550730214, 0.00838292203844, 0.0194351114333, 0.0146234687418, 0.0247061662376, 0.034657150507, 0.00991837307811],
        "mean": [0.000467076868517, 0.0139899132773, 0.00725280772895, 0.00132721057162, 0.00255089113489, 0.000906955159735, 0.000400531571358, 0.000549340213183, 0.00115621881559, 0.000564777466934, 0.000480918650283, 0.000402108184062, 0.000269555166597, 0.000305228575598, 0.000238253021962, 0.0001271788351, 0.000110825094453, 0.000113698508358, 0.000165500794537, 0.000175712528289, 0.000245214381721, 0.000252076773904, 0.000425602425821, 0.000550719851162, 0.000660198216792, 0.000900806800928, 0.000230389094213],
        "median": [4.07596380683e-05, 0.0025142042432, 0.000209480538615, 0.000134251691634, 0.000993769499473, 0.000339082092978, 0.000129626409034, 0.000133562527481, 0.00020145358576, 0.000122257901239, 0.000125040256535, 4.92658582516e-05, 3.10948598781e-05, 3.96338255086e-05, 2.32325000979e-05, 1.31085944304e-05, 1.54757071869e-05, 1.22451501738e-05, 2.7722780942e-05, 3.5007178667e-05, 2.66977021965e-05, 1.99095557036e-05, 3.24106949847e-05, 7.5130694313e-05, 5.76501079195e-05, 7.07655708538e-05, 1.91009507944e-06],
        "min": [4.18268377662e-23, 1.36880107159e-24, 2.4145148509e-23, 1.334003076e-23, 4.56477297369e-23, 3.07753382462e-23, 1.93854631517e-23, 1.53616856226e-23, 5.12781992043e-23, 4.87112521296e-23, 6.19223561965e-23, 1.45498237422e-22, 1.08851041427e-22, 1.0819468391e-22, 1.19434853715e-22, 1.56530324653e-22, 2.07110255738e-22, 1.8415386066e-22, 3.16686455974e-22, 2.47975484683e-22, 4.71746394387e-22, 4.22390005498e-22, 8.10996821849e-22, 9.04489183213e-22, 1.01761744109e-21, 1.68857219143e-21, 2.06105317627e-21],
        "var": [8.13165058844e-07, 0.000654602015857, 0.000947111635469, 2.64765112661e-05, 1.63524982781e-05, 3.00663077724e-06, 7.13228757832e-07, 1.74440526735e-06, 1.07481946543e-05, 2.12534860111e-06, 1.17024546853e-06, 1.88831347714e-06, 1.42530120684e-06, 1.22597759855e-06, 7.94021843831e-07, 2.20371290993e-07, 1.63575407441e-07, 1.78317520749e-07, 3.62672977872e-07, 3.27157465563e-07, 8.00835891823e-07, 7.31770967377e-07, 2.23065080718e-06, 2.00030308406e-06, 3.49372089659e-06, 8.39816493681e-06, 5.91786545101e-07]
    },
    "erbbands": {
        "dmean": [0.20582421124, 2.13320064545, 9.73463344574, 9.45505714417, 4.12261199951, 7.85513973236, 6.80680656433, 3.42246723175, 3.10732364655, 7.19180393219, 10.8143987656, 27.6877479553, 13.1190824509, 14.8582057953, 9.87326431274, 11.1842861176, 10.4527320862, 13.3720722198, 14.0869045258, 9.72634792328, 7.77199554443, 5.97387933731, 6.79563570023, 8.33652019501, 7.1087846756, 8.08520889282, 10.4599618912, 8.35887241364, 8.22922515869, 9.30258846283, 15.1688938141, 9.66089439392, 7.96760559082, 6.60451602936, 5.77828645706, 4.68803930283, 1.76694655418, 0.453379422426, 0.0477292761207, 0.00166185956914],
        "dmean2": [0.276553362608, 2.76260590553, 15.5194330215, 16.7575473785, 7.08696126938, 12.6406288147, 10.5982074738, 5.43512964249, 4.99966096878, 11.7955503464, 17.586139679, 47.6448669434, 20.6462497711, 23.6629390717, 15.3577003479, 16.90741539, 16.3051109314, 21.3637046814, 23.9378509521, 15.7502832413, 13.0388088226, 9.63313484192, 10.8687496185, 13.307970047, 10.9727268219, 12.3650951385, 15.7741641998, 12.3952302933, 11.9304018021, 13.8451766968, 23.9867076874, 13.8929748535, 11.7178249359, 9.80700492859, 9.08926868439, 7.39552783966, 2.81971907616, 0.70591199398, 0.0773976147175, 0.00278065307066],
        "dvar": [0.207759723067, 24.3707351685, 1037.12402344, 1170.14208984, 84.4446563721, 286.017852783, 159.589248657, 48.1796531677, 95.5759735107, 347.678222656, 861.204284668, 12059.3144531, 865.412353516, 1515.52087402, 700.986877441, 1222.71179199, 1820.41479492, 2306.8972168, 2895.3112793, 1127.26171875, 945.416625977, 462.883239746, 794.649230957, 1112.59423828, 689.848632812, 790.963195801, 1218.31872559, 828.678283691, 660.75012207, 772.770263672, 3892.05810547, 581.506347656, 411.886566162, 272.828613281, 316.813293457, 231.358596802, 21.2954406738, 1.39188611507, 0.0220512021333, 3.95324132114e-05],
        "dvar2": [0.424472659826, 43.6037101746, 2442.78442383, 3162.75195312, 239.774688721, 760.150085449, 371.531494141, 123.001876831, 229.441711426, 900.039672852, 2229.45800781, 33832.3632812, 2128.59838867, 3742.80712891, 1687.23986816, 2557.73510742, 3948.32080078, 5593.43408203, 7652.52441406, 2740.36499023, 2534.28417969, 1155.6583252, 2045.11352539, 2882.71826172, 1692.68115234, 1835.47851562, 2578.49682617, 1674.41125488, 1319.72705078, 1639.03088379, 10163.5664062, 1184.11108398, 927.680053711, 626.246398926, 802.394470215, 577.679382324, 52.5615158081, 3.36371588707, 0.0549178123474, 0.000104190432467],
        "max": [6.88886165619, 55.2334709167, 221.847869873, 254.229827881, 112.779747009, 174.64894104, 340.065856934, 117.914070129, 260.83480835, 428.624969482, 458.545623779, 1150.49816895, 578.009338379, 1097.85314941, 736.328735352, 1281.32177734, 2056.05419922, 1612.85229492, 591.034545898, 389.463043213, 421.391937256, 256.21661377, 406.764678955, 474.979370117, 320.982391357, 373.885192871, 412.991210938, 398.560302734, 304.60736084, 310.049438477, 782.341796875, 308.495849609, 320.761932373, 372.360931396, 252.41053772, 172.29989624, 44.6221542358, 11.6859207153, 1.79625618458, 0.0905326381326],
        "mean": [0.41407123208, 3.11769556999, 8.15494060516, 6.79695940018, 4.6788687706, 10.3521242142, 10.7720432281, 5.48860216141, 4.36431360245, 9.0773563385, 14.3473329544, 27.3937587738, 19.0885868073, 22.0827598572, 15.4889316559, 15.4418315887, 12.424987793, 15.151386261, 13.8567972183, 10.0934267044, 7.5014629364, 6.22948694229, 6.42210102081, 8.43271541595, 7.29153490067, 8.3457326889, 10.6021728516, 8.31105422974, 8.6196231842, 9.84206390381, 13.7116241455, 11.9297647476, 9.10286998749, 6.85247087479, 5.11093473434, 4.17492055893, 1.4621348381, 0.374630391598, 0.0384375974536, 0.00126679707319],
        "median": [0.0776251330972, 0.446987509727, 0.409016281366, 0.501783907413, 1.26138079166, 3.51778483391, 4.32916212082, 2.07905125618, 1.84635078907, 2.65803194046, 3.92238140106, 4.69212388992, 5.55503749847, 6.30162811279, 3.98730945587, 2.35822439194, 1.88505172729, 1.79346168041, 1.94190919399, 1.19912803173, 0.856786847115, 1.01598227024, 0.669679045677, 1.29460000992, 1.36373960972, 1.69188320637, 1.52737629414, 0.761785447598, 0.688006103039, 0.800027132034, 0.93348377943, 1.98611187935, 0.911938428879, 0.624759852886, 0.430680543184, 0.449633330107, 0.064200475812, 0.00749451573938, 0.000380348908948, 4.238324982e-05],
        "min": [1.48356652824e-22, 7.67725794335e-22, 1.84026247452e-20, 5.04254180485e-20, 6.05687429282e-20, 2.19070487579e-19, 1.3110044982e-19, 2.8923732381e-19, 2.98260158233e-19, 3.85363801849e-19, 4.97009351402e-19, 1.16338662156e-18, 9.22607166547e-19, 2.5413318999e-18, 2.63054229499e-18, 7.15948312094e-18, 5.17549248968e-18, 5.67493173583e-18, 6.11697870954e-18, 4.29074631035e-18, 1.16957068586e-17, 1.27770866908e-17, 1.0446198431e-17, 1.2730079671e-17, 1.49057698228e-17, 1.35879958336e-17, 1.44690713989e-17, 1.8973233616e-17, 1.64794809382e-17, 1.8636270013e-17, 2.35826595292e-17, 1.6535363606e-17, 1.61883530672e-17, 1.07282099444e-17, 8.39727949829e-18, 6.30225765418e-18, 2.96221338969e-18, 1.08584588376e-18, 2.88139603438e-19, 3.26239064239e-20],
        "var": [0.459179162979, 42.5398406982, 925.414367676, 778.488586426, 80.1346664429, 327.052185059, 323.639160156, 91.1032180786, 96.4846878052, 367.815917969, 979.843811035, 8724.97851562, 1469.94848633, 2538.21362305, 1234.40942383, 2497.08007812, 2272.87915039, 3200.28540039, 2424.42993164, 1117.42614746, 754.574462891, 436.033996582, 651.721984863, 924.788574219, 630.144348145, 758.569152832, 1297.10314941, 933.580871582, 815.359375, 899.976928711, 3103.81958008, 908.76965332, 610.494750977, 324.380218506, 274.328613281, 200.762161255, 18.927904129, 1.26599109173, 0.0184739716351, 2.90647385555e-05]
    },
    "gfcc": {
        "mean": [-41.6714057922, 52.1603126526, -68.7709655762, 16.1947460175, -62.7833366394, 24.6668453217, -34.5308914185, 16.4918308258, -30.7097759247, 6.47815084457, -17.8923854828, 3.70183181763, -5.99405574799],
        "cov": [[21971.046875, -485.639404297, 1281.32543945, 219.509841919, 397.438354492, 365.464904785, 89.6193084717, 343.232635498, -148.874862671, 174.333862305, -244.813415527, 5.08639001846, -371.54095459], [-485.639404297, 2233.55102539, -322.61126709, 72.7412033081, 149.855575562, 43.3624916077, -38.5201568604, 63.7785720825, -56.8887481689, -25.4282226562, 128.153594971, -126.689880371, 63.1387252808], [1281.32543945, -322.61126709, 1308.43371582, 418.609375, 267.616455078, 144.782745361, 125.285499573, 135.191864014, 125.49446106, 78.4575805664, -17.8354721069, 57.2196578979, -50.3775444031], [219.509841919, 72.7412033081, 418.609375, 646.614135742, 208.239715576, 96.127784729, 98.6026077271, 146.510787964, 147.427001953, 18.2109851837, -5.21134233475, 46.6589202881, 47.4889831543], [397.438354492, 149.855575562, 267.616455078, 208.239715576, 431.687225342, 72.2083969116, 133.133224487, 98.7294921875, 104.262199402, 64.5280685425, 24.9705467224, -3.07483172417, -20.9803447723], [365.464904785, 43.3624916077, 144.782745361, 96.127784729, 72.2083969116, 289.269897461, 123.307830811, 86.0960617065, 44.5996322632, 77.8314666748, 50.721321106, 39.6370620728, 37.3656005859], [89.6193084717, -38.5201568604, 125.285499573, 98.6026077271, 133.133224487, 123.307830811, 260.020690918, 79.4406433105, 69.0056686401, 64.382774353, 56.8758468628, 29.2057209015, 12.1023874283], [343.232635498, 63.7785720825, 135.191864014, 146.510787964, 98.7294921875, 86.0960617065, 79.4406433105, 214.117614746, 94.3075866699, 33.9983863831, 29.7710647583, 53.9793395996, 33.3536300659], [-148.874862671, -56.8887481689, 125.49446106, 147.427001953, 104.262199402, 44.5996322632, 69.0056686401, 94.3075866699, 207.622085571, 42.7378349304, 26.7747898102, 42.4365539551, 39.7309532166], [174.333862305, -25.4282226562, 78.4575805664, 18.2109851837, 64.5280685425, 77.8314666748, 64.382774353, 33.9983863831, 42.7378349304, 130.480072021, 54.7874641418, 11.3432769775, 2.81044602394], [-244.813415527, 128.153594971, -17.8354721069, -5.21134233475, 24.9705467224, 50.721321106, 56.8758468628, 29.7710647583, 26.7747898102, 54.7874641418, 126.697067261, 37.836517334, 25.2334098816], [5.08639001846, -126.689880371, 57.2196578979, 46.6589202881, -3.07483172417, 39.6370620728, 29.2057209015, 53.9793395996, 42.4365539551, 11.3432769775, 37.836517334, 123.168373108, 51.0697517395], [-371.54095459, 63.1387252808, -50.3775444031, 47.4889831543, -20.9803447723, 37.3656005859, 12.1023874283, 33.3536300659, 39.7309532166, 2.81044602394, 25.2334098816, 51.0697517395, 146.523605347]],
        "icov": [[5.56786944799e-05, -1.74611818693e-06, -3.45470616594e-05, 1.71547217178e-05, -2.51818000834e-05, -5.7602977904e-05, 2.66551123786e-05, -0.000109854110633, 0.000100940786069, -9.0943518444e-05, 0.000158419221407, -6.2672959757e-05, 0.000127323859488], [-1.74611818693e-06, 0.000693782349117, 0.000173490901943, -0.000171967447386, -0.000379858509405, -0.00018945201009, 0.000410195643781, -0.000414996931795, 0.000370706722606, 0.000556541839615, -0.00121520820539, 0.00121959322132, -0.000460492941784], [-3.45470616594e-05, 0.000173490901943, 0.00120491744019, -0.000631543458439, -0.000375289499061, -0.000286392663838, 8.60419750097e-05, -4.76092973258e-05, -2.4131310056e-05, -0.000277424434898, 0.00016694025544, -0.000311719340971, 0.000571389566176], [1.71547217178e-05, -0.000171967447386, -0.000631543458439, 0.00259288935922, -0.000536971259862, -0.000192712803255, -0.000177802168764, -0.000608943286352, -0.00090150826145, 0.000599785300437, 0.000754531181883, -0.000222414397285, -0.000633816933259], [-2.51818000834e-05, -0.000379858509405, -0.000375289499061, -0.000536971259862, 0.00380276679061, 0.000359665311407, -0.00134146946948, -0.000335203047143, -0.000997970462777, -0.000975829374511, 0.000392683228711, 0.000383468810469, 0.000872771837749], [-5.7602977904e-05, -0.00018945201009, -0.000286392663838, -0.000192712803255, 0.000359665311407, 0.00538509711623, -0.00179247942287, -0.000837870233227, 0.000603015650995, -0.00216747936793, -3.20133876812e-05, -0.000489812286105, -0.001029136125], [2.66551123786e-05, 0.000410195643781, 8.60419750097e-05, -0.000177802168764, -0.00134146946948, -0.00179247942287, 0.00619924813509, -0.000780732370913, -0.000274067657301, -0.000220549627556, -0.00201204256155, 0.00053557404317, 0.000147126280353], [-0.000109854110633, -0.000414996931795, -4.76092973258e-05, -0.000608943286352, -0.000335203047143, -0.000837870233227, -0.000780732370913, 0.00773187400773, -0.00216726842336, 1.09196207632e-05, 0.000303558656015, -0.0024319391232, -6.57921118545e-05], [0.000100940786069, 0.000370706722606, -2.4131310056e-05, -0.00090150826145, -0.000997970462777, 0.000603015650995, -0.000274067657301, -0.00216726842336, 0.00775375403464, -0.00145362748299, -0.0002678950259, -0.000394029455492, -0.00129172869492], [-9.0943518444e-05, 0.000556541839615, -0.000277424434898, 0.000599785300437, -0.000975829374511, -0.00216747936793, -0.000220549627556, 1.09196207632e-05, -0.00145362748299, 0.012363881804, -0.00528601184487, 0.00219692802057, -2.98472114082e-05], [0.000158419221407, -0.00121520820539, 0.00016694025544, 0.000754531181883, 0.000392683228711, -3.20133876812e-05, -0.00201204256155, 0.000303558656015, -0.0002678950259, -0.00528601184487, 0.0140485651791, -0.0051833614707, 0.000460978160845], [-6.2672959757e-05, 0.00121959322132, -0.000311719340971, -0.000222414397285, 0.000383468810469, -0.000489812286105, 0.00053557404317, -0.0024319391232, -0.000394029455492, 0.00219692802057, -0.0051833614707, 0.0138547280803, -0.00390199036337], [0.000127323859488, -0.000460492941784, 0.000571389566176, -0.000633816933259, 0.000872771837749, -0.001029136125, 0.000147126280353, -6.57921118545e-05, -0.00129172869492, -2.98472114082e-05, 0.000460978160845, -0.00390199036337, 0.00976970046759]]
    },
    "melbands": {
        "dmean": [0.00208117230795, 0.00393431540579, 0.00147650646977, 0.000410378590459, 0.00025744055165, 8.46457551233e-05, 4.91831815452e-05, 8.84674445842e-05, 8.90070950845e-05, 0.000177674286533, 6.24934982625e-05, 6.18820413365e-05, 3.89607484976e-05, 3.20893414028e-05, 2.5734945666e-05, 2.38461871049e-05, 2.72601937468e-05, 2.48524265771e-05, 1.8478187485e-05, 8.86421275936e-06, 9.39001074585e-06, 6.11616314927e-06, 6.52461358186e-06, 5.72168028157e-06, 6.97513723935e-06, 6.32737919659e-06, 4.72213605462e-06, 5.58575266041e-06, 6.1796549744e-06, 6.35521064396e-06, 4.4706243898e-06, 4.00511225962e-06, 6.24777749181e-06, 4.62482194052e-06, 8.7323378466e-06, 6.95378912496e-06, 6.07259744356e-06, 5.13749500897e-06, 6.54536552247e-06, 5.24034612681e-06],
        "dmean2": [0.00276416866109, 0.00561687536538, 0.00258415658027, 0.000673099828418, 0.000401980621973, 0.000134521498694, 7.88453544374e-05, 0.000146729871631, 0.000141783049912, 0.000306409725454, 9.81694756774e-05, 9.7950854979e-05, 6.06322246313e-05, 4.84511983814e-05, 4.0084207285e-05, 3.69663466699e-05, 4.46332051069e-05, 4.26501101174e-05, 3.0405313737e-05, 1.45109916048e-05, 1.58830716828e-05, 9.83872905636e-06, 1.07014493551e-05, 9.15575037652e-06, 1.12154148155e-05, 1.01136520243e-05, 7.35449975764e-06, 8.65831952979e-06, 9.33321553021e-06, 9.6508056231e-06, 6.59448414808e-06, 5.80607911616e-06, 9.66072093433e-06, 6.85617442286e-06, 1.41066147989e-05, 1.03368329292e-05, 8.88093381946e-06, 7.5521643339e-06, 1.0057397958e-05, 7.80368100095e-06],
        "dvar": [2.14608080569e-05, 0.000129256455693, 2.66420938715e-05, 7.23316929907e-07, 1.95225311472e-07, 3.01014146942e-08, 2.18021227738e-08, 5.54395214181e-08, 5.34237187821e-08, 4.78256026781e-07, 1.94045028934e-08, 2.64514206094e-08, 1.00464969677e-08, 1.29114603453e-08, 7.89669574175e-09, 9.48145739699e-09, 1.00815293891e-08, 8.95534135736e-09, 4.77555728295e-09, 9.40496791557e-10, 1.46529322009e-09, 4.49580456197e-10, 7.4520201121e-10, 5.57199564266e-10, 7.79882658453e-10, 6.50191622764e-10, 2.68472966081e-10, 3.757458511e-10, 3.73839847967e-10, 5.482522214e-10, 2.32105279441e-10, 1.60990165643e-10, 4.20427775927e-10, 1.57949361923e-10, 1.42657308189e-09, 5.03715402722e-10, 1.98352292924e-10, 1.69191771704e-10, 3.1814204049e-10, 1.73701608652e-10],
        "dvar2": [4.23958044848e-05, 0.000269276148174, 7.09773812559e-05, 1.9348628939e-06, 4.64117533738e-07, 7.65235412814e-08, 5.2058986455e-08, 1.47641884496e-07, 1.338536606e-07, 1.34482161229e-06, 4.69645726753e-08, 6.49369056305e-08, 2.42696760466e-08, 2.73435034615e-08, 1.69393441496e-08, 2.1233747205e-08, 2.55376981784e-08, 2.3977069219e-08, 1.18601475307e-08, 2.32408359224e-09, 3.96937327451e-09, 1.10275799603e-09, 1.94782923124e-09, 1.44638057087e-09, 2.04154293471e-09, 1.64582036888e-09, 6.62844334975e-10, 8.742648272e-10, 8.02664990029e-10, 1.13606413166e-09, 4.83429851705e-10, 3.11952769172e-10, 9.50917788956e-10, 3.15985793087e-10, 3.79183706656e-09, 1.14616705016e-09, 4.04005745525e-10, 3.70070085687e-10, 7.57419682529e-10, 4.01311206488e-10],
        "max": [0.0658255741, 0.0826168209314, 0.0380163937807, 0.00999285560101, 0.00879355706275, 0.00371828302741, 0.00463515007868, 0.00416272832081, 0.00423640105873, 0.00740823149681, 0.00316272699274, 0.00409102486446, 0.00332108698785, 0.0048272414133, 0.00391507847235, 0.00515216914937, 0.00275606382638, 0.000961914251093, 0.00119813298807, 0.000627141911536, 0.000593015807681, 0.000327700487105, 0.000405047030654, 0.000352753937477, 0.000425243459176, 0.000321778701618, 0.000201853006729, 0.000276182807283, 0.000232430815231, 0.000291563832434, 0.000204799885978, 0.000158252310939, 0.00021240208298, 0.000152176158736, 0.000472011684906, 0.00026706198696, 0.000212186307181, 0.000302503758576, 0.000271019875072, 0.000392553192796],
        "mean": [0.00378698133864, 0.00431228941306, 0.00112433556933, 0.000531731697265, 0.000407953659305, 0.000134792251629, 6.90030574333e-05, 0.000106584884634, 0.000123012228869, 0.000174828863237, 9.31533868425e-05, 9.07160210772e-05, 5.93953300267e-05, 4.49408325949e-05, 3.12579868478e-05, 2.80886179098e-05, 2.85861151497e-05, 2.32732163568e-05, 1.82495732588e-05, 8.85134522832e-06, 8.71651900525e-06, 6.44156216367e-06, 5.8549339883e-06, 5.50057256987e-06, 6.98049871062e-06, 6.17754176346e-06, 4.64996310257e-06, 5.71024111196e-06, 6.38075471215e-06, 6.14923828834e-06, 4.35782158092e-06, 4.33574905401e-06, 5.89342243984e-06, 5.22879781784e-06, 7.53591257308e-06, 7.34583090889e-06, 7.69295002101e-06, 6.10787083133e-06, 6.5180497586e-06, 5.40896417078e-06],
        "median": [0.000752109510358, 0.000444849749329, 0.00010454106814, 0.000173734501004, 0.000177398542291, 5.03824048792e-05, 2.73124678642e-05, 3.01199706882e-05, 2.97279311781e-05, 2.76943646895e-05, 2.52966656262e-05, 2.40721910814e-05, 1.54971203301e-05, 4.72787905892e-06, 4.55566851087e-06, 3.08013773065e-06, 3.04486002278e-06, 2.97787869386e-06, 1.64287473581e-06, 1.09434029127e-06, 8.21160938358e-07, 1.04061439288e-06, 6.02915577019e-07, 5.70369877551e-07, 1.01832358723e-06, 9.49521279381e-07, 8.00527971023e-07, 1.11550059501e-06, 1.04588832528e-06, 5.55149597403e-07, 3.44367720118e-07, 3.58818596169e-07, 3.94679716464e-07, 4.62044795313e-07, 4.65861603516e-07, 5.81905851504e-07, 1.57295994541e-06, 5.88850525673e-07, 5.12962287758e-07, 5.04084198383e-07],
        "min": [2.77959557576e-24, 6.8089684953e-24, 8.22945139467e-24, 9.87442911931e-24, 5.87620831691e-24, 6.54370415516e-24, 4.48287879876e-24, 4.17477536716e-24, 5.19475634596e-24, 6.93600350003e-24, 4.69635284275e-24, 1.0205730978e-23, 7.02511007244e-24, 1.77842727294e-23, 1.37971851209e-23, 1.05832048654e-23, 1.09536523688e-23, 9.1202339177e-24, 9.12446773418e-24, 5.23659673952e-24, 1.4813356296e-23, 1.48702520999e-23, 6.75240164637e-24, 1.01411327362e-23, 9.96899382032e-24, 1.12553711547e-23, 8.87015081125e-24, 9.22044607394e-24, 7.00415240477e-24, 1.3543702024e-23, 9.2329976398e-24, 7.89886424398e-24, 1.05563607177e-23, 1.10199939932e-23, 1.39971660936e-23, 1.28875496111e-23, 8.7218504831e-24, 1.11713992779e-23, 1.12387466999e-23, 8.18116995182e-24],
        "var": [4.07930529036e-05, 0.000156481561135, 1.8423595975e-05, 8.54216239077e-07, 3.7441387235e-07, 5.75993972518e-08, 2.27363319283e-08, 5.23818002307e-08, 7.1562659798e-08, 3.42895646099e-07, 3.69334642869e-08, 4.49809398617e-08, 1.69777951697e-08, 3.36957910463e-08, 1.09457110042e-08, 1.43271545738e-08, 1.19110579178e-08, 7.27143234514e-09, 4.83835904674e-09, 8.72766359183e-10, 1.18776499747e-09, 4.68238170459e-10, 5.83426751355e-10, 4.54991933019e-10, 6.36438179935e-10, 5.52633272477e-10, 2.39710029604e-10, 3.56690343928e-10, 3.98853367001e-10, 5.85109183326e-10, 2.56122095754e-10, 2.09765357861e-10, 4.23656471016e-10, 2.08109626754e-10, 1.07817887951e-09, 5.63579793944e-10, 3.32569749517e-10, 2.88742973975e-10, 3.50049850217e-10, 2.05202008163e-10]
    },
    "mfcc": {
        "mean": [-700.515686035, 101.033302307, 39.8282203674, 6.12302160263, 2.95314669609, 2.99718976021, 10.1984376907, 3.89959096909, 2.60555267334, 7.21288013458, -7.3922419548, -2.65365791321, -2.90210962296],
        "cov": [[13474.4707031, -190.57220459, 271.491333008, 239.532836914, 158.243484497, 209.934539795, 187.500045776, 268.619842529, 127.633415222, 284.071258545, 233.036010742, 22.759595871, -74.1235122681], [-190.57220459, 1777.51513672, -228.868438721, -1.3989289999, 79.276725769, -42.5219917297, 149.153915405, -49.3585929871, -99.7304534912, 91.1077346802, -23.2351131439, 55.4887580872, -32.6288757324], [271.491333008, -228.868438721, 915.435119629, 263.14175415, 179.930557251, 137.618255615, 61.3490142822, 113.092658997, 147.695495605, 23.0317516327, 87.2206268311, 84.0334472656, 23.7632369995], [239.532836914, -1.3989289999, 263.14175415, 534.749145508, 244.831451416, 70.7459182739, 42.146194458, 115.521308899, 149.963882446, 34.3991203308, 82.9647979736, 66.3778152466, -10.7110757828], [158.243484497, 79.276725769, 179.930557251, 244.831451416, 330.590026855, 64.8746032715, 29.5817718506, 82.5459442139, 115.012687683, 48.0649871826, 73.9395141602, 62.8788299561, -4.88249254227], [209.934539795, -42.5219917297, 137.618255615, 70.7459182739, 64.8746032715, 229.467147827, 105.72051239, 38.5870170593, 56.1860198975, 67.3412094116, 62.9186706543, 23.5425167084, 33.6650657654], [187.500045776, 149.153915405, 61.3490142822, 42.146194458, 29.5817718506, 105.72051239, 240.912246704, 49.4419212341, 16.933298111, 78.4169616699, 50.5215988159, 31.8837833405, 27.709192276], [268.619842529, -49.3585929871, 113.092658997, 115.521308899, 82.5459442139, 38.5870170593, 49.4419212341, 199.969223022, 100.744506836, 28.0036048889, 60.7556800842, 46.8240242004, 36.3797798157], [127.633415222, -99.7304534912, 147.695495605, 149.963882446, 115.012687683, 56.1860198975, 16.933298111, 100.744506836, 202.712341309, 42.8874168396, 33.3801574707, 26.4286003113, 31.910905838], [284.071258545, 91.1077346802, 23.0317516327, 34.3991203308, 48.0649871826, 67.3412094116, 78.4169616699, 28.0036048889, 42.8874168396, 183.549285889, 56.6743850708, 12.2345790863, 2.86859273911], [233.036010742, -23.2351131439, 87.2206268311, 82.9647979736, 73.9395141602, 62.9186706543, 50.5215988159, 60.7556800842, 33.3801574707, 56.6743850708, 160.384490967, 47.2019691467, 10.9573802948], [22.759595871, 55.4887580872, 84.0334472656, 66.3778152466, 62.8788299561, 23.5425167084, 31.8837833405, 46.8240242004, 26.4286003113, 12.2345790863, 47.2019691467, 132.463180542, 24.3378181458], [-74.1235122681, -32.6288757324, 23.7632369995, -10.7110757828, -4.88249254227, 33.6650657654, 27.709192276, 36.3797798157, 31.910905838, 2.86859273911, 10.9573802948, 24.3378181458, 117.736427307]],
