{
"lowlevel": {
    "average_loudness": 0.406255751848,
    "barkbands_crest": {
        "dmean": 2.1345846653,
        "dmean2": 3.36281108856,
        "dvar": 4.7255692482,
        "dvar2": 11.5610074997,
        "max": 26.8639717102,
        "mean": 12.393286705,
        "median": 11.5805454254,
        "min": 2.30672717094,
        "var": 23.9544315338
    },
    "barkbands_flatness_db": {
        "dmean": 0.0193946156651,
        "dmean2": 0.0292499624193,
        "dvar": 0.000472119951155,
        "dvar2": 0.00101512949914,
        "max": 0.508567214012,
        "mean": 0.179324388504,
        "median": 0.170331820846,
        "min": 0.0224049501121,
        "var": 0.00466049090028
    },
    "barkbands_kurtosis": {
        "dmean": 5.20121669769,
        "dmean2": 7.96202039719,
        "dvar": 146.628417969,
        "dvar2": 314.54107666,
        "max": 623.145141602,
        "mean": 12.3477401733,
        "median": 4.82367134094,
        "min": -1.95191657543,
        "var": 620.302062988
    },
    "barkbands_skewness": {
        "dmean": 0.568666756153,
        "dmean2": 0.841491401196,
        "dvar": 0.545698404312,
        "dvar2": 1.15922641754,
        "max": 22.013885498,
        "mean": 2.18784761429,
        "median": 1.90064120293,
        "min": -3.6275370121,
        "var": 3.90495419502
    },
    "barkbands_spread": {
        "dmean": 4.54557037354,
        "dmean2": 6.84301614761,
        "dvar": 58.824016571,
        "dvar2": 126.570022583,
        "max": 129.716064453,
        "mean": 18.6808719635,
        "median": 13.8593273163,
        "min": 0.273892492056,
        "var": 287.557403564
    },
    "dissonance": {
        "dmean": 0.0265199542046,
        "dmean2": 0.0442978963256,
        "dvar": 0.000591535295825,
        "dvar2": 0.00159108184744,
        "max": 0.499968975782,
        "mean": 0.434505075216,
        "median": 0.441635757685,
        "min": 0.188983753324,
        "var": 0.00178415328264
    },
    "dynamic_complexity": 5.5374007225,
    "erbbands_crest": {
        "dmean": 2.68520259857,
        "dmean2": 4.19841718674,
        "dvar": 6.81714391708,
        "dvar2": 16.0892047882,
        "max": 32.849571228,
        "mean": 11.9775085449,
        "median": 10.937333107,
        "min": 2.46280860901,
        "var": 30.3483028412
    },
    "erbbands_flatness_db": {
        "dmean": 0.0164418686181,
        "dmean2": 0.0239186733961,
        "dvar": 0.000304891902488,
        "dvar2": 0.000587322516367,
        "max": 0.442828178406,
        "mean": 0.174557000399,
        "median": 0.171698048711,
        "min": 0.0299905948341,
        "var": 0.00276365270838
    },
    "erbbands_kurtosis": {
        "dmean": 1.75244152546,
        "dmean2": 2.65969467163,
        "dvar": 12.0668439865,
        "dvar2": 24.0246582031,
        "max": 189.598236084,
        "mean": 3.22815966606,
        "median": 1.57607364655,
        "min": -1.9013607502,
        "var": 49.1789360046
    },
    "erbbands_skewness": {
        "dmean": 0.391018539667,
        "dmean2": 0.578859329224,
        "dvar": 0.17894884944,
        "dvar2": 0.360238283873,
        "max": 12.6255178452,
        "mean": 1.00985860825,
        "median": 0.963936984539,
        "min": -4.02220535278,
        "var": 1.60720419884
    },
    "erbbands_spread": {
        "dmean": 7.95847463608,
        "dmean2": 12.0144605637,
        "dvar": 115.104660034,
        "dvar2": 250.788711548,
        "max": 171.08493042,
        "mean": 36.1886482239,
        "median": 28.8712921143,
        "min": 1.36377203465,
        "var": 627.30090332
    },
    "hfc": {
        "dmean": 4.5279955864,
        "dmean2": 6.6735200882,
        "dvar": 78.6851577759,
        "dvar2": 183.965362549,
        "max": 148.428970337,
        "mean": 16.1338195801,
        "median": 7.99625349045,
        "min": 1.08361719036e-16,
        "var": 432.679260254
    },
    "melbands_crest": {
        "dmean": 2.43475985527,
        "dmean2": 3.81109261513,
        "dvar": 6.1735830307,
        "dvar2": 15.3011417389,
        "max": 35.2378120422,
        "mean": 16.1291446686,
        "median": 15.3808412552,
        "min": 1.58400452137,
        "var": 34.4827346802
    },
    "melbands_flatness_db": {
        "dmean": 0.0217149425298,
        "dmean2": 0.0321772247553,
        "dvar": 0.000672818685416,
        "dvar2": 0.00142260245048,
        "max": 0.602561175823,
        "mean": 0.25213265419,
        "median": 0.244464367628,
        "min": 0.00309044239111,
        "var": 0.00762958917767
    },
    "melbands_kurtosis": {
        "dmean": 11.1239795685,
        "dmean2": 17.2976322174,
        "dvar": 646.287902832,
        "dvar2": 1513.34240723,
        "max": 734.34765625,
        "mean": 27.7850112915,
        "median": 12.6976032257,
        "min": -1.90978324413,
        "var": 2351.31616211
    },
    "melbands_skewness": {
        "dmean": 0.741339087486,
        "dmean2": 1.12339985371,
        "dvar": 1.01358687878,
        "dvar2": 2.28423762321,
        "max": 20.2017192841,
        "mean": 3.25298595428,
        "median": 2.71336817741,
        "min": -1.71897816658,
        "var": 6.02116394043
    },
    "melbands_spread": {
        "dmean": 4.98918008804,
        "dmean2": 7.29465198517,
        "dvar": 104.71710968,
        "dvar2": 197.988357544,
        "max": 271.1925354,
        "mean": 19.9150714874,
        "median": 11.2529764175,
        "min": 0.358663350344,
        "var": 648.763977051
    },
    "pitch_salience": {
        "dmean": 0.0567213483155,
        "dmean2": 0.0903536602855,
        "dvar": 0.00315870065242,
        "dvar2": 0.00784623529762,
        "max": 0.843909561634,
        "mean": 0.484894663095,
        "median": 0.478141129017,
        "min": 0.0491081029177,
        "var": 0.0162260755897
    },
    "silence_rate_20dB": {
        "dmean": 0,
        "dmean2": 0,
        "dvar": 0,
        "dvar2": 0,
        "max": 1,
        "mean": 1,
        "median": 1,
        "min": 1,
        "var": 0
    },
    "silence_rate_30dB": {
        "dmean": 0.00957786478102,
        "dmean2": 0.0191574282944,
        "dvar": 0.00948601029813,
        "dvar2": 0.0232245679945,
        "max": 1,
        "mean": 0.991575777531,
        "median": 1,
        "min": 0,
        "var": 0.00835297908634
    },
    "silence_rate_60dB": {
        "dmean": 0.022348349914,
        "dmean2": 0.0447006635368,
        "dvar": 0.0218515060842,
        "dvar2": 0.0497969724238,
        "max": 1,
        "mean": 0.208743453026,
        "median": 0,
        "min": 0,
        "var": 0.165175721049
    },
    "spectral_centroid": {
        "dmean": 176.004196167,
        "dmean2": 260.83203125,
        "dvar": 91917.25,
        "dvar2": 184680.3125,
        "max": 11831.6025391,
        "mean": 1088.76318359,
        "median": 734.498779297,
        "min": 155.109481812,
        "var": 1488386.625
    },
    "spectral_complexity": {
        "dmean": 1.81695640087,
        "dmean2": 2.94811534882,
        "dvar": 7.69012498856,
        "dvar2": 18.3288898468,
        "max": 52,
        "mean": 10.2876653671,
        "median": 9,
        "min": 0,
        "var": 55.2120361328
    },
    "spectral_decrease": {
        "dmean": 1.40339262433e-09,
        "dmean2": 2.19281104386e-09,
        "dvar": 1.61679696826e-17,
        "dvar2": 4.21449051491e-17,
        "max": 2.63889043198e-28,
        "mean": -5.35284616632e-09,
        "median": -3.77314357536e-09,
        "min": -8.8478628868e-08,
        "var": 3.52368716995e-17
    },
    "spectral_energy": {
        "dmean": 0.00559756392613,
        "dmean2": 0.00870698783547,
        "dvar": 0.00024015364761,
        "dvar2": 0.000624712964054,
        "max": 0.341110497713,
        "mean": 0.021666271612,
        "median": 0.015246078372,
        "min": 1.00400048513e-20,
        "var": 0.000561620108783
    },
    "spectral_energyband_high": {
        "dmean": 0.000303409877233,
        "dmean2": 0.000462204421638,
        "dvar": 6.03473040428e-07,
        "dvar2": 1.36854316679e-06,
        "max": 0.0215495824814,
        "mean": 0.000694325368386,
        "median": 0.000189827027498,
        "min": 6.91301656657e-21,
        "var": 1.71771512214e-06
    },
    "spectral_energyband_low": {
        "dmean": 0.00288530974649,
        "dmean2": 0.00476670451462,
        "dvar": 0.0002168884821,
        "dvar2": 0.000576984428335,
        "max": 0.305354744196,
        "mean": 0.00788302347064,
        "median": 0.00287041277625,
        "min": 1.28730606029e-23,
        "var": 0.000251510064118
    },
    "spectral_energyband_middle_high": {
        "dmean": 0.00137621641625,
        "dmean2": 0.0019853413105,
        "dvar": 1.13504120236e-05,
        "dvar2": 2.46509844146e-05,
        "max": 0.107396252453,
        "mean": 0.00478093046695,
        "median": 0.000772329571191,
        "min": 1.19449555558e-21,
        "var": 9.27718501771e-05
    },
    "spectral_energyband_middle_low": {
        "dmean": 0.00267807673663,
        "dmean2": 0.00401240354404,
        "dvar": 1.70131916093e-05,
        "dvar2": 3.69712361135e-05,
        "max": 0.0889920294285,
        "mean": 0.00895345211029,
        "median": 0.00585330044851,
        "min": 1.28659793141e-22,
        "var": 8.89530274435e-05
    },
    "spectral_entropy": {
        "dmean": 0.184937626123,
        "dmean2": 0.273895889521,
        "dvar": 0.0441863238811,
        "dvar2": 0.0848238617182,
        "max": 9.82026576996,
        "mean": 7.09599542618,
        "median": 7.11372184753,
        "min": 3.530138731,
        "var": 0.481012165546
    },
    "spectral_flux": {
        "dmean": 0.0181361064315,
        "dmean2": 0.0292123425752,
        "dvar": 0.000898061785847,
        "dvar2": 0.0019724261947,
        "max": 0.463620811701,
        "mean": 0.0544787235558,
        "median": 0.0416956022382,
        "min": 6.3595177735e-11,
        "var": 0.00240024342202
    },
    "spectral_kurtosis": {
        "dmean": 1.82152831554,
        "dmean2": 2.96416950226,
        "dvar": 7.18371486664,
        "dvar2": 19.0099334717,
        "max": 74.3293304443,
        "mean": 5.85722732544,
        "median": 3.91892385483,
        "min": -1.53131139278,
        "var": 45.6399154663
    },
    "spectral_rms": {
        "dmean": 0.000493318017107,
        "dmean2": 0.000741483119782,
        "dvar": 7.74285354055e-07,
        "dvar2": 1.8569741087e-06,
        "max": 0.0182425528765,
        "mean": 0.00395322032273,
        "median": 0.00385671132244,
        "min": 3.12971675485e-12,
        "var": 5.50982440473e-06
    },
    "spectral_rolloff": {
        "dmean": 361.516265869,
        "dmean2": 606.204284668,
        "dvar": 1066487.25,
        "dvar2": 2266388.25,
        "max": 19896.6796875,
        "mean": 1392.66540527,
        "median": 624.462890625,
        "min": 21.533203125,
        "var": 6135381.5
    },
    "spectral_skewness": {
        "dmean": 0.230680257082,
        "dmean2": 0.359607696533,
        "dvar": 0.0647009909153,
        "dvar2": 0.151381522417,
        "max": 7.34695768356,
        "mean": 1.85988938808,
        "median": 1.69094395638,
        "min": -0.232024312019,
        "var": 0.775148868561
    },
    "spectral_spread": {
        "dmean": 621064.3125,
        "dmean2": 902149,
        "dvar": 859474427904,
        "dvar2": 1.54940997632e+12,
        "max": 43138340,
        "mean": 5727510,
        "median": 4751677,
        "min": 1103181.375,
        "var": 1.78576750019e+13
    },
    "spectral_strongpeak": {
        "dmean": 0.424083709717,
        "dmean2": 0.712638616562,
        "dvar": 0.94176697731,
        "dvar2": 2.3200314045,
        "max": 13.7475566864,
        "mean": 1.02032756805,
        "median": 0.401183456182,
        "min": 0,
        "var": 2.45684599876
    },
    "zerocrossingrate": {
        "dmean": 0.0094060394913,
        "dmean2": 0.0110245458782,
        "dvar": 0.00024045885948,
        "dvar2": 0.000285595335299,
        "max": 0.52587890625,
        "mean": 0.0572219118476,
        "median": 0.0419921875,
        "min": 0.00390625,
        "var": 0.00412361742929
    },
    "barkbands": {
        "dmean": [0.000108941087092, 0.00219649658538, 0.000803057220764, 0.000391123554436, 0.00111537449993, 0.00103105290327, 0.000359022349585, 0.000318352540489, 0.000512313505169, 0.000539757951628, 0.000371435133275, 0.00022874296701, 0.000335105025442, 0.00021288091375, 0.00028991617728, 0.000143320008647, 0.000101221659861, 9.77723684628e-05, 0.000129221851239, 9.46174186538e-05, 6.6843800596e-05, 6.28086927463e-05, 5.74002151552e-05, 5.72022981942e-05, 5.01793183503e-05, 4.00577482651e-05, 2.80774497696e-06],
        "dmean2": [0.00018101160822, 0.00369051843882, 0.0013467654353, 0.000662564241793, 0.00171525136102, 0.00152576738037, 0.000522747694049, 0.000451540458016, 0.00077502586646, 0.000772443716414, 0.000539329368621, 0.000348108733306, 0.000507223012391, 0.00031759365811, 0.000457354530226, 0.000221371345106, 0.000161772361025, 0.000154378489242, 0.000204419644433, 0.000147004742757, 0.000107056148408, 9.7333388112e-05, 8.55835678522e-05, 8.6291176558e-05, 7.79132751632e-05, 6.81848468957e-05, 4.77033245261e-06],
        "dvar": [1.90218159446e-07, 0.000133287219796, 1.73760126927e-05, 1.39769133511e-06, 5.73097531742e-06, 5.71038435737e-06, 1.16320609322e-06, 1.334207127e-06, 2.97860219689e-06, 4.61733316115e-06, 2.37109793488e-06, 1.02477179098e-06, 1.88497347153e-06, 8.37918776142e-07, 1.56300870913e-06, 5.91675473061e-07, 1.62034709206e-07, 1.06481806483e-07, 2.36595539604e-07, 8.92726816915e-08, 4.33182343329e-08, 3.38036763026e-08, 2.59314578699e-08, 1.99416287927e-08, 2.69349502702e-08, 2.22850502496e-08, 8.48601466874e-11],
        "dvar2": [4.81632696392e-07, 0.000362666789442, 4.93722000101e-05, 3.8656671677e-06, 1.27599851112e-05, 1.17618546938e-05, 2.25953158406e-06, 2.71321050604e-06, 6.47384331387e-06, 8.87495934876e-06, 4.57845953861e-06, 2.2668280053e-06, 4.34574667452e-06, 1.66606412222e-06, 3.85901739719e-06, 1.31676335968e-06, 4.06831588862e-07, 2.68647966095e-07, 5.90230968101e-07, 2.05406067266e-07, 1.08059914794e-07, 7.19270047966e-08, 5.27624948177e-08, 4.23602415367e-08, 6.19687980929e-08, 5.98571006094e-08, 2.25866172987e-10],
        "max": [0.0115891546011, 0.248119056225, 0.0912671536207, 0.0315616577864, 0.0717703402042, 0.0669623911381, 0.0316292494535, 0.0410583540797, 0.0570301935077, 0.102068215609, 0.0658575445414, 0.0380408540368, 0.0416268594563, 0.0302243940532, 0.0444115698338, 0.0465801730752, 0.0153847662732, 0.0139254806563, 0.0172771569341, 0.00984093174338, 0.00820867903531, 0.00687920674682, 0.00670027779415, 0.00342951412313, 0.00522151309997, 0.00200721970759, 0.000202518203878],
        "mean": [0.000161674324772, 0.00536210974678, 0.00195240578614, 0.00073873664951, 0.00278971181251, 0.00257588364184, 0.000741939002182, 0.00064861564897, 0.000983752892353, 0.00132970558479, 0.000821310386527, 0.000370766443666, 0.000666144071147, 0.000388810498407, 0.000448552134912, 0.000254032027442, 0.000201282527996, 0.000173174528754, 0.000243646965828, 0.000198370660655, 0.000125362654217, 0.00013054246665, 0.000115790084237, 0.00012009904458, 7.97273823991e-05, 4.11496803281e-05, 2.98335498883e-06],
        "median": [2.21803202294e-05, 0.00120511010755, 0.000535807048436, 0.000197957371711, 0.000977585790679, 0.000640812097117, 0.000156871363288, 0.000142960838275, 0.000108830958197, 8.74284160091e-05, 5.24099959875e-05, 3.22216692439e-05, 3.18820239045e-05, 2.26682823268e-05, 2.63074307441e-05, 1.66652316693e-05, 1.82170406333e-05, 1.85994958883e-05, 2.42486858042e-05, 1.74814958882e-05, 1.41690634337e-05, 1.48772805915e-05, 2.48124997597e-05, 2.66262995865e-05, 1.01905316114e-05, 6.04823753747e-06, 1.98804173124e-07],
        "min": [6.86520550176e-25, 1.84898011296e-24, 5.30965659921e-25, 3.85245695787e-25, 3.45157569382e-24, 6.06120329893e-24, 5.02989940513e-24, 4.33675730443e-24, 7.02472274174e-24, 9.70500388497e-24, 2.28229355903e-23, 1.73054010277e-23, 2.89514918333e-23, 2.1724672394e-23, 4.48463480314e-23, 5.52827790145e-23, 5.53420382457e-23, 1.0732932243e-22, 1.49170113568e-22, 1.80444674549e-22, 2.38305690815e-22, 3.40466762626e-22, 4.24663944389e-22, 5.60189389625e-22, 7.62819761081e-22, 1.28829745334e-21, 1.88634055438e-21],
        "var": [2.30337832363e-07, 0.000139397874591, 1.96575656446e-05, 2.6250747851e-06, 2.54987317021e-05, 2.70822511084e-05, 3.7315874124e-06, 3.46903107129e-06, 8.00951511337e-06, 2.83865119854e-05, 1.14688027679e-05, 2.16861258195e-06, 6.91095283401e-06, 2.76799369203e-06, 2.96442453873e-06, 1.33784112677e-06, 4.78566903439e-07, 2.09671227935e-07, 5.42602492715e-07, 3.16321802529e-07, 9.64450421748e-08, 1.14368305049e-07, 8.38666238678e-08, 6.42229238679e-08, 6.31086791714e-08, 1.69474887457e-08, 8.5050425036e-11]
    },
    "erbbands": {
        "dmean": [0.0580548197031, 0.534581422806, 1.00836753845, 1.08216404915, 1.83815097809, 4.48305177689, 6.51642227173, 10.047296524, 5.78591156006, 5.24253463745, 6.38619709015, 12.6161403656, 14.8084154129, 15.1493091583, 14.0210676193, 8.27895355225, 14.394317627, 11.6895189285, 14.2244300842, 10.7474241257, 4.93665885925, 4.4080414772, 5.43957662582, 6.42232179642, 5.34499788284, 4.88291835785, 3.02167797089, 2.54164505005, 2.12866592407, 1.85778939724, 1.64145040512, 1.22208487988, 1.00967097282, 0.668051898479, 0.304174214602, 0.160689383745, 0.0798302963376, 0.0137263378128, 0.000295676058158, 1.39543890327e-05],
        "dmean2": [0.0956325009465, 0.917201697826, 1.7141572237, 1.80583620071, 3.09096550941, 6.73517036438, 9.60421276093, 14.6694126129, 8.35746669769, 7.45512676239, 9.05908584595, 18.8583583832, 21.1688766479, 21.4899120331, 20.1628093719, 12.2545166016, 21.5852279663, 17.1942443848, 21.7772216797, 16.6702232361, 7.44836044312, 6.85868883133, 8.71311569214, 10.0723676682, 8.40229988098, 7.56062555313, 4.91610908508, 4.01078367233, 3.31594991684, 2.8444314003, 2.45623397827, 1.85077989101, 1.53444135189, 1.03956460953, 0.474472999573, 0.269402831793, 0.136797130108, 0.0234051086009, 0.000501495727804, 2.24912491831e-05],
        "dvar": [0.0836581066251, 8.45707035065, 29.0622234344, 15.7179546356, 14.6958236694, 121.57950592, 273.3046875, 625.402832031, 282.176269531, 252.264892578, 684.183227539, 1451.43225098, 3414.9230957, 5010.0625, 2076.03320312, 1314.17749023, 3681.96923828, 2369.51318359, 2789.62158203, 3238.33496094, 398.495605469, 309.939453125, 373.480529785, 638.421813965, 430.599914551, 280.570800781, 86.4573974609, 65.855255127, 42.213432312, 32.1923751831, 21.2171459198, 9.01760101318, 6.92583656311, 5.30900478363, 1.02750575542, 0.338788896799, 0.0883359164, 0.0023366084788, 1.04275670765e-06, 1.54539203656e-09],
        "dvar2": [0.213227853179, 24.0503826141, 82.776184082, 42.5546073914, 41.5129585266, 260.654174805, 567.423828125, 1215.32617188, 562.619995117, 505.45791626, 1505.51330566, 3136.88916016, 6314.78222656, 9696.40625, 3967.15917969, 2879.03979492, 8479.84570312, 4942.77587891, 6633.5, 7505.08984375, 906.295715332, 755.620239258, 982.788452148, 1562.65759277, 1068.03845215, 628.112182617, 223.373016357, 164.967422485, 90.6487503052, 68.1912612915, 43.2772331238, 19.852230072, 14.5037679672, 12.642914772, 2.30578660965, 0.897813379765, 0.237529605627, 0.00626686168835, 2.77936260318e-06, 4.09847444871e-09],
        "max": [8.77926826477, 55.7833251953, 118.304862976, 79.551361084, 98.9701385498, 361.053283691, 792.412109375, 793.425537109, 570.054260254, 557.810424805, 1221.21655273, 1097.89782715, 2918.52294922, 3554.85229492, 1732.33703613, 1493.6986084, 2232.31054688, 1748.99169922, 2654.16430664, 2065.25024414, 969.041931152, 629.638122559, 871.442321777, 1307.13830566, 875.550170898, 505.506469727, 210.45916748, 403.248138428, 261.857879639, 248.667709351, 162.241470337, 86.7463531494, 83.5740585327, 84.408706665, 36.915813446, 9.78119945526, 4.00835371017, 0.626507878304, 0.0154178366065, 0.000586684036534],
        "mean": [0.141341179609, 1.23506271839, 2.49040055275, 2.43075990677, 3.95980620384, 11.0679235458, 17.0374641418, 23.2170715332, 12.8325738907, 11.8066711426, 12.7607421875, 25.9862327576, 33.6987228394, 39.847694397, 32.8876419067, 17.5353622437, 30.4043159485, 22.7948589325, 25.6842708588, 18.4205150604, 10.8321828842, 9.36924266815, 10.8377933502, 11.8080091476, 11.7872476578, 10.1401510239, 5.50013208389, 5.21126270294, 4.39697980881, 3.65818881989, 3.39489293098, 2.50915718079, 2.02963709831, 1.12125372887, 0.435143619776, 0.178802281618, 0.077108964324, 0.0144112128764, 0.00033238355536, 3.57788012479e-05],
        "median": [0.0136877736077, 0.309743583202, 0.802298426628, 0.862828075886, 1.50041484833, 3.35214281082, 4.75761175156, 5.37626886368, 3.67056488991, 3.27690076828, 3.25490641594, 3.92118430138, 3.78441023827, 2.99922037125, 2.80610632896, 1.74960505962, 1.78252732754, 1.8127682209, 2.04947781563, 1.337906003, 1.03810083866, 1.03334510326, 1.25006592274, 1.37778162956, 0.991315722466, 0.83455491066, 0.722065508366, 0.556665360928, 0.512890338898, 0.693389058113, 0.725302934647, 0.530537068844, 0.423119276762, 0.159606710076, 0.0520557165146, 0.0257326327264, 0.00968202482909, 0.00153708574362, 5.07971017214e-05, 2.37661206484e-05],
        "min": [7.28009500279e-23, 4.19464454878e-22, 2.46996494415e-21, 2.8623256277e-21, 1.47240620883e-20, 9.52660276406e-21, 3.9205042619e-20, 7.05433714305e-20, 1.09262261263e-19, 1.48590783206e-19, 2.11233209769e-19, 1.97096977444e-19, 5.04882508171e-19, 6.95290748086e-19, 1.14693803168e-18, 9.33865921864e-19, 1.77862484622e-18, 1.94511624439e-18, 2.52971931808e-18, 2.51663766348e-18, 3.49636837217e-18, 3.37288747071e-18, 5.55883776404e-18, 5.77208616673e-18, 7.18377493399e-18, 7.8929350711e-18, 8.66726215124e-18, 9.47629855705e-18, 1.06698573152e-17, 1.16291386716e-17, 1.2302439702e-17, 1.06827662959e-17, 9.84074027287e-18, 7.68922695601e-18, 5.73215774497e-18, 4.00002417149e-18, 2.37941936e-18, 8.9008376903e-19, 2.27753971156e-19, 2.76966920141e-20],
        "var": [0.110924690962, 7.66990184784, 29.4470806122, 22.8778476715, 44.3868179321, 568.416748047, 1651.90405273, 2609.56860352, 941.809448242, 916.517578125, 1448.00439453, 4808.21923828, 15225.1826172, 33962.296875, 9727.75195312, 3765.00488281, 13819.8798828, 7471.04785156, 7494.09521484, 6525.28027344, 1303.39892578, 915.466552734, 832.421386719, 1138.79394531, 1410.3729248, 968.63067627, 164.104156494, 172.177841187, 134.323410034, 89.8667449951, 71.2528152466, 28.1199016571, 21.611289978, 12.0324583054, 2.13249397278, 0.303026080132, 0.0646675229073, 0.00194009474944, 9.16153851449e-07, 2.03860328618e-09]
    },
    "gfcc": {
        "mean": [-75.3686447144, 94.2433242798, -92.8323822021, 25.711473465, -66.7455978394, 13.967382431, -40.1777458191, 4.72993612289, -24.5333385468, -0.157880648971, -11.0064373016, 0.995795190334, -8.74949741364],
        "cov": [[26746.2304688, -1745.42126465, -2428.15136719, 934.307800293, -197.325210571, 784.496337891, -76.2621841431, 733.478820801, -241.252212524, 607.403564453, -246.469985962, 376.351928711, -456.996368408], [-1745.42126465, 2352.13720703, -196.144485474, -39.3612136841, 207.369369507, -88.1366271973, 306.519622803, -179.055389404, 242.220535278, -207.672332764, 138.963943481, -131.444000244, 150.675186157], [-2428.15136719, -196.144485474, 1300.26489258, -8.33601856232, -10.1649274826, 40.0145568848, -161.016723633, -30.5328826904, -130.746246338, -1.48860549927, -115.845245361, -32.5600585938, -113.207290649], [934.307800293, -39.3612136841, -8.33601856232, 582.042419434, 259.926086426, 90.7281951904, 124.348342896, 75.8146743774, 119.129570007, 90.5921783447, -31.3365478516, 33.6019477844, 16.6369590759], [-197.325210571, 207.369369507, -10.1649274826, 259.926086426, 552.745544434, 167.823760986, 240.483001709, 91.9823760986, 135.10118103, 93.9395141602, 1.58995616436, 15.8306570053, -11.1323575974], [784.496337891, -88.1366271973, 40.0145568848, 90.7281951904, 167.823760986, 292.291778564, 155.186737061, 76.5142211914, 8.58508205414, 66.3821411133, -2.39227080345, -6.59990596771, -65.8517456055], [-76.2621841431, 306.519622803, -161.016723633, 124.348342896, 240.483001709, 155.186737061, 387.921173096, 56.4808158875, 99.7568817139, 40.8335227966, 46.1564369202, 3.75606489182, 11.1759252548], [733.478820801, -179.055389404, -30.5328826904, 75.8146743774, 91.9823760986, 76.5142211914, 56.4808158875, 198.130630493, 50.3815841675, 67.6917037964, 19.2583045959, 35.7565994263, -2.89302039146], [-241.252212524, 242.220535278, -130.746246338, 119.129570007, 135.10118103, 8.58508205414, 99.7568817139, 50.3815841675, 203.357025146, 34.4956169128, 38.0200996399, 22.1356678009, 59.344078064], [607.403564453, -207.672332764, -1.48860549927, 90.5921783447, 93.9395141602, 66.3821411133, 40.8335227966, 67.6917037964, 34.4956169128, 162.045333862, 2.80173063278, 43.2639274597, -15.4226827621], [-246.469985962, 138.963943481, -115.845245361, -31.3365478516, 1.58995616436, -2.39227080345, 46.1564369202, 19.2583045959, 38.0200996399, 2.80173063278, 155.202774048, 13.591547966, 44.7929801941], [376.351928711, -131.444000244, -32.5600585938, 33.6019477844, 15.8306570053, -6.59990596771, 3.75606489182, 35.7565994263, 22.1356678009, 43.2639274597, 13.591547966, 124.960380554, 27.4595985413], [-456.996368408, 150.675186157, -113.207290649, 16.6369590759, -11.1323575974, -65.8517456055, 11.1759252548, -2.89302039146, 59.344078064, -15.4226827621, 44.7929801941, 27.4595985413, 169.4793396]],
        "icov": [[0.000112176385301, -0.000109606909973, 0.000308340910124, -0.000245378731051, 0.000228799675824, -0.000355912547093, 0.000266973656835, -0.000379614008125, 0.000375549250748, -0.000287278060568, 0.000269684504019, -0.000317453435855, 0.000305144523736], [-0.000109606909973, 0.000952364644036, -0.00037853961112, 0.000410665030358, -0.000522309797816, 0.000628408102784, -0.000850720331073, 0.00111086689867, -0.00129147840198, 0.00117433397099, -0.00072449905565, 0.00095268903533, -0.000554284488317], [0.000308340910124, -0.00037853961112, 0.00177879782859, -0.000729201768991, 0.000461481307866, -0.00120472616982, 0.00122816010844, -0.00105363840703, 0.00148523366079, -0.000858307816088, 0.00115302659106, -0.000864006055053, 0.00112805690151], [-0.000245378731051, 0.000410665030358, -0.000729201768991, 0.00300643616356, -0.00130755710416, 0.000673329806887, -0.000764519034419, 0.00083358498523, -0.00182470527943, 0.000204004172701, 0.000144834193634, 0.000625983229838, -0.00105079868808], [0.000228799675824, -0.000522309797816, 0.000461481307866, -0.00130755710416, 0.00394308613613, -0.00154248205945, -0.000518821063451, -0.00122874253429, -0.000177603520569, -0.0014862481039, 0.0010097558843, -0.000758234935347, 0.000973743735813], [-0.000355912547093, 0.000628408102784, -0.00120472616982, 0.000673329806887, -0.00154248205945, 0.00714814383537, -0.00302041228861, 9.49805544224e-05, -0.000344420957845, 8.40272332425e-05, -0.00113777723163, 0.00189628486987, 0.000609414884821], [0.000266973656835, -0.000850720331073, 0.00122816010844, -0.000764519034419, -0.000518821063451, -0.00302041228861, 0.00566556723788, -0.0011596448021, 0.000598945596721, -0.000842404668219, 0.000149691884872, -0.00107220222708, 0.000618349760771], [-0.000379614008125, 0.00111086689867, -0.00105363840703, 0.00083358498523, -0.00122874253429, 9.49805544224e-05, -0.0011596448021, 0.00865088123828, -0.00311346305534, 0.000191870989511, -0.0018991768593, 0.000462668976979, -0.0010818853043], [0.000375549250748, -0.00129147840198, 0.00148523366079, -0.00182470527943, -0.000177603520569, -0.000344420957845, 0.000598945596721, -0.00311346305534, 0.0101906089112, -0.0024340134114, 0.00055487890495, -0.00163042463828, -0.000578353297897], [-0.000287278060568, 0.00117433397099, -0.000858307816088, 0.000204004172701, -0.0014862481039, 8.40272332425e-05, -0.000842404668219, 0.000191870989511, -0.0024340134114, 0.0103924684227, -0.00133685010951, -0.00101385847665, -0.00010258135444], [0.000269684504019, -0.00072449905565, 0.00115302659106, 0.000144834193634, 0.0010097558843, -0.00113777723163, 0.000149691884872, -0.0018991768593, 0.00055487890495, -0.00133685010951, 0.00878669787198, -0.00139870250132, -0.000702397373971], [-0.000317453435855, 0.00095268903533, -0.000864006055053, 0.000625983229838, -0.000758234935347, 0.00189628486987, -0.00107220222708, 0.000462668976979, -0.00163042463828, -0.00101385847665, -0.00139870250132, 0.0110071115196, -0.00251106126234], [0.000305144523736, -0.000554284488317, 0.00112805690151, -0.00105079868808, 0.000973743735813, 0.000609414884821, 0.000618349760771, -0.0010818853043, -0.000578353297897, -0.00010258135444, -0.000702397373971, -0.00251106126234, 0.00909986253828]]
    },
    "melbands": {
        "dmean": [0.00055881269509, 0.000593416509219, 0.000197180896066, 0.000217180146137, 0.000230658915825, 0.000209947582334, 8.45214381116e-05, 6.05330351391e-05, 5.41078588867e-05, 8.42835215735e-05, 7.55565924919e-05, 6.34014286334e-05, 4.66059900646e-05, 3.00229585264e-05, 2.44204711635e-05, 3.57482131221e-05, 2.26399824896e-05, 2.39130513364e-05, 1.83515530807e-05, 1.38934910865e-05, 4.97189375892e-06, 4.50489187642e-06, 7.30279680283e-06, 4.14535361415e-06, 5.94039101998e-06, 4.57386204289e-06, 3.58391662303e-06, 3.38378276865e-06, 2.21934305955e-06, 1.53012683768e-06, 1.72860291059e-06, 1.4271317923e-06, 1.0335635352e-06, 1.10450207558e-06, 1.05809283468e-06, 8.49733794439e-07, 7.78391552103e-07, 7.87074611708e-07, 6.59641727907e-07, 5.73972499751e-07],
        "dmean2": [0.000921432685573, 0.00101343530696, 0.000333082483849, 0.000339584308676, 0.000339946069289, 0.00030853759381, 0.000121697914437, 8.61826702021e-05, 7.7336524555e-05, 0.000125979189761, 0.000108269770863, 9.03140462469e-05, 6.68946886435e-05, 4.38740789832e-05, 3.62078135367e-05, 5.41985791642e-05, 3.33779316861e-05, 3.6589204683e-05, 2.89981780952e-05, 2.0922978365e-05, 7.52814730731e-06, 6.83305779603e-06, 1.18997968457e-05, 6.45620002615e-06, 9.42645783653e-06, 7.28178110876e-06, 5.52526626052e-06, 5.26929943589e-06, 3.66320432477e-06, 2.45157502832e-06, 2.74595345218e-06, 2.23762458518e-06, 1.59662374699e-06, 1.71247847902e-06, 1.60171077823e-06, 1.28350131945e-06, 1.20617562516e-06, 1.21254572605e-06, 1.01209479908e-06, 9.09841958219e-07],
        "dvar": [8.15768999018e-06, 1.02932344817e-05, 3.90743679191e-07, 2.29466408541e-07, 2.98345469218e-07, 2.55128355775e-07, 5.64709701223e-08, 3.62132084319e-08, 5.56802532969e-08, 6.4701367819e-08, 8.84260984435e-08, 8.87209239409e-08, 2.87102750463e-08, 1.14835598808e-08, 1.38274582895e-08, 2.35163160056e-08, 1.05546478224e-08, 7.17471060341e-09, 8.89133033866e-09, 6.37484731669e-09, 3.3031491431e-10, 3.22573301403e-10, 1.17594489701e-09, 1.77677136892e-10, 6.28944674119e-10, 3.33957445031e-10, 1.69765659863e-10, 1.3122083975e-10, 4.58898787026e-11, 2.60737542668e-11, 2.95254758143e-11, 1.78893202335e-11, 1.16618208146e-11, 1.16526501989e-11, 9.65356961036e-12, 4.61402313925e-12, 3.94699897766e-12, 4.22460634183e-12, 3.50095711969e-12, 4.91857552951e-12],
        "dvar2": [2.14747396967e-05, 2.92665627057e-05, 1.07126174953e-06, 5.21359766026e-07, 6.3215964019e-07, 5.06829451297e-07, 1.11781126577e-07, 7.17324084576e-08, 1.27194425659e-07, 1.36490072578e-07, 1.64348236353e-07, 1.70747128436e-07, 5.56049926104e-08, 2.43588473836e-08, 3.00960358857e-08, 5.63762299066e-08, 2.14764011019e-08, 1.66125566636e-08, 2.14369642038e-08, 1.41152094457e-08, 7.04082958602e-10, 6.84609535728e-10, 3.27672444733e-09, 4.06663203112e-10, 1.55693458126e-09, 8.28522139784e-10, 3.94810684146e-10, 2.99502922463e-10, 1.21031656919e-10, 6.26087098832e-11, 7.31784355334e-11, 4.06477872195e-11, 2.43562930241e-11, 2.59928571722e-11, 1.99403844131e-11, 9.9518700572e-12, 8.99792219899e-12, 9.04002480512e-12, 7.6094590698e-12, 1.240095613e-11],
        "max": [0.0758950784802, 0.0702925696969, 0.0117233851925, 0.014360498637, 0.0219557713717, 0.0156144844368, 0.00737796491012, 0.00706622982398, 0.0108666913584, 0.00762524735183, 0.0143556399271, 0.016107680276, 0.00661535561085, 0.00384339364246, 0.00657464470714, 0.00499533629045, 0.00376428547315, 0.00382719025947, 0.0034441028256, 0.00496806949377, 0.000842447101604, 0.000776253291406, 0.00200092815794, 0.000510199752171, 0.00134026864544, 0.000614672084339, 0.000525679730345, 0.000331741757691, 0.000140744581586, 0.000236625448451, 0.000204142503208, 0.00013838976156, 0.000173008200363, 0.000134668574901, 0.000119444317534, 5.44840368093e-05, 5.58066058147e-05, 5.8069388615e-05, 4.99441630382e-05, 8.49760472192e-05],
        "mean": [0.00139193912037, 0.00146817485802, 0.000444477715064, 0.000536050414667, 0.00060108496109, 0.000497117289342, 0.000184259202797, 0.000132613917231, 0.000101200632344, 0.000168178739841, 0.000167278150911, 0.000162435157108, 0.00010619519162, 5.68252398807e-05, 5.1112856454e-05, 6.38292840449e-05, 4.07411207561e-05, 4.06281433243e-05, 2.79477408185e-05, 2.40028493863e-05, 9.99930125545e-06, 8.52811808727e-06, 1.35956415761e-05, 7.31984755475e-06, 9.73749956756e-06, 9.12172436074e-06, 7.62357376516e-06, 6.20951414021e-06, 3.66514973393e-06, 2.65407106781e-06, 3.34371316058e-06, 2.7553437576e-06, 1.9556218831e-06, 1.99756095753e-06, 2.05357559935e-06, 1.6607756379e-06, 1.45421915931e-06, 1.50246830799e-06, 1.190431135e-06, 8.64866365191e-07],
        "median": [0.000229179509915, 0.000516381696798, 0.000178469985258, 0.000176513567567, 0.000194295920664, 0.000118093113997, 4.69833576062e-05, 3.41268205375e-05, 2.06126551348e-05, 2.0044932171e-05, 1.52910997713e-05, 8.83287975739e-06, 7.5080743045e-06, 5.4305651247e-06, 2.64797358795e-06, 3.28318151332e-06, 2.31779972637e-06, 2.91502851724e-06, 1.62845753948e-06, 1.30821422317e-06, 9.36160006404e-07, 8.82329288743e-07, 1.07920209302e-06, 8.38477376419e-07, 1.01632213045e-06, 7.42645909213e-07, 4.95556434998e-07, 5.32325259428e-07, 4.17468072555e-07, 3.02233729599e-07, 2.69701473599e-07, 2.6512225304e-07, 2.52660299793e-07, 3.78346726393e-07, 4.08928201523e-07, 3.19300056617e-07, 2.73549204621e-07, 2.92825461656e-07, 1.90823200796e-07, 9.60411554729e-08],
        "min": [7.44572331153e-25, 1.02064500247e-24, 9.80955043745e-25, 1.99162095576e-24, 1.49791472481e-24, 1.54175261278e-24, 1.68004909998e-24, 1.52162344628e-24, 1.99012527549e-24, 8.2383293339e-25, 2.45797343482e-24, 2.88528597655e-24, 3.24129377548e-24, 3.20924965386e-24, 2.03475192576e-24, 2.87493454375e-24, 4.15269475599e-24, 2.88867945895e-24, 3.39575037414e-24, 2.96992444079e-24, 3.44616489687e-24, 2.31795377959e-24, 3.59159850449e-24, 3.93647034846e-24, 4.14039128689e-24, 4.44204459729e-24, 5.50498615213e-24, 4.31422704254e-24, 4.29214445922e-24, 5.39883584544e-24, 4.71291261088e-24, 5.76358225104e-24, 5.86779156548e-24, 5.77343157388e-24, 5.87209756274e-24, 6.77745981302e-24, 6.02563908274e-24, 5.91557129279e-24, 5.95245645657e-24, 6.23434682915e-24],
        "var": [9.6683306765e-06, 9.55720224738e-06, 6.20658340722e-07, 1.14504393878e-06, 1.56488488301e-06, 1.10057555958e-06, 1.97092631993e-07, 1.26794347466e-07, 1.10354562821e-07, 2.12006511902e-07, 3.93634763896e-07, 6.22556513008e-07, 1.31808363335e-07, 3.36465184603e-08, 5.28254560095e-08, 6.18668636321e-08, 3.39615304767e-08, 1.96366798377e-08, 1.504188063e-08, 1.40455789222e-08, 1.11691844662e-09, 8.47441394836e-10, 2.45623699158e-09, 4.18973938876e-10, 9.72513847231e-10, 1.02434261073e-09, 5.93993132458e-10, 3.70120351034e-10, 8.2539843016e-11, 5.39180783354e-11, 8.20695317261e-11, 5.38012204232e-11, 3.35389285788e-11, 2.82000742202e-11, 3.06863527644e-11, 1.44977259364e-11, 1.05724144717e-11, 1.22457859825e-11, 9.98153816545e-12, 9.09496436496e-12]
    },
    "mfcc": {
        "mean": [-718.179199219, 122.498649597, 25.9621238708, 15.2797994614, 2.26118397713, 2.39765548706, -1.22686374187, 1.44716000557, -7.55820941925, 1.394089818, -3.93255805969, -3.51381516457, -3.57960891724],
        "cov": [[14984.375, -1289.59362793, -1432.00939941, 451.998504639, 146.647827148, 342.464538574, 299.103820801, 430.877838135, 177.961791992, 641.899597168, 157.256912231, 81.6860122681, 198.989639282], [-1289.59362793, 1963.03161621, -5.83694553375, 43.6002311707, -64.2898101807, 87.5350875854, 9.91259288788, 76.5783920288, 35.0613479614, -82.5789489746, 51.3220214844, 59.577999115, 14.0692272186], [-1432.00939941, -5.83694553375, 940.016113281, -66.1058349609, 65.8973770142, -42.9384384155, -16.7455787659, -93.2689437866, -85.8086929321, -89.0673141479, -36.6730270386, -39.205997467, -85.2179794312], [451.998504639, 43.6002311707, -66.1058349609, 512.100952148, 140.358154297, 174.929473877, 11.4489984512, 77.802986145, 177.879425049, 5.76413965225, 36.9565963745, 95.9219284058, 62.5581474304], [146.647827148, -64.2898101807, 65.8973770142, 140.358154297, 314.812438965, 66.6338882446, 41.5374832153, 37.4011001587, 64.4593353271, 51.3331947327, 12.1745176315, 46.8155937195, 39.9352912903], [342.464538574, 87.5350875854, -42.9384384155, 174.929473877, 66.6338882446, 329.576965332, 111.957839966, 85.0787658691, 113.947433472, 49.5916213989, 86.2175521851, 44.8525352478, 29.9319820404], [299.103820801, 9.91259288788, -16.7455787659, 11.4489984512, 41.5374832153, 111.957839966, 248.899810791, 76.5406723022, 27.6676979065, 81.2896728516, 59.3434944153, 3.06773900986, 31.3495082855], [430.877838135, 76.5783920288, -93.2689437866, 77.802986145, 37.4011001587, 85.0787658691, 76.5406723022, 187.05682373, 58.9834365845, 59.981464386, 44.0572547913, 33.6486854553, 38.4388275146], [177.961791992, 35.0613479614, -85.8086929321, 177.879425049, 64.4593353271, 113.947433472, 27.6676979065, 58.9834365845, 230.186065674, 23.2031555176, 39.1810722351, 54.3180198669, 41.6394424438], [641.899597168, -82.5789489746, -89.0673141479, 5.76413965225, 51.3331947327, 49.5916213989, 81.2896728516, 59.981464386, 23.2031555176, 190.478317261, 48.2370185852, -12.1014347076, 19.8553237915], [157.256912231, 51.3220214844, -36.6730270386, 36.9565963745, 12.1745176315, 86.2175521851, 59.3434944153, 44.0572547913, 39.1810722351, 48.2370185852, 134.180755615, 28.8885498047, 20.7961101532], [81.6860122681, 59.577999115, -39.205997467, 95.9219284058, 46.8155937195, 44.8525352478, 3.06773900986, 33.6486854553, 54.3180198669, -12.1014347076, 28.8885498047, 149.253875732, 64.6841659546], [198.989639282, 14.0692272186, -85.2179794312, 62.5581474304, 39.9352912903, 29.9319820404, 31.3495082855, 38.4388275146, 41.6394424438, 19.8553237915, 20.7961101532, 64.6841659546, 145.041610718]],
