{
"lowlevel": {
    "average_loudness": 0.451989650726,
    "barkbands_crest": {
        "dmean": 3.05813384056,
        "dmean2": 4.74822902679,
        "dvar": 8.61190509796,
        "dvar2": 18.1673107147,
        "max": 26.8522415161,
        "mean": 15.9983873367,
        "median": 15.5753250122,
        "min": 2.72558712959,
        "var": 32.9032936096
    },
    "barkbands_flatness_db": {
        "dmean": 0.0407068617642,
        "dmean2": 0.054926905781,
        "dvar": 0.00168432795908,
        "dvar2": 0.00312779075466,
        "max": 0.643567442894,
        "mean": 0.237913280725,
        "median": 0.222773164511,
        "min": 0.0397119745612,
        "var": 0.00867195613682
    },
    "barkbands_kurtosis": {
        "dmean": 43.4497566223,
        "dmean2": 63.420715332,
        "dvar": 37037.8515625,
        "dvar2": 85808.15625,
        "max": 4521.67626953,
        "mean": 62.9689712524,
        "median": 9.72159194946,
        "min": -1.87206864357,
        "var": 57865.3164062
    },
    "barkbands_skewness": {
        "dmean": 1.56147789955,
        "dmean2": 2.23965501785,
        "dvar": 7.09474039078,
        "dvar2": 14.6116819382,
        "max": 54.512550354,
        "mean": 3.88650536537,
        "median": 2.52208805084,
        "min": -4.85777664185,
        "var": 26.8456516266
    },
    "barkbands_spread": {
        "dmean": 5.94483709335,
        "dmean2": 9.0395898819,
        "dvar": 95.9225234985,
        "dvar2": 207.007354736,
        "max": 109.074630737,
        "mean": 13.3566055298,
        "median": 9.13298225403,
        "min": 0.0313975289464,
        "var": 200.422332764
    },
    "dissonance": {
        "dmean": 0.0289117619395,
        "dmean2": 0.0472876690328,
        "dvar": 0.000880513049196,
        "dvar2": 0.00229475903325,
        "max": 0.500000059605,
        "mean": 0.439400166273,
        "median": 0.451627612114,
        "min": 0.183748230338,
        "var": 0.0023940813262
    },
    "dynamic_complexity": 5.79817199707,
    "erbbands_crest": {
        "dmean": 3.36682248116,
        "dmean2": 5.28009939194,
        "dvar": 10.2681951523,
        "dvar2": 24.4945220947,
        "max": 34.1894798279,
        "mean": 12.9688167572,
        "median": 11.7114810944,
        "min": 2.46153306961,
        "var": 39.2498550415
    },
    "erbbands_flatness_db": {
        "dmean": 0.0277323108166,
        "dmean2": 0.0380632989109,
        "dvar": 0.000729523831978,
        "dvar2": 0.00133196974639,
        "max": 0.512830972672,
        "mean": 0.182435929775,
        "median": 0.171659976244,
        "min": 0.057594332844,
        "var": 0.00438690930605
    },
    "erbbands_kurtosis": {
        "dmean": 2.90597844124,
        "dmean2": 4.49279308319,
        "dvar": 43.3481483459,
        "dvar2": 92.727142334,
        "max": 163.742080688,
        "mean": 3.58466625214,
        "median": 1.18928551674,
        "min": -1.94749498367,
        "var": 71.4336776733
    },
    "erbbands_skewness": {
        "dmean": 0.623484373093,
        "dmean2": 0.921749651432,
        "dvar": 0.532012522221,
        "dvar2": 1.0876609087,
        "max": 11.4167356491,
        "mean": 0.948028028011,
        "median": 0.783993244171,
        "min": -4.53382158279,
        "var": 1.88649988174
    },
    "erbbands_spread": {
        "dmean": 15.0498447418,
        "dmean2": 22.5235424042,
        "dvar": 405.332336426,
        "dvar2": 838.184082031,
        "max": 195.546813965,
        "mean": 43.2868385315,
        "median": 32.6460037231,
        "min": 0.873389899731,
        "var": 1151.27929688
    },
    "hfc": {
        "dmean": 4.82197904587,
        "dmean2": 6.99486255646,
        "dvar": 98.7149963379,
        "dvar2": 210.023788452,
        "max": 375.483673096,
        "mean": 12.6476974487,
        "median": 4.91248846054,
        "min": 1.23581590844e-16,
        "var": 495.683898926
    },
    "melbands_crest": {
        "dmean": 3.57154965401,
        "dmean2": 5.46319389343,
        "dvar": 11.539850235,
        "dvar2": 25.3898963928,
        "max": 38.7054748535,
        "mean": 20.5496292114,
        "median": 20.1904830933,
        "min": 1.79383063316,
        "var": 49.9981651306
    },
    "melbands_flatness_db": {
        "dmean": 0.0460257492959,
        "dmean2": 0.0599405579269,
        "dvar": 0.00215348415077,
        "dvar2": 0.00389766041189,
        "max": 0.766792297363,
        "mean": 0.3063185215,
        "median": 0.293087482452,
        "min": 0.00693750986829,
        "var": 0.0136708579957
    },
    "melbands_kurtosis": {
        "dmean": 50.5168647766,
        "dmean2": 75.4015884399,
        "dvar": 15897.0537109,
        "dvar2": 35073.25,
        "max": 2370.94848633,
        "mean": 90.3731536865,
        "median": 20.3554134369,
        "min": -1.88754343987,
        "var": 40241.8242188
    },
    "melbands_skewness": {
        "dmean": 1.77260100842,
        "dmean2": 2.62055158615,
        "dvar": 6.23975944519,
        "dvar2": 13.3733558655,
        "max": 36.421585083,
        "mean": 4.89031457901,
        "median": 3.3660697937,
        "min": -4.10470676422,
        "var": 24.4276733398
    },
    "melbands_spread": {
        "dmean": 5.582675457,
        "dmean2": 8.22995567322,
        "dvar": 97.2277145386,
        "dvar2": 187.184082031,
        "max": 227.775817871,
        "mean": 13.9809656143,
        "median": 7.75428390503,
        "min": 0.142952680588,
        "var": 320.791107178
    },
    "pitch_salience": {
        "dmean": 0.0822255387902,
        "dmean2": 0.125802695751,
        "dvar": 0.00698451884091,
        "dvar2": 0.0145080452785,
        "max": 0.877145111561,
        "mean": 0.407272309065,
        "median": 0.419591784477,
        "min": 0.0155673958361,
        "var": 0.0292279906571
    },
    "silence_rate_20dB": {
        "dmean": 0.000346350338077,
        "dmean2": 0.000692760630045,
        "dvar": 0.000346346088918,
        "dvar2": 0.00086593371816,
        "max": 1,
        "mean": 0.999740242958,
        "median": 1,
        "min": 0,
        "var": 0.00025960689527
    },
    "silence_rate_30dB": {
        "dmean": 0.0263226255774,
        "dmean2": 0.0526498109102,
        "dvar": 0.0256301853806,
        "dvar2": 0.0602603890002,
        "max": 1,
        "mean": 0.96233767271,
        "median": 1,
        "min": 0,
        "var": 0.0362362451851
    },
    "silence_rate_60dB": {
        "dmean": 0.054550178349,
        "dmean2": 0.109109804034,
        "dvar": 0.0515824370086,
        "dvar2": 0.110028512776,
        "max": 1,
        "mean": 0.170216456056,
        "median": 0,
        "min": 0,
        "var": 0.141245931387
    },
    "spectral_centroid": {
        "dmean": 279.752197266,
        "dmean2": 415.518737793,
        "dvar": 169782.578125,
        "dvar2": 340472.5,
        "max": 11161.5273438,
        "mean": 1047.10510254,
        "median": 844.675476074,
        "min": 68.4496154785,
        "var": 606766.5625
    },
    "spectral_complexity": {
        "dmean": 2.1738679409,
        "dmean2": 3.35659861565,
        "dvar": 19.010471344,
        "dvar2": 41.5740585327,
        "max": 57,
        "mean": 7.21316003799,
        "median": 6,
        "min": 0,
        "var": 40.0635185242
    },
    "spectral_decrease": {
        "dmean": 3.05318437199e-09,
        "dmean2": 4.66486715922e-09,
        "dvar": 3.0924210066e-17,
        "dvar2": 7.28882439024e-17,
        "max": 1.86850725976e-28,
        "mean": -7.17196479982e-09,
        "median": -4.50523085505e-09,
        "min": -1.08025524526e-07,
        "var": 7.8727007444e-17
    },
    "spectral_energy": {
        "dmean": 0.0118860658258,
        "dmean2": 0.0181444268674,
        "dvar": 0.000456791633042,
        "dvar2": 0.00107424403541,
        "max": 0.409933835268,
        "mean": 0.0282158348709,
        "median": 0.0177629701793,
        "min": 1.06359989839e-20,
        "var": 0.00120214768685
    },
    "spectral_energyband_high": {
        "dmean": 0.000246837560553,
        "dmean2": 0.000377071090043,
        "dvar": 4.23154858709e-07,
        "dvar2": 9.92301238512e-07,
        "max": 0.0128384549171,
        "mean": 0.000285058486043,
        "median": 8.34255042719e-05,
        "min": 7.91576949531e-21,
        "var": 4.62925044076e-07
    },
    "spectral_energyband_low": {
        "dmean": 0.0083061279729,
        "dmean2": 0.0123006105423,
        "dvar": 0.000359462137567,
        "dvar2": 0.000844008463901,
        "max": 0.407799750566,
        "mean": 0.0151782110333,
        "median": 0.004767652601,
        "min": 4.1085412645e-23,
        "var": 0.000725805992261
    },
    "spectral_energyband_middle_high": {
        "dmean": 0.00158327608369,
        "dmean2": 0.00227763946168,
        "dvar": 3.69868794223e-05,
        "dvar2": 7.78927569627e-05,
        "max": 0.274846524,
        "mean": 0.00490004336461,
        "median": 0.000447373487987,
        "min": 1.16249885239e-21,
        "var": 0.000211308855796
    },
    "spectral_energyband_middle_low": {
        "dmean": 0.00473958998919,
        "dmean2": 0.007660896983,
        "dvar": 0.000112762143544,
        "dvar2": 0.000296759069897,
        "max": 0.212451130152,
        "mean": 0.00828823819757,
        "median": 0.00266886781901,
        "min": 2.24955791406e-22,
        "var": 0.000225499446969
    },
    "spectral_entropy": {
        "dmean": 0.323510408401,
        "dmean2": 0.448833376169,
        "dvar": 0.111620076001,
        "dvar2": 0.212119668722,
        "max": 9.81442642212,
        "mean": 7.18923425674,
        "median": 7.18881416321,
        "min": 4.58897781372,
        "var": 0.466706871986
    },
    "spectral_flux": {
        "dmean": 0.0336962975562,
        "dmean2": 0.052138838917,
        "dvar": 0.0018315758789,
        "dvar2": 0.00399431586266,
        "max": 0.456643819809,
        "mean": 0.0754608586431,
        "median": 0.0539070889354,
        "min": 1.0313098292e-10,
        "var": 0.00449456647038
    },
    "spectral_kurtosis": {
        "dmean": 2.0849199295,
        "dmean2": 3.16316819191,
        "dvar": 6.43925046921,
        "dvar2": 14.0794229507,
        "max": 42.3157653809,
        "mean": 4.34535503387,
        "median": 3.31935048103,
        "min": -1.2385661602,
        "var": 16.4063186646
    },
    "spectral_rms": {
        "dmean": 0.00100057490636,
        "dmean2": 0.00148230616469,
        "dvar": 1.81303710178e-06,
        "dvar2": 4.0424947656e-06,
        "max": 0.0199983865023,
        "mean": 0.0044338083826,
        "median": 0.00416289875284,
        "min": 3.22127047259e-12,
        "var": 7.86895998317e-06
    },
    "spectral_rolloff": {
        "dmean": 350.349151611,
        "dmean2": 588.703857422,
        "dvar": 868609.5,
        "dvar2": 1741985.625,
        "max": 19078.4179688,
        "mean": 914.682312012,
        "median": 387.59765625,
        "min": 21.533203125,
        "var": 3038970.75
    },
    "spectral_skewness": {
        "dmean": 0.331722259521,
        "dmean2": 0.48106020689,
        "dvar": 0.112831197679,
        "dvar2": 0.218928471208,
        "max": 5.4411854744,
        "mean": 1.61202657223,
        "median": 1.52699685097,
        "min": -0.0291934106499,
        "var": 0.42954954505
    },
    "spectral_spread": {
        "dmean": 922519.1875,
        "dmean2": 1278786,
        "dvar": 981942075392,
        "dvar2": 1.63119864218e+12,
        "max": 45591400,
        "mean": 5409810.5,
        "median": 5228424,
        "min": 1377677.875,
        "var": 3.54256709222e+12
    },
    "spectral_strongpeak": {
        "dmean": 0.432381302118,
        "dmean2": 0.696817398071,
        "dvar": 0.866088688374,
        "dvar2": 2.06178593636,
        "max": 25.0257263184,
        "mean": 1.07660794258,
        "median": 0.387631654739,
        "min": 0,
        "var": 3.79315114021
    },
    "zerocrossingrate": {
        "dmean": 0.0108998036012,
        "dmean2": 0.0124001791701,
        "dvar": 0.000197345943889,
        "dvar2": 0.000219795416342,
        "max": 0.53125,
        "mean": 0.0401319414377,
        "median": 0.03125,
        "min": 0.00146484375,
        "var": 0.00194857723545
    },
    "barkbands": {
        "dmean": [0.000353900773916, 0.00736322859302, 0.0016582517419, 0.00140029576141, 0.00167489482556, 0.00116264307871, 0.000768009282183, 0.000383811275242, 0.000430008658441, 0.00019030792464, 0.000291284493869, 0.000957757292781, 0.000466370343929, 0.000175131965079, 0.000100347540865, 6.52812304907e-05, 6.67401909595e-05, 4.53490865766e-05, 5.45197108295e-05, 8.22333531687e-05, 5.98694932705e-05, 5.29859607923e-05, 4.48057689937e-05, 3.49488946085e-05, 2.40437784669e-05, 4.5994033826e-06, 1.016170188e-07],
        "dmean2": [0.00054166134214, 0.0104924738407, 0.00288668717258, 0.00265961419791, 0.00283014820889, 0.00167022098321, 0.00118829659186, 0.000578439212404, 0.000617486832198, 0.000250477140071, 0.000425092730438, 0.00141056033317, 0.000672236201353, 0.000253079284448, 0.000153440341819, 9.80867625913e-05, 0.000101102072222, 6.73346075928e-05, 8.65010661073e-05, 0.000128606465296, 9.65142826317e-05, 8.31261568237e-05, 6.88044092385e-05, 5.28213713551e-05, 3.61527345376e-05, 6.65574270897e-06, 1.80875133537e-07],
        "dvar": [4.16384494883e-07, 0.000325736269588, 2.70395412372e-05, 2.93819048238e-05, 2.42917394644e-05, 8.11149038782e-06, 1.17925701488e-05, 5.75025751459e-06, 3.18063280247e-06, 1.22084782106e-06, 2.01634952646e-06, 3.80433775717e-05, 1.05598019218e-05, 1.00532088254e-06, 1.23094011428e-07, 5.56328103585e-08, 4.49866099927e-08, 1.95010212423e-08, 2.68117990032e-08, 7.07466085714e-08, 2.93554851538e-08, 3.09709839996e-08, 9.62824486805e-09, 7.52652695724e-09, 1.6022024818e-09, 9.16852219146e-11, 1.13688369157e-13],
        "dvar2": [8.99578026292e-07, 0.000763692427427, 7.07500512362e-05, 8.51994336699e-05, 6.68272550683e-05, 1.48048793562e-05, 2.51931069215e-05, 1.25734832181e-05, 5.47020408703e-06, 1.98327666112e-06, 4.12343024436e-06, 8.11410791357e-05, 2.07462016988e-05, 2.10064035855e-06, 2.5725645969e-07, 9.99500144871e-08, 9.04667203372e-08, 3.69787294119e-08, 6.58470256099e-08, 1.46824078229e-07, 7.22668005437e-08, 7.58531228939e-08, 2.08748076602e-08, 1.71399463511e-08, 3.16480286422e-09, 1.71542627325e-10, 3.20251041398e-13],
        "max": [0.0125367632136, 0.397716283798, 0.102486744523, 0.086429387331, 0.143916070461, 0.143891975284, 0.162120252848, 0.117072016001, 0.124938867986, 0.0635637268424, 0.104861102998, 0.22494110465, 0.273153871298, 0.0427035316825, 0.0122686121613, 0.0117774540558, 0.00695463176817, 0.00457428442314, 0.00486219767481, 0.0113937985152, 0.00365273538046, 0.00322265317664, 0.00172822189052, 0.00177303829696, 0.00102369440719, 0.000362822029274, 8.68069491844e-06],
        "mean": [0.000525904644746, 0.0128503153101, 0.00140792434104, 0.000887270609383, 0.00202230433933, 0.0023001448717, 0.00133201642893, 0.000633408781141, 0.00102440861519, 0.000388515676605, 0.000687603082042, 0.001924053533, 0.000983134377748, 0.000314620963763, 0.000200893729925, 9.93774665403e-05, 0.000113346359285, 7.1830865636e-05, 8.74469114933e-05, 0.000134368106956, 5.93442637182e-05, 5.72540811845e-05, 4.62209573016e-05, 3.32365780196e-05, 2.55129270954e-05, 5.19792502018e-06, 7.18322823445e-08],
        "median": [0.000148328719661, 0.00306269107386, 7.08559091436e-05, 5.9762805904e-05, 0.000306327478029, 0.000461540534161, 4.23142555519e-05, 3.09492861561e-05, 4.7415633162e-05, 1.0332922102e-05, 1.08561316665e-05, 2.51933961408e-05, 1.61555599334e-05, 1.10145101644e-05, 1.39509311339e-05, 7.56647477829e-06, 1.32527857204e-05, 1.10544242489e-05, 1.21633729577e-05, 2.08633355214e-05, 1.55011184688e-05, 1.30188582261e-05, 1.1136628018e-05, 5.3422199926e-06, 5.44751992493e-06, 1.06822517409e-06, 3.70599995136e-09],
        "min": [4.81444374254e-24, 1.66475036546e-23, 7.99619705791e-24, 3.27649306461e-23, 3.80974315725e-23, 4.85310258118e-23, 9.7011573992e-24, 2.84197112308e-23, 1.79299816494e-23, 1.91548365107e-23, 2.19033620108e-23, 4.13304265312e-23, 8.13173976973e-23, 1.18551228527e-22, 1.09384690052e-22, 6.81999345754e-23, 7.40055721846e-23, 1.31929047302e-22, 2.47606423997e-22, 3.14314243947e-22, 3.7682282477e-22, 3.87231017689e-22, 4.62066806023e-22, 7.52988711423e-22, 1.24591302975e-21, 1.50327313193e-21, 2.71959880379e-21],
        "var": [8.45047168241e-07, 0.000603952386882, 2.03827785299e-05, 1.62151063705e-05, 3.18619604514e-05, 3.24318934872e-05, 5.03536430188e-05, 1.00160441434e-05, 2.26048778131e-05, 6.72787109579e-06, 1.1350261957e-05, 0.000103421181848, 4.55454865005e-05, 2.55507347902e-06, 4.25659806069e-07, 2.12537230482e-07, 1.4549465277e-07, 4.59974422995e-08, 7.57795888262e-08, 2.07378462846e-07, 2.67684150401e-08, 3.41326469311e-08, 1.12483711234e-08, 7.65304708494e-09, 2.4316446634e-09, 1.59543170342e-10, 7.18551804971e-14]
    },
    "erbbands": {
        "dmean": [0.273181557655, 1.53053092957, 2.11292600632, 3.44708180428, 5.11124753952, 5.64048671722, 7.42705345154, 10.3712797165, 10.6080389023, 9.65845966339, 8.99692630768, 9.25578022003, 6.81260824203, 6.66340923309, 16.3884048462, 39.937915802, 20.5341796875, 10.5568056107, 6.41473674774, 3.31456637383, 3.58483171463, 3.62431168556, 2.55123758316, 1.89753913879, 3.14624476433, 3.77951693535, 2.30307888985, 2.61346244812, 1.98113942146, 1.60317420959, 1.20928120613, 0.761083185673, 0.549880981445, 0.406353890896, 0.104133293033, 0.0315475091338, 0.00666212569922, 0.000661787809804, 3.01432392007e-05, 1.41234459079e-05],
        "dmean2": [0.387838155031, 2.20191645622, 3.47016859055, 6.34823417664, 9.39214420319, 9.30025482178, 10.8611364365, 14.9207172394, 16.1429977417, 14.2601165771, 13.3275089264, 12.9422683716, 9.43966674805, 8.96175193787, 23.0492401123, 58.7936019897, 27.8301677704, 14.9629201889, 9.6576051712, 4.81170892715, 5.3837852478, 5.48140621185, 3.76582956314, 2.82024264336, 4.94650506973, 5.9413433075, 3.8112487793, 4.18620157242, 3.12014198303, 2.50346565247, 1.83234477043, 1.14934933186, 0.820453822613, 0.627398848534, 0.152366563678, 0.0458877310157, 0.00967977009714, 0.00098926096689, 4.84877527924e-05, 2.14630417759e-05],
        "dvar": [0.456715464592, 14.6245670319, 33.3373222351, 153.25982666, 368.463531494, 284.144348145, 524.688720703, 729.553405762, 1617.18920898, 3398.30566406, 2391.81201172, 1650.14794922, 1272.46911621, 1129.09472656, 4281.32568359, 76505.5, 22486.0078125, 3337.09130859, 491.134735107, 109.804855347, 164.416778564, 131.189483643, 59.6051940918, 31.7780780792, 88.8905563354, 129.476287842, 60.4781150818, 50.4575576782, 41.1602554321, 16.930721283, 7.83120965958, 3.52474522591, 1.70523130894, 0.44875356555, 0.0431948676705, 0.00436694966629, 0.000186729244888, 1.67664234141e-06, 7.0216072956e-09, 5.78632475268e-10],
        "dvar2": [1.12674570084, 32.3239517212, 81.5416412354, 436.413146973, 1064.24621582, 756.059082031, 907.972229004, 1456.71289062, 3621.99487305, 6766.04101562, 4980.53271484, 2600.35668945, 2377.26147461, 2053.52197266, 8852.47167969, 168372.015625, 43864.1953125, 6635.0390625, 1028.45471191, 216.792144775, 279.30847168, 265.281494141, 120.712806702, 64.5712890625, 203.920455933, 289.150726318, 159.917816162, 121.883140564, 102.723274231, 37.7104263306, 17.0817699432, 7.66861057281, 3.84238100052, 0.947202980518, 0.079004585743, 0.00784506835043, 0.00036363909021, 3.66487665815e-06, 1.87838917753e-08, 1.35179900607e-09],
        "max": [15.5706319809, 85.8915634155, 147.366043091, 188.526992798, 314.831298828, 792.879333496, 1673.61474609, 1266.06555176, 1372.95141602, 3477.96435547, 2265.01904297, 3577.11450195, 2065.38842773, 2859.23999023, 2924.09814453, 10716.9335938, 15008.2597656, 2156.33276367, 778.287719727, 386.634002686, 803.572631836, 454.403808594, 260.553649902, 198.342498779, 422.293884277, 394.282104492, 178.580581665, 168.752593994, 125.326843262, 81.042388916, 53.35572052, 34.9763450623, 27.966506958, 10.5364561081, 8.33000183105, 3.19113063812, 0.284642696381, 0.0226253513247, 0.00216607586481, 0.000441830401542],
        "mean": [0.447849988937, 2.56690263748, 2.14877605438, 2.45844960213, 3.94519758224, 7.08660697937, 14.3139295578, 19.9963798523, 15.880106926, 20.1392498016, 17.917509079, 22.6870117188, 16.1031837463, 14.6703529358, 41.9249076843, 80.0356445312, 50.2810134888, 22.5354270935, 15.9213619232, 5.76255083084, 6.08195638657, 6.42290735245, 4.38400936127, 3.20583748817, 5.95787000656, 6.23062849045, 2.57433128357, 2.61342692375, 2.12258887291, 1.7214884758, 1.26061320305, 0.748471915722, 0.530078113079, 0.397798717022, 0.120669387281, 0.0362355299294, 0.00733923399821, 0.000695039925631, 3.76508505724e-05, 3.33538009727e-05],
        "median": [0.0853147953749, 0.614938795567, 0.296864897013, 0.249255269766, 0.467150092125, 1.0165951252, 2.59457039833, 3.64202833176, 1.74274158478, 0.866491556168, 1.53952360153, 1.49240112305, 0.677524209023, 0.864541769028, 1.28770852089, 1.31561374664, 1.03981757164, 1.05302262306, 0.986898601055, 0.648649215698, 0.63420522213, 0.791186034679, 0.716492176056, 0.554788351059, 0.852652609348, 0.998387932777, 0.642068564892, 0.623187541962, 0.518561005592, 0.387709438801, 0.297965347767, 0.122840553522, 0.0910018831491, 0.0802247524261, 0.0252789333463, 0.0074665741995, 0.00151783064939, 0.00013624492567, 1.67235994013e-05, 2.13554812944e-05],
        "min": [7.06694617459e-22, 1.34525800697e-21, 7.98102386744e-21, 6.31474009397e-20, 1.2688442656e-19, 1.73683475109e-19, 1.12447527007e-19, 5.22587068412e-19, 1.7715344608e-19, 3.8063468104e-19, 7.87982384481e-19, 4.37009547177e-19, 7.117506083e-19, 1.08565542542e-18, 8.70893178819e-19, 2.04089569432e-18, 4.14499005538e-18, 4.54452739023e-18, 4.20757371335e-18, 5.28685085247e-18, 3.66016833143e-18, 4.77199999073e-18, 6.37088221216e-18, 1.43193550168e-17, 1.13710723826e-17, 1.39190293788e-17, 1.78073787909e-17, 1.81429973983e-17, 1.51590839592e-17, 1.56271589981e-17, 1.11765137122e-17, 1.36960545729e-17, 1.47291733795e-17, 1.32896417128e-17, 8.56235166133e-18, 4.80176360354e-18, 3.11458274686e-18, 1.28116214814e-18, 3.45325520166e-19, 4.02052461513e-20],
        "var": [0.74034267664, 27.3472862244, 33.2933082581, 90.0480651855, 220.17414856, 416.074920654, 2599.19189453, 2498.81396484, 3535.45898438, 16326.9873047, 6035.38574219, 11809.6835938, 6416.60400391, 4967.10498047, 23174.34375, 202235.328125, 123590.328125, 10998.6259766, 2334.32519531, 285.125183105, 784.179321289, 470.172637939, 153.035949707, 96.2297744751, 358.999786377, 345.963897705, 52.9997406006, 49.0207290649, 42.9821815491, 20.6401138306, 9.04302120209, 3.79321026802, 1.78011453152, 0.566205501556, 0.0804638117552, 0.00880861934274, 0.000269953336101, 2.11662404581e-06, 5.62158142259e-09, 1.56303348042e-09]
    },
    "gfcc": {
        "mean": [-101.169082642, 91.7400360107, -91.80128479, 44.2713813782, -59.1676139832, 22.9227848053, -31.7187423706, 7.87439680099, -17.1524353027, 12.977437973, -1.84370756149, 7.02422475815, 0.92746078968],
        "cov": [[15931.78125, 1288.42724609, -2006.61950684, -867.342712402, -681.899597168, -180.157791138, -301.989990234, -44.3208503723, -568.953308105, -123.792503357, 112.67817688, -44.6421165466, -189.022293091], [1288.42724609, 1466.56298828, 75.2716827393, -329.647796631, 54.3758773804, -177.775772095, 102.787712097, -112.112792969, 32.4974250793, -121.141052246, 95.594329834, -67.3915634155, 88.7480545044], [-2006.61950684, 75.2716827393, 2443.98486328, 1066.2277832, 245.165786743, 169.584503174, -35.2316589355, 69.0317993164, 162.355331421, -57.4645576477, -197.336196899, -22.5552043915, 9.34935474396], [-867.342712402, -329.647796631, 1066.2277832, 1086.55358887, 353.139373779, 143.897628784, 25.784538269, 142.808258057, 141.121917725, 13.3007173538, -102.993255615, -72.1122360229, -37.6493492126], [-681.899597168, 54.3758773804, 245.165786743, 353.139373779, 519.481506348, 215.214492798, 192.751083374, 87.6538772583, 133.599639893, 29.9327812195, 45.8718566895, -86.4409713745, -49.836566925], [-180.157791138, -177.775772095, 169.584503174, 143.897628784, 215.214492798, 437.255615234, 188.575576782, 42.624797821, 5.30215835571, 39.3922958374, 26.0449581146, -43.0524749756, -47.0660247803], [-301.989990234, 102.787712097, -35.2316589355, 25.784538269, 192.751083374, 188.575576782, 346.229095459, 85.1170883179, 55.5460205078, 18.1158943176, 95.4279708862, -53.2011413574, -23.3139972687], [-44.3208503723, -112.112792969, 69.0317993164, 142.808258057, 87.6538772583, 42.624797821, 85.1170883179, 200.172897339, 108.230270386, 57.6833648682, 11.922211647, 3.49221873283, -17.6632156372], [-568.953308105, 32.4974250793, 162.355331421, 141.121917725, 133.599639893, 5.30215835571, 55.5460205078, 108.230270386, 215.333023071, 78.6564559937, 16.3758811951, -13.3176774979, 16.535150528], [-123.792503357, -121.141052246, -57.4645576477, 13.3007173538, 29.9327812195, 39.3922958374, 18.1158943176, 57.6833648682, 78.6564559937, 149.771209717, 55.4417304993, 10.6161136627, -10.3846683502], [112.67817688, 95.594329834, -197.336196899, -102.993255615, 45.8718566895, 26.0449581146, 95.4279708862, 11.922211647, 16.3758811951, 55.4417304993, 190.453414917, 41.9377822876, 22.8665218353], [-44.6421165466, -67.3915634155, -22.5552043915, -72.1122360229, -86.4409713745, -43.0524749756, -53.2011413574, 3.49221873283, -13.3176774979, 10.6161136627, 41.9377822876, 161.287216187, 86.9996032715], [-189.022293091, 88.7480545044, 9.34935474396, -37.6493492126, -49.836566925, -47.0660247803, -23.3139972687, -17.6632156372, 16.535150528, -10.3846683502, 22.8665218353, 86.9996032715, 158.751068115]],
        "icov": [[0.000122053264931, -0.000278751802398, 0.00018211574934, -0.000213559702388, 0.000236499836319, -0.000238781722146, 0.000259872060269, -0.00033362294198, 0.000323840096826, -6.32342562312e-05, -1.0631686564e-05, -0.000106831255835, 0.00026649289066], [-0.000278751802398, 0.0019901515916, -0.000883268658072, 0.0013967230916, -0.00110448244959, 0.00135935132857, -0.000897164456546, 0.00106437283102, -0.00106453557964, 0.00116033083759, -0.000948931265157, 0.00165325251874, -0.00160081393551], [0.00018211574934, -0.000883268658072, 0.00128284725361, -0.00149174034595, 0.000866989721544, -0.000967488740571, 0.00044257126865, -6.10569477431e-05, -0.00019756036636, 9.81306147878e-05, 0.00069543387508, -0.00112416245975, 0.000867725349963], [-0.000213559702388, 0.0013967230916, -0.00149174034595, 0.00332694058307, -0.00214281817898, 0.00107835244853, -1.37832594191e-05, -0.000603139516897, -0.000119365562568, 0.000379783916287, -0.000220736765186, 0.00177405227441, -0.00148350768723], [0.000236499836319, -0.00110448244959, 0.000866989721544, -0.00214281817898, 0.00505223637447, -0.0022023182828, -0.000204242373002, -5.19027380506e-05, -0.00183000531979, 0.000863548542839, -0.000941074453294, -2.3024787879e-05, 0.00163240160327], [-0.000238781722146, 0.00135935132857, -0.000967488740571, 0.00107835244853, -0.0022023182828, 0.00497968308628, -0.00272878375836, 0.000958847289439, 0.00123156001791, -0.0013962398516, 0.000465144781629, 0.000615861732513, -0.000864714209456], [0.000259872060269, -0.000897164456546, 0.00044257126865, -1.37832594191e-05, -0.000204242373002, -0.00272878375836, 0.00682558352128, -0.00335051049478, 0.000358703982783, 0.0016576750204, -0.00297948671505, 0.00195070414338, -3.0684437661e-05], [-0.00033362294198, 0.00106437283102, -6.10569477431e-05, -0.000603139516897, -5.19027380506e-05, 0.000958847289439, -0.00335051049478, 0.0101869972423, -0.00493631092831, -0.000724643177819, 0.00120325223543, -0.00246248743497, 0.00142060371581], [0.000323840096826, -0.00106453557964, -0.00019756036636, -0.000119365562568, -0.00183000531979, 0.00123156001791, 0.000358703982783, -0.00493631092831, 0.0115491282195, -0.0054563479498, 0.00103339215275, 0.00136788212694, -0.00220022210851], [-6.32342562312e-05, 0.00116033083759, 9.81306147878e-05, 0.000379783916287, 0.000863548542839, -0.0013962398516, 0.0016576750204, -0.000724643177819, -0.0054563479498, 0.0123778739944, -0.00443818746135, 0.000622284773272, 0.00105655193329], [-1.0631686564e-05, -0.000948931265157, 0.00069543387508, -0.000220736765186, -0.000941074453294, 0.000465144781629, -0.00297948671505, 0.00120325223543, 0.00103339215275, -0.00443818746135, 0.0100012198091, -0.00426109088585, 0.000459962786408], [-0.000106831255835, 0.00165325251874, -0.00112416245975, 0.00177405227441, -2.3024787879e-05, 0.000615861732513, 0.00195070414338, -0.00246248743497, 0.00136788212694, 0.000622284773272, -0.00426109088585, 0.0134202130139, -0.00721925962716], [0.00026649289066, -0.00160081393551, 0.000867725349963, -0.00148350768723, 0.00163240160327, -0.000864714209456, -3.0684437661e-05, 0.00142060371581, -0.00220022210851, 0.00105655193329, 0.000459962786408, -0.00721925962716, 0.0117064788938]]
    },
    "melbands": {
        "dmean": [0.0022266251035, 0.00134465226438, 0.000648694753181, 0.000386516039725, 0.000245304196142, 0.000223113005632, 0.00016423863417, 9.66983570834e-05, 7.34710192773e-05, 5.93246586504e-05, 3.49996043951e-05, 2.69350621238e-05, 4.76033783343e-05, 9.3240843853e-05, 8.8972679805e-05, 3.5314798879e-05, 1.88988124137e-05, 1.1867035937e-05, 6.16673423792e-06, 4.06111848861e-06, 4.51328969575e-06, 3.95964343625e-06, 3.26470035361e-06, 2.08259029932e-06, 1.50177265823e-06, 2.36789628616e-06, 2.77026515505e-06, 2.62951652985e-06, 1.53394933022e-06, 1.36511266646e-06, 1.54237966399e-06, 1.13901330678e-06, 9.8620762401e-07, 9.02961573956e-07, 7.42092652217e-07, 5.20489038536e-07, 4.80528854041e-07, 3.95783388285e-07, 3.59938724159e-07, 3.34192947093e-07],
        "dmean2": [0.00311314151622, 0.00203820387833, 0.00118632917292, 0.000676757015754, 0.000367197673768, 0.000320723251207, 0.000248149444815, 0.000143327662954, 0.000109594402602, 8.26826289995e-05, 4.80204616906e-05, 3.5733297409e-05, 6.83211910655e-05, 0.000133362555061, 0.00012842650176, 5.08335833729e-05, 2.71019471256e-05, 1.77358961082e-05, 8.98197868082e-06, 6.05041532253e-06, 6.86365046931e-06, 6.00860084887e-06, 4.83658186567e-06, 3.10270456794e-06, 2.24628138312e-06, 3.82705411539e-06, 4.11695373259e-06, 4.23984056397e-06, 2.57160672845e-06, 2.20801030082e-06, 2.47429170486e-06, 1.836377578e-06, 1.50460823534e-06, 1.43765271332e-06, 1.14478064006e-06, 7.87010378644e-07, 7.44024305277e-07, 5.93408515215e-07, 5.41139741017e-07, 5.27453607901e-07],
        "dvar": [2.98645409202e-05, 9.9955504993e-06, 5.32498688699e-06, 1.65699987065e-06, 4.82727045892e-07, 3.15815299246e-07, 3.89873576978e-07, 3.50453774445e-07, 1.4792826164e-07, 6.82643204186e-08, 3.4300132512e-08, 2.13578310593e-08, 4.4806117927e-08, 2.86830641016e-07, 3.9915647676e-07, 6.56220677797e-08, 1.36366953285e-08, 2.02813277284e-09, 5.60832158492e-10, 2.41998976414e-10, 2.70308830874e-10, 1.55518598e-10, 1.31373398271e-10, 4.22662425892e-11, 2.41279218827e-11, 5.26944807233e-11, 1.03673743201e-10, 6.50762915777e-11, 2.87732025706e-11, 1.50032573171e-11, 1.7109418049e-11, 1.37258633279e-11, 1.12526741397e-11, 4.1555868989e-12, 2.75986351828e-12, 1.81058705355e-12, 1.39810678226e-12, 9.11038280406e-13, 5.28119269236e-13, 3.02782701255e-13],
        "dvar2": [7.21515534678e-05, 2.21168502321e-05, 1.50950272655e-05, 4.63358310299e-06, 8.95382868293e-07, 6.16129057107e-07, 8.49825880778e-07, 7.18986257198e-07, 2.98655294273e-07, 1.04617633667e-07, 6.15946120774e-08, 3.54828912918e-08, 9.01492995808e-08, 5.57354155717e-07, 8.04956641787e-07, 1.27847343379e-07, 2.75347087353e-08, 4.26334079151e-09, 1.13457132578e-09, 4.37360037076e-10, 4.79711992352e-10, 3.08345238231e-10, 2.51742793278e-10, 8.07129571512e-11, 4.82299374049e-11, 1.27965929519e-10, 1.83888584915e-10, 1.56564261555e-10, 7.68487079528e-11, 3.60636971675e-11, 4.23038062913e-11, 3.51623834216e-11, 2.66541094751e-11, 9.49796838401e-12, 5.9589629238e-12, 3.81841910521e-12, 3.20120145669e-12, 2.08462067053e-12, 1.12200515805e-12, 6.65314916874e-13],
        "max": [0.125700205564, 0.0846178755164, 0.0356508977711, 0.0382768549025, 0.0513023249805, 0.0264078043401, 0.0222928468138, 0.0306509174407, 0.0171748921275, 0.0242303609848, 0.0108261192217, 0.0112863685936, 0.0147701101378, 0.0189669653773, 0.0220712404698, 0.0224908106029, 0.00494086975232, 0.00153036497068, 0.000969744927716, 0.000718803901691, 0.000970905297436, 0.000600298284553, 0.000583886518143, 0.000299516279483, 0.000187223195098, 0.000332516792696, 0.000642597617116, 0.000163454460562, 0.000120454824355, 7.50818726374e-05, 0.000102059821074, 7.39479801268e-05, 6.41838196316e-05, 3.5612632928e-05, 3.29569520545e-05, 2.61360110017e-05, 2.1444813683e-05, 1.98288853426e-05, 1.71747888089e-05, 9.43211398408e-06],
        "mean": [0.00383362965658, 0.00192483712453, 0.000466939556645, 0.000378407858079, 0.000465825112769, 0.000433256442193, 0.00026446353877, 0.000193224594113, 0.000147398022818, 0.000146216829307, 8.02190770628e-05, 5.46757073607e-05, 0.000119579766761, 0.000194139851374, 0.000178199406946, 8.34157326608e-05, 3.56436066795e-05, 2.73269706668e-05, 1.07368423414e-05, 6.22452989774e-06, 7.20456546333e-06, 6.6698480623e-06, 5.20058574693e-06, 3.29052159032e-06, 2.29365173254e-06, 3.85531848224e-06, 5.20414687344e-06, 3.88722628486e-06, 1.71002034222e-06, 1.28711371872e-06, 1.53589542151e-06, 1.19063611237e-06, 1.06587356186e-06, 9.19708554648e-07, 7.77275943165e-07, 5.30905822416e-07, 4.47930489145e-07, 3.78210188501e-07, 3.4988241282e-07, 3.25241018118e-07],
        "median": [0.00085939175915, 0.000525224255398, 4.61566451122e-05, 5.20706416864e-05, 8.78364007804e-05, 8.01823334768e-05, 2.27527998504e-05, 6.36870618109e-06, 8.82889798959e-06, 6.43867542749e-06, 2.12510485653e-06, 2.20373294724e-06, 2.1346554604e-06, 3.38312383974e-06, 1.7261170342e-06, 1.6043203459e-06, 1.09498239453e-06, 1.14679528451e-06, 9.19848275771e-07, 4.62325601802e-07, 6.44110684789e-07, 7.48191155253e-07, 5.99468080509e-07, 4.88913656227e-07, 3.11757844429e-07, 4.6679724619e-07, 6.26584892416e-07, 5.90091360664e-07, 3.60164278845e-07, 2.90921434498e-07, 3.61466760523e-07, 2.83469574924e-07, 2.00893254032e-07, 2.11626485225e-07, 1.85952259812e-07, 9.39274826806e-08, 6.26811669235e-08, 6.03625807116e-08, 6.63365540277e-08, 6.48376499157e-08],
        "min": [6.69840806171e-24, 2.888750062e-24, 1.37232735873e-23, 8.51596646431e-24, 3.67506196042e-24, 1.06190136285e-23, 2.85632570943e-24, 4.21661615514e-24, 6.30093457816e-24, 2.5954705101e-24, 3.35832602393e-24, 3.53887538032e-24, 2.5415256376e-24, 4.11641070423e-24, 7.60410084472e-24, 8.25505229763e-24, 8.81321398656e-24, 5.83860055655e-24, 8.9547064451e-24, 4.44725581243e-24, 4.05630975844e-24, 4.54075594566e-24, 4.65538769038e-24, 6.79643349551e-24, 1.29447144166e-23, 7.22097476888e-24, 8.94095423294e-24, 8.07073258054e-24, 1.0970557658e-23, 8.56750116952e-24, 1.28868822348e-23, 7.88485170772e-24, 7.36078300939e-24, 8.77818777351e-24, 5.25396745665e-24, 9.31255899526e-24, 7.44897055884e-24, 1.02491869587e-23, 1.06510098268e-23, 1.08418068808e-23],
        "var": [5.27349657204e-05, 1.65241690411e-05, 3.16843784276e-06, 1.38927202897e-06, 2.35909442381e-06, 1.12630641524e-06, 1.14682495678e-06, 1.38809230066e-06, 4.2822128421e-07, 5.66527262436e-07, 1.79715073045e-07, 9.63484012573e-08, 2.58401115616e-07, 8.73393844358e-07, 1.28949147893e-06, 3.39618196676e-07, 3.78568927317e-08, 8.49377457257e-09, 1.45328193923e-09, 6.97122026772e-10, 1.09553466299e-09, 5.4169785324e-10, 3.68809344176e-10, 9.67754626435e-11, 6.9059778729e-11, 1.71142183758e-10, 4.67518190828e-10, 1.23396889928e-10, 2.5964402503e-11, 1.3767407353e-11, 1.66713916977e-11, 1.40419741806e-11, 1.25335367085e-11, 4.78391631864e-12, 3.27641711505e-12, 2.01320080398e-12, 1.40147691629e-12, 9.37854503259e-13, 6.07711689131e-13, 3.68759791583e-13]
    },
    "mfcc": {
        "mean": [-748.122497559, 114.468429565, 28.6944313049, 29.1275730133, 7.06673240662, 15.009021759, 4.83005428314, 0.416331797838, 0.0297179073095, 0.298486858606, 5.01042222977, 6.1090388298, 7.8134522438],
        "cov": [[11984.6123047, 575.655700684, -1759.29638672, -789.740783691, -791.497375488, -477.44732666, -81.4321289062, -205.377090454, -634.252258301, -85.1963882446, -278.85333252, -152.092849731, 84.5757675171], [575.655700684, 1571.88378906, -46.4320220947, -179.999649048, -165.249740601, -97.246673584, -36.7898101807, -37.9878158569, -76.7193222046, -98.263130188, -30.831199646, -16.0959072113, -16.9773635864], [-1759.29638672, -46.4320220947, 1759.73730469, 632.515014648, 453.79864502, 229.64781189, 21.5688438416, 99.5711288452, 248.810028076, -42.7743835449, 27.1010532379, 5.7789349556, -147.5806427], [-789.740783691, -179.999649048, 632.515014648, 787.926025391, 396.707336426, 103.963027954, 34.8079605103, 97.7849884033, 175.71232605, 82.2221221924, 56.9369544983, 50.9197273254, 15.1949138641], [-791.497375488, -165.249740601, 453.79864502, 396.707336426, 474.070556641, 191.739715576, 59.13306427, 91.2071075439, 152.61618042, 76.0081787109, 60.9471473694, 62.9928512573, 14.1694450378], [-477.44732666, -97.246673584, 229.64781189, 103.963027954, 191.739715576, 315.043701172, 182.306350708, 91.1715393066, 69.6363449097, 87.8008575439, 50.2240600586, 3.77896785736, 0.0415747612715], [-81.4321289062, -36.7898101807, 21.5688438416, 34.8079605103, 59.13306427, 182.306350708, 308.451171875, 131.407806396, 3.68314695358, 94.8369750977, 66.0121307373, 10.2633619308, 51.0765647888], [-205.377090454, -37.9878158569, 99.5711288452, 97.7849884033, 91.2071075439, 91.1715393066, 131.407806396, 181.301116943, 74.5223464966, 52.1834411621, 44.4120445251, 22.8144264221, 11.5786190033], [-634.252258301, -76.7193222046, 248.810028076, 175.71232605, 152.61618042, 69.6363449097, 3.68314695358, 74.5223464966, 221.427215576, 69.9220199585, 44.8349380493, 33.7193908691, -3.49135637283], [-85.1963882446, -98.263130188, -42.7743835449, 82.2221221924, 76.0081787109, 87.8008575439, 94.8369750977, 52.1834411621, 69.9220199585, 194.387313843, 91.0170440674, 27.4467048645, 65.2552185059], [-278.85333252, -30.831199646, 27.1010532379, 56.9369544983, 60.9471473694, 50.2240600586, 66.0121307373, 44.4120445251, 44.8349380493, 91.0170440674, 171.115341187, 87.5624694824, 53.9231872559], [-152.092849731, -16.0959072113, 5.7789349556, 50.9197273254, 62.9928512573, 3.77896785736, 10.2633619308, 22.8144264221, 33.7193908691, 27.4467048645, 87.5624694824, 142.245330811, 72.6127624512], [84.5757675171, -16.9773635864, -147.5806427, 15.1949138641, 14.1694450378, 0.0415747612715, 51.0765647888, 11.5786190033, -3.49135637283, 65.2552185059, 53.9231872559, 72.6127624512, 155.096984863]],
