{
"lowlevel": {
    "average_loudness": 0.896275520325,
    "barkbands_crest": {
        "dmean": 2.96576118469,
        "dmean2": 4.70301389694,
        "dvar": 8.58099937439,
        "dvar2": 19.0427780151,
        "max": 26.3234653473,
        "mean": 11.7331256866,
        "median": 10.2426748276,
        "min": 2.36343622208,
        "var": 33.509349823
    },
    "barkbands_flatness_db": {
        "dmean": 0.0269497577101,
        "dmean2": 0.0393176153302,
        "dvar": 0.000704873993527,
        "dvar2": 0.00142095494084,
        "max": 0.557023882866,
        "mean": 0.157535657287,
        "median": 0.148660302162,
        "min": 0.0176179315895,
        "var": 0.00349457352422
    },
    "barkbands_kurtosis": {
        "dmean": 6.84528827667,
        "dmean2": 10.4433832169,
        "dvar": 1146.42919922,
        "dvar2": 2256.00341797,
        "max": 1644.09875488,
        "mean": 8.0174665451,
        "median": 0.543208003044,
        "min": -1.96896255016,
        "var": 2070.57080078
    },
    "barkbands_skewness": {
        "dmean": 0.824972569942,
        "dmean2": 1.19681692123,
        "dvar": 1.32706260681,
        "dvar2": 2.55879759789,
        "max": 31.1462059021,
        "mean": 1.52337157726,
        "median": 1.05549931526,
        "min": -6.26554203033,
        "var": 4.69247293472
    },
    "barkbands_spread": {
        "dmean": 10.309425354,
        "dmean2": 15.2249794006,
        "dvar": 150.280471802,
        "dvar2": 321.630706787,
        "max": 121.837936401,
        "mean": 31.5139255524,
        "median": 27.8916568756,
        "min": 0.0977173745632,
        "var": 413.755981445
    },
    "dissonance": {
        "dmean": 0.0205793064088,
        "dmean2": 0.0339382514358,
        "dvar": 0.000403316487791,
        "dvar2": 0.0010395871941,
        "max": 0.5,
        "mean": 0.460115045309,
        "median": 0.467937082052,
        "min": 0.226574420929,
        "var": 0.000955814786721
    },
    "dynamic_complexity": 3.45560002327,
    "erbbands_crest": {
        "dmean": 2.90010595322,
        "dmean2": 4.59227752686,
        "dvar": 7.27624988556,
        "dvar2": 17.260684967,
        "max": 30.9146156311,
        "mean": 9.46175575256,
        "median": 8.44830513,
        "min": 2.09990906715,
        "var": 19.748966217
    },
    "erbbands_flatness_db": {
        "dmean": 0.0223764721304,
        "dmean2": 0.0304599478841,
        "dvar": 0.000471530598588,
        "dvar2": 0.00081682484597,
        "max": 0.379006803036,
        "mean": 0.155016720295,
        "median": 0.151015162468,
        "min": 0.0413246713579,
        "var": 0.00257232529111
    },
    "erbbands_kurtosis": {
        "dmean": 1.2446461916,
        "dmean2": 1.95046126842,
        "dvar": 3.82613015175,
        "dvar2": 8.42850971222,
        "max": 48.0713615417,
        "mean": 0.767752110958,
        "median": 0.0129265785217,
        "min": -1.93607509136,
        "var": 8.23549365997
    },
    "erbbands_skewness": {
        "dmean": 0.478677541018,
        "dmean2": 0.704866051674,
        "dvar": 0.255288213491,
        "dvar2": 0.538343071938,
        "max": 5.58270597458,
        "mean": 0.131214544177,
        "median": 0.12653888762,
        "min": -6.00277233124,
        "var": 0.990914285183
    },
    "erbbands_spread": {
        "dmean": 13.3864803314,
        "dmean2": 19.8852310181,
        "dvar": 250.789489746,
        "dvar2": 563.722717285,
        "max": 187.221389771,
        "mean": 46.8423233032,
        "median": 39.888092041,
        "min": 2.69676375389,
        "var": 787.418823242
    },
    "hfc": {
        "dmean": 16.2414531708,
        "dmean2": 24.3575267792,
        "dvar": 1579.27319336,
        "dvar2": 3900.87036133,
        "max": 399.721313477,
        "mean": 28.1357727051,
        "median": 16.6738681793,
        "min": 1.1473546991e-16,
        "var": 1686.11901855
    },
    "melbands_crest": {
        "dmean": 3.66957569122,
        "dmean2": 5.73160934448,
        "dvar": 13.1503705978,
        "dvar2": 29.0311832428,
        "max": 35.3065834045,
        "mean": 16.4503993988,
        "median": 15.0358610153,
        "min": 2.11584615707,
        "var": 59.1582527161
    },
    "melbands_flatness_db": {
        "dmean": 0.0328920707107,
        "dmean2": 0.0470048338175,
        "dvar": 0.00108705204912,
        "dvar2": 0.00202867132612,
        "max": 0.680984139442,
        "mean": 0.184776693583,
        "median": 0.172810643911,
        "min": 0.00510628847405,
        "var": 0.00727890059352
    },
    "melbands_kurtosis": {
        "dmean": 17.4272022247,
        "dmean2": 26.7478504181,
        "dvar": 2947.94873047,
        "dvar2": 6655.61962891,
        "max": 1555.21313477,
        "mean": 25.4105110168,
        "median": 6.52557373047,
        "min": -1.85460102558,
        "var": 4830.93603516
    },
    "melbands_skewness": {
        "dmean": 1.16038274765,
        "dmean2": 1.72510528564,
        "dvar": 2.42223787308,
        "dvar2": 5.10806417465,
        "max": 31.0016059875,
        "mean": 3.1426949501,
        "median": 2.3333158493,
        "min": -2.53470158577,
        "var": 8.67747783661
    },
    "melbands_spread": {
        "dmean": 12.0779237747,
        "dmean2": 18.1438789368,
        "dvar": 278.695800781,
        "dvar2": 571.356384277,
        "max": 266.166656494,
        "mean": 33.9926795959,
        "median": 27.3414402008,
        "min": 0.144718661904,
        "var": 878.041870117
    },
    "pitch_salience": {
        "dmean": 0.0785369127989,
        "dmean2": 0.122000724077,
        "dvar": 0.00606376770884,
        "dvar2": 0.0128492191434,
        "max": 0.878207325935,
        "mean": 0.503028810024,
        "median": 0.532073259354,
        "min": 0.024253455922,
        "var": 0.0267795901746
    },
    "silence_rate_20dB": {
        "dmean": 0,
        "dmean2": 0,
        "dvar": 0,
        "dvar2": 0,
        "max": 1,
        "mean": 1,
        "median": 1,
        "min": 1,
        "var": 0
    },
    "silence_rate_30dB": {
        "dmean": 0.0138501059264,
        "dmean2": 0.0277033057064,
        "dvar": 0.0136574972421,
        "dvar2": 0.0392211377621,
        "max": 1,
        "mean": 0.992182254791,
        "median": 1,
        "min": 0,
        "var": 0.00775654474273
    },
    "silence_rate_60dB": {
        "dmean": 0.0513794273138,
        "dmean2": 0.102770328522,
        "dvar": 0.0487473644316,
        "dvar2": 0.108961291611,
        "max": 1,
        "mean": 0.113692201674,
        "median": 0,
        "min": 0,
        "var": 0.100775875151
    },
    "spectral_centroid": {
        "dmean": 380.805328369,
        "dmean2": 558.542419434,
        "dvar": 178982.015625,
        "dvar2": 363596.90625,
        "max": 10800.4208984,
        "mean": 1834.49438477,
        "median": 1863.00415039,
        "min": 85.3855285645,
        "var": 699598.3125
    },
    "spectral_complexity": {
        "dmean": 3.66782093048,
        "dmean2": 5.34495067596,
        "dvar": 25.7197055817,
        "dvar2": 48.5823822021,
        "max": 61,
        "mean": 13.7673664093,
        "median": 12,
        "min": 0,
        "var": 80.6185073853
    },
    "spectral_decrease": {
        "dmean": 2.54514431752e-09,
        "dmean2": 4.16172696305e-09,
        "dvar": 2.88405784989e-17,
        "dvar2": 7.25455727531e-17,
        "max": 1.66859753709e-28,
        "mean": -5.2281290408e-09,
        "median": -3.14620329789e-09,
        "min": -4.94264291717e-08,
        "var": 3.89836723109e-17
    },
    "spectral_energy": {
        "dmean": 0.0106885405257,
        "dmean2": 0.0173132698983,
        "dvar": 0.000495754356962,
        "dvar2": 0.00124096428044,
        "max": 0.190599262714,
        "mean": 0.0222841873765,
        "median": 0.0141500392929,
        "min": 1.06653655113e-20,
        "var": 0.000652702350635
    },
    "spectral_energyband_high": {
        "dmean": 0.00130319630262,
        "dmean2": 0.00197032047436,
        "dvar": 1.11858480523e-05,
        "dvar2": 2.75325091934e-05,
        "max": 0.0322390533984,
        "mean": 0.00172536517493,
        "median": 0.000612215837464,
        "min": 7.60143763137e-21,
        "var": 1.13966898425e-05
    },
    "spectral_energyband_low": {
        "dmean": 0.00574656482786,
        "dmean2": 0.00932873506099,
        "dvar": 0.000236907115323,
        "dvar2": 0.000556626764592,
        "max": 0.174297139049,
        "mean": 0.0102240927517,
        "median": 0.000380319077522,
        "min": 5.35371308054e-23,
        "var": 0.000409020663938
    },
    "spectral_energyband_middle_high": {
        "dmean": 0.00211090547964,
        "dmean2": 0.00307226041332,
        "dvar": 1.72146756086e-05,
        "dvar2": 4.18264753534e-05,
        "max": 0.0486162826419,
        "mean": 0.0051012034528,
        "median": 0.00234911916777,
        "min": 1.52127814372e-21,
        "var": 4.63501019112e-05
    },
    "spectral_energyband_middle_low": {
        "dmean": 0.00451656943187,
        "dmean2": 0.00801580492407,
        "dvar": 0.00015074473049,
        "dvar2": 0.000431074586231,
        "max": 0.108126387,
        "mean": 0.00602576136589,
        "median": 0.00354581698775,
        "min": 3.3704931621e-22,
        "var": 9.83994614216e-05
    },
    "spectral_entropy": {
        "dmean": 0.226579591632,
        "dmean2": 0.309168934822,
        "dvar": 0.0547582767904,
        "dvar2": 0.0996532142162,
        "max": 9.80298423767,
        "mean": 7.71406126022,
        "median": 7.74623298645,
        "min": 5.68816423416,
        "var": 0.249184012413
    },
    "spectral_flux": {
        "dmean": 0.032463401556,
        "dmean2": 0.0516141615808,
        "dvar": 0.00212520454079,
        "dvar2": 0.00416225846857,
        "max": 0.409654676914,
        "mean": 0.0855900198221,
        "median": 0.068523272872,
        "min": 1.05339986733e-10,
        "var": 0.00428695045412
    },
    "spectral_kurtosis": {
        "dmean": 1.20265972614,
        "dmean2": 1.7973972559,
        "dvar": 2.16686034203,
        "dvar2": 4.8936009407,
        "max": 32.74634552,
        "mean": 3.30977773666,
        "median": 2.80709791183,
        "min": -1.29777503014,
        "var": 7.39190578461
    },
    "spectral_rms": {
        "dmean": 0.000934181269258,
        "dmean2": 0.00144089153036,
        "dvar": 2.21601908379e-06,
        "dvar2": 5.10465224579e-06,
        "max": 0.0136363664642,
        "mean": 0.00406698184088,
        "median": 0.0037154967431,
        "min": 3.22571461729e-12,
        "var": 5.20030516782e-06
    },
    "spectral_rolloff": {
        "dmean": 1338.11132812,
        "dmean2": 2167.87963867,
        "dvar": 4670001,
        "dvar2": 9880486,
        "max": 19487.5488281,
        "mean": 3074.22583008,
        "median": 2153.3203125,
        "min": 64.599609375,
        "var": 9934333
    },
    "spectral_skewness": {
        "dmean": 0.216787800193,
        "dmean2": 0.315777033567,
        "dvar": 0.0488111935556,
        "dvar2": 0.0992645993829,
        "max": 4.40920448303,
        "mean": 1.41385555267,
        "median": 1.41944503784,
        "min": -0.535467505455,
        "var": 0.217662543058
    },
    "spectral_spread": {
        "dmean": 999332.25,
        "dmean2": 1326004,
        "dvar": 1.55918453965e+12,
        "dvar2": 2.50862344602e+12,
        "max": 47522464,
        "mean": 6246686,
        "median": 5706699,
        "min": 1676427,
        "var": 6.00818686362e+12
    },
    "spectral_strongpeak": {
        "dmean": 0.586448192596,
        "dmean2": 0.98031103611,
        "dvar": 1.34928441048,
        "dvar2": 3.40631484985,
        "max": 18.0642375946,
        "mean": 0.997310340405,
        "median": 0.471366524696,
        "min": 0,
        "var": 2.11238670349
    },
    "zerocrossingrate": {
        "dmean": 0.0235896613449,
        "dmean2": 0.0249895062298,
        "dvar": 0.000646275468171,
        "dvar2": 0.000720641342923,
        "max": 0.5048828125,
        "mean": 0.104745328426,
        "median": 0.090576171875,
        "min": 0.001953125,
        "var": 0.00480813998729
    },
    "barkbands": {
        "dmean": [0.000276418955764, 0.00455522164702, 0.00164339412004, 0.00140469241887, 0.00174850551412, 0.000680528115481, 0.000318358710501, 0.000530039716978, 0.000612880976405, 0.000468377053039, 0.000303284439724, 0.000258806365309, 0.000286994560156, 0.000421928212745, 0.000504486379214, 0.000310948933475, 0.000243846225203, 0.000389552762499, 0.000330327660777, 0.000186454097275, 0.000165616438608, 0.000139984025736, 0.000137209906825, 0.000165146571817, 0.000318396720104, 0.000434113404481, 3.14876530183e-07],
        "dmean2": [0.000390179193346, 0.00741093652323, 0.00288936588913, 0.00267415633425, 0.00315908412449, 0.00115584151354, 0.000549825665075, 0.000847834104206, 0.000974798749667, 0.000722893630154, 0.000462801835965, 0.000403918704251, 0.000450574239949, 0.000646270869765, 0.000818865722977, 0.000493104045745, 0.000375261093723, 0.000608664064202, 0.000498188484926, 0.000287118979031, 0.000265541661065, 0.000215611726162, 0.000215544452658, 0.000248150463449, 0.000499334128108, 0.000662483391352, 6.13324800725e-07],
        "dvar": [5.0382527661e-07, 0.000171725972905, 5.24150091223e-05, 4.37594026153e-05, 3.2779549656e-05, 2.23513370656e-06, 1.05209346657e-06, 1.7390600533e-06, 2.54582846537e-06, 1.27605937905e-06, 7.67470112351e-07, 5.96317761392e-07, 5.13359111665e-07, 1.01435523447e-06, 2.32160118685e-06, 8.08491790849e-07, 4.01386103022e-07, 8.17216289306e-07, 6.71107613925e-07, 1.87767881243e-07, 2.25950756771e-07, 1.01409405318e-07, 1.1376212683e-07, 1.60504470159e-07, 7.567758189e-07, 1.77196454842e-06, 1.22509008146e-11],
        "dvar2": [8.88732358817e-07, 0.00043782760622, 0.00014484350686, 0.000127948442241, 9.42920305533e-05, 6.17494970356e-06, 2.94374922305e-06, 3.90292461816e-06, 6.35705328023e-06, 2.71281146524e-06, 1.45506805893e-06, 1.28371004848e-06, 1.15507998544e-06, 2.19790808842e-06, 6.01360216024e-06, 1.93021264749e-06, 9.55933160185e-07, 1.85289286492e-06, 1.49799132032e-06, 4.50654425777e-07, 5.90606475726e-07, 2.50261848578e-07, 2.84123814254e-07, 3.72331328435e-07, 1.94789777197e-06, 4.33461173088e-06, 3.60155412438e-11],
        "max": [0.00852455478162, 0.164236292243, 0.0816152319312, 0.0816991329193, 0.0762654617429, 0.0166167188436, 0.015574333258, 0.032662384212, 0.0412058383226, 0.0212213229388, 0.0304350778461, 0.0257423985749, 0.0194501262158, 0.024099862203, 0.0190154202282, 0.0212220456451, 0.0176407527179, 0.0225953347981, 0.0215326882899, 0.0117722572759, 0.0077759064734, 0.00492362119257, 0.00429204758257, 0.00705620786175, 0.00841955747455, 0.0115315942094, 0.00013332751405],
        "mean": [0.000421763659688, 0.00787161197513, 0.00134440569673, 0.000966723251622, 0.00169000902679, 0.000974682334345, 0.00036344002001, 0.000819831562694, 0.000804167008027, 0.000798684428446, 0.000435103196651, 0.000343391526258, 0.00038610456977, 0.000617104989942, 0.000614518823568, 0.000412973109633, 0.000401810393669, 0.000598069222178, 0.000529609969817, 0.000297823309666, 0.000199645059183, 0.00022035985603, 0.000184655800695, 0.000230042511248, 0.000352476025, 0.000404919090215, 1.71449798358e-07],
        "median": [5.51930224901e-06, 2.92024597002e-05, 6.66707783239e-05, 8.60133513925e-05, 0.000612688018009, 0.000415999966208, 0.000113510948722, 0.000309536466375, 0.00016525250976, 0.000144868143252, 6.55483454466e-05, 4.28890780313e-05, 6.53522874927e-05, 7.37648806535e-05, 7.93821382103e-05, 6.3232742832e-05, 0.000108306689071, 0.000153275643243, 0.00012781235273, 9.71039335127e-05, 5.14625426149e-05, 9.31786780711e-05, 6.95546259522e-05, 6.83979960741e-05, 6.44481697236e-05, 2.47545285674e-05, 3.66904701066e-10],
        "min": [3.90000619974e-23, 2.23097468616e-23, 6.34971576438e-24, 2.41768843832e-23, 1.53217992375e-23, 2.24380251111e-23, 2.22619087585e-23, 2.65756321134e-23, 6.89027717766e-23, 6.96257091537e-23, 3.48584223382e-23, 3.60802195745e-23, 4.22312078662e-23, 7.70019183381e-23, 9.71833910526e-23, 1.24638255976e-22, 1.87469373625e-22, 2.31980894378e-22, 2.58803301115e-22, 3.35258892256e-22, 3.6889261435e-22, 4.20519281815e-22, 4.79985484873e-22, 8.40005294683e-22, 1.27368779986e-21, 1.54084926529e-21, 2.54011636284e-21],
        "var": [1.13954342851e-06, 0.000277978368104, 3.4739383409e-05, 2.39676737692e-05, 1.97976169147e-05, 2.4016428597e-06, 8.92630453109e-07, 4.41134534412e-06, 3.75329204871e-06, 3.63312528862e-06, 1.91160324903e-06, 1.14841975574e-06, 8.99005840438e-07, 2.15713953367e-06, 2.83786539512e-06, 1.384096322e-06, 9.29130408167e-07, 1.62200683462e-06, 1.46022705394e-06, 3.68290585584e-07, 2.13799197013e-07, 1.42112270396e-07, 1.25728092826e-07, 2.66857057341e-07, 7.10128688297e-07, 1.62094625011e-06, 6.47470618786e-12]
    },
    "erbbands": {
        "dmean": [0.188139289618, 0.83840483427, 1.42971313, 4.01922988892, 4.70362567902, 6.61929035187, 5.64618301392, 5.75808143616, 4.62228918076, 7.92515182495, 10.6843423843, 13.3415079117, 15.6134309769, 10.5460004807, 11.8612794876, 10.1083612442, 12.6912002563, 19.2776622772, 26.628818512, 18.4574394226, 15.020898819, 12.24862957, 17.3585567474, 19.7341213226, 12.4744939804, 8.26430416107, 6.17068004608, 6.81746149063, 4.9696559906, 5.24434089661, 3.57458424568, 3.0778772831, 3.03007268906, 2.83763098717, 2.83721542358, 2.18854784966, 0.788237810135, 0.0551325343549, 0.00107281503733, 6.60152654746e-05],
        "dmean2": [0.29591524601, 1.37920868397, 2.33420276642, 7.55469179153, 8.75499629974, 11.9338274002, 9.64092636108, 9.84340763092, 8.05610275269, 13.0329294205, 16.8096942902, 20.9365444183, 24.2444076538, 15.3453330994, 17.4706840515, 15.5191488266, 19.4928321838, 29.3147449493, 42.5205307007, 29.1557636261, 23.2128353119, 18.3296661377, 26.9018611908, 28.7416381836, 18.6684112549, 12.6440048218, 9.66945457458, 10.9651985168, 7.61467933655, 8.23505210876, 5.58339071274, 4.71850252151, 4.53985452652, 4.30939865112, 4.5558590889, 3.43862509727, 1.18987548351, 0.080874428153, 0.00157968059648, 9.96724484139e-05],
        "dvar": [0.285369515419, 6.45222377777, 31.5247573853, 353.535705566, 280.219146729, 516.086242676, 188.570770264, 172.826965332, 257.13293457, 400.73840332, 696.690979004, 1346.42248535, 1170.1517334, 1102.66711426, 1281.57885742, 769.492492676, 945.270507812, 2316.7590332, 6054.421875, 2663.67138672, 1924.3458252, 927.857910156, 1652.99121094, 2526.18994141, 854.461486816, 385.932495117, 272.457611084, 420.317108154, 131.492263794, 160.374145508, 74.7384872437, 57.1887397766, 56.675113678, 52.349773407, 70.152015686, 47.8530006409, 5.5888428688, 0.0242194086313, 9.86037775874e-06, 3.54465008456e-08],
        "dvar2": [0.618804633617, 17.5597381592, 81.3124923706, 1023.93353271, 807.972595215, 1489.79431152, 531.670227051, 480.688049316, 733.320739746, 919.039428711, 1526.54150391, 3335.84008789, 2562.12133789, 2173.76708984, 2239.95410156, 1697.11279297, 2090.15087891, 5084.38769531, 15717.5, 6572.52246094, 4341.89208984, 2104.13037109, 3901.43261719, 5227.66894531, 1840.04003906, 928.35559082, 701.738769531, 1094.05285645, 323.868927002, 410.094970703, 181.046020508, 137.549102783, 132.054260254, 127.066268921, 185.737380981, 120.379119873, 13.4820785522, 0.0560688003898, 2.33934224525e-05, 8.64145377477e-08],
        "max": [6.47217512131, 34.9969978333, 63.5346794128, 242.442550659, 170.811645508, 340.933319092, 170.043807983, 158.59538269, 279.932495117, 577.441162109, 605.086425781, 990.078918457, 849.021240234, 988.133483887, 1537.24438477, 905.293334961, 655.060119629, 1203.88977051, 996.34576416, 1292.97973633, 1237.87731934, 977.83972168, 1439.52392578, 1038.84094238, 1185.7722168, 479.874572754, 380.800384521, 282.942993164, 188.956283569, 158.645706177, 104.682472229, 135.936233521, 142.999404907, 80.1883087158, 78.3956222534, 62.9790496826, 20.7723445892, 1.7348549366, 0.0405371002853, 0.00296235084534],
        "mean": [0.313026368618, 1.41838979721, 1.60424804688, 2.87343263626, 3.57932734489, 6.33596658707, 7.29899740219, 8.36547470093, 5.58026266098, 12.0624952316, 15.662987709, 18.900144577, 26.374004364, 17.6860656738, 19.3084087372, 15.3227157593, 18.9419536591, 29.0176181793, 34.2492332458, 25.7114753723, 22.9246463776, 22.2099113464, 28.8761997223, 34.7460479736, 21.5994300842, 13.8701953888, 8.84497737885, 7.87413883209, 7.59350585938, 7.45856523514, 4.93043041229, 4.33408117294, 4.07258081436, 3.43993926048, 2.81959676743, 1.99366223812, 0.737469136715, 0.0563508793712, 0.00108894414734, 8.33201265777e-05],
        "median": [0.000961374025792, 0.00691022630781, 0.0851176977158, 0.296683251858, 0.694167494774, 2.185744524, 3.52769112587, 3.294069767, 1.87996053696, 4.91520309448, 4.87707233429, 4.76234054565, 5.96037483215, 3.28380298615, 3.57424068451, 2.90711307526, 4.06245708466, 4.72900295258, 5.44397544861, 4.67934846878, 4.56873703003, 6.45345973969, 9.20985794067, 7.46915245056, 6.03368091583, 4.96963262558, 2.69269037247, 2.12482833862, 3.00097227097, 3.15095615387, 1.80505096912, 1.41842162609, 1.09451496601, 0.687875986099, 0.43735730648, 0.157560884953, 0.0368701517582, 0.00264322897419, 7.29813182261e-05, 3.08144590235e-05],
        "min": [5.10389219146e-22, 5.61890340344e-21, 1.11823348149e-20, 3.60782837477e-20, 6.84771001097e-20, 6.20322451517e-20, 6.83255257248e-20, 2.38538234994e-19, 3.58473426755e-19, 4.13768848042e-19, 7.72979964807e-19, 1.6228913455e-18, 2.53000593616e-18, 8.98921780285e-19, 2.02666467226e-18, 1.63788347711e-18, 2.13007879244e-18, 3.65972248108e-18, 4.86882065425e-18, 4.63794751425e-18, 1.01043114489e-17, 9.91253624132e-18, 1.15513745951e-17, 1.57283347675e-17, 1.71760116817e-17, 1.13326912022e-17, 1.87846629061e-17, 1.47405487672e-17, 1.29116516057e-17, 1.22823574111e-17, 1.43203277812e-17, 1.43423522922e-17, 1.72313599908e-17, 1.21581951196e-17, 9.63335616714e-18, 6.07764585783e-18, 2.70752489267e-18, 1.195333164e-18, 3.35209385617e-19, 3.26215864407e-20],
        "var": [0.530452549458, 8.91775608063, 27.0593280792, 199.268173218, 159.964569092, 311.079803467, 153.372085571, 185.85269165, 194.309860229, 942.786804199, 1451.09484863, 2181.56298828, 3356.3503418, 2933.75268555, 3919.52954102, 1645.66784668, 1904.82751465, 4585.83496094, 7319.40576172, 4088.33154297, 4042.06298828, 2507.20068359, 3002.19824219, 6989.24169922, 2073.73339844, 750.515075684, 351.104644775, 360.358673096, 180.858261108, 176.956954956, 90.0380477905, 85.6945114136, 91.0907287598, 62.347492218, 57.4728317261, 40.8989105225, 5.2793636322, 0.0261251628399, 1.00145525721e-05, 3.40914709795e-08]
    },
    "gfcc": {
        "mean": [-27.3060970306, 41.0970077515, -114.944862366, 24.7766704559, -70.8396911621, 9.17643260956, -51.3288993835, 14.6023988724, -31.9132061005, 3.79357767105, -19.889509201, 3.5869820118, -13.5393438339],
        "cov": [[13603.3505859, 0.304618567228, -214.527511597, -50.539024353, 340.724822998, 347.59173584, 40.1205558777, 495.002471924, -71.6684799194, 409.078186035, -210.087020874, 226.413757324, -201.040145874], [0.304618567228, 1765.59301758, 50.9003677368, 163.342559814, 323.837219238, 201.762939453, 287.35647583, 103.683708191, 186.119171143, -74.0350418091, 224.913391113, -96.1224822998, 71.7307281494], [-214.527511597, 50.9003677368, 1725.77282715, 523.647521973, 241.759750366, 322.539489746, 258.158233643, 152.284454346, 133.860305786, 221.721130371, -10.9839944839, 126.203811646, -2.05679821968], [-50.539024353, 163.342559814, 523.647521973, 758.721496582, 299.800872803, 183.61328125, 198.534957886, 140.491699219, 203.741607666, 103.659507751, 79.5169677734, 56.0414733887, 116.068748474], [340.724822998, 323.837219238, 241.759750366, 299.800872803, 711.455200195, 335.343963623, 369.487976074, 267.10848999, 208.229003906, 165.95362854, 120.015136719, 81.6374969482, 47.3723068237], [347.59173584, 201.762939453, 322.539489746, 183.61328125, 335.343963623, 537.539428711, 385.715484619, 149.607788086, 128.885910034, 141.804016113, 94.7331390381, 35.6119003296, 27.984375], [40.1205558777, 287.35647583, 258.158233643, 198.534957886, 369.487976074, 385.715484619, 526.942871094, 226.855102539, 164.558563232, 156.810012817, 124.325828552, 61.6930847168, 31.5227813721], [495.002471924, 103.683708191, 152.284454346, 140.491699219, 267.10848999, 149.607788086, 226.855102539, 299.366638184, 156.120132446, 113.928222656, 83.2544250488, 59.8510284424, 25.9672222137], [-71.6684799194, 186.119171143, 133.860305786, 203.741607666, 208.229003906, 128.885910034, 164.558563232, 156.120132446, 274.818817139, 119.269546509, 59.217300415, 46.4947319031, 63.3619651794], [409.078186035, -74.0350418091, 221.721130371, 103.659507751, 165.95362854, 141.804016113, 156.810012817, 113.928222656, 119.269546509, 221.969711304, 56.0818138123, 69.6794128418, 22.7404823303], [-210.087020874, 224.913391113, -10.9839944839, 79.5169677734, 120.015136719, 94.7331390381, 124.325828552, 83.2544250488, 59.217300415, 56.0818138123, 204.681335449, 47.5758247375, 36.047996521], [226.413757324, -96.1224822998, 126.203811646, 56.0414733887, 81.6374969482, 35.6119003296, 61.6930847168, 59.8510284424, 46.4947319031, 69.6794128418, 47.5758247375, 163.277374268, 38.7566070557], [-201.040145874, 71.7307281494, -2.05679821968, 116.068748474, 47.3723068237, 27.984375, 31.5227813721, 25.9672222137, 63.3619651794, 22.7404823303, 36.047996521, 38.7566070557, 147.486968994]],
        "icov": [[0.000138916453579, -0.000185815282748, 0.000179927694262, -0.000163958306075, 0.000109045984573, -0.000293773045996, 0.000353734503733, -0.000513091799803, 0.000467240606667, -0.000587733520661, 0.000558678235393, -0.000440853124019, 0.000315905374009], [-0.000185815282748, 0.00128993950784, -0.000485484022647, 0.000515864405315, -0.000589844188653, 0.000613874581177, -0.00098050525412, 0.00113183434587, -0.00151981145609, 0.00206242268905, -0.00200501666404, 0.00166393362451, -0.000822389265522], [0.000179927694262, -0.000485484022647, 0.0012584462529, -0.00101061572786, 0.000469549704576, -0.000882304797415, 0.000611778756138, -0.000925579515751, 0.00110128044616, -0.00168639293406, 0.0015931581147, -0.00141770474147, 0.00111310370266], [-0.000163958306075, 0.000515864405315, -0.00101061572786, 0.00271129398607, -0.000888149545062, 0.000634054944385, -0.00063539884286, 0.000973118527327, -0.00185104599223, 0.001581597724, -0.00148976722267, 0.00131330057047, -0.00192238390446], [0.000109045984573, -0.000589844188653, 0.000469549704576, -0.000888149545062, 0.00321906269528, -0.00116184493527, -7.04116537236e-05, -0.00186759280041, 0.000448706297902, -0.00127914291807, 0.000957565498538, -0.00124489038717, 0.000768925063312], [-0.000293773045996, 0.000613874581177, -0.000882304797415, 0.000634054944385, -0.00116184493527, 0.00516052357852, -0.00364313204773, 0.00208922033198, -0.00119741202798, 0.000988427782431, -0.00180708779953, 0.00201330403797, -0.00113081699237], [0.000353734503733, -0.00098050525412, 0.000611778756138, -0.00063539884286, -7.04116537236e-05, -0.00364313204773, 0.00662514939904, -0.00326094124466, 0.00143329449929, -0.00257522868924, 0.00122609571554, -0.00177257566247, 0.00128704623785], [-0.000513091799803, 0.00113183434587, -0.000925579515751, 0.000973118527327, -0.00186759280041, 0.00208922033198, -0.00326094124466, 0.00890564825386, -0.00417715776712, 0.00226024375297, -0.00334552838467, 0.00160765124019, -0.000854853366036], [0.000467240606667, -0.00151981145609, 0.00110128044616, -0.00185104599223, 0.000448706297902, -0.00119741202798, 0.00143329449929, -0.00417715776712, 0.00928066298366, -0.00519332569093, 0.00328665669076, -0.00209770794027, -7.80703267083e-05], [-0.000587733520661, 0.00206242268905, -0.00168639293406, 0.001581597724, -0.00127914291807, 0.000988427782431, -0.00257522868924, 0.00226024375297, -0.00519332569093, 0.0118207065389, -0.00443329568952, 0.00146144535393, -0.00158859253861], [0.000558678235393, -0.00200501666404, 0.0015931581147, -0.00148976722267, 0.000957565498538, -0.00180708779953, 0.00122609571554, -0.00334552838467, 0.00328665669076, -0.00443329568952, 0.0102754784748, -0.00431678444147, 0.00118805305101], [-0.000440853124019, 0.00166393362451, -0.00141770474147, 0.00131330057047, -0.00124489038717, 0.00201330403797, -0.00177257566247, 0.00160765124019, -0.00209770794027, 0.00146144535393, -0.00431678444147, 0.0106680691242, -0.00342224584892], [0.000315905374009, -0.000822389265522, 0.00111310370266, -0.00192238390446, 0.000768925063312, -0.00113081699237, 0.00128704623785, -0.000854853366036, -7.80703267083e-05, -0.00158859253861, 0.00118805305101, -0.00342224584892, 0.00986964814365]]
    },
    "melbands": {
        "dmean": [0.00143562990706, 0.000732082989998, 0.000695561058819, 0.000413967121858, 0.000216538028326, 0.000127503255499, 6.74722323311e-05, 9.67167361523e-05, 9.25566710066e-05, 8.49788120831e-05, 7.81017733971e-05, 4.40547446487e-05, 4.13072120864e-05, 2.95196841762e-05, 2.91462110908e-05, 2.74637095572e-05, 3.99493728764e-05, 4.5058390242e-05, 3.37243836839e-05, 2.35512998188e-05, 1.87856967386e-05, 1.38736932058e-05, 1.6200776372e-05, 1.88153080671e-05, 1.77266938408e-05, 1.09350366984e-05, 7.9782166722e-06, 5.46355022379e-06, 4.22560060542e-06, 4.03598505727e-06, 3.99947612095e-06, 2.74342846751e-06, 3.05390221911e-06, 3.0158591926e-06, 2.10259509004e-06, 1.90296236724e-06, 1.94829976863e-06, 2.05907872441e-06, 2.51091387327e-06, 2.39808218794e-06],
        "dmean2": [0.0023229108192, 0.0012064028997, 0.00130188337062, 0.000759510847274, 0.000374469760573, 0.000217757566134, 0.000117261792184, 0.000157898102771, 0.000146220016177, 0.000133476918563, 0.000120932687423, 6.39687059447e-05, 6.13211086602e-05, 4.51022679044e-05, 4.48681821581e-05, 4.29226929555e-05, 6.07828769716e-05, 7.2136244853e-05, 5.37117703061e-05, 3.6900761188e-05, 2.91127234959e-05, 2.12203067349e-05, 2.5311470381e-05, 2.91605865641e-05, 2.61331861111e-05, 1.64986431628e-05, 1.23279642139e-05, 8.54762220115e-06, 6.69720384394e-06, 6.47477236271e-06, 6.50805441182e-06, 4.23651863457e-06, 4.79390428154e-06, 4.80372455058e-06, 3.31301498591e-06, 2.9900672871e-06, 3.00033434542e-06, 3.14736098517e-06, 3.77584433409e-06, 3.65517098544e-06],
        "dvar": [1.67377838807e-05, 5.61907654628e-06, 9.84396137937e-06, 1.95226357391e-06, 3.3448733916e-07, 8.43687928409e-08, 5.33339914455e-08, 6.09581007893e-08, 5.57252377575e-08, 4.87195386256e-08, 3.00407023701e-08, 2.01249079623e-08, 1.46789309596e-08, 7.36963556847e-09, 5.38425926067e-09, 4.98577801267e-09, 1.06150030987e-08, 1.54424437682e-08, 9.74100000661e-09, 4.64774174702e-09, 3.22401771946e-09, 1.73835590367e-09, 1.28377530828e-09, 2.05732053615e-09, 2.35908226287e-09, 8.30382262951e-10, 3.6282218896e-10, 1.94994062563e-10, 1.47143477958e-10, 1.14610987367e-10, 1.56906307391e-10, 4.0512926347e-11, 4.50375223227e-11, 5.77311982941e-11, 2.52462356576e-11, 2.19228975251e-11, 2.28056202395e-11, 2.69166980371e-11, 4.01406963224e-11, 3.7052243218e-11],
        "dvar2": [4.05752252846e-05, 1.30414973682e-05, 2.84437337541e-05, 5.61008346267e-06, 9.56580379352e-07, 2.34465744597e-07, 1.51797379999e-07, 1.39905253604e-07, 1.28967570845e-07, 1.18595806953e-07, 6.54845138115e-08, 3.93111783126e-08, 2.67897348749e-08, 1.49788466075e-08, 1.13737064211e-08, 1.12459801471e-08, 2.25855298908e-08, 3.90562497898e-08, 2.3909208835e-08, 1.11710560802e-08, 7.05276637092e-09, 3.96206800701e-09, 3.03090974541e-09, 4.65210892031e-09, 4.98378094349e-09, 1.70200098459e-09, 8.15263800913e-10, 4.85613382839e-10, 3.79678122275e-10, 2.90418133986e-10, 4.13681783273e-10, 9.96714169532e-11, 1.12611281411e-10, 1.49443318831e-10, 6.13382608594e-11, 5.29706729868e-11, 5.54458146063e-11, 6.42944655849e-11, 9.45430816968e-11, 9.04289282344e-11],
        "max": [0.0465485677123, 0.0249857157469, 0.0369532629848, 0.0179292596877, 0.00731117557734, 0.00376541842707, 0.00377136701718, 0.00701684365049, 0.00446155900136, 0.00536295119673, 0.00416519446298, 0.00413501774892, 0.0040780454874, 0.00293728965335, 0.00347608933225, 0.00173062225804, 0.00277372729033, 0.002075858647, 0.00201635668054, 0.00180332548916, 0.00160283152945, 0.00140443700366, 0.00107160338666, 0.0011439062655, 0.00106142077129, 0.00152973283548, 0.000602271291427, 0.000445257028332, 0.000381832884159, 0.000139959476655, 0.000180999442819, 0.000127027757117, 0.000101467208879, 0.000101062178146, 6.37523990008e-05, 8.06493262644e-05, 9.06348941498e-05, 9.89016625681e-05, 9.65805957094e-05, 6.47772685625e-05],
        "mean": [0.0024445487652, 0.00120132951997, 0.000501004047692, 0.000358371413313, 0.000276063074125, 0.000184062053449, 7.94210791355e-05, 0.000149838480866, 0.000131121749291, 0.00011649372027, 0.000129129126435, 6.94202753948e-05, 6.3343468355e-05, 4.22545381298e-05, 4.26224250987e-05, 3.61509301001e-05, 5.78020881221e-05, 5.49476644665e-05, 4.22501871071e-05, 3.00018018606e-05, 2.64712598437e-05, 2.22126218432e-05, 2.52391382674e-05, 2.79078867607e-05, 2.89358285954e-05, 1.70024377439e-05, 1.26775103126e-05, 8.31280976854e-06, 5.79847164772e-06, 4.76554532725e-06, 4.38659208157e-06, 4.06158869737e-06, 4.62056868855e-06, 3.93909704144e-06, 2.80762424154e-06, 2.53201778833e-06, 2.70866553365e-06, 2.74683452517e-06, 3.07733080263e-06, 2.83461713479e-06],
        "median": [8.81407686393e-06, 3.56182317773e-05, 6.57424898236e-05, 0.000102234836959, 0.000137144976179, 7.48557285988e-05, 2.43217618845e-05, 5.82454231335e-05, 3.5750115785e-05, 2.65076414507e-05, 2.515612141e-05, 9.74307567958e-06, 1.01286877907e-05, 6.5234912654e-06, 8.23300615593e-06, 6.16365014139e-06, 6.84482074575e-06, 6.91599689162e-06, 5.89947831031e-06, 4.57011901744e-06, 4.8036354201e-06, 5.41811505173e-06, 7.83803989179e-06, 6.71366387905e-06, 5.40898918189e-06, 4.43094631919e-06, 3.17113745041e-06, 2.7288219826e-06, 1.50874541305e-06, 1.11165377348e-06, 1.12629618343e-06, 1.54310725975e-06, 1.81215273187e-06, 1.55990710482e-06, 9.72617954176e-07, 8.0565200733e-07, 8.77957688772e-07, 7.58122041589e-07, 5.90483580254e-07, 5.38697577213e-07],
        "min": [7.96257580613e-24, 6.88244536659e-24, 8.36845105275e-24, 4.27355219098e-24, 2.54503764635e-24, 5.45700842074e-24, 6.23100008676e-24, 4.87526215732e-24, 7.91668697841e-24, 1.12596814906e-23, 1.21801543716e-23, 2.82171285949e-24, 5.19690362535e-24, 5.5516527967e-24, 3.90232016544e-24, 4.17774424518e-24, 7.21390578631e-24, 7.18946924204e-24, 8.45157963722e-24, 5.98863795642e-24, 1.17035593225e-23, 1.06834312212e-23, 8.11297687087e-24, 1.10541295823e-23, 1.29546903516e-23, 1.01251811798e-23, 1.30544694232e-23, 5.3886224633e-24, 1.02084943577e-23, 9.58260107147e-24, 8.69393269566e-24, 7.33570512121e-24, 7.37966045085e-24, 6.77808853516e-24, 7.89989055202e-24, 7.24516361081e-24, 9.39288870124e-24, 1.1206198299e-23, 1.3676752882e-23, 8.58403174979e-24],
        "var": [2.85294700006e-05, 7.41224994272e-06, 5.55957240067e-06, 1.15766169984e-06, 2.41564237058e-07, 8.94133478369e-08, 4.10845260035e-08, 1.55080869035e-07, 9.74633707074e-08, 7.9815499987e-08, 8.54547792528e-08, 5.26092307496e-08, 4.0565698356e-08, 1.75415486581e-08, 1.20599610298e-08, 8.48545322896e-09, 2.14451016944e-08, 1.92811917543e-08, 1.390571569e-08, 6.71720012946e-09, 6.50489795362e-09, 3.71887121098e-09, 2.53932941341e-09, 3.91064958194e-09, 5.83185677527e-09, 1.74545444764e-09, 8.28860147184e-10, 3.08232245283e-10, 1.86169815675e-10, 1.1934343791e-10, 1.28438537583e-10, 5.6202955484e-11, 6.44563430408e-11, 5.71593015974e-11, 2.97293752116e-11, 2.92343475816e-11, 3.49966652879e-11, 4.25470214616e-11, 5.64302354844e-11, 4.26303679857e-11]
    },
    "mfcc": {
        "mean": [-670.934082031, 79.4295425415, 3.67212986946, 13.0700321198, 1.08714151382, -8.84279823303, -7.01259756088, 0.0942317172885, -7.43492412567, -1.76482009888, -0.393716603518, -7.81463575363, -5.57206010818],
        "cov": [[8538.26367188, -13.6554021835, -743.987304688, -12.7440710068, 107.228523254, 140.048370361, 164.478164673, 178.256500244, 190.940170288, 195.376953125, 299.973083496, -10.005490303, 65.2520980835], [-13.6554021835, 1455.91210938, -33.3518218994, 24.6876564026, 150.535263062, 109.912567139, 221.262313843, 214.04057312, 19.1725540161, 155.461929321, 153.802108765, 34.7836952209, 61.0942230225], [-743.987304688, -33.3518218994, 1323.66442871, 325.437286377, 135.741897583, 264.163330078, 127.011054993, 29.4338665009, 188.489013672, -17.2974834442, 54.8519134521, 198.547058105, 54.5554542542], [-12.7440710068, 24.6876564026, 325.437286377, 604.764282227, 260.426483154, 120.868560791, 78.4565734863, 122.208808899, 176.326080322, 85.2822647095, 44.6781234741, 130.675369263, 136.073898315], [107.228523254, 150.535263062, 135.741897583, 260.426483154, 399.114898682, 154.311050415, 123.564239502, 141.081558228, 136.667251587, 129.04460144, 92.3746490479, 63.5880012512, 96.4073638916], [140.048370361, 109.912567139, 264.163330078, 120.868560791, 154.311050415, 469.50479126, 260.272186279, 153.568740845, 194.634185791, 140.491989136, 139.711975098, 98.6944351196, 44.7550964355], [164.478164673, 221.262313843, 127.011054993, 78.4565734863, 123.564239502, 260.272186279, 443.257263184, 212.272720337, 117.303253174, 168.179855347, 179.193496704, 62.7043533325, 79.1993331909], [178.256500244, 214.04057312, 29.4338665009, 122.208808899, 141.081558228, 153.568740845, 212.272720337, 297.027282715, 125.736541748, 136.989151001, 143.835906982, 51.7966690063, 85.1590042114], [190.940170288, 19.1725540161, 188.489013672, 176.326080322, 136.667251587, 194.634185791, 117.303253174, 125.736541748, 323.036621094, 129.158859253, 92.2228927612, 115.615890503, 75.8389587402], [195.376953125, 155.461929321, -17.2974834442, 85.2822647095, 129.04460144, 140.491989136, 168.179855347, 136.989151001, 129.158859253, 262.256774902, 141.105926514, 28.6180267334, 56.7559318542], [299.973083496, 153.802108765, 54.8519134521, 44.6781234741, 92.3746490479, 139.711975098, 179.193496704, 143.835906982, 92.2228927612, 141.105926514, 258.242340088, 77.7269592285, 58.6703567505], [-10.005490303, 34.7836952209, 198.547058105, 130.675369263, 63.5880012512, 98.6944351196, 62.7043533325, 51.7966690063, 115.615890503, 28.6180267334, 77.7269592285, 202.380661011, 81.4817199707], [65.2520980835, 61.0942230225, 54.5554542542, 136.073898315, 96.4073638916, 44.7550964355, 79.1993331909, 85.1590042114, 75.8389587402, 56.7559318542, 58.6703567505, 81.4817199707, 170.073303223]],
