{
"lowlevel": {
    "average_loudness": 0.98060053587,
    "barkbands_crest": {
        "dmean": 3.88471961021,
        "dmean2": 6.37235021591,
        "dvar": 11.2267141342,
        "dvar2": 26.071149826,
        "max": 26.1716823578,
        "mean": 12.3999099731,
        "median": 11.5440292358,
        "min": 2.54426646233,
        "var": 24.7429618835
    },
    "barkbands_flatness_db": {
        "dmean": 0.0442023798823,
        "dmean2": 0.066649839282,
        "dvar": 0.00199430971406,
        "dvar2": 0.00441165128723,
        "max": 0.496755391359,
        "mean": 0.188948571682,
        "median": 0.18200032413,
        "min": 0.0194058604538,
        "var": 0.00481171533465
    },
    "barkbands_kurtosis": {
        "dmean": 14.6297426224,
        "dmean2": 23.233757019,
        "dvar": 1003.97436523,
        "dvar2": 2107.26074219,
        "max": 804.425720215,
        "mean": 14.6568002701,
        "median": 3.44545960426,
        "min": -1.94336223602,
        "var": 1293.44494629
    },
    "barkbands_skewness": {
        "dmean": 1.56372702122,
        "dmean2": 2.29097962379,
        "dvar": 3.19359254837,
        "dvar2": 6.1136264801,
        "max": 25.9137077332,
        "mean": 2.01857614517,
        "median": 1.63570392132,
        "min": -7.66956377029,
        "var": 7.25546503067
    },
    "barkbands_spread": {
        "dmean": 12.413189888,
        "dmean2": 19.9983501434,
        "dvar": 306.901550293,
        "dvar2": 686.826904297,
        "max": 152.212768555,
        "mean": 22.7397880554,
        "median": 13.3878517151,
        "min": 0.478834211826,
        "var": 651.504699707
    },
    "dissonance": {
        "dmean": 0.045360699296,
        "dmean2": 0.0708560571074,
        "dvar": 0.00196741521358,
        "dvar2": 0.00464652664959,
        "max": 0.5,
        "mean": 0.415587842464,
        "median": 0.427822947502,
        "min": 0.148655682802,
        "var": 0.00476718647406
    },
    "dynamic_complexity": 3.80878067017,
    "erbbands_crest": {
        "dmean": 3.66404032707,
        "dmean2": 6.0293598175,
        "dvar": 9.23454856873,
        "dvar2": 23.852973938,
        "max": 28.4128456116,
        "mean": 11.2466373444,
        "median": 10.6103363037,
        "min": 2.80404663086,
        "var": 18.0371227264
    },
    "erbbands_flatness_db": {
        "dmean": 0.0358942933381,
        "dmean2": 0.0540100485086,
        "dvar": 0.00123862794135,
        "dvar2": 0.00265126861632,
        "max": 0.42345777154,
        "mean": 0.205344498158,
        "median": 0.21610507369,
        "min": 0.0257658269256,
        "var": 0.00333030079491
    },
    "erbbands_kurtosis": {
        "dmean": 3.59435153008,
        "dmean2": 5.73848676682,
        "dvar": 38.9025993347,
        "dvar2": 87.1596221924,
        "max": 67.5530700684,
        "mean": 3.02858567238,
        "median": 0.591466188431,
        "min": -1.91705644131,
        "var": 53.3004150391
    },
    "erbbands_skewness": {
        "dmean": 0.826338708401,
        "dmean2": 1.2970635891,
        "dvar": 0.892346084118,
        "dvar2": 1.91290259361,
        "max": 6.3866443634,
        "mean": 0.483724147081,
        "median": 0.595353662968,
        "min": -6.4032998085,
        "var": 1.97218120098
    },
    "erbbands_spread": {
        "dmean": 15.2989625931,
        "dmean2": 24.6568565369,
        "dvar": 339.812438965,
        "dvar2": 873.384155273,
        "max": 150.865325928,
        "mean": 32.5674667358,
        "median": 26.3276920319,
        "min": 1.30843555927,
        "var": 465.002746582
    },
    "hfc": {
        "dmean": 10.3265333176,
        "dmean2": 14.8499155045,
        "dvar": 118.047798157,
        "dvar2": 206.120178223,
        "max": 87.8846817017,
        "mean": 18.237203598,
        "median": 13.3861904144,
        "min": 1.95548714998e-08,
        "var": 262.231109619
    },
    "melbands_crest": {
        "dmean": 5.28828477859,
        "dmean2": 8.50201034546,
        "dvar": 20.52368927,
        "dvar2": 46.7402114868,
        "max": 33.7490501404,
        "mean": 16.7460021973,
        "median": 16.1233005524,
        "min": 3.23020243645,
        "var": 45.5723762512
    },
    "melbands_flatness_db": {
        "dmean": 0.0579151846468,
        "dmean2": 0.0843406543136,
        "dvar": 0.00361253484152,
        "dvar2": 0.00752851739526,
        "max": 0.640318572521,
        "mean": 0.255077600479,
        "median": 0.249783858657,
        "min": 0.0297730248421,
        "var": 0.00909971818328
    },
    "melbands_kurtosis": {
        "dmean": 16.3762531281,
        "dmean2": 27.3622646332,
        "dvar": 1000.90270996,
        "dvar2": 2600.10644531,
        "max": 401.503723145,
        "mean": 18.3024139404,
        "median": 8.09044933319,
        "min": -1.95121634007,
        "var": 943.088867188
    },
    "melbands_skewness": {
        "dmean": 1.50667130947,
        "dmean2": 2.28522610664,
        "dvar": 2.78342151642,
        "dvar2": 6.51385974884,
        "max": 17.4437141418,
        "mean": 2.68035769463,
        "median": 2.39186882973,
        "min": -3.48909091949,
        "var": 4.89598369598
    },
    "melbands_spread": {
        "dmean": 19.0816936493,
        "dmean2": 31.1324958801,
        "dvar": 1234.74865723,
        "dvar2": 2836.01513672,
        "max": 291.157348633,
        "mean": 28.9501247406,
        "median": 15.2622823715,
        "min": 0.314398497343,
        "var": 1891.54455566
    },
    "pitch_salience": {
        "dmean": 0.112725861371,
        "dmean2": 0.176701620221,
        "dvar": 0.0110815325752,
        "dvar2": 0.0238171480596,
        "max": 0.906100451946,
        "mean": 0.564103782177,
        "median": 0.586011767387,
        "min": 0.0939383134246,
        "var": 0.0234568547457
    },
    "silence_rate_20dB": {
        "dmean": 0,
        "dmean2": 0,
        "dvar": 0,
        "dvar2": 0,
        "max": 1,
        "mean": 1,
        "median": 1,
        "min": 1,
        "var": 0
    },
    "silence_rate_30dB": {
        "dmean": 0,
        "dmean2": 0,
        "dvar": 0,
        "dvar2": 0,
        "max": 1,
        "mean": 1,
        "median": 1,
        "min": 1,
        "var": 0
    },
    "silence_rate_60dB": {
        "dmean": 0.089607052505,
        "dmean2": 0.17927993834,
        "dvar": 0.0815754905343,
        "dvar2": 0.178730025887,
        "max": 1,
        "mean": 0.156754776835,
        "median": 0,
        "min": 0,
        "var": 0.132180139422
    },
    "spectral_centroid": {
        "dmean": 559.397338867,
        "dmean2": 830.602233887,
        "dvar": 557211,
        "dvar2": 959490.75,
        "max": 5977.79980469,
        "mean": 1396.59619141,
        "median": 1080.47558594,
        "min": 183.974151611,
        "var": 1444308.5
    },
    "spectral_complexity": {
        "dmean": 3.95519638062,
        "dmean2": 5.60911083221,
        "dvar": 15.5897579193,
        "dvar2": 28.1490516663,
        "max": 34,
        "mean": 9.25036716461,
        "median": 9,
        "min": 0,
        "var": 44.3902893066
    },
    "spectral_decrease": {
        "dmean": 2.55552756734e-09,
        "dmean2": 3.51574369617e-09,
        "dvar": 8.26303222077e-18,
        "dvar2": 1.44606291936e-17,
        "max": 2.79358567529e-12,
        "mean": -5.41541966825e-09,
        "median": -5.0268305074e-09,
        "min": -2.39209132502e-08,
        "var": 2.09017605464e-17
    },
    "spectral_energy": {
        "dmean": 0.0103418240324,
        "dmean2": 0.0143279368058,
        "dvar": 0.000135454436531,
        "dvar2": 0.000237465414102,
        "max": 0.0980002954602,
        "mean": 0.0220932494849,
        "median": 0.0198932625353,
        "min": 1.29084731185e-12,
        "var": 0.0003355324734
    },
    "spectral_energyband_high": {
        "dmean": 0.000563803885598,
        "dmean2": 0.000810312048998,
        "dvar": 1.05861965949e-06,
        "dvar2": 1.77512413302e-06,
        "max": 0.00974876433611,
        "mean": 0.000784578849562,
        "median": 0.000203947303817,
        "min": 1.08283195778e-12,
        "var": 2.17086403609e-06
    },
    "spectral_energyband_low": {
        "dmean": 0.000244626426138,
        "dmean2": 0.000392056448618,
        "dvar": 1.73121335934e-07,
        "dvar2": 3.97234146021e-07,
        "max": 0.00564696080983,
        "mean": 0.000338316429406,
        "median": 0.000123878242448,
        "min": 3.04649629634e-14,
        "var": 3.52189118757e-07
    },
    "spectral_energyband_middle_high": {
        "dmean": 0.00320377876051,
        "dmean2": 0.00452625891194,
        "dvar": 2.23016413656e-05,
        "dvar2": 3.75955642085e-05,
        "max": 0.0552238076925,
        "mean": 0.00422150921077,
        "median": 0.00133757712319,
        "min": 9.54723835254e-14,
        "var": 4.13198686147e-05
    },
    "spectral_energyband_middle_low": {
        "dmean": 0.00822726637125,
        "dmean2": 0.0115550225601,
        "dvar": 8.52414887049e-05,
        "dvar2": 0.000152387030539,
        "max": 0.0779136419296,
        "mean": 0.0172370262444,
        "median": 0.0166987329721,
        "min": 3.6323388416e-14,
        "var": 0.000218260218389
    },
    "spectral_entropy": {
        "dmean": 0.437523305416,
        "dmean2": 0.648426830769,
        "dvar": 0.220478758216,
        "dvar2": 0.443007916212,
        "max": 8.94133281708,
        "mean": 7.03905296326,
        "median": 7.03051662445,
        "min": 3.85790896416,
        "var": 0.608540832996
    },
    "spectral_flux": {
        "dmean": 0.0399540737271,
        "dmean2": 0.064334616065,
        "dvar": 0.00127220945433,
        "dvar2": 0.00316218286753,
        "max": 0.297743618488,
        "mean": 0.0953926369548,
        "median": 0.0933471396565,
        "min": 5.81672866247e-05,
        "var": 0.00283729634248
    },
    "spectral_kurtosis": {
        "dmean": 5.11064863205,
        "dmean2": 8.19275188446,
        "dvar": 58.1622161865,
        "dvar2": 127.617492676,
        "max": 118.84375,
        "mean": 8.75735378265,
        "median": 5.96518611908,
        "min": -1.1177418232,
        "var": 88.1780090332
    },
    "spectral_rms": {
        "dmean": 0.0011902442202,
        "dmean2": 0.00158936448861,
        "dvar": 1.50463199589e-06,
        "dvar2": 2.40635677073e-06,
        "max": 0.0097780385986,
        "mean": 0.00407499587163,
        "median": 0.00440545799211,
        "min": 3.54875062669e-08,
        "var": 4.94883261126e-06
    },
    "spectral_rolloff": {
        "dmean": 1511.93798828,
        "dmean2": 2596.32373047,
        "dvar": 10361543,
        "dvar2": 23910046,
        "max": 19487.5488281,
        "mean": 2665.95678711,
        "median": 1141.25976562,
        "min": 64.599609375,
        "var": 17542222
    },
    "spectral_skewness": {
        "dmean": 0.64747685194,
        "dmean2": 0.988506436348,
        "dvar": 0.520334422588,
        "dvar2": 1.09451210499,
        "max": 9.01694107056,
        "mean": 1.87438118458,
        "median": 1.67821002007,
        "min": -0.194020986557,
        "var": 1.17730498314
    },
    "spectral_spread": {
        "dmean": 858631.4375,
        "dmean2": 1309829.25,
        "dvar": 1.12428476006e+12,
        "dvar2": 2.53113060557e+12,
        "max": 14526808,
        "mean": 3965840,
        "median": 3580277.25,
        "min": 1184367.75,
        "var": 2.40686124237e+12
    },
    "spectral_strongpeak": {
        "dmean": 0.814817845821,
        "dmean2": 1.29835903645,
        "dvar": 0.878381550312,
        "dvar2": 1.99430477619,
        "max": 7.05790519714,
        "mean": 1.24870884418,
        "median": 0.939306974411,
        "min": 0,
        "var": 1.30393862724
    },
    "zerocrossingrate": {
        "dmean": 0.0322851985693,
        "dmean2": 0.0352992191911,
        "dvar": 0.00162174226716,
        "dvar2": 0.00168488919735,
        "max": 0.703125,
        "mean": 0.098088607192,
        "median": 0.05419921875,
        "min": 0.0087890625,
        "var": 0.00918915774673
    },
    "barkbands": {
        "dmean": [9.12861742108e-06, 8.92221141839e-05, 4.15339563915e-05, 0.00064495234983, 0.00362978316844, 0.00111660698894, 0.00234579760581, 0.00194840831682, 0.00242473836988, 0.00129405991174, 0.000294737837976, 0.000379675097065, 0.000505789881572, 0.000742994772736, 0.000362405960914, 0.000149864456034, 0.000154797831783, 0.000398734555347, 0.000182894713362, 0.000162512398674, 0.000237723375903, 0.00012273696484, 9.33661212912e-05, 6.97026771377e-05, 1.82521507668e-05, 1.053212236e-05, 5.87708336752e-06],
        "dmean2": [1.48983526742e-05, 0.000153931701789, 7.20474126865e-05, 0.0009654815658, 0.00500965677202, 0.00172099587508, 0.00358807388693, 0.00306827481836, 0.00375684117898, 0.00199308129959, 0.000448543782113, 0.000585961854085, 0.000793455168605, 0.00115779810585, 0.000575860089157, 0.00023998405959, 0.000232271413552, 0.00061064021429, 0.000281583663309, 0.000251998077147, 0.000364479783457, 0.000179120252142, 0.000136941467645, 0.00010137121717, 2.71886547125e-05, 1.6112198864e-05, 1.00858542282e-05],
        "dvar": [1.83958834277e-10, 2.52895873132e-08, 1.24782015831e-08, 1.09539359983e-06, 2.45450992225e-05, 4.94485584568e-06, 2.35980514844e-05, 1.59857754625e-05, 2.35594197875e-05, 9.2511118055e-06, 4.63762347636e-07, 9.06702041448e-07, 1.49503716784e-06, 2.42211967816e-06, 7.73825433953e-07, 1.4376848867e-07, 1.62094664802e-07, 4.02415139433e-07, 1.24029085669e-07, 9.04508468125e-08, 2.21852744176e-07, 1.69117384985e-07, 6.51827178899e-08, 4.07114484346e-08, 2.19603424334e-09, 1.98319916045e-09, 2.84009430557e-11],
        "dvar2": [4.70582683931e-10, 6.8212735016e-08, 3.09819903066e-08, 2.28237558986e-06, 4.09308122471e-05, 9.60336092248e-06, 5.16549189342e-05, 3.4610984585e-05, 5.09458768647e-05, 1.88781777979e-05, 9.82819756246e-07, 2.09068753065e-06, 3.48633216163e-06, 5.4076044762e-06, 1.78821869667e-06, 3.50272244987e-07, 3.32014337801e-07, 8.70771032169e-07, 2.74307865311e-07, 2.20659273964e-07, 5.03598471369e-07, 3.13970645038e-07, 1.25314429056e-07, 7.94676324745e-08, 4.350075411e-09, 4.58203475162e-09, 8.39087410665e-11],
        "max": [0.000212612008909, 0.00219320785254, 0.00151397450827, 0.0126154730096, 0.0470797047019, 0.0315521992743, 0.0523877330124, 0.0549172200263, 0.0440159477293, 0.0348199866712, 0.0116835199296, 0.015388536267, 0.0125791728497, 0.0192922297865, 0.0148902833462, 0.00619117030874, 0.00885367020965, 0.00665868446231, 0.00621202401817, 0.00363769056275, 0.00560503872111, 0.00808053370565, 0.00321144610643, 0.00333442445844, 0.00091391481692, 0.00150249735452, 6.02375621384e-05],
        "mean": [1.17383297038e-05, 0.00010655431106, 3.7156882172e-05, 0.0010609596502, 0.00701329717413, 0.00147581240162, 0.00270358007401, 0.00207008724101, 0.00235651200637, 0.00125257496256, 0.000304796645651, 0.000383393606171, 0.000474374537589, 0.000673815899063, 0.000347548659192, 0.000139850424603, 0.000167123813299, 0.000464462325908, 0.000213200284634, 0.00018263446691, 0.000269518815912, 0.000144257544889, 0.000106713036075, 7.88573961472e-05, 2.16796106542e-05, 1.24255420815e-05, 2.03276194952e-05],
        "median": [6.56919291941e-06, 5.90846684645e-05, 6.02025738772e-06, 0.000177697904292, 0.00429222732782, 0.000223629787797, 0.000353054550942, 0.000167176767718, 8.04336887086e-05, 6.27973931842e-05, 2.83565714199e-05, 2.85932783299e-05, 1.90164482774e-05, 2.32458551181e-05, 2.21667796723e-05, 1.83010561159e-05, 2.68741132459e-05, 9.83308564173e-05, 5.62407367397e-05, 4.98036351928e-05, 5.75185622438e-05, 2.89245508611e-06, 9.3743983598e-06, 9.83518839348e-06, 3.1066460906e-06, 1.28998999571e-06, 2.02191004064e-05],
        "min": [9.20897354277e-15, 1.34090380807e-14, 8.49051426768e-15, 7.61413501693e-15, 1.02248548848e-14, 1.19320387785e-15, 2.41935638444e-16, 2.75854786943e-15, 1.36669918004e-14, 8.55751118567e-15, 2.26140669911e-14, 1.3403337549e-14, 1.27044676049e-14, 1.47896674799e-15, 2.55554922384e-15, 1.12416857507e-14, 3.15510264907e-15, 6.51761190319e-15, 5.50623423538e-15, 3.37880900559e-14, 6.46649304131e-15, 2.53526058247e-14, 1.46044590673e-14, 3.18407104882e-14, 3.06694231643e-14, 6.75403675587e-14, 9.04095049693e-13],
        "var": [2.62493748959e-10, 2.52342466922e-08, 1.32868844815e-08, 2.99546195492e-06, 7.10027452442e-05, 8.99302631296e-06, 3.31628289132e-05, 2.1889944037e-05, 2.91018823191e-05, 1.16677983897e-05, 5.81895847063e-07, 1.06362733732e-06, 1.62931144132e-06, 2.83055965156e-06, 9.07291166641e-07, 1.46186238226e-07, 2.19690775793e-07, 6.18009778464e-07, 1.77193953732e-07, 1.05240815174e-07, 2.92702196703e-07, 2.83423162273e-07, 9.89305988242e-08, 6.0048762407e-08, 3.56227003451e-09, 2.62052779476e-09, 3.40723491088e-11]
    },
    "erbbands": {
        "dmean": [0.00378542696126, 0.0165020916611, 0.040572732687, 0.864808678627, 8.82506465912, 12.5367584229, 7.6899600029, 10.2733068466, 29.9638328552, 32.2934417725, 49.9710235596, 51.660446167, 51.585395813, 19.7253189087, 12.4167575836, 15.2344055176, 21.4924373627, 37.1136131287, 24.9243392944, 12.5388345718, 7.45414590836, 9.16122245789, 17.8104610443, 17.3341121674, 6.20156145096, 7.0787024498, 11.5569953918, 7.17221069336, 4.60108137131, 3.47502851486, 2.71586847305, 1.66988885403, 1.03071308136, 0.258168369532, 0.114239193499, 0.0705835670233, 0.0136003931984, 0.000674495764542, 0.000269296055194, 0.000178022790351],
        "dmean2": [0.00633747922257, 0.0292160101235, 0.0667379945517, 1.25950396061, 12.3886184692, 17.3847332001, 10.8476762772, 15.6183738708, 45.5168609619, 50.5130348206, 77.1098709106, 78.708190918, 77.1942825317, 28.7058601379, 18.3705883026, 23.0589065552, 32.5262031555, 57.3355865479, 37.3355369568, 19.2133331299, 11.3048477173, 13.5645637512, 26.9081420898, 26.367898941, 9.47003555298, 10.96941185, 17.5954589844, 10.6911430359, 6.63382768631, 5.02765607834, 3.99462938309, 2.42919111252, 1.4908503294, 0.381809085608, 0.16914254427, 0.10908319056, 0.0201250184327, 0.00100343849044, 0.000456954381661, 0.000305624271277],
        "dvar": [3.28563874064e-05, 0.00114970200229, 0.00727784773335, 1.87201368809, 156.25302124, 438.662963867, 563.273925781, 382.020812988, 3361.81567383, 7354.88964844, 10081.46875, 11991.9443359, 11867.0380859, 2264.81933594, 706.737060547, 1435.06469727, 2803.53515625, 6623.04541016, 2879.2109375, 897.774414062, 286.642242432, 497.472412109, 981.732116699, 743.201477051, 195.972610474, 205.489532471, 408.211700439, 322.449859619, 244.234024048, 108.785980225, 50.8767204285, 26.0496730804, 7.85883188248, 0.480357259512, 0.0865653380752, 0.0944216549397, 0.0025101439096, 5.10728114023e-06, 5.40561693185e-08, 2.67699125089e-08],
        "dvar2": [8.35292594275e-05, 0.00322205177508, 0.0183865875006, 3.86780500412, 276.312438965, 765.502868652, 977.896850586, 762.838684082, 7114.54296875, 16957.9335938, 22118.9042969, 25520.2675781, 24617.2851562, 4306.98828125, 1593.42138672, 3214.07446289, 6294.74658203, 14415.5087891, 6017.21044922, 2042.02148438, 637.705505371, 998.711975098, 2177.82983398, 1594.25866699, 462.354064941, 512.452026367, 900.219848633, 710.383972168, 466.649383545, 200.012008667, 96.3015670776, 53.5242462158, 15.1511526108, 0.945069074631, 0.170159265399, 0.232120960951, 0.00496111856773, 1.01750856629e-05, 1.55885103936e-07, 7.83130147397e-08],
        "max": [0.076127499342, 0.532601773739, 1.16797196865, 19.1841144562, 134.17250061, 250.637741089, 427.617797852, 227.197250366, 629.441162109, 1116.97241211, 1491.67431641, 1069.11132812, 1061.12011719, 767.066955566, 475.348388672, 676.526062012, 607.653137207, 1132.37036133, 1016.13275146, 402.057159424, 234.796844482, 402.643341064, 383.905395508, 417.225128174, 287.176513672, 173.932250977, 247.499206543, 263.217010498, 268.029571533, 125.152900696, 84.4507064819, 104.390556335, 35.5685691833, 14.124329567, 4.258893013, 10.8966579437, 1.33862745762, 0.0580536499619, 0.00250135781243, 0.00189525762107],
        "mean": [0.00489673251286, 0.0177971385419, 0.0585600957274, 1.71481668949, 17.982131958, 21.6003170013, 11.2823085785, 14.4338178635, 37.5939216614, 35.5036888123, 54.3811721802, 51.7129859924, 50.6599845886, 21.5078163147, 13.6994657516, 15.8980169296, 21.487821579, 34.6522903442, 25.3906154633, 12.2946538925, 7.69464445114, 10.0986766815, 20.9031200409, 20.9201316833, 7.36841440201, 8.18839263916, 13.3568630219, 7.97577953339, 5.30053949356, 3.97541666031, 3.10733127594, 1.87438440323, 1.15638923645, 0.301060408354, 0.138744011521, 0.081755079329, 0.0162587929517, 0.000841565954033, 0.000958101358265, 0.00063455326017],
        "median": [0.00288320565596, 0.00967445783317, 0.0257667284459, 0.730215609074, 10.7508926392, 7.07996797562, 1.63200569153, 3.79063677788, 8.8156375885, 7.21751785278, 7.35379314423, 2.90632152557, 2.49445986748, 1.92591094971, 1.83320951462, 1.2950360775, 1.07036042213, 1.34874522686, 1.23212981224, 1.27165842056, 1.10906004906, 1.74879539013, 4.25642108917, 5.83237934113, 2.4031419754, 2.3992638588, 3.30337953568, 1.00622582436, 0.18472084403, 0.174997419119, 0.280984580517, 0.223258554935, 0.133585065603, 0.0350269079208, 0.0225331038237, 0.0102150700986, 0.00130342924967, 0.0001175363941, 0.000956710544415, 0.000616455101408],
        "min": [4.98089850615e-13, 2.70197189275e-12, 8.80216646099e-12, 1.96701422511e-11, 3.17501198943e-11, 3.39387754011e-11, 2.09199602086e-11, 7.02915156636e-12, 3.26114504325e-12, 1.26588062949e-11, 1.18932558246e-10, 3.22117665874e-10, 1.73192349351e-10, 6.46543207861e-10, 8.91528628699e-10, 4.72893724179e-10, 5.53591228414e-10, 2.30923613564e-10, 9.38875782674e-11, 4.23073881484e-10, 3.75822512e-10, 1.99857241867e-10, 3.94262761327e-10, 2.36353048244e-10, 4.72565320209e-10, 1.87494264559e-09, 4.36850056129e-10, 4.58451637764e-10, 9.81735137628e-10, 4.5645109914e-10, 4.531064135e-10, 6.97685187401e-10, 5.23224297222e-10, 2.84813311824e-10, 2.75176659237e-10, 1.11192853536e-10, 1.77751785513e-10, 9.17859260818e-11, 7.17747736245e-11, 2.21892244162e-11],
        "var": [4.36022455688e-05, 0.000911322480533, 0.00998196285218, 5.80796957016, 489.644775391, 1125.28088379, 1355.72680664, 672.9375, 5311.31347656, 8905.04882812, 13163.796875, 15203.1162109, 14767.1279297, 3260.16845703, 928.834777832, 1767.6015625, 3250.31054688, 7822.36132812, 3957.87109375, 1031.37768555, 348.422424316, 698.479980469, 1467.64660645, 1161.54174805, 233.319702148, 225.182723999, 577.30090332, 420.670440674, 397.464172363, 176.166488647, 80.3830337524, 37.0682830811, 11.7411165237, 0.750127017498, 0.144665583968, 0.113516315818, 0.00384204369038, 7.78603316576e-06, 7.77421291787e-08, 3.17443564768e-08]
    },
    "gfcc": {
        "mean": [-71.7189483643, 76.3137207031, -105.688461304, 14.2141208649, -58.3042640686, -23.30027771, -31.5295143127, -7.69076156616, -18.8031005859, -13.3525905609, -2.51357674599, -19.7348442078, -3.12768125534],
        "cov": [[9215.5703125, 122.557189941, -2973.56762695, -163.064102173, -1737.91149902, -124.711578369, -792.116394043, 404.746337891, -717.268249512, 33.0893363953, -444.230682373, -228.57081604, -362.434295654], [122.557189941, 3098.01831055, -375.875427246, -1421.20458984, 148.008926392, -744.506347656, 23.3235435486, -322.335571289, -200.68800354, -503.962219238, 356.177520752, -337.754669189, 37.479385376], [-2973.56762695, -375.875427246, 1735.33166504, 540.873779297, 393.104675293, 104.963989258, 145.222229004, -141.180358887, 173.257293701, 1.12987148762, 66.2610092163, 186.724624634, 43.6930503845], [-163.064102173, -1421.20458984, 540.873779297, 1264.19128418, -39.121963501, 44.4991455078, -108.841201782, 123.900878906, 89.3892974854, 153.396682739, -194.568359375, 174.973999023, -4.53054714203], [-1737.91149902, 148.008926392, 393.104675293, -39.121963501, 686.029541016, 16.2012023926, 99.7032241821, -28.4963531494, 222.742767334, 14.4906311035, 38.5882377625, -7.429479599, 88.552444458], [-124.711578369, -744.506347656, 104.963989258, 44.4991455078, 16.2012023926, 658.708007812, 176.085205078, 16.8696250916, 92.7103347778, 145.664611816, -69.2786636353, 53.0478668213, -88.9444122314], [-792.116394043, 23.3235435486, 145.222229004, -108.841201782, 99.7032241821, 176.085205078, 405.265411377, -52.6800422668, 34.8295822144, 10.5183334351, 58.1623153687, -6.99526548386, -7.41350078583], [404.746337891, -322.335571289, -141.180358887, 123.900878906, -28.4963531494, 16.8696250916, -52.6800422668, 209.405227661, 14.7574520111, 60.600189209, -60.8969612122, 45.2081756592, 16.8681793213], [-717.268249512, -200.68800354, 173.257293701, 89.3892974854, 222.742767334, 92.7103347778, 34.8295822144, 14.7574520111, 245.424926758, 71.2341079712, -30.5528202057, 27.6876144409, 41.7990188599], [33.0893363953, -503.962219238, 1.12987148762, 153.396682739, 14.4906311035, 145.664611816, 10.5183334351, 60.600189209, 71.2341079712, 251.11882019, -78.0835723877, 28.0539531708, -10.8280687332], [-444.230682373, 356.177520752, 66.2610092163, -194.568359375, 38.5882377625, -69.2786636353, 58.1623153687, -60.8969612122, -30.5528202057, -78.0835723877, 254.673110962, 4.06984615326, 6.19043874741], [-228.57081604, -337.754669189, 186.724624634, 174.973999023, -7.429479599, 53.0478668213, -6.99526548386, 45.2081756592, 27.6876144409, 28.0539531708, 4.06984615326, 166.811828613, 25.8916397095], [-362.434295654, 37.479385376, 43.6930503845, -4.53054714203, 88.552444458, -88.9444122314, -7.41350078583, 16.8681793213, 41.7990188599, -10.8280687332, 6.19043874741, 25.8916397095, 166.84487915]],
        "icov": [[0.00175850326195, -0.00209317519329, 0.00240897620097, -0.00222787214443, 0.00236529717222, -0.00237584020942, 0.00197981623933, -0.00181024440099, 0.00164425093681, -0.00131579115987, 0.00156294298358, -0.000990413245745, 0.000946260639466], [-0.00209317519329, 0.00490743666887, -0.00317035242915, 0.00484171370044, -0.00310660200194, 0.00504988757893, -0.00253914250061, 0.00313833216205, -0.00202682963572, 0.00339711573906, -0.00205127336085, 0.00271340156905, -0.000393575202907], [0.00240897620097, -0.00317035242915, 0.00442888634279, -0.00384947308339, 0.00270696892403, -0.00360842957161, 0.00252670398913, -0.00160519417841, 0.00220858585089, -0.00182812300045, 0.00190464383923, -0.00252783368342, 0.00124465383124], [-0.00222787214443, 0.00484171370044, -0.00384947308339, 0.0062107318081, -0.00294992234558, 0.00530706252903, -0.00248399260454, 0.00261459127069, -0.00239889742807, 0.00286738807335, -0.00126214988995, 0.00188932730816, -0.000189608632354], [0.00236529717222, -0.00310660200194, 0.00270696892403, -0.00294992234558, 0.00584247335792, -0.00328451720998, 0.00241794972681, -0.0029187540058, 9.11706738407e-05, -0.00193325197324, 0.00190000166185, -0.000597386562731, 0.00047153889318], [-0.00237584020942, 0.00504988757893, -0.00360842957161, 0.00530706252903, -0.00328451720998, 0.00769215961918, -0.0038456232287, 0.00333123560995, -0.00305087422021, 0.00251475139521, -0.00159225042444, 0.00177708535921, 0.000840770953801], [0.00197981623933, -0.00253914250061, 0.00252670398913, -0.00248399260454, 0.00241794972681, -0.0038456232287, 0.00547000393271, -0.00177215959411, 0.00201107678004, -0.00167364615481, 0.0010877714958, -0.00079866318265, 0.000701909826603], [-0.00181024440099, 0.00313833216205, -0.00160519417841, 0.00261459127069, -0.0029187540058, 0.00333123560995, -0.00177215959411, 0.00903760828078, -0.00166874658316, 0.0012438230915, -0.000999010750093, -0.00050649890909, -0.00119899294805], [0.00164425093681, -0.00202682963572, 0.00220858585089, -0.00239889742807, 9.11706738407e-05, -0.00305087422021, 0.00201107678004, -0.00166874658316, 0.008549711667, -0.00244280160405, 0.00189597881399, -0.00131955160759, -0.000199206871912], [-0.00131579115987, 0.00339711573906, -0.00182812300045, 0.00286738807335, -0.00193325197324, 0.00251475139521, -0.00167364615481, 0.0012438230915, -0.00244280160405, 0.00793971586972, -0.00061147735687, 0.00191309105139, -4.5150587539e-05], [0.00156294298358, -0.00205127336085, 0.00190464383923, -0.00126214988995, 0.00190000166185, -0.00159225042444, 0.0010877714958, -0.000999010750093, 0.00189597881399, -0.00061147735687, 0.00690333358943, -0.00248365290463, 0.00122959003784], [-0.000990413245745, 0.00271340156905, -0.00252783368342, 0.00188932730816, -0.000597386562731, 0.00177708535921, -0.00079866318265, -0.00050649890909, -0.00131955160759, 0.00191309105139, -0.00248365290463, 0.0107424147427, -0.00188771763351], [0.000946260639466, -0.000393575202907, 0.00124465383124, -0.000189608632354, 0.00047153889318, 0.000840770953801, 0.000701909826603, -0.00119899294805, -0.000199206871912, -4.5150587539e-05, 0.00122959003784, -0.00188771763351, 0.00845110137016]]
    },
    "melbands": {
        "dmean": [2.83893532469e-05, 1.80532788363e-05, 0.000338454556186, 0.000848756113555, 0.000319551036227, 0.000244387018029, 0.000460125214886, 0.00035670408397, 0.000436580099631, 0.000324708671542, 0.000260059023276, 8.74177931109e-05, 3.96793293476e-05, 4.24844292866e-05, 4.20164287789e-05, 5.57370512979e-05, 7.1925962402e-05, 4.49418985227e-05, 2.41329580604e-05, 1.21955290524e-05, 8.38611049403e-06, 9.67708274402e-06, 1.10536166176e-05, 2.10801863432e-05, 1.44203277159e-05, 5.35400977242e-06, 3.52220217792e-06, 5.35942672286e-06, 7.98325345386e-06, 5.98072392677e-06, 3.82986627301e-06, 2.61840500571e-06, 2.53164330388e-06, 1.79281062174e-06, 1.79999142347e-06, 1.0722276329e-06, 1.05638775949e-06, 8.65039623932e-07, 3.89990077565e-07, 1.6010910997e-07],
        "dmean2": [4.8263980716e-05, 3.10972172883e-05, 0.000485836237203, 0.00117077783216, 0.00044531506137, 0.000373400951503, 0.000697757350281, 0.00055597955361, 0.000682230573148, 0.000495904358104, 0.000392942805775, 0.000131034292281, 5.94897937845e-05, 6.49781140964e-05, 6.60916120978e-05, 8.67727430887e-05, 0.000112259971502, 6.8837114668e-05, 3.7930556573e-05, 1.94455915334e-05, 1.30955986606e-05, 1.46760821735e-05, 1.6657726519e-05, 3.21803599945e-05, 2.22684157052e-05, 8.3170571088e-06, 5.47891613678e-06, 8.39469066705e-06, 1.22951687445e-05, 9.09313985176e-06, 5.95715164309e-06, 3.81899599233e-06, 3.7158890791e-06, 2.63953097601e-06, 2.66989923148e-06, 1.5830078155e-06, 1.58349985213e-06, 1.26332940908e-06, 5.88349905684e-07, 2.37663314806e-07],
        "dvar": [2.15300977047e-09, 1.66545643943e-09, 2.34076011907e-07, 1.40467443543e-06, 6.83484529418e-07, 2.08384903999e-07, 7.64309561418e-07, 7.21523804259e-07, 7.35428898224e-07, 4.95542565204e-07, 3.08982521346e-07, 5.07543802541e-08, 7.56419460402e-09, 1.18105241143e-08, 1.15004530343e-08, 1.75906844646e-08, 2.6522474883e-08, 1.0381798532e-08, 3.70135078143e-09, 1.03297148613e-09, 4.40315089945e-10, 6.84643564064e-10, 4.95934404654e-10, 1.24860422002e-09, 5.81010517475e-10, 1.70270922362e-10, 6.78692033129e-11, 1.29455696163e-10, 1.94696911371e-10, 1.61916646757e-10, 1.36064770562e-10, 9.50673637035e-11, 7.17715817333e-11, 3.16766855801e-11, 2.32948209333e-11, 9.32288794775e-12, 1.17071569453e-11, 5.6492271798e-12, 1.32040678304e-12, 1.79487352173e-13],
        "dvar2": [5.68385427613e-09, 4.46386305697e-09, 4.52946920859e-07, 2.36477467297e-06, 1.15250543331e-06, 4.11700568748e-07, 1.6181513729e-06, 1.64323773788e-06, 1.6314571667e-06, 1.04906700926e-06, 6.39054405838e-07, 9.77219087872e-08, 1.67704996556e-08, 2.64525432669e-08, 2.70003255309e-08, 4.04254016928e-08, 5.87052007006e-08, 2.24009362171e-08, 8.67532090609e-09, 2.42346320789e-09, 1.02212038833e-09, 1.39778189023e-09, 1.05646646986e-09, 2.77164557971e-09, 1.27098109814e-09, 3.88993726119e-10, 1.66259533918e-10, 3.27906285458e-10, 4.39238784233e-10, 3.726405573e-10, 2.96819790968e-10, 1.9614730673e-10, 1.37462846661e-10, 6.42004782669e-11, 4.54821631746e-11, 1.98474275209e-11, 2.48158976007e-11, 1.13447168326e-11, 2.56356914863e-12, 3.71134871967e-13],
        "max": [0.000612460775301, 0.000544550828636, 0.0049501946196, 0.0120494617149, 0.011478385888, 0.00533208809793, 0.00995556171983, 0.0101585574448, 0.0110281603411, 0.00771347433329, 0.00547009473667, 0.003878362244, 0.00130683497991, 0.00186806882266, 0.00133370759431, 0.0015623747604, 0.00252644927241, 0.00180601223838, 0.000901983818039, 0.000605156586971, 0.000351714377757, 0.000503108720295, 0.0002890167234, 0.000362004269846, 0.000370097812265, 0.000243205126026, 0.000115399117931, 0.000137044320581, 0.000155714340508, 0.00019143067766, 0.000169232211192, 0.000234489358263, 0.000122723926324, 7.75060325395e-05, 6.17472178419e-05, 6.27300541964e-05, 6.22031147941e-05, 3.40536316799e-05, 2.59346561506e-05, 7.11506936568e-06],
        "mean": [3.53159339284e-05, 1.8668739358e-05, 0.000706557417288, 0.00164978438988, 0.000479581853142, 0.000337535049766, 0.000568009971175, 0.000383156293537, 0.000456164416391, 0.000318456091918, 0.00025233643828, 9.20175370993e-05, 4.27615668741e-05, 4.41338852397e-05, 4.12840126955e-05, 5.22824921063e-05, 6.52845701552e-05, 4.35009933426e-05, 2.24975756282e-05, 1.15245411507e-05, 8.38090363686e-06, 1.01602227005e-05, 1.23820018416e-05, 2.4225724701e-05, 1.66744430317e-05, 6.00253861194e-06, 3.9060500967e-06, 5.80989171794e-06, 8.9076884251e-06, 6.63193486616e-06, 4.00742510465e-06, 2.83865438178e-06, 2.8647164072e-06, 1.95162169803e-06, 2.01153306989e-06, 1.19026731227e-06, 1.14528700124e-06, 9.44051066654e-07, 4.40632419441e-07, 1.79776407094e-07],
        "median": [2.03438030439e-05, 7.3575370152e-06, 0.000372472859453, 0.000994045520201, 4.94308587804e-05, 7.04549893271e-05, 0.000131498120027, 5.04185918544e-05, 4.2695675802e-05, 1.18650041259e-05, 1.1195672414e-05, 6.87326883053e-06, 5.32510784979e-06, 3.86783722206e-06, 2.06925392376e-06, 2.11803080674e-06, 2.14408464672e-06, 1.74512126705e-06, 1.74587739821e-06, 1.38733435051e-06, 1.16427281682e-06, 1.53881342158e-06, 1.96646715267e-06, 4.85716236653e-06, 4.2564170144e-06, 1.5197998664e-06, 9.92436071101e-07, 1.29768227453e-06, 2.07933044294e-06, 1.24476059682e-06, 2.4950421107e-07, 4.52160549003e-08, 4.35226894524e-08, 9.84788641745e-08, 1.65016047049e-07, 1.3654513964e-07, 1.21790662888e-07, 9.84242660707e-08, 3.66945371866e-08, 1.74998291413e-08],
        "min": [4.51071937709e-15, 4.32485832561e-15, 3.78762852584e-15, 2.47189095602e-15, 8.8658705655e-16, 1.64258587895e-16, 4.69239973864e-17, 1.79847024914e-16, 1.22324887765e-15, 2.0319674542e-15, 7.82952893091e-16, 2.43891998679e-15, 3.11665201195e-15, 1.90706482283e-15, 7.97296813718e-16, 1.34167668329e-15, 2.85554102989e-16, 9.20253453065e-17, 2.71840374875e-16, 9.6534608581e-16, 2.87187817786e-16, 1.46051508815e-16, 4.21199176772e-16, 2.3580266992e-16, 1.77259193677e-16, 2.46978104988e-16, 5.15871387542e-16, 1.55795405263e-15, 2.86485230426e-16, 1.24544098204e-16, 2.91572377958e-16, 7.21786685206e-16, 2.95875940605e-16, 2.06278092464e-16, 2.13715981418e-16, 4.50720154338e-16, 3.60369770363e-16, 3.85151042724e-16, 2.05318695302e-16, 2.63936233988e-16],
        "var": [2.45007858446e-09, 1.54412171938e-09, 7.75051432811e-07, 4.1471125769e-06, 1.77581421212e-06, 3.67850844896e-07, 1.17968500035e-06, 9.20199170196e-07, 9.24279333958e-07, 6.26204155196e-07, 3.83782293056e-07, 7.07785048348e-08, 9.51171497121e-09, 1.46989806993e-08, 1.25802017692e-08, 1.95699758621e-08, 3.01866442953e-08, 1.31845077078e-08, 4.08980405098e-09, 1.07979436503e-09, 4.82361928178e-10, 8.88649431818e-10, 7.51924911224e-10, 1.825547713e-09, 8.52816650632e-10, 2.05267830511e-10, 7.37670619033e-11, 1.35019689873e-10, 2.57205035048e-10, 2.09859726819e-10, 1.67900734982e-10, 1.36049699284e-10, 1.15957771163e-10, 4.34417467277e-11, 3.50932026494e-11, 1.31077110971e-11, 1.5569951578e-11, 7.97840005867e-12, 1.96641531183e-12, 2.65600529851e-13]
    },
    "mfcc": {
        "mean": [-727.325073242, 120.007102966, -1.76908791065, 25.824514389, -7.10930967331, -15.1399240494, -4.77863311768, -7.60904216766, -13.8198680878, 3.84290003777, -9.86762523651, 3.09727454185, -16.8424816132],
        "cov": [[10260.5947266, -495.951263428, -2172.109375, -621.507507324, -1221.77966309, -884.642150879, -351.448638916, -242.354797363, -442.450012207, 241.50553894, -379.361999512, 149.356369019, -764.512573242], [-495.951263428, 3836.96118164, -757.407897949, -797.566589355, -175.732040405, -640.467590332, 133.568008423, -153.69241333, -513.902832031, -49.8970336914, -263.431793213, 32.5054244995, -304.353973389], [-2172.109375, -757.407897949, 1468.53637695, 457.50402832, 216.585571289, 377.286560059, 25.2111663818, 113.479782104, 88.5286483765, -203.715911865, 115.517250061, -70.6136932373, 280.329376221], [-621.507507324, -797.566589355, 457.50402832, 970.082885742, 249.621322632, -73.6303863525, -107.517532349, -51.5975837708, 174.24395752, -201.315353394, 5.31131649017, 1.20888113976, 151.644866943], [-1221.77966309, -175.732040405, 216.585571289, 249.621322632, 597.303344727, 70.6215133667, -110.555007935, 0.110829465091, 160.201690674, -44.1281776428, 46.0233840942, -22.7237663269, 158.7003479], [-884.642150879, -640.467590332, 377.286560059, -73.6303863525, 70.6215133667, 631.323059082, 49.7920074463, 120.638084412, 143.320999146, 148.036529541, 177.097610474, -77.1001052856, 104.727966309], [-351.448638916, 133.568008423, 25.2111663818, -107.517532349, -110.555007935, 49.7920074463, 283.238494873, 50.9198074341, -61.2331237793, 35.0178184509, 13.7096405029, 8.53555011749, 3.10298514366], [-242.354797363, -153.69241333, 113.479782104, -51.5975837708, 0.110829465091, 120.638084412, 50.9198074341, 238.143478394, 13.1540641785, 22.4922142029, 9.3064699173, -14.2779521942, 64.0938339233], [-442.450012207, -513.902832031, 88.5286483765, 174.24395752, 160.201690674, 143.320999146, -61.2331237793, 13.1540641785, 354.290588379, 45.5451889038, 42.0023231506, -39.5012969971, 78.1363449097], [241.50553894, -49.8970336914, -203.715911865, -201.315353394, -44.1281776428, 148.036529541, 35.0178184509, 22.4922142029, 45.5451889038, 271.565979004, 58.9827156067, -22.0522480011, -51.9913368225], [-379.361999512, -263.431793213, 115.517250061, 5.31131649017, 46.0233840942, 177.097610474, 13.7096405029, 9.3064699173, 42.0023231506, 58.9827156067, 216.927032471, -4.3796672821, 42.5287742615], [149.356369019, 32.5054244995, -70.6136932373, 1.20888113976, -22.7237663269, -77.1001052856, 8.53555011749, -14.2779521942, -39.5012969971, -22.0522480011, -4.3796672821, 153.074279785, -0.849233448505], [-764.512573242, -304.353973389, 280.329376221, 151.644866943, 158.7003479, 104.727966309, 3.10298514366, 64.0938339233, 78.1363449097, -51.9913368225, 42.5287742615, -0.849233448505, 223.824249268]],
