{
"lowlevel": {
    "average_loudness": 0.978579878807,
    "barkbands_crest": {
        "dmean": 3.97061419487,
        "dmean2": 6.42575073242,
        "dvar": 11.1449565887,
        "dvar2": 27.3808612823,
        "max": 25.8678474426,
        "mean": 12.3148269653,
        "median": 11.416176796,
        "min": 2.41732525826,
        "var": 24.8963680267
    },
    "barkbands_flatness_db": {
        "dmean": 0.0436284914613,
        "dmean2": 0.0663797333837,
        "dvar": 0.0021078302525,
        "dvar2": 0.00467200670391,
        "max": 0.491331100464,
        "mean": 0.189078956842,
        "median": 0.181772619486,
        "min": 0.0173514708877,
        "var": 0.00492979958653
    },
    "barkbands_kurtosis": {
        "dmean": 14.4267063141,
        "dmean2": 23.2136859894,
        "dvar": 959.441101074,
        "dvar2": 2157.64013672,
        "max": 718.772888184,
        "mean": 14.0383253098,
        "median": 3.44531154633,
        "min": -1.94627869129,
        "var": 1080.2713623
    },
    "barkbands_skewness": {
        "dmean": 1.53684782982,
        "dmean2": 2.2596552372,
        "dvar": 3.292771101,
        "dvar2": 6.65029907227,
        "max": 24.0085754395,
        "mean": 2.0230679512,
        "median": 1.64394617081,
        "min": -6.34273719788,
        "var": 6.96628046036
    },
    "barkbands_spread": {
        "dmean": 12.6662921906,
        "dmean2": 20.3993930817,
        "dvar": 341.258361816,
        "dvar2": 753.092895508,
        "max": 146.968658447,
        "mean": 22.9700279236,
        "median": 13.0987815857,
        "min": 0.522369146347,
        "var": 724.679992676
    },
    "dissonance": {
        "dmean": 0.0483432114124,
        "dmean2": 0.0757001116872,
        "dvar": 0.00224662572145,
        "dvar2": 0.0053132949397,
        "max": 0.500000119209,
        "mean": 0.409946382046,
        "median": 0.421069025993,
        "min": 0.151766076684,
        "var": 0.00506223132834
    },
    "dynamic_complexity": 3.85106396675,
    "erbbands_crest": {
        "dmean": 3.70499300957,
        "dmean2": 6.08526563644,
        "dvar": 9.5726184845,
        "dvar2": 24.6226768494,
        "max": 28.2161026001,
        "mean": 11.3327064514,
        "median": 10.6942005157,
        "min": 2.3296482563,
        "var": 19.4422512054
    },
    "erbbands_flatness_db": {
        "dmean": 0.0374691784382,
        "dmean2": 0.0555930584669,
        "dvar": 0.00133331853431,
        "dvar2": 0.0028915151488,
        "max": 0.415465861559,
        "mean": 0.205954954028,
        "median": 0.218708574772,
        "min": 0.0308750830591,
        "var": 0.00346481916495
    },
    "erbbands_kurtosis": {
        "dmean": 3.12817645073,
        "dmean2": 4.99294042587,
        "dvar": 28.2285919189,
        "dvar2": 66.1340332031,
        "max": 72.3885574341,
        "mean": 2.714417696,
        "median": 0.808803081512,
        "min": -1.8899743557,
        "var": 37.6895828247
    },
    "erbbands_skewness": {
        "dmean": 0.75058144331,
        "dmean2": 1.16560864449,
        "dvar": 0.715960741043,
        "dvar2": 1.51664936543,
        "max": 6.51090621948,
        "mean": 0.5783213377,
        "median": 0.645619869232,
        "min": -4.80999898911,
        "var": 1.68601465225
    },
    "erbbands_spread": {
        "dmean": 14.5075235367,
        "dmean2": 23.3852138519,
        "dvar": 307.571655273,
        "dvar2": 802.029785156,
        "max": 134.833694458,
        "mean": 31.5679531097,
        "median": 25.5445594788,
        "min": 1.41487669945,
        "var": 423.552001953
    },
    "hfc": {
        "dmean": 10.5430831909,
        "dmean2": 14.860959053,
        "dvar": 116.955291748,
        "dvar2": 202.291442871,
        "max": 86.9757537842,
        "mean": 17.7625274658,
        "median": 13.2327766418,
        "min": 3.91899099839e-08,
        "var": 257.272460938
    },
    "melbands_crest": {
        "dmean": 5.23556470871,
        "dmean2": 8.49193477631,
        "dvar": 19.4967079163,
        "dvar2": 48.2335357666,
        "max": 33.2566642761,
        "mean": 16.1376743317,
        "median": 15.3941745758,
        "min": 3.67701911926,
        "var": 40.7080497742
    },
    "melbands_flatness_db": {
        "dmean": 0.0571058094501,
        "dmean2": 0.0843335837126,
        "dvar": 0.00373109220527,
        "dvar2": 0.00809904560447,
        "max": 0.632233798504,
        "mean": 0.252652615309,
        "median": 0.244901031256,
        "min": 0.0220638494939,
        "var": 0.00871069543064
    },
    "melbands_kurtosis": {
        "dmean": 15.6511487961,
        "dmean2": 25.910490036,
        "dvar": 949.693359375,
        "dvar2": 2427.61083984,
        "max": 517.945068359,
        "mean": 17.8646373749,
        "median": 7.83096027374,
        "min": -1.93559169769,
        "var": 907.065856934
    },
    "melbands_skewness": {
        "dmean": 1.43218064308,
        "dmean2": 2.15283250809,
        "dvar": 2.74793148041,
        "dvar2": 6.49041032791,
        "max": 17.002243042,
        "mean": 2.62179660797,
        "median": 2.25476312637,
        "min": -3.71792888641,
        "var": 4.70653009415
    },
    "melbands_spread": {
        "dmean": 16.974521637,
        "dmean2": 27.6620388031,
        "dvar": 988.330505371,
        "dvar2": 2318.01586914,
        "max": 263.139465332,
        "mean": 26.1625022888,
        "median": 15.1152191162,
        "min": 0.315258741379,
        "var": 1412.60021973
    },
    "pitch_salience": {
        "dmean": 0.116764783859,
        "dmean2": 0.185638874769,
        "dvar": 0.0121493637562,
        "dvar2": 0.0274161696434,
        "max": 0.925481855869,
        "mean": 0.568983614445,
        "median": 0.590190470219,
        "min": 0.0679622367024,
        "var": 0.0241740290076
    },
    "silence_rate_20dB": {
        "dmean": 0,
        "dmean2": 0,
        "dvar": 0,
        "dvar2": 0,
        "max": 1,
        "mean": 1,
        "median": 1,
        "min": 1,
        "var": 0
    },
    "silence_rate_30dB": {
        "dmean": 0,
        "dmean2": 0,
        "dvar": 0,
        "dvar2": 0,
        "max": 1,
        "mean": 1,
        "median": 1,
        "min": 1,
        "var": 0
    },
    "silence_rate_60dB": {
        "dmean": 0.098250836134,
        "dmean2": 0.196574836969,
        "dvar": 0.088599473238,
        "dvar2": 0.189946189523,
        "max": 1,
        "mean": 0.160714283586,
        "median": 0,
        "min": 0,
        "var": 0.134884119034
    },
    "spectral_centroid": {
        "dmean": 511.441162109,
        "dmean2": 761.928344727,
        "dvar": 464248.75,
        "dvar2": 821772.1875,
        "max": 5733.99853516,
        "mean": 1310.2043457,
        "median": 1035.11328125,
        "min": 186.767150879,
        "var": 1240311.75
    },
    "spectral_complexity": {
        "dmean": 3.90249347687,
        "dmean2": 5.54206991196,
        "dvar": 14.4414978027,
        "dvar2": 26.6830883026,
        "max": 34,
        "mean": 8.89471721649,
        "median": 8,
        "min": 0,
        "var": 40.2081413269
    },
    "spectral_decrease": {
        "dmean": 2.673649524e-09,
        "dmean2": 3.69075969786e-09,
        "dvar": 8.33027621431e-18,
        "dvar2": 1.41683217631e-17,
        "max": 1.66773756263e-12,
        "mean": -5.35227151488e-09,
        "median": -4.73104311283e-09,
        "min": -2.21541966994e-08,
        "var": 2.11939786414e-17
    },
    "spectral_energy": {
        "dmean": 0.0108828404918,
        "dmean2": 0.0150630958378,
        "dvar": 0.000136492264573,
        "dvar2": 0.00023325663642,
        "max": 0.0915039256215,
        "mean": 0.0218118224293,
        "median": 0.0187272801995,
        "min": 3.39938016972e-12,
        "var": 0.000340519240126
    },
    "spectral_energyband_high": {
        "dmean": 0.000524609873537,
        "dmean2": 0.000748663558625,
        "dvar": 9.54022425503e-07,
        "dvar2": 1.62490403e-06,
        "max": 0.00951300933957,
        "mean": 0.00071549176937,
        "median": 0.000195031345356,
        "min": 1.56067628439e-12,
        "var": 1.96071232494e-06
    },
    "spectral_energyband_low": {
        "dmean": 0.000169964303495,
        "dmean2": 0.000269648560788,
        "dvar": 9.30981940428e-08,
        "dvar2": 2.08294835602e-07,
        "max": 0.00671590957791,
        "mean": 0.000221143869567,
        "median": 6.6852546297e-05,
        "min": 5.19973773511e-14,
        "var": 1.94732322711e-07
    },
    "spectral_energyband_middle_high": {
        "dmean": 0.00336108659394,
        "dmean2": 0.00460802577436,
        "dvar": 2.17656688619e-05,
        "dvar2": 3.6418910895e-05,
        "max": 0.0551753528416,
        "mean": 0.004377131816,
        "median": 0.001492573414,
        "min": 1.05281842272e-12,
        "var": 4.25651487603e-05
    },
    "spectral_energyband_middle_low": {
        "dmean": 0.00850664544851,
        "dmean2": 0.0119834085926,
        "dvar": 8.57187842485e-05,
        "dvar2": 0.000150416701217,
        "max": 0.0726561695337,
        "mean": 0.0169730242342,
        "median": 0.0156957805157,
        "min": 1.18874203016e-13,
        "var": 0.000222889677389
    },
    "spectral_entropy": {
        "dmean": 0.434165716171,
        "dmean2": 0.650464117527,
        "dvar": 0.218912452459,
        "dvar2": 0.460207849741,
        "max": 8.79332256317,
        "mean": 7.02316379547,
        "median": 7.0161895752,
        "min": 3.85213470459,
        "var": 0.561126112938
    },
    "spectral_flux": {
        "dmean": 0.0412872582674,
        "dmean2": 0.0682452246547,
        "dvar": 0.00138011982199,
        "dvar2": 0.00357400276698,
        "max": 0.271950095892,
        "mean": 0.0948565751314,
        "median": 0.0922778248787,
        "min": 6.65911647957e-05,
        "var": 0.00282071810216
    },
    "spectral_kurtosis": {
        "dmean": 4.99157333374,
        "dmean2": 8.09558582306,
        "dvar": 51.6656417847,
        "dvar2": 121.853752136,
        "max": 93.4514846802,
        "mean": 8.53658294678,
        "median": 6.06267213821,
        "min": -0.748688220978,
        "var": 67.651260376
    },
    "spectral_rms": {
        "dmean": 0.00127846782561,
        "dmean2": 0.00173412682489,
        "dvar": 1.65845983702e-06,
        "dvar2": 2.60158640231e-06,
        "max": 0.0094483923167,
        "mean": 0.00401508668438,
        "median": 0.00427440181375,
        "min": 5.7588785296e-08,
        "var": 5.15890997121e-06
    },
    "spectral_rolloff": {
        "dmean": 1608.87976074,
        "dmean2": 2837.12573242,
        "dvar": 13164730,
        "dvar2": 30653290,
        "max": 20391.9433594,
        "mean": 2935.16625977,
        "median": 1184.32617188,
        "min": 64.599609375,
        "var": 22599336
    },
    "spectral_skewness": {
        "dmean": 0.629745543003,
        "dmean2": 0.967096745968,
        "dvar": 0.493727266788,
        "dvar2": 1.11808681488,
        "max": 7.86933279037,
        "mean": 1.91896677017,
        "median": 1.74175310135,
        "min": -0.131489604712,
        "var": 1.00091099739
    },
    "spectral_spread": {
        "dmean": 857577.625,
        "dmean2": 1318034.75,
        "dvar": 1.06451900826e+12,
        "dvar2": 2.32438104064e+12,
        "max": 13153077,
        "mean": 3997942.5,
        "median": 3616735.5,
        "min": 1296241.25,
        "var": 2.05310145331e+12
    },
    "spectral_strongpeak": {
        "dmean": 0.921663582325,
        "dmean2": 1.50666701794,
        "dvar": 1.0459305048,
        "dvar2": 2.33533215523,
        "max": 8.58746051788,
        "mean": 1.34369242191,
        "median": 1.00582301617,
        "min": 0,
        "var": 1.47702658176
    },
    "zerocrossingrate": {
        "dmean": 0.0357902720571,
        "dmean2": 0.0395487807691,
        "dvar": 0.00217220745981,
        "dvar2": 0.0024263523519,
        "max": 0.68017578125,
        "mean": 0.104747228324,
        "median": 0.0546875,
        "min": 0.0087890625,
        "var": 0.0114881200716
    },
    "barkbands": {
        "dmean": [6.01442570769e-06, 5.46819283045e-05, 3.27800335072e-05, 0.000494082865771, 0.00348017737269, 0.000976143870503, 0.00278323027305, 0.00201806635596, 0.00242112600245, 0.00133735407144, 0.000340860453434, 0.000424277881393, 0.00051456131041, 0.000791395897977, 0.000347423541825, 0.000139093215694, 0.000150158055476, 0.000326270994265, 0.000160378127475, 0.000168552200194, 0.000200730719371, 9.82238270808e-05, 0.000106625702756, 6.02472537139e-05, 1.52813299792e-05, 8.20746481622e-06, 6.13798556515e-06],
        "dmean2": [1.04246628325e-05, 9.26945285755e-05, 5.73406396143e-05, 0.00071171898162, 0.0050492589362, 0.00147054577246, 0.00410662498325, 0.00319999177009, 0.00379226496443, 0.002023646608, 0.000511213147547, 0.000648571876809, 0.00081755570136, 0.00121513416525, 0.000545913295355, 0.000220919158892, 0.000228328310186, 0.000494047533721, 0.000248553842539, 0.000261109526036, 0.000303328037262, 0.000145731421071, 0.000152967681061, 8.82964523043e-05, 2.32640286413e-05, 1.24917614812e-05, 1.05954086393e-05],
        "dvar": [1.11438636097e-10, 9.95040583263e-09, 1.20083285537e-08, 7.46111481931e-07, 2.36195082834e-05, 4.20467995355e-06, 2.8063528589e-05, 1.76382654899e-05, 2.44403909164e-05, 9.69748907664e-06, 5.9940259689e-07, 7.83399968896e-07, 1.51503422785e-06, 2.4767477953e-06, 6.87432475388e-07, 1.3892089612e-07, 1.25296395481e-07, 2.52849844173e-07, 1.04234104015e-07, 1.06738930583e-07, 1.58693239882e-07, 1.17711138614e-07, 1.13637220522e-07, 2.88384356395e-08, 1.67453340083e-09, 6.35834551677e-10, 3.54796678148e-11],
        "dvar2": [2.87866702697e-10, 2.558407175e-08, 3.09547480981e-08, 1.36512505833e-06, 4.03448939323e-05, 8.37911920826e-06, 5.55080732738e-05, 3.77549076802e-05, 5.61343549634e-05, 1.91295766854e-05, 1.18240654956e-06, 1.7458127104e-06, 3.44415821019e-06, 5.2369318837e-06, 1.4919548903e-06, 3.2793670357e-07, 2.7471153885e-07, 5.30389286268e-07, 2.3090008483e-07, 2.39968528604e-07, 3.49626873231e-07, 2.34800580756e-07, 2.17646856981e-07, 5.59797292965e-08, 3.4401967941e-09, 1.3867603732e-09, 1.04060260409e-10],
        "max": [0.000192681036424, 0.00176826340612, 0.00385388778523, 0.0173797309399, 0.0452914461493, 0.0353589840233, 0.0574713721871, 0.0483534522355, 0.0431945174932, 0.0437822379172, 0.0196355953813, 0.0121151460335, 0.0163861699402, 0.0188115891069, 0.0112095307559, 0.00491512101144, 0.00532722333446, 0.00573962833732, 0.00439748819917, 0.00595200480893, 0.00653205858544, 0.00491913408041, 0.00630428036675, 0.0027297406923, 0.000820853805635, 0.000470050115837, 6.41569058644e-05],
        "mean": [6.55741405353e-06, 5.96288700763e-05, 2.84874840872e-05, 0.000796428124886, 0.00664565199986, 0.00125340314116, 0.00336928782053, 0.00205907435156, 0.00226508523338, 0.0013427848462, 0.000361791520845, 0.000430424464867, 0.000498086737934, 0.000755882181693, 0.000320408755215, 0.000135552400025, 0.000158039416419, 0.00038184443838, 0.000180476316018, 0.000180201488547, 0.000226466843742, 0.000112290559628, 0.000127103776322, 6.90001179464e-05, 1.78367190529e-05, 9.33803494263e-06, 2.06738168345e-05],
        "median": [2.99843327412e-06, 2.76311729976e-05, 5.46710725757e-06, 9.24397754716e-05, 0.00418014451861, 0.000165349862073, 0.000453115382697, 0.000131948763737, 8.49301868584e-05, 6.03430962656e-05, 3.57427197741e-05, 3.85275125154e-05, 2.77149883914e-05, 2.63315778284e-05, 2.46990566666e-05, 1.75309996848e-05, 2.82460387098e-05, 0.000100232799014, 4.54958790215e-05, 4.54256587545e-05, 4.55212793895e-05, 2.55901022683e-06, 1.11522576844e-05, 1.08695476229e-05, 2.74239801001e-06, 1.12955831355e-06, 2.06417025765e-05],
        "min": [1.42608906455e-14, 2.34070914235e-14, 1.50949809293e-14, 1.1440936699e-14, 1.1689128364e-14, 8.00215064567e-15, 2.48989214256e-14, 4.1199079467e-14, 1.65515252329e-14, 2.60135710444e-14, 5.55402688359e-14, 1.41004734473e-13, 8.24628858037e-14, 5.60164639825e-14, 1.41820623713e-13, 5.52595655053e-14, 2.55020966367e-13, 1.64113514445e-13, 7.32060354176e-14, 4.52380883133e-14, 5.47673953172e-14, 6.2522334315e-14, 1.1072159899e-13, 7.55976566611e-14, 5.36476245372e-14, 6.85294513194e-14, 1.30498986183e-12],
        "var": [1.39384392916e-10, 1.0884176227e-08, 1.10491642502e-08, 2.00213162316e-06, 6.53172610328e-05, 7.8009088611e-06, 4.57007627119e-05, 2.2489712137e-05, 2.72886918538e-05, 1.32252462208e-05, 9.03512841433e-07, 9.49560103436e-07, 1.638088861e-06, 3.11113603857e-06, 7.87870590102e-07, 1.5000406961e-07, 1.58646273007e-07, 3.88047482147e-07, 1.40925777714e-07, 1.28143184952e-07, 2.22964246177e-07, 1.80759556656e-07, 2.05634478334e-07, 4.30264357476e-08, 2.50733211971e-09, 8.65659988136e-10, 3.94379875979e-11]
    },
    "erbbands": {
        "dmean": [0.00208464916795, 0.0109432060272, 0.0319421514869, 0.680360496044, 7.93068599701, 12.8565139771, 7.07553958893, 8.86063194275, 32.4819717407, 39.3378791809, 51.3268737793, 54.2657928467, 49.2537231445, 21.4161434174, 13.9184427261, 17.4263858795, 22.4108104706, 39.7984352112, 24.9025249481, 12.1174545288, 6.47316503525, 8.45856666565, 14.3422994614, 14.5979995728, 5.79512262344, 7.2926530838, 10.9572467804, 5.45091199875, 3.37950873375, 3.311429739, 3.23304510117, 1.63311398029, 0.821926176548, 0.212650239468, 0.0973858088255, 0.0558134317398, 0.0109404651448, 0.000552928599063, 0.000284795009065, 0.000184976146556],
        "dmean2": [0.00355831021443, 0.0188403557986, 0.0522143654525, 0.933218717575, 11.3805856705, 18.5887050629, 10.0541620255, 13.3619203568, 47.7665023804, 58.9914588928, 78.1186904907, 83.9978256226, 74.1273651123, 30.935382843, 20.2746868134, 26.0605716705, 34.1385498047, 59.7976303101, 39.0244827271, 18.0303707123, 9.8233537674, 12.5160045624, 21.4986248016, 22.0584621429, 8.91680335999, 11.0777816772, 16.5816268921, 8.22184181213, 4.96688985825, 4.72391748428, 4.73497962952, 2.32543992996, 1.23423445225, 0.325247138739, 0.14769820869, 0.0852939337492, 0.0164084155113, 0.000823148293421, 0.000484126590891, 0.00031940540066],
        "dvar": [1.41500704558e-05, 0.000451213680208, 0.0053542284295, 1.2220646143, 138.751327515, 453.713775635, 452.712280273, 308.603240967, 3530.91186523, 8153.99169922, 10200.4404297, 13877.6582031, 11735.4316406, 2121.98217773, 799.594177246, 1289.86425781, 2760.83691406, 6540.17626953, 2551.30419922, 800.944641113, 212.015533447, 350.378814697, 551.888916016, 518.718383789, 213.649887085, 200.306106567, 360.821899414, 230.811157227, 144.174346924, 116.10736084, 105.274635315, 22.8937492371, 4.88111972809, 0.314926356077, 0.0778532922268, 0.0285377521068, 0.00123694248032, 3.25917881128e-06, 6.74348399343e-08, 3.29999281234e-08],
        "dvar2": [3.50965055986e-05, 0.00119994778652, 0.0135099161416, 2.21297812462, 244.060150146, 822.64276123, 762.053222656, 654.203491211, 7050.45507812, 15592.125, 21630.9277344, 31673.2324219, 23746.859375, 3895.25463867, 1690.51916504, 2798.35375977, 6279.83935547, 13967.6630859, 5512.94238281, 1686.92138672, 459.748687744, 721.655273438, 1141.88012695, 1105.06445312, 506.463745117, 435.946014404, 801.491638184, 493.911621094, 290.180603027, 216.565826416, 211.912719727, 42.4313354492, 9.70039844513, 0.623817205429, 0.169684588909, 0.0635185539722, 0.00272037298419, 6.84077213009e-06, 1.91881341038e-07, 9.62555759543e-08],
        "max": [0.0918406024575, 0.296894013882, 2.45023775101, 21.9070739746, 136.214538574, 228.068878174, 409.38458252, 296.134735107, 732.930908203, 1112.97937012, 1117.27856445, 1303.8182373, 1313.58410645, 834.053405762, 549.163696289, 487.198577881, 729.071350098, 1091.0534668, 540.387145996, 501.94430542, 193.2996521, 264.958679199, 279.298217773, 282.862945557, 199.703063965, 262.414276123, 238.889175415, 386.867218018, 162.853988647, 230.323348999, 189.67565918, 97.8044052124, 36.5227127075, 9.41554546356, 5.70053482056, 2.93626403809, 0.572160840034, 0.0328452959657, 0.00285810604692, 0.00201061367989],
        "mean": [0.00228215428069, 0.0120589351282, 0.0455864518881, 1.31638550758, 15.5662374496, 21.9763717651, 11.2509508133, 11.9685640335, 41.4057693481, 44.8278083801, 55.3576011658, 52.022605896, 49.2341995239, 23.3537063599, 15.8198680878, 18.2530670166, 22.6620483398, 38.6860046387, 24.5435142517, 12.045296669, 6.94616413116, 9.34163379669, 17.001832962, 17.498041153, 6.51920986176, 8.11354446411, 12.2927131653, 6.10835552216, 3.87993407249, 3.82061719894, 3.7837240696, 1.87000858784, 0.945427656174, 0.245576649904, 0.112795829773, 0.0626836195588, 0.0123529899865, 0.000676361087244, 0.000973611720838, 0.000643592851702],
        "median": [0.00107012689114, 0.00598625838757, 0.0207776930183, 0.48604542017, 8.73563957214, 7.88511657715, 1.55119395256, 3.31001853943, 9.74974060059, 7.82205963135, 7.29373168945, 2.98484492302, 2.69615244865, 2.31642484665, 2.22194862366, 1.82497382164, 1.56173443794, 1.65258467197, 1.45691990852, 1.40746676922, 1.05322885513, 1.90811681747, 4.13795375824, 5.02367115021, 1.90660631657, 2.18919849396, 3.10149669647, 0.795563697815, 0.152335911989, 0.181502595544, 0.327641189098, 0.259799450636, 0.137450397015, 0.0329375788569, 0.0195449423045, 0.00887012854218, 0.00116021838039, 0.000114190828754, 0.000967503234278, 0.000622512074187],
        "min": [8.3358097985e-13, 4.83119056913e-12, 1.57639144793e-11, 3.12764293631e-11, 4.05509063828e-11, 3.69264827049e-11, 3.68114497218e-11, 8.05716882102e-11, 2.4939147969e-10, 6.2875377127e-10, 8.90512774632e-10, 3.91514820564e-10, 5.21648557683e-10, 1.33045541251e-09, 3.00574432011e-09, 6.17518924884e-09, 4.37005098775e-09, 3.2554148266e-09, 3.00638669515e-09, 8.61439453104e-09, 3.17320592025e-09, 1.49520982262e-08, 1.07697486484e-08, 5.15378095756e-09, 2.19989293448e-09, 2.57401011616e-09, 2.42650699533e-09, 2.3599804333e-09, 2.26134355685e-09, 2.28237606592e-09, 3.42909611817e-09, 1.76390835271e-09, 1.12658249396e-09, 6.23643137132e-10, 3.81985082454e-10, 2.32636909736e-10, 1.22263879576e-10, 8.70785249463e-11, 1.35722794115e-10, 2.83094121062e-11],
        "var": [1.67890029843e-05, 0.000428079685662, 0.0068793175742, 3.88887667656, 408.905090332, 1164.52246094, 1344.71972656, 513.129760742, 5950.85546875, 12568.7724609, 13543.9492188, 15433.4941406, 15443.9355469, 3277.31591797, 1200.64709473, 1634.9810791, 3040.86450195, 8291.97070312, 3100.55029297, 1022.89910889, 280.34979248, 489.084777832, 847.946166992, 830.558959961, 236.629562378, 253.882400513, 480.976989746, 322.098907471, 218.154602051, 202.898757935, 174.323410034, 36.8130683899, 7.23828840256, 0.480242013931, 0.105534441769, 0.037212330848, 0.00171378895175, 4.66666369903e-06, 9.04128114598e-08, 3.64479717518e-08]
    },
    "gfcc": {
        "mean": [-75.2512359619, 75.1827926636, -109.771217346, 8.39672088623, -61.6557846069, -23.6894321442, -33.4707717896, -11.5960111618, -19.8124809265, -15.7009077072, -1.78760659695, -21.1694717407, -4.53991889954],
        "cov": [[9748.67285156, 115.790870667, -3188.42993164, -229.762542725, -1849.07202148, -2.26028394699, -898.972351074, 401.85736084, -683.078369141, 45.4046058655, -393.183929443, -227.003814697, -361.80078125], [115.790870667, 2683.20898438, -331.467895508, -1311.14318848, 81.0854721069, -588.320861816, 18.8095684052, -292.828704834, -171.627532959, -442.188598633, 291.387451172, -301.943206787, 43.0798950195], [-3188.42993164, -331.467895508, 1748.51879883, 522.717224121, 480.575744629, 26.193769455, 183.977233887, -116.419067383, 142.347686768, -7.86167049408, 50.5259628296, 162.519851685, 57.5400009155], [-229.762542725, -1311.14318848, 522.717224121, 1247.06835938, 19.0322036743, 14.0063676834, -100.045440674, 109.287445068, 83.3935317993, 122.471969604, -153.614624023, 159.241073608, -21.6229877472], [-1849.07202148, 81.0854721069, 480.575744629, 19.0322036743, 712.83416748, 28.1843681335, 123.309310913, -27.4902744293, 220.883972168, 43.5821609497, 1.97312259674, 10.6472597122, 90.3627243042], [-2.26028394699, -588.320861816, 26.193769455, 14.0063676834, 28.1843681335, 569.177246094, 169.813278198, 31.0824012756, 67.8548202515, 119.152130127, -55.4882888794, 47.6409568787, -72.5296020508], [-898.972351074, 18.8095684052, 183.977233887, -100.045440674, 123.309310913, 169.813278198, 390.604522705, -60.1105194092, 47.2251434326, 0.499828130007, 80.3675765991, -7.36164426804, -2.03799700737], [401.85736084, -292.828704834, -116.419067383, 109.287445068, -27.4902744293, 31.0824012756, -60.1105194092, 194.965438843, 26.6944541931, 82.9758911133, -66.1862792969, 32.598449707, 16.0135974884], [-683.078369141, -171.627532959, 142.347686768, 83.3935317993, 220.883972168, 67.8548202515, 47.2251434326, 26.6944541931, 232.276535034, 65.0975036621, -27.365644455, 27.7594528198, 44.0853042603], [45.4046058655, -442.188598633, -7.86167049408, 122.471969604, 43.5821609497, 119.152130127, 0.499828130007, 82.9758911133, 65.0975036621, 255.730606079, -73.7635574341, 36.0777626038, -1.96501088142], [-393.183929443, 291.387451172, 50.5259628296, -153.614624023, 1.97312259674, -55.4882888794, 80.3675765991, -66.1862792969, -27.365644455, -73.7635574341, 243.753646851, 14.2546653748, 5.92993307114], [-227.003814697, -301.943206787, 162.519851685, 159.241073608, 10.6472597122, 47.6409568787, -7.36164426804, 32.598449707, 27.7594528198, 36.0777626038, 14.2546653748, 151.541183472, 28.5732383728], [-361.80078125, 43.0798950195, 57.5400009155, -21.6229877472, 90.3627243042, -72.5296020508, -2.03799700737, 16.0135974884, 44.0853042603, -1.96501088142, 5.92993307114, 28.5732383728, 163.585647583]],
        "icov": [[0.00176225346513, -0.00203161174431, 0.0024149264209, -0.00218507205136, 0.00237964349799, -0.00234562065452, 0.00190519390162, -0.00177651515696, 0.00174266006798, -0.00129411136732, 0.00157143140677, -0.000959828845225, 0.000762995390687], [-0.00203161174431, 0.00474451389164, -0.00294974585995, 0.00461516762152, -0.00324344984256, 0.00462811347097, -0.00214964640327, 0.00282445224002, -0.00187842932064, 0.00319566484541, -0.0022628812585, 0.00265480275266, -0.000391875189962], [0.0024149264209, -0.00294974585995, 0.00434792879969, -0.00357060669921, 0.00265011820011, -0.00326976878569, 0.00226282025687, -0.00180552434176, 0.00253736018203, -0.00173281028401, 0.00213671755046, -0.00227690371685, 0.0010235022055], [-0.00218507205136, 0.00461516762152, -0.00357060669921, 0.00583201320842, -0.00311857415363, 0.00485667353496, -0.00217852834612, 0.00244048261084, -0.00240583973937, 0.00287161162123, -0.00160940119531, 0.00158328784164, 5.33065322088e-05], [0.00237964349799, -0.00324344984256, 0.00265011820011, -0.00311857415363, 0.00591475190595, -0.00345641304739, 0.00231871777214, -0.00247694225982, 0.000288231880404, -0.00233483919874, 0.00230257539079, -0.000900052313227, 0.000212470607948], [-0.00234562065452, 0.00462811347097, -0.00326976878569, 0.00485667353496, -0.00345641304739, 0.00745750637725, -0.00387997692451, 0.00286470446736, -0.00278092524968, 0.00230803061277, -0.00149706646334, 0.00113462831359, 0.000905716617126], [0.00190519390162, -0.00214964640327, 0.00226282025687, -0.00217852834612, 0.00231871777214, -0.00387997692451, 0.00590732088313, -0.00136076379567, 0.00164973293431, -0.00142139312811, 0.000326691486407, -5.6401454458e-06, 0.000429078296293], [-0.00177651515696, 0.00282445224002, -0.00180552434176, 0.00244048261084, -0.00247694225982, 0.00286470446736, -0.00136076379567, 0.00933593325317, -0.00211453950033, 0.000305592489894, -0.000795404310338, 0.000198332680156, -0.00144002202433], [0.00174266006798, -0.00187842932064, 0.00253736018203, -0.00240583973937, 0.000288231880404, -0.00278092524968, 0.00164973293431, -0.00211453950033, 0.0087402947247, -0.00196025543846, 0.00172451196704, -0.00118375418242, -0.000261007866357], [-0.00129411136732, 0.00319566484541, -0.00173281028401, 0.00287161162123, -0.00233483919874, 0.00230803061277, -0.00142139312811, 0.000305592489894, -0.00196025543846, 0.00761482259259, -0.000627252971753, 0.00118092645425, -1.30195267047e-05], [0.00157143140677, -0.0022628812585, 0.00213671755046, -0.00160940119531, 0.00230257539079, -0.00149706646334, 0.000326691486407, -0.000795404310338, 0.00172451196704, -0.000627252971753, 0.00737374834716, -0.00332589377649, 0.00109474768396], [-0.000959828845225, 0.00265480275266, -0.00227690371685, 0.00158328784164, -0.000900052313227, 0.00113462831359, -5.6401454458e-06, 0.000198332680156, -0.00118375418242, 0.00118092645425, -0.00332589377649, 0.0115939620882, -0.00240239407867], [0.000762995390687, -0.000391875189962, 0.0010235022055, 5.33065322088e-05, 0.000212470607948, 0.000905716617126, 0.000429078296293, -0.00144002202433, -0.000261007866357, -1.30195267047e-05, 0.00109474768396, -0.00240239407867, 0.00843138899654]]
    },
    "melbands": {
        "dmean": [1.65937726706e-05, 1.4045327589e-05, 0.000281472865026, 0.000815643987153, 0.000303660082864, 0.000213673178223, 0.000518193526659, 0.000415696587879, 0.000451113766758, 0.00032768692472, 0.000247657095315, 9.54928618739e-05, 4.52609892818e-05, 4.96906359331e-05, 4.70886079711e-05, 5.43211062904e-05, 7.94840671006e-05, 4.4920900109e-05, 2.33188111451e-05, 1.19230253404e-05, 7.08632023816e-06, 8.8355054686e-06, 9.76920455287e-06, 1.73524749698e-05, 1.20001095638e-05, 4.96338543599e-06, 3.47288414559e-06, 5.58197280043e-06, 7.74485215516e-06, 5.13883060194e-06, 2.7456569569e-06, 1.81668337973e-06, 2.17997626351e-06, 1.77485333097e-06, 2.15860563912e-06, 1.25886197111e-06, 9.53073481469e-07, 6.93433037213e-07, 3.06744112777e-07, 1.3741420446e-07],
        "dmean2": [2.80901949736e-05, 2.41587567871e-05, 0.000394679227611, 0.00118014588952, 0.000435436028056, 0.000323850632412, 0.000763927120715, 0.000632467039395, 0.000686860003043, 0.000514086394105, 0.000375420844648, 0.000140103671583, 6.68483844493e-05, 7.5983669376e-05, 7.32582775527e-05, 8.43690504553e-05, 0.000121268327348, 7.15753558325e-05, 3.6109067878e-05, 1.87829682545e-05, 1.09032625915e-05, 1.33761332108e-05, 1.48110593727e-05, 2.62547673628e-05, 1.8415195882e-05, 7.74144700699e-06, 5.41803683518e-06, 8.61511489347e-06, 1.19551168609e-05, 7.78415324021e-06, 4.23998426413e-06, 2.79919254353e-06, 3.20725757774e-06, 2.54344331552e-06, 3.17777153214e-06, 1.86367117294e-06, 1.38871894251e-06, 1.05373533188e-06, 4.68137045573e-07, 2.12660452803e-07],
        "dvar": [8.77251660203e-10, 1.10606801496e-09, 1.75738151142e-07, 1.34667357088e-06, 5.65382094919e-07, 1.67011663166e-07, 8.81017228949e-07, 8.01987198429e-07, 7.58767100706e-07, 5.29717510744e-07, 3.0826913644e-07, 4.61051961054e-08, 9.44902200928e-09, 1.22166685657e-08, 1.44625147414e-08, 1.42871554587e-08, 2.85957728607e-08, 9.03761154802e-09, 3.56343332619e-09, 1.12675635489e-09, 2.99820168692e-10, 4.56468696175e-10, 3.81773251901e-10, 8.18254741741e-10, 3.93604010496e-10, 1.79089007513e-10, 9.6833832619e-11, 1.19851975566e-10, 1.88727256045e-10, 1.30044391922e-10, 9.26260249057e-11, 4.97723633142e-11, 6.38039551748e-11, 3.73767718165e-11, 4.91334230246e-11, 1.58569095354e-11, 8.89707925389e-12, 3.6977500055e-12, 6.10354377716e-13, 1.53719742556e-13],
        "dvar2": [2.21721907501e-09, 2.93455126865e-09, 3.00850274471e-07, 2.34738672589e-06, 9.21978994484e-07, 3.44297546917e-07, 1.76412845576e-06, 1.53880523612e-06, 1.61585876413e-06, 1.20543450066e-06, 6.23065773198e-07, 8.69452989605e-08, 1.94951592647e-08, 2.67224660178e-08, 3.32181784302e-08, 3.23456887941e-08, 6.20196374257e-08, 2.01733669769e-08, 7.90861776068e-09, 2.61513122268e-09, 6.70440813977e-10, 9.8451791164e-10, 8.26637203133e-10, 1.75642611566e-09, 8.40530145485e-10, 4.2476086537e-10, 2.33923186377e-10, 2.64746169432e-10, 4.23971358021e-10, 2.90226398469e-10, 2.03314393099e-10, 1.07435227381e-10, 1.339502953e-10, 7.09797359777e-11, 1.03335728863e-10, 2.96905902641e-11, 1.82889068473e-11, 7.72516512565e-12, 1.21259599584e-12, 3.25397098589e-13],
        "max": [0.000628482317552, 0.000973484711722, 0.00661111716181, 0.0115055888891, 0.0127849411219, 0.00590115739033, 0.0116643076763, 0.0130109069869, 0.00893804151565, 0.00808613467962, 0.00677833193913, 0.00351993413642, 0.00205770600587, 0.00179051270243, 0.00180723937228, 0.00133922940586, 0.0022878954187, 0.00112185289618, 0.000928653869778, 0.000496595283039, 0.000238909342443, 0.000282333377982, 0.000259473890765, 0.000431779568316, 0.000254223996308, 0.000231622601859, 0.000214026949834, 0.000189671030967, 0.000183894255315, 0.000193956802832, 0.000281835644273, 0.000122138182633, 0.000145822094055, 0.000181546216481, 0.000127449879074, 8.66460832185e-05, 5.4467614973e-05, 3.15635552397e-05, 1.50832338477e-05, 8.04128103482e-06],
        "mean": [1.83804659173e-05, 1.41418850035e-05, 0.000567928538658, 0.00155185093172, 0.00049147719983, 0.000281204178464, 0.000656267860904, 0.000459244125523, 0.000472531392006, 0.000306450820062, 0.000243873422733, 9.99367475742e-05, 5.03660412505e-05, 5.090583727e-05, 4.57247660961e-05, 5.36473125976e-05, 7.49048267608e-05, 4.23241617682e-05, 2.17139458982e-05, 1.15217608254e-05, 7.28763097868e-06, 9.32582042878e-06, 1.07132236735e-05, 2.00026352104e-05, 1.39559424497e-05, 5.26646908838e-06, 3.56590248884e-06, 5.9131452872e-06, 8.42867484607e-06, 5.60598573429e-06, 2.88297565021e-06, 2.00932799999e-06, 2.35705670093e-06, 2.03300555768e-06, 2.45837350121e-06, 1.45600245105e-06, 1.03910747384e-06, 7.74792283664e-07, 3.40902772678e-07, 1.50670430799e-07],
        "median": [8.65116999194e-06, 5.29086355527e-06, 0.000229242636124, 0.000967241823673, 5.2269162552e-05, 5.07457734784e-05, 0.000153596090968, 5.87858085055e-05, 3.58361394319e-05, 1.25311707961e-05, 1.13318437798e-05, 8.42111512611e-06, 6.74053444527e-06, 4.97009204992e-06, 3.32823856297e-06, 2.97533324556e-06, 2.62938465312e-06, 2.09967356568e-06, 1.84733858077e-06, 1.37717802318e-06, 1.07793425741e-06, 1.68859196492e-06, 2.02908677238e-06, 4.84378278998e-06, 3.52804522663e-06, 1.25718224808e-06, 8.40590132611e-07, 1.22614119391e-06, 1.93899927581e-06, 9.7923816611e-07, 1.71851780806e-07, 3.59575906828e-08, 4.57471500681e-08, 1.08798928977e-07, 1.8373708599e-07, 1.61893837003e-07, 1.3763816753e-07, 9.84630474932e-08, 3.65912526945e-08, 1.5339477244e-08],
        "min": [7.62987034799e-15, 7.76779780499e-15, 5.77093033733e-15, 2.84448275006e-15, 1.32883809903e-15, 1.80580478684e-15, 4.17127219403e-15, 7.50174983846e-15, 7.00064006466e-15, 2.01812375947e-15, 2.60803816152e-15, 5.00180239837e-15, 8.65073054965e-15, 1.38492080691e-14, 1.74398103787e-14, 5.3485628639e-15, 6.19577792324e-15, 2.77330360689e-15, 1.29836488173e-14, 7.1716966743e-15, 2.73391699836e-15, 1.42852699478e-14, 1.77514710694e-14, 4.6682653877e-15, 4.24806758916e-15, 2.20569221762e-15, 5.80404921969e-16, 2.17188459159e-15, 1.34471710805e-15, 1.43512559319e-15, 1.40571544459e-15, 1.48443635737e-15, 8.01936171989e-16, 1.5277287407e-15, 2.45145099221e-15, 1.20957522478e-15, 9.32196074991e-16, 6.73513748147e-16, 9.99205486723e-16, 3.34555488383e-16],
        "var": [1.01434671773e-09, 1.02081276765e-09, 6.12598626049e-07, 3.63775984624e-06, 1.76972218924e-06, 2.86668324634e-07, 1.47416812979e-06, 1.2309574231e-06, 1.00156876215e-06, 5.78859953748e-07, 4.05730702369e-07, 6.78288998301e-08, 1.447071174e-08, 1.48236427577e-08, 1.56214685632e-08, 1.60384683312e-08, 3.47301565284e-08, 1.01924015894e-08, 3.95176602552e-09, 1.21644594397e-09, 3.68725355804e-10, 5.7933274844e-10, 5.03949715291e-10, 1.18518417302e-09, 6.11043882159e-10, 1.96397759167e-10, 9.62784643677e-11, 1.48116977017e-10, 2.38967429178e-10, 1.64159769112e-10, 1.17089449247e-10, 6.82516126949e-11, 8.76607952893e-11, 6.61269025648e-11, 7.70477986967e-11, 2.57532120629e-11, 1.19946674121e-11, 5.10991726363e-12, 9.25837097959e-13, 2.10716779312e-13]
    },
    "mfcc": {
        "mean": [-730.275085449, 119.797874451, -4.23125600815, 19.3800697327, -9.33448982239, -15.363067627, -6.44515895844, -8.82114219666, -17.6388912201, 3.08579683304, -11.9967479706, 3.23388957977, -17.3101062775],
        "cov": [[10954.1416016, -544.745605469, -2277.41162109, -848.361206055, -1184.29760742, -875.898010254, -440.451202393, -204.646987915, -558.883483887, 343.470214844, -448.609039307, 180.601303101, -726.877563477], [-544.745605469, 3396.91186523, -635.97845459, -837.329711914, -163.190795898, -528.955749512, 120.044448853, -162.112884521, -383.205932617, -52.1216392517, -245.061035156, 57.6861343384, -275.774475098], [-2277.41162109, -635.97845459, 1350.4239502, 505.156158447, 212.343292236, 296.147186279, 75.4206848145, 99.9184646606, 88.4225692749, -201.845855713, 114.065620422, -106.274726868, 262.535461426], [-848.361206055, -837.329711914, 505.156158447, 973.092651367, 297.410217285, -12.1932325363, -95.72706604, -40.8721199036, 158.607955933, -194.029556274, 69.8067932129, -33.7088317871, 136.305480957], [-1184.29760742, -163.190795898, 212.343292236, 297.410217285, 561.13494873, 79.5443115234, -94.6725845337, -8.47112941742, 192.952774048, -63.1047286987, 58.4776573181, -24.5459785461, 110.887504578], [-875.898010254, -528.955749512, 296.147186279, -12.1932325363, 79.5443115234, 562.977233887, 72.2962265015, 135.333343506, 127.983322144, 122.197349548, 163.339813232, -74.8192825317, 108.587432861], [-440.451202393, 120.044448853, 75.4206848145, -95.72706604, -94.6725845337, 72.2962265015, 270.771728516, 40.6077194214, -52.9771766663, 29.9937362671, 13.5010204315, 2.79867219925, 29.3650455475], [-204.646987915, -162.112884521, 99.9184646606, -40.8721199036, -8.47112941742, 135.333343506, 40.6077194214, 216.093429565, -0.447390824556, 39.9544677734, 14.0113840103, -24.1026287079, 56.7459602356], [-558.883483887, -383.205932617, 88.4225692749, 158.607955933, 192.952774048, 127.983322144, -52.9771766663, -0.447390824556, 354.720825195, 40.5649147034, 48.6768035889, -24.9111557007, 69.4216766357], [343.470214844, -52.1216392517, -201.845855713, -194.029556274, -63.1047286987, 122.197349548, 29.9937362671, 39.9544677734, 40.5649147034, 276.609375, 41.3655204773, -4.29970693588, -41.9011764526], [-448.609039307, -245.061035156, 114.065620422, 69.8067932129, 58.4776573181, 163.339813232, 13.5010204315, 14.0113840103, 48.6768035889, 41.3655204773, 222.436920166, -7.99319648743, 56.2240409851], [180.601303101, 57.6861343384, -106.274726868, -33.7088317871, -24.5459785461, -74.8192825317, 2.79867219925, -24.1026287079, -24.9111557007, -4.29970693588, -7.99319648743, 161.775268555, -8.44567871094], [-726.877563477, -275.774475098, 262.535461426, 136.305480957, 110.887504578, 108.587432861, 29.3650455475, 56.7459602356, 69.4216766357, -41.9011764526, 56.2240409851, -8.44567871094, 191.853591919]],
