{
"lowlevel": {
    "average_loudness": 0.975930213928,
    "barkbands_crest": {
        "dmean": 3.18643045425,
        "dmean2": 4.92650461197,
        "dvar": 9.07934474945,
        "dvar2": 20.5053901672,
        "max": 25.4788513184,
        "mean": 11.0097455978,
        "median": 9.88710594177,
        "min": 2.47494268417,
        "var": 19.7743911743
    },
    "barkbands_flatness_db": {
        "dmean": 0.0421924628317,
        "dmean2": 0.05979353562,
        "dvar": 0.0020221513696,
        "dvar2": 0.00428711576387,
        "max": 0.472369939089,
        "mean": 0.187394052744,
        "median": 0.176085263491,
        "min": 0.0144276069477,
        "var": 0.00598089955747
    },
    "barkbands_kurtosis": {
        "dmean": 12.4601221085,
        "dmean2": 20.0672645569,
        "dvar": 520.36315918,
        "dvar2": 1148.13586426,
        "max": 268.579437256,
        "mean": 13.2538051605,
        "median": 2.20545625687,
        "min": -1.9596529007,
        "var": 722.958374023
    },
    "barkbands_skewness": {
        "dmean": 1.44396030903,
        "dmean2": 2.1150662899,
        "dvar": 2.85949659348,
        "dvar2": 5.56316804886,
        "max": 12.941491127,
        "mean": 1.72671735287,
        "median": 1.21568453312,
        "min": -5.63829469681,
        "var": 6.66424608231
    },
    "barkbands_spread": {
        "dmean": 14.2857084274,
        "dmean2": 23.4310150146,
        "dvar": 528.382507324,
        "dvar2": 1221.02282715,
        "max": 150.74911499,
        "mean": 27.8969173431,
        "median": 14.6178131104,
        "min": 1.03822660446,
        "var": 1105.78662109
    },
    "dissonance": {
        "dmean": 0.0273055937141,
        "dmean2": 0.0423246994615,
        "dvar": 0.00101636478212,
        "dvar2": 0.00226990599185,
        "max": 0.499999552965,
        "mean": 0.433986723423,
        "median": 0.435662984848,
        "min": 0.113755621016,
        "var": 0.00278643448837
    },
    "dynamic_complexity": 5.25864934921,
    "erbbands_crest": {
        "dmean": 2.82807540894,
        "dmean2": 4.57775497437,
        "dvar": 6.42058134079,
        "dvar2": 16.6533050537,
        "max": 24.6893749237,
        "mean": 9.84314918518,
        "median": 9.38952541351,
        "min": 2.41087341309,
        "var": 11.7446250916
    },
    "erbbands_flatness_db": {
        "dmean": 0.0319424495101,
        "dmean2": 0.0455579832196,
        "dvar": 0.0011611279333,
        "dvar2": 0.00236776401289,
        "max": 0.36484053731,
        "mean": 0.185358777642,
        "median": 0.193639695644,
        "min": 0.0292023364455,
        "var": 0.0034742183052
    },
    "erbbands_kurtosis": {
        "dmean": 2.88429927826,
        "dmean2": 4.58818149567,
        "dvar": 33.7453613281,
        "dvar2": 77.8660507202,
        "max": 84.3142166138,
        "mean": 2.53666400909,
        "median": 0.840422034264,
        "min": -1.8413746357,
        "var": 43.166847229
    },
    "erbbands_skewness": {
        "dmean": 0.680908560753,
        "dmean2": 1.05815708637,
        "dvar": 0.672485649586,
        "dvar2": 1.5143032074,
        "max": 6.69014310837,
        "mean": 0.485223889351,
        "median": 0.425301611423,
        "min": -4.48155117035,
        "var": 1.44496130943
    },
    "erbbands_spread": {
        "dmean": 13.3323850632,
        "dmean2": 20.8761539459,
        "dvar": 297.939910889,
        "dvar2": 752.434631348,
        "max": 158.12197876,
        "mean": 31.0852336884,
        "median": 25.8675041199,
        "min": 1.76521897316,
        "var": 424.744903564
    },
    "hfc": {
        "dmean": 8.51166152954,
        "dmean2": 11.546374321,
        "dvar": 102.462295532,
        "dvar2": 186.753799438,
        "max": 75.275352478,
        "mean": 16.0147914886,
        "median": 9.70315742493,
        "min": 1.20052203076e-16,
        "var": 259.979156494
    },
    "melbands_crest": {
        "dmean": 4.41410493851,
        "dmean2": 6.60353517532,
        "dvar": 18.5828838348,
        "dvar2": 41.6143836975,
        "max": 35.1046638489,
        "mean": 15.7728357315,
        "median": 14.8735866547,
        "min": 2.33580088615,
        "var": 37.4831008911
    },
    "melbands_flatness_db": {
        "dmean": 0.0593770928681,
        "dmean2": 0.0828548744321,
        "dvar": 0.0039382907562,
        "dvar2": 0.00784738268703,
        "max": 0.634553074837,
        "mean": 0.266650259495,
        "median": 0.255157649517,
        "min": 0.00719583127648,
        "var": 0.0126482015476
    },
    "melbands_kurtosis": {
        "dmean": 17.9165306091,
        "dmean2": 28.6263999939,
        "dvar": 1153.77941895,
        "dvar2": 2703.16772461,
        "max": 513.577270508,
        "mean": 20.2782001495,
        "median": 5.90139722824,
        "min": -1.88629627228,
        "var": 1403.69897461
    },
    "melbands_skewness": {
        "dmean": 1.49514389038,
        "dmean2": 2.21838951111,
        "dvar": 3.0238699913,
        "dvar2": 6.60734367371,
        "max": 16.5933246613,
        "mean": 2.58525156975,
        "median": 2.01705551147,
        "min": -3.82455182076,
        "var": 5.67127513885
    },
    "melbands_spread": {
        "dmean": 16.4228401184,
        "dmean2": 27.0106945038,
        "dvar": 1028.80603027,
        "dvar2": 2627.17089844,
        "max": 251.493377686,
        "mean": 25.5765514374,
        "median": 15.8823776245,
        "min": 0.417697280645,
        "var": 1205.42480469
    },
    "pitch_salience": {
        "dmean": 0.0957484394312,
        "dmean2": 0.144356518984,
        "dvar": 0.0104170432314,
        "dvar2": 0.0225748904049,
        "max": 0.897024035454,
        "mean": 0.556105017662,
        "median": 0.584544122219,
        "min": 0.0976995229721,
        "var": 0.021546728909
    },
    "silence_rate_20dB": {
        "dmean": 0,
        "dmean2": 0,
        "dvar": 0,
        "dvar2": 0,
        "max": 1,
        "mean": 1,
        "median": 1,
        "min": 1,
        "var": 0
    },
    "silence_rate_30dB": {
        "dmean": 0,
        "dmean2": 0,
        "dvar": 0,
        "dvar2": 0,
        "max": 1,
        "mean": 1,
        "median": 1,
        "min": 1,
        "var": 0
    },
    "silence_rate_60dB": {
        "dmean": 0.0909441262484,
        "dmean2": 0.18195836246,
        "dvar": 0.0826730057597,
        "dvar2": 0.173523381352,
        "max": 1,
        "mean": 0.219953775406,
        "median": 0,
        "min": 0,
        "var": 0.171571180224
    },
    "spectral_centroid": {
        "dmean": 458.433898926,
        "dmean2": 681.789611816,
        "dvar": 532620.8125,
        "dvar2": 930046.4375,
        "max": 11087.9550781,
        "mean": 1236.88391113,
        "median": 867.274902344,
        "min": 134.142242432,
        "var": 1290452.5
    },
    "spectral_complexity": {
        "dmean": 4.28362226486,
        "dmean2": 5.82420969009,
        "dvar": 21.4299659729,
        "dvar2": 35.1529006958,
        "max": 39,
        "mean": 11.1926040649,
        "median": 10,
        "min": 0,
        "var": 79.0565032959
    },
    "spectral_decrease": {
        "dmean": 2.73828670849e-09,
        "dmean2": 3.44294903698e-09,
        "dvar": 1.04572007603e-17,
        "dvar2": 1.6934150688e-17,
        "max": 4.34987245876e-12,
        "mean": -6.59348353693e-09,
        "median": -5.65668489827e-09,
        "min": -2.792193321e-08,
        "var": 3.50936966617e-17
    },
    "spectral_energy": {
        "dmean": 0.0109510272741,
        "dmean2": 0.0137923806906,
        "dvar": 0.000165948513313,
        "dvar2": 0.000271945027635,
        "max": 0.11206561327,
        "mean": 0.0263378750533,
        "median": 0.0221335478127,
        "min": 1.08743602863e-20,
        "var": 0.000551887671463
    },
    "spectral_energyband_high": {
        "dmean": 0.000404713850003,
        "dmean2": 0.000571381126065,
        "dvar": 9.73924784375e-07,
        "dvar2": 1.75982177097e-06,
        "max": 0.0107739204541,
        "mean": 0.000535555183887,
        "median": 0.000108817446744,
        "min": 7.99924122796e-21,
        "var": 1.69586576249e-06
    },
    "spectral_energyband_low": {
        "dmean": 0.00395357888192,
        "dmean2": 0.0055218632333,
        "dvar": 2.83815297735e-05,
        "dvar2": 5.28348136868e-05,
        "max": 0.0480495914817,
        "mean": 0.0104743875563,
        "median": 0.0101795345545,
        "min": 1.04953633104e-22,
        "var": 8.90809242264e-05
    },
    "spectral_energyband_middle_high": {
        "dmean": 0.00236043240875,
        "dmean2": 0.00318834837526,
        "dvar": 1.18672805911e-05,
        "dvar2": 2.02094870474e-05,
        "max": 0.0440576784313,
        "mean": 0.00376464962028,
        "median": 0.00109114707448,
        "min": 1.69782536577e-21,
        "var": 2.81050797639e-05
    },
    "spectral_energyband_middle_low": {
        "dmean": 0.0066418084316,
        "dmean2": 0.00856476277113,
        "dvar": 6.91285531502e-05,
        "dvar2": 0.000111089364509,
        "max": 0.0887335687876,
        "mean": 0.0132893323898,
        "median": 0.00837878510356,
        "min": 3.09797567192e-22,
        "var": 0.000199909132789
    },
    "spectral_entropy": {
        "dmean": 0.346832990646,
        "dmean2": 0.489039361477,
        "dvar": 0.162110179663,
        "dvar2": 0.313346862793,
        "max": 9.81549263,
        "mean": 7.15652370453,
        "median": 7.1733789444,
        "min": 4.24823236465,
        "var": 0.535690665245
    },
    "spectral_flux": {
        "dmean": 0.0344012267888,
        "dmean2": 0.0543148815632,
        "dvar": 0.00121639377903,
        "dvar2": 0.00277530099265,
        "max": 0.283768475056,
        "mean": 0.0851785242558,
        "median": 0.0822577178478,
        "min": 1.80074621312e-05,
        "var": 0.00311255455017
    },
    "spectral_kurtosis": {
        "dmean": 5.4691991806,
        "dmean2": 8.62023067474,
        "dvar": 65.5321273804,
        "dvar2": 147.001495361,
        "max": 110.457359314,
        "mean": 10.6831502914,
        "median": 7.37506723404,
        "min": -1.18059313297,
        "var": 129.704696655
    },
    "spectral_rms": {
        "dmean": 0.00115870428272,
        "dmean2": 0.00141382031143,
        "dvar": 1.59911314768e-06,
        "dvar2": 2.39404016611e-06,
        "max": 0.010456209071,
        "mean": 0.00428884988651,
        "median": 0.00464690290391,
        "min": 3.25716623811e-12,
        "var": 7.30126885173e-06
    },
    "spectral_rolloff": {
        "dmean": 1670.55163574,
        "dmean2": 2968.62841797,
        "dvar": 16075255,
        "dvar2": 35101840,
        "max": 19207.6171875,
        "mean": 3910.96923828,
        "median": 958.227539062,
        "min": 64.599609375,
        "var": 39329680
    },
    "spectral_skewness": {
        "dmean": 0.610303223133,
        "dmean2": 0.931033015251,
        "dvar": 0.457185298204,
        "dvar2": 0.986215353012,
        "max": 8.50847434998,
        "mean": 2.19220423698,
        "median": 1.96190655231,
        "min": -0.0906723365188,
        "var": 1.24700772762
    },
    "spectral_spread": {
        "dmean": 858677.0625,
        "dmean2": 1233659.125,
        "dvar": 1.42258418483e+12,
        "dvar2": 2.23675836006e+12,
        "max": 39933056,
        "mean": 3925341,
        "median": 3433870.5,
        "min": 951104.375,
        "var": 3.63946101965e+12
    },
    "spectral_strongpeak": {
        "dmean": 0.641611635685,
        "dmean2": 1.10875201225,
        "dvar": 0.99792778492,
        "dvar2": 2.28032875061,
        "max": 9.48275089264,
        "mean": 1.1329408884,
        "median": 0.642332136631,
        "min": 0,
        "var": 1.46625053883
    },
    "zerocrossingrate": {
        "dmean": 0.0433872230351,
        "dmean2": 0.0466854460537,
        "dvar": 0.00440963311121,
        "dvar2": 0.00447994796559,
        "max": 0.8388671875,
        "mean": 0.132529616356,
        "median": 0.04150390625,
        "min": 0.00634765625,
        "var": 0.0301100350916
    },
    "barkbands": {
        "dmean": [9.76260889729e-06, 0.00042383253458, 0.00313587253913, 0.0011974144727, 0.0009616164607, 0.000964248611126, 0.00212438823655, 0.00228441762738, 0.00161098060198, 0.00032882753294, 0.000230898716836, 0.000624263950158, 0.000687708554324, 0.000469955004519, 0.00026935400092, 0.00015000878193, 0.00019001144392, 0.000116249968414, 8.36898034322e-05, 0.000162526819622, 0.000124498488731, 7.19402232789e-05, 7.34903733246e-05, 5.10031422891e-05, 1.25431370179e-05, 3.09078905047e-06, 6.81723167872e-06],
        "dmean2": [1.63848726515e-05, 0.000581907981541, 0.00434978073463, 0.00161365082022, 0.0012778879609, 0.00141277932562, 0.0032364600338, 0.00332288327627, 0.00222521764226, 0.000474763073726, 0.000340479047736, 0.000923907849938, 0.00103434280027, 0.000685006263666, 0.000398817122914, 0.000209731137147, 0.000292806449579, 0.000175580687937, 0.00013071273861, 0.000248287775321, 0.000189214057173, 0.00010157610086, 0.000107990912511, 7.38090893719e-05, 1.89361653611e-05, 4.77048979519e-06, 1.17326626423e-05],
        "dvar": [8.79141759391e-10, 5.52971187062e-07, 1.86999332072e-05, 4.91531545777e-06, 1.85034718925e-06, 3.26825420416e-06, 1.48869103214e-05, 1.66833378898e-05, 1.04128894236e-05, 6.50629999654e-07, 4.0940716417e-07, 2.84800239569e-06, 2.47008210863e-06, 1.08857921077e-06, 5.28093607954e-07, 1.11662444624e-07, 1.0323161348e-07, 6.59377050738e-08, 9.5348916318e-08, 1.52345336346e-07, 1.56858163791e-07, 6.06712546869e-08, 7.92186867216e-08, 2.61545380909e-08, 1.82774173574e-09, 1.23548560271e-10, 3.41404127191e-11],
        "dvar2": [2.24971841156e-09, 1.02081844489e-06, 3.53827999788e-05, 8.1798489191e-06, 3.18400839205e-06, 6.25186339676e-06, 3.09291899612e-05, 3.3234438888e-05, 1.83287120308e-05, 1.28755448259e-06, 9.0775370154e-07, 6.30770773569e-06, 5.06761989527e-06, 2.01965053748e-06, 9.79172568805e-07, 2.0900658626e-07, 2.24299697038e-07, 1.5101794304e-07, 2.29938862617e-07, 3.57103971282e-07, 3.54663825419e-07, 1.20986783259e-07, 1.58461418209e-07, 5.1939135659e-08, 4.05500255596e-09, 2.64683691631e-10, 9.74582081703e-11],
        "max": [0.000603095337283, 0.0107773942873, 0.0392252840102, 0.0292881689966, 0.0196636728942, 0.0235195029527, 0.0477287806571, 0.0490551553667, 0.0356340333819, 0.012793184258, 0.010282792151, 0.02267729491, 0.0251167826355, 0.010366242379, 0.010609135963, 0.00477465521544, 0.00319206155837, 0.00402622390538, 0.006592316553, 0.0062507535331, 0.00782311800867, 0.0040744272992, 0.00717000011355, 0.00246159289964, 0.000677702075336, 0.000269036070677, 5.70849297219e-05],
        "mean": [9.55465384322e-06, 0.000982651836239, 0.00783582497388, 0.00202658469789, 0.00214979820885, 0.00140361173544, 0.00254867505282, 0.00285821314901, 0.0021422766149, 0.000392107584048, 0.00026974643697, 0.000678560405504, 0.000803274160717, 0.000605642446317, 0.000336432771292, 0.000203648291063, 0.000258220999967, 0.000149023544509, 9.16739008971e-05, 0.00019703459111, 0.000136375019792, 8.06786993053e-05, 8.16545943962e-05, 5.76276579523e-05, 1.38654713737e-05, 3.38782479048e-06, 2.17552842514e-05],
        "median": [2.51342635238e-06, 0.00023214877001, 0.00659478828311, 0.000322711654007, 0.00157039705664, 0.000690756831318, 0.00061294529587, 0.000131239125039, 8.8780929218e-05, 2.47161333391e-05, 1.59947558132e-05, 2.45648916462e-05, 2.25162984862e-05, 1.86539473361e-05, 2.09787031054e-05, 2.25530966418e-05, 6.57132113702e-05, 2.88281808025e-05, 1.50749528984e-05, 2.75383608823e-05, 1.35728523674e-05, 5.37331652595e-06, 7.72026942286e-06, 5.22710797668e-06, 2.16212720261e-06, 6.00185671829e-07, 2.26089650823e-05],
        "min": [6.63688243313e-24, 8.06969049528e-24, 6.6663681605e-23, 3.735898519e-23, 6.33675115095e-23, 3.89263918552e-23, 1.12996120519e-22, 2.83174243704e-23, 1.70899520705e-23, 8.61136530684e-23, 1.87546770346e-22, 7.47825623109e-23, 1.48310823161e-22, 6.94039067107e-23, 1.59229819292e-22, 7.91634098402e-23, 1.83150278127e-22, 2.81886759597e-22, 3.2041217661e-22, 3.48695048873e-22, 3.92025954084e-22, 3.98951723692e-22, 6.41124499017e-22, 7.54189950944e-22, 1.08210673174e-21, 2.12039591313e-21, 2.56436046921e-21],
        "var": [8.347243452e-10, 2.37446261053e-06, 5.99111808697e-05, 1.49524094013e-05, 5.95707842876e-06, 6.09264043305e-06, 2.34526887652e-05, 2.77304061456e-05, 2.02415230888e-05, 9.93998810372e-07, 5.6491290934e-07, 3.86948931919e-06, 3.67139523405e-06, 2.17397086999e-06, 9.47754017488e-07, 2.22515268433e-07, 1.72916145402e-07, 1.05017910812e-07, 9.39899678087e-08, 1.84898297562e-07, 2.02883299494e-07, 8.70299317057e-08, 1.08207018457e-07, 3.9247904482e-08, 2.19724993755e-09, 1.45913600647e-10, 4.83745751789e-11]
    },
    "erbbands": {
        "dmean": [0.0036641836632, 0.154667571187, 2.51783823967, 4.73895835876, 2.37324953079, 4.08694505692, 4.50314569473, 9.67010593414, 22.9758872986, 37.196346283, 54.2014770508, 38.1845664978, 14.8752126694, 8.01765155792, 12.3405618668, 26.8244304657, 30.2979316711, 26.2175788879, 17.1708068848, 11.3689632416, 7.97341489792, 10.6939144135, 7.4014878273, 3.57600069046, 4.95807743073, 7.45459794998, 6.92200803757, 3.62041711807, 2.1758825779, 2.89676594734, 1.9886341095, 1.16273486614, 0.791293919086, 0.210840955377, 0.0662444010377, 0.0241410285234, 0.00351114803925, 0.00018224172527, 0.000325163535308, 0.000204411000595],
        "dmean2": [0.00551949907094, 0.210862696171, 3.48929929733, 6.43533468246, 3.24268436432, 5.37071275711, 6.36427116394, 14.2770528793, 34.5725898743, 55.457950592, 77.3699188232, 52.4554367065, 19.9613342285, 11.1034984589, 17.5257701874, 39.332321167, 43.4459571838, 37.2804870605, 24.3623466492, 15.6247348785, 11.0373935699, 16.1631889343, 11.0348968506, 5.4356803894, 7.69374132156, 11.4055633545, 10.2450752258, 5.6541929245, 3.12228488922, 4.00371837616, 2.93040633202, 1.70712006092, 1.15641212463, 0.318597823381, 0.0990803167224, 0.0369798764586, 0.0054327971302, 0.000286511058221, 0.00054921314586, 0.000353079754859],
        "dvar": [0.000131948167109, 0.0589771009982, 12.0587358475, 51.8215866089, 23.4029541016, 32.604850769, 77.9089813232, 375.537353516, 1938.7208252, 4247.84521484, 10209.1591797, 5827.90820312, 1061.09851074, 378.879211426, 1022.77752686, 5157.16308594, 4501.50195312, 2853.51245117, 1587.3659668, 799.265136719, 270.166625977, 322.214050293, 237.460372925, 129.151046753, 350.534301758, 327.875091553, 304.115203857, 208.332366943, 50.2791061401, 121.893379211, 51.1114120483, 18.4623432159, 5.46372699738, 0.504495799541, 0.0541366487741, 0.00742761977017, 0.000134568399517, 3.24266721918e-07, 7.1339300689e-08, 3.10907850576e-08],
        "dvar2": [0.000335184769938, 0.105709291995, 22.4859466553, 89.4108810425, 46.5800094604, 52.4427108765, 149.374313354, 721.989013672, 3949.95483398, 8523.68164062, 20124, 10486.3544922, 1844.33825684, 765.131591797, 2157.65014648, 11405.7050781, 9078.98046875, 5159.46679688, 2997.01220703, 1521.67419434, 480.365020752, 701.492492676, 554.08013916, 307.657653809, 868.082763672, 753.137023926, 659.589660645, 509.544769287, 97.1357727051, 227.030288696, 99.9764556885, 39.4909858704, 10.3840608597, 1.11557805538, 0.12350141257, 0.0160346440971, 0.000285399379209, 7.09372386609e-07, 1.9543161045e-07, 8.90321700808e-08],
        "max": [0.349708735943, 3.1513504982, 29.7283821106, 83.966835022, 141.424880981, 80.3883132935, 155.540649414, 274.612304688, 658.592651367, 996.483825684, 1157.08483887, 1063.44787598, 497.194641113, 362.30645752, 483.919769287, 946.409240723, 1096.47607422, 523.919799805, 572.278686523, 533.570861816, 229.270568848, 205.494476318, 265.341400146, 228.934265137, 427.04397583, 245.573410034, 345.313415527, 233.049560547, 88.8093948364, 328.114227295, 125.759651184, 76.2018585205, 39.8346595764, 12.7129278183, 3.570302248, 1.95309972763, 0.251925945282, 0.0125828143209, 0.00254525663331, 0.00180783949327],
        "mean": [0.00809132587165, 0.426889568567, 6.72363138199, 10.060749054, 4.67257976532, 8.6549243927, 7.62948608398, 13.7087287903, 29.025812149, 47.6192321777, 69.3442306519, 51.7088470459, 18.7454605103, 10.2095012665, 15.1888723373, 30.0101985931, 36.1355209351, 35.0217208862, 21.7668476105, 14.5881586075, 11.4802484512, 14.7790985107, 9.95454311371, 4.30568790436, 5.52804279327, 9.14241886139, 8.3099603653, 3.7914993763, 2.48444437981, 3.22238612175, 2.23655200005, 1.2806687355, 0.8993486166, 0.236167311668, 0.0708494409919, 0.026074687019, 0.00394377997145, 0.000258626387222, 0.00103531614877, 0.000677207659464],
        "median": [0.0049003190361, 0.249943375587, 5.89738082886, 4.77439308167, 2.56231880188, 4.9168047905, 4.03597736359, 5.50981235504, 8.66060352325, 7.42370128632, 3.19775438309, 2.33314704895, 1.0746846199, 0.727854132652, 0.812021613121, 1.1008503437, 1.08993339539, 1.08862280846, 1.19455933571, 1.2192261219, 1.82862329483, 3.94821929932, 2.16216683388, 0.872320830822, 0.855894565582, 1.32691609859, 1.13994395733, 0.268742501736, 0.162736594677, 0.282337665558, 0.216318950057, 0.0825757980347, 0.103549987078, 0.0373371429741, 0.0106954472139, 0.00423327181488, 0.000766016426496, 0.000107772939373, 0.00102660548873, 0.000689092557877],
        "min": [4.20562826937e-22, 2.5124958813e-21, 5.4330140286e-20, 1.27651352234e-19, 1.31357522044e-19, 2.64358186677e-19, 2.03978784098e-19, 3.29681647776e-19, 8.94326895379e-19, 2.01563607995e-18, 6.71518818052e-19, 4.14958695654e-19, 1.66123850812e-18, 4.31822566389e-18, 6.98331019408e-18, 4.63378307346e-18, 6.00883187549e-18, 4.18460125338e-18, 7.43622135795e-18, 6.51199674312e-18, 6.2859795669e-18, 9.87550501966e-18, 1.50953066796e-17, 1.46765150617e-17, 1.43326296112e-17, 1.5839440013e-17, 1.61102870697e-17, 1.78677547038e-17, 1.57484385651e-17, 1.73801730918e-17, 1.71042537636e-17, 1.21337155366e-17, 1.55910310576e-17, 1.02861596619e-17, 7.96180943763e-18, 8.52783176001e-18, 3.64460575538e-18, 1.35192321024e-18, 3.47974566077e-19, 4.06951406379e-20],
        "var": [0.00019391119713, 0.25485381484, 40.6959457397, 169.67791748, 51.8371887207, 113.684379578, 154.503616333, 668.207641602, 3214.67602539, 6902.04931641, 16880.734375, 11417.4794922, 1950.00268555, 611.011535645, 1613.19543457, 7178.18164062, 7078.10791016, 6050.39306641, 2848.67553711, 1549.2611084, 582.373352051, 546.051574707, 380.859893799, 147.2996521, 327.348266602, 410.285675049, 424.210418701, 241.023834229, 75.7384262085, 185.68901062, 72.2331085205, 24.3348484039, 8.49900054932, 0.626905679703, 0.0596717856824, 0.00872329901904, 0.000162678959896, 3.73860501668e-07, 1.36009560947e-07, 4.13817744516e-08]
    },
    "gfcc": {
        "mean": [-88.7776107788, 94.825088501, -88.7352294922, 23.4113578796, -39.407169342, -10.8202114105, -25.8799324036, -9.42032527924, -3.81366586685, -11.5116147995, -2.94861388206, -21.9845790863, -8.16545200348],
        "cov": [[15754.6640625, 2525.52929688, -3428.31030273, 305.852081299, -1949.18725586, 443.760986328, -1367.05285645, 710.953674316, -700.309448242, 177.801956177, -577.193725586, -581.369506836, -794.292175293], [2525.52929688, 4295.359375, -46.3365478516, -1316.08178711, 164.143295288, -428.50491333, 26.2069339752, -169.104125977, -45.2907943726, -496.627685547, -95.3294143677, -206.146682739, -149.38659668], [-3428.31030273, -46.3365478516, 1502.79675293, 187.498565674, 419.006011963, -254.660064697, 160.690643311, -181.143157959, 100.523956299, -131.997558594, 121.569992065, 191.153366089, 183.882095337], [305.852081299, -1316.08178711, 187.498565674, 1214.88024902, -105.276359558, -53.1903114319, -272.057373047, 63.8144264221, -78.9183731079, 115.088363647, -39.4664230347, 86.8096618652, 61.2943687439], [-1949.18725586, 164.143295288, 419.006011963, -105.276359558, 567.983398438, -143.980361938, 113.112785339, -147.070358276, 134.630172729, -49.1405601501, 32.9159545898, 28.5182418823, 139.271148682], [443.760986328, -428.50491333, -254.660064697, -53.1903114319, -143.980361938, 330.096069336, 49.7235527039, 75.3608856201, -18.7355289459, 109.674942017, 2.13966441154, -34.9350128174, -68.8105392456], [-1367.05285645, 26.2069339752, 160.690643311, -272.057373047, 113.112785339, 49.7235527039, 498.711090088, -33.6877746582, 17.1367206573, -60.1488189697, 82.3782424927, 34.7075996399, 42.4277992249], [710.953674316, -169.104125977, -181.143157959, 63.8144264221, -147.070358276, 75.3608856201, -33.6877746582, 180.942398071, -37.5649795532, 42.6583023071, -12.7470798492, 4.64092636108, -24.4592208862], [-700.309448242, -45.2907943726, 100.523956299, -78.9183731079, 134.630172729, -18.7355289459, 17.1367206573, -37.5649795532, 156.66204834, 16.6128101349, 12.912361145, 1.05678617954, 33.8604812622], [177.801956177, -496.627685547, -131.997558594, 115.088363647, -49.1405601501, 109.674942017, -60.1488189697, 42.6583023071, 16.6128101349, 227.8881073, -14.6935968399, -61.3953933716, -9.34180927277], [-577.193725586, -95.3294143677, 121.569992065, -39.4664230347, 32.9159545898, 2.13966441154, 82.3782424927, -12.7470798492, 12.912361145, -14.6935968399, 116.59387207, 52.9954185486, 10.284154892], [-581.369506836, -206.146682739, 191.153366089, 86.8096618652, 28.5182418823, -34.9350128174, 34.7075996399, 4.64092636108, 1.05678617954, -61.3953933716, 52.9954185486, 164.502609253, 53.9483375549], [-794.292175293, -149.38659668, 183.882095337, 61.2943687439, 139.271148682, -68.8105392456, 42.4277992249, -24.4592208862, 33.8604812622, -9.34180927277, 10.284154892, 53.9483375549, 145.758529663]],
        "icov": [[0.00133956980426, -0.0016546829138, 0.00188545882702, -0.0017098041717, 0.00181646295823, -0.00138464162592, 0.00150565546937, -0.00132294278592, 0.00113167345989, -0.00111047038808, 0.000920203747228, -0.00045308819972, 0.000663494400214], [-0.0016546829138, 0.00280840438791, -0.00243026413955, 0.00290476926602, -0.00235976977274, 0.0025498799514, -0.00156217825133, 0.0015067581553, -0.000857781560626, 0.00250421604142, -0.000718796625733, 0.00145621330012, -0.000256702303886], [0.00188545882702, -0.00243026413955, 0.00384178687818, -0.00277888309211, 0.00214935396798, -0.00165827269666, 0.00184150610585, -0.00126425561029, 0.00130119884852, -0.001576973591, 0.000654422561638, -0.00146668741945, 0.000614380289335], [-0.0017098041717, 0.00290476926602, -0.00277888309211, 0.00426067970693, -0.00224537402391, 0.00283478503115, -0.00102814950515, 0.0013855539728, -0.000164575219969, 0.001677092514, -0.000320138176903, 0.000708506326191, -0.00070472311927], [0.00181646295823, -0.00235976977274, 0.00214935396798, -0.00224537402391, 0.00612417375669, -0.00154207844753, 0.00169527088292, -0.000284701294731, -0.000377520074835, -0.00159393809736, 0.00113130593672, -6.06511384831e-05, -0.00147988891695], [-0.00138464162592, 0.0025498799514, -0.00165827269666, 0.00283478503115, -0.00154207844753, 0.00731975305825, -0.00227935938165, 0.000465911143692, -0.000704158446752, -3.99274540541e-05, -0.000478882750031, 0.000643219042104, 0.00159523973707], [0.00150565546937, -0.00156217825133, 0.00184150610585, -0.00102814950515, 0.00169527088292, -0.00227935938165, 0.00477540306747, -0.00155000842642, 0.0020260529127, -0.000122910845676, -0.000356385658961, 0.000123727659229, -0.000132188331918], [-0.00132294278592, 0.0015067581553, -0.00126425561029, 0.0013855539728, -0.000284701294731, 0.000465911143692, -0.00155000842642, 0.00922521296889, -0.000921597471461, 0.000134487607284, -0.000606838439126, -0.00109361601062, -0.00149116106331], [0.00113167345989, -0.000857781560626, 0.00130119884852, -0.000164575219969, -0.000377520074835, -0.000704158446752, 0.0020260529127, -0.000921597471461, 0.0100721018389, -0.00163533410523, 0.000741007737815, -7.36746369512e-05, 0.000529718934558], [-0.00111047038808, 0.00250421604142, -0.001576973591, 0.001677092514, -0.00159393809736, -3.99274540541e-05, -0.000122910845676, 0.000134487607284, -0.00163533410523, 0.00990782398731, -0.00144316011574, 0.00508448155597, -0.00140329182614], [0.000920203747228, -0.000718796625733, 0.000654422561638, -0.000320138176903, 0.00113130593672, -0.000478882750031, -0.000356385658961, -0.000606838439126, 0.000741007737815, -0.00144316011574, 0.0129605140537, -0.00401308713481, 0.00258800876327], [-0.00045308819972, 0.00145621330012, -0.00146668741945, 0.000708506326191, -6.06511384831e-05, 0.000643219042104, 0.000123727659229, -0.00109361601062, -7.36746369512e-05, 0.00508448155597, -0.00401308713481, 0.0119903795421, -0.00309390970506], [0.000663494400214, -0.000256702303886, 0.000614380289335, -0.00070472311927, -0.00147988891695, 0.00159523973707, -0.000132188331918, -0.00149116106331, 0.000529718934558, -0.00140329182614, 0.00258800876327, -0.00309390970506, 0.0124393645674]]
    },
    "melbands": {
        "dmean": [6.77497300785e-05, 0.000946041778661, 0.000698874064256, 0.000212780403672, 0.000158774841111, 0.000213432271266, 0.000381438643672, 0.000410008738982, 0.000430918793427, 0.000217906635953, 7.0040281571e-05, 3.22261585097e-05, 3.44140244124e-05, 6.11808281974e-05, 7.65557197155e-05, 6.58384960843e-05, 4.91511382279e-05, 3.03218439512e-05, 1.93341911654e-05, 1.18765019579e-05, 9.31525937631e-06, 1.0956726328e-05, 1.08234444269e-05, 4.30670343121e-06, 2.78253901342e-06, 3.52342863152e-06, 3.77447122446e-06, 5.70020529267e-06, 5.31199066245e-06, 2.87597822535e-06, 1.84322209407e-06, 1.04489663499e-06, 1.73527337211e-06, 1.5925684238e-06, 1.28049725845e-06, 8.5100822389e-07, 7.10782842361e-07, 6.33205161193e-07, 3.52321364971e-07, 1.21995014979e-07],
        "dmean2": [9.52885529841e-05, 0.00131818442605, 0.000959602708463, 0.000276333885267, 0.000218776185648, 0.000314819044434, 0.000571505399421, 0.000600286235567, 0.000609142531175, 0.000298451719573, 9.6792151453e-05, 4.53921602457e-05, 4.95224630868e-05, 8.85351473698e-05, 0.000113688955025, 9.66477236943e-05, 7.156994252e-05, 4.39822106273e-05, 2.76626178675e-05, 1.66237987287e-05, 1.29846630443e-05, 1.67107664311e-05, 1.61241350725e-05, 6.57284681438e-06, 4.38834877059e-06, 5.59351656193e-06, 5.88690772929e-06, 8.80307470652e-06, 7.9339961303e-06, 4.48430046163e-06, 2.97822589346e-06, 1.53805001446e-06, 2.54041310654e-06, 2.28864087148e-06, 1.93512710212e-06, 1.28637145735e-06, 1.04197624751e-06, 9.33222622734e-07, 5.30999045623e-07, 1.90118782939e-07],
        "dvar": [1.77989054606e-08, 1.67421148944e-06, 1.07891514745e-06, 9.22707741324e-08, 8.1693670495e-08, 1.75261902768e-07, 4.94174400956e-07, 4.55525849929e-07, 5.96672464326e-07, 1.96001238351e-07, 2.50756926334e-08, 6.28780671974e-09, 8.92132678842e-09, 2.62398796025e-08, 3.88618808245e-08, 2.09723420852e-08, 1.13177174299e-08, 5.1964383907e-09, 2.85207679696e-09, 8.29226687316e-10, 3.79466819078e-10, 3.43020722937e-10, 4.1558456676e-10, 1.23441118438e-10, 9.78646608196e-11, 2.13032536056e-10, 1.87259110995e-10, 1.88711962723e-10, 1.44474848751e-10, 1.18917264924e-10, 6.37213129484e-11, 1.26611290896e-11, 3.84169675238e-11, 5.28650873077e-11, 2.09273431917e-11, 1.35122841735e-11, 6.29219332887e-12, 3.6054043865e-12, 1.15985075277e-12, 2.15696872256e-13],
        "dvar2": [3.65573633587e-08, 3.12473412123e-06, 1.88461956441e-06, 1.58175367915e-07, 1.47568016473e-07, 3.33981859058e-07, 1.03141837826e-06, 8.81115795437e-07, 1.11575207029e-06, 3.46439975374e-07, 4.5507103863e-08, 1.26613901585e-08, 1.9209451807e-08, 5.71578766539e-08, 8.41230587412e-08, 4.08157632137e-08, 2.10604493844e-08, 1.00155457261e-08, 5.27411270212e-09, 1.64593172425e-09, 6.97567226204e-10, 7.56314511019e-10, 8.94363028081e-10, 2.92288693249e-10, 2.42364656122e-10, 5.32393906738e-10, 4.77540285093e-10, 4.41775172e-10, 3.16967063707e-10, 2.73116973482e-10, 1.59723220761e-10, 2.54546626832e-11, 7.79719760979e-11, 1.12055177637e-10, 4.27265584024e-11, 3.10866818398e-11, 1.33845599534e-11, 6.88569166962e-12, 2.44578923086e-12, 5.00541882248e-13],
        "max": [0.00247572315857, 0.01109121833, 0.0114289792255, 0.00563806667924, 0.00439088791609, 0.00551469624043, 0.0101533168927, 0.00953011400998, 0.00768741872162, 0.00608009845018, 0.00241575273685, 0.00136584183201, 0.00163883378264, 0.00193737575319, 0.00251080165617, 0.00183568825014, 0.00113210629206, 0.000994262984022, 0.000961167446803, 0.0004376299039, 0.000279648113064, 0.00017968020984, 0.000227574433666, 0.000197316898266, 0.000184512813576, 0.000343575404258, 0.000299085426377, 0.000203635441721, 0.000207897333894, 0.000230701552937, 0.000138441348099, 4.23796809628e-05, 0.000109278858872, 0.00026009202702, 8.62719680299e-05, 6.93109614076e-05, 3.94902708649e-05, 3.06104229821e-05, 1.82497897185e-05, 9.16010594665e-06],
        "mean": [0.000151713975356, 0.00255526555702, 0.00156130699906, 0.000473907944979, 0.000301890919218, 0.0003038062423, 0.000475246022688, 0.000540024309885, 0.000567539653275, 0.000293097866233, 8.47037081257e-05, 3.98217052862e-05, 4.24232821388e-05, 6.96832139511e-05, 8.23419541121e-05, 7.94524967205e-05, 6.35727337794e-05, 3.66075437341e-05, 2.39477012656e-05, 1.51914364324e-05, 1.29116097014e-05, 1.47403534356e-05, 1.4216549971e-05, 5.43869055036e-06, 3.1034796848e-06, 3.74294631911e-06, 4.08966252508e-06, 6.85165969116e-06, 6.31159673503e-06, 3.00042870549e-06, 1.85307510492e-06, 1.15836110126e-06, 1.91761728274e-06, 1.71046610831e-06, 1.42129397318e-06, 8.71679390002e-07, 7.55996723001e-07, 7.03346643149e-07, 3.95489308858e-07, 1.31073903731e-07],
        "median": [4.24916324846e-05, 0.00234804302454, 0.000978837488219, 0.000298032304272, 0.0001873630099, 0.000133508496219, 0.000135814319947, 6.39278150629e-05, 2.32864840655e-05, 1.28819374368e-05, 4.88999194204e-06, 2.71956741926e-06, 2.44613534051e-06, 2.78733750747e-06, 2.35745983446e-06, 2.26017868954e-06, 1.76075013769e-06, 1.72339832716e-06, 1.56724490807e-06, 1.41555119626e-06, 2.09445079236e-06, 3.64093739336e-06, 2.95648374049e-06, 9.8534837889e-07, 5.53004497306e-07, 5.45311934275e-07, 5.11007442583e-07, 9.38614846291e-07, 8.70604708325e-07, 1.95583155005e-07, 6.72681110814e-08, 5.73459537634e-08, 1.35299131898e-07, 1.51763885015e-07, 1.41565607237e-07, 5.038054951e-08, 3.55961233822e-08, 6.42869864009e-08, 6.30881658026e-08, 1.54488191129e-08],
        "min": [3.36629312464e-24, 1.97965054373e-23, 2.08115422304e-23, 1.58765388478e-23, 7.80399030949e-24, 8.75033309494e-24, 1.54660771639e-23, 1.82501487364e-23, 4.93077429922e-24, 2.09440499576e-24, 8.34214806359e-24, 1.61532728311e-23, 2.56843786404e-23, 9.5495809317e-24, 1.71835078184e-23, 1.02391281933e-23, 7.21737125226e-24, 1.19155925121e-23, 8.35918351484e-24, 6.98922321214e-24, 7.93821104821e-24, 1.02932030306e-23, 1.21039188537e-23, 1.39415119567e-23, 1.14164959946e-23, 1.33316104587e-23, 7.88090582547e-24, 1.14873877687e-23, 1.06894762623e-23, 8.4828319397e-24, 1.10958019485e-23, 1.01682845397e-23, 5.79694317873e-24, 1.10645346576e-23, 1.06176575766e-23, 6.86738680077e-24, 7.77989297542e-24, 1.01509138225e-23, 1.29009949564e-23, 7.05051533789e-24],
        "var": [6.21213871455e-08, 5.62346394872e-06, 3.40391761711e-06, 3.26384650862e-07, 1.88129206435e-07, 3.15789179695e-07, 8.11497102404e-07, 8.12526991467e-07, 1.07619780465e-06, 3.88926849837e-07, 4.35193854287e-08, 1.00323651608e-08, 1.33707729333e-08, 3.92566477103e-08, 5.20878344901e-08, 3.40883445915e-08, 2.31083951974e-08, 8.88770301799e-09, 5.20942533555e-09, 1.46221623698e-09, 7.81670339567e-10, 5.6838461715e-10, 7.11698810996e-10, 1.83763254613e-10, 9.87956383369e-11, 1.91101121039e-10, 1.6941048564e-10, 2.31129240746e-10, 2.00435126829e-10, 1.41094178008e-10, 6.90895812783e-11, 1.77550110031e-11, 5.31129168424e-11, 6.6126826237e-11, 2.83179521499e-11, 1.49142087569e-11, 8.44031008279e-12, 5.50212653216e-12, 1.5598236678e-12, 2.41914425774e-13]
    },
    "mfcc": {
        "mean": [-743.818664551, 135.021453857, 11.6702480316, 30.887714386, 9.46042537689, 1.43814861774, -6.25196647644, -3.02905774117, -3.58151173592, 5.04483747482, -2.19679808617, 8.37636375427, -0.635174155235],
        "cov": [[16707.3457031, 1543.58630371, -2161.56982422, -751.942443848, -760.010253906, -894.584106445, -540.099060059, -369.857879639, -486.375976562, 358.927856445, -310.627441406, 159.120498657, -77.0725479126], [1543.58630371, 4840.14111328, -284.405487061, -789.442138672, -75.8638839722, -391.110839844, -69.3305206299, 77.1013336182, -3.80171108246, -267.361236572, -215.315490723, 165.870910645, 99.7722396851], [-2161.56982422, -284.405487061, 1021.36279297, 415.830108643, 146.724838257, 73.9349746704, 44.2619934082, 88.4626159668, -10.0754060745, -153.013763428, 0.953617215157, -19.8567581177, 26.507068634], [-751.942443848, -789.442138672, 415.830108643, 906.358642578, 279.767669678, 24.3093318939, -42.6742973328, -42.3785018921, 13.2585382462, -90.2548446655, -106.938209534, -58.3176727295, -4.49575853348], [-760.010253906, -75.8638839722, 146.724838257, 279.767669678, 476.301483154, 31.609292984, -141.932723999, -92.2602996826, 26.2705421448, -17.9925422668, -52.1621437073, -36.997303009, -6.19624614716], [-894.584106445, -391.110839844, 73.9349746704, 24.3093318939, 31.609292984, 258.395324707, 72.7480316162, -15.1381788254, 47.0138015747, 49.3918533325, 74.7311172485, -1.88099122047, -32.7457504272], [-540.099060059, -69.3305206299, 44.2619934082, -42.6742973328, -141.932723999, 72.7480316162, 274.99105835, 86.2017974854, 39.6260070801, 18.2281093597, 47.4781303406, 36.3292160034, 19.7824440002], [-369.857879639, 77.1013336182, 88.4626159668, -42.3785018921, -92.2602996826, -15.1381788254, 86.2017974854, 236.447006226, 0.660801768303, -94.4981689453, 24.9119625092, 0.988309681416, 34.0432548523], [-486.375976562, -3.80171108246, -10.0754060745, 13.2585382462, 26.2705421448, 47.0138015747, 39.6260070801, 0.660801768303, 162.406112671, 30.8272190094, -4.69666385651, 8.14442253113, -1.05713510513], [358.927856445, -267.361236572, -153.013763428, -90.2548446655, -17.9925422668, 49.3918533325, 18.2281093597, -94.4981689453, 30.8272190094, 249.635528564, 71.0838851929, -7.46458244324, -27.0928192139], [-310.627441406, -215.315490723, 0.953617215157, -106.938209534, -52.1621437073, 74.7311172485, 47.4781303406, 24.9119625092, -4.69666385651, 71.0838851929, 164.800201416, 16.6496124268, -32.2765960693], [159.120498657, 165.870910645, -19.8567581177, -58.3176727295, -36.997303009, -1.88099122047, 36.3292160034, 0.988309681416, 8.14442253113, -7.46458244324, 16.6496124268, 105.322593689, 15.0001764297], [-77.0725479126, 99.7722396851, 26.507068634, -4.49575853348, -6.19624614716, -32.7457504272, 19.7824440002, 34.0432548523, -1.05713510513, -27.0928192139, -32.2765960693, 15.0001764297, 120.209022522]],
