{
"lowlevel": {
    "average_loudness": 0.980789840221,
    "barkbands_crest": {
        "dmean": 3.92194986343,
        "dmean2": 6.33841609955,
        "dvar": 11.3669347763,
        "dvar2": 25.8829307556,
        "max": 26.1306209564,
        "mean": 12.5371332169,
        "median": 11.8010883331,
        "min": 2.13904309273,
        "var": 26.4540615082
    },
    "barkbands_flatness_db": {
        "dmean": 0.0461281910539,
        "dmean2": 0.0700651407242,
        "dvar": 0.00221792282537,
        "dvar2": 0.00488666305318,
        "max": 0.475359886885,
        "mean": 0.1940420717,
        "median": 0.186155959964,
        "min": 0.0132261430845,
        "var": 0.00554511416703
    },
    "barkbands_kurtosis": {
        "dmean": 16.1054840088,
        "dmean2": 25.9516468048,
        "dvar": 1178.77490234,
        "dvar2": 2479.34277344,
        "max": 758.045532227,
        "mean": 16.2425823212,
        "median": 3.65017032623,
        "min": -1.94564664364,
        "var": 1439.49645996
    },
    "barkbands_skewness": {
        "dmean": 1.63027024269,
        "dmean2": 2.42527961731,
        "dvar": 3.76658248901,
        "dvar2": 7.08568906784,
        "max": 21.938205719,
        "mean": 2.09191274643,
        "median": 1.67319476604,
        "min": -6.32168197632,
        "var": 8.10923290253
    },
    "barkbands_spread": {
        "dmean": 12.5314817429,
        "dmean2": 20.574016571,
        "dvar": 319.341644287,
        "dvar2": 720.429626465,
        "max": 144.014007568,
        "mean": 21.4002075195,
        "median": 12.7597885132,
        "min": 0.368803530931,
        "var": 573.704345703
    },
    "dissonance": {
        "dmean": 0.0460239723325,
        "dmean2": 0.0714778378606,
        "dvar": 0.00202680332586,
        "dvar2": 0.00477970624343,
        "max": 0.500000119209,
        "mean": 0.413388371468,
        "median": 0.423536032438,
        "min": 0.0793231800199,
        "var": 0.00488685583696
    },
    "dynamic_complexity": 3.63948655128,
    "erbbands_crest": {
        "dmean": 3.77912807465,
        "dmean2": 6.21642208099,
        "dvar": 9.82462406158,
        "dvar2": 25.2798042297,
        "max": 30.5214061737,
        "mean": 11.4564495087,
        "median": 10.8927593231,
        "min": 2.82434225082,
        "var": 18.4671726227
    },
    "erbbands_flatness_db": {
        "dmean": 0.0383271239698,
        "dmean2": 0.0572407059371,
        "dvar": 0.00136100046802,
        "dvar2": 0.00298271630891,
        "max": 0.404632568359,
        "mean": 0.211294189095,
        "median": 0.221597030759,
        "min": 0.0386421792209,
        "var": 0.00344592612237
    },
    "erbbands_kurtosis": {
        "dmean": 3.59168148041,
        "dmean2": 5.83348083496,
        "dvar": 38.7195549011,
        "dvar2": 90.7786331177,
        "max": 78.0870437622,
        "mean": 3.14442944527,
        "median": 0.924917459488,
        "min": -1.87339317799,
        "var": 48.8199653625
    },
    "erbbands_skewness": {
        "dmean": 0.816016435623,
        "dmean2": 1.27856504917,
        "dvar": 0.89079105854,
        "dvar2": 1.88575708866,
        "max": 7.81810760498,
        "mean": 0.554636478424,
        "median": 0.654971539974,
        "min": -5.07291412354,
        "var": 1.96629452705
    },
    "erbbands_spread": {
        "dmean": 15.1714820862,
        "dmean2": 24.6158847809,
        "dvar": 339.118774414,
        "dvar2": 856.185241699,
        "max": 141.214813232,
        "mean": 31.2758827209,
        "median": 25.3556118011,
        "min": 1.42983341217,
        "var": 448.720733643
    },
    "hfc": {
        "dmean": 10.0365867615,
        "dmean2": 14.0707321167,
        "dvar": 102.579734802,
        "dvar2": 174.162521362,
        "max": 78.5581665039,
        "mean": 17.3989429474,
        "median": 12.8253126144,
        "min": 3.3290882584e-06,
        "var": 238.681365967
    },
    "melbands_crest": {
        "dmean": 5.19279527664,
        "dmean2": 8.28180503845,
        "dvar": 20.2449760437,
        "dvar2": 44.9901504517,
        "max": 33.4913444519,
        "mean": 16.4255752563,
        "median": 15.8044710159,
        "min": 2.94589185715,
        "var": 46.7757644653
    },
    "melbands_flatness_db": {
        "dmean": 0.0610037744045,
        "dmean2": 0.0893046855927,
        "dvar": 0.00404095090926,
        "dvar2": 0.00837504398078,
        "max": 0.624478042126,
        "mean": 0.256639301777,
        "median": 0.250999629498,
        "min": 0.0114076929167,
        "var": 0.0103582525626
    },
    "melbands_kurtosis": {
        "dmean": 17.6695327759,
        "dmean2": 29.3560638428,
        "dvar": 1229.70507812,
        "dvar2": 3225.34521484,
        "max": 394.708831787,
        "mean": 19.0751972198,
        "median": 8.7011013031,
        "min": -1.92481148243,
        "var": 1128.66589355
    },
    "melbands_skewness": {
        "dmean": 1.5511316061,
        "dmean2": 2.34301042557,
        "dvar": 3.07610011101,
        "dvar2": 6.96324968338,
        "max": 17.2532043457,
        "mean": 2.66279101372,
        "median": 2.39118933678,
        "min": -3.23585486412,
        "var": 5.3500957489
    },
    "melbands_spread": {
        "dmean": 18.4219264984,
        "dmean2": 29.963300705,
        "dvar": 1102.58874512,
        "dvar2": 2525.41748047,
        "max": 249.066101074,
        "mean": 28.3408298492,
        "median": 15.1676216125,
        "min": 0.374766737223,
        "var": 1668.65344238
    },
    "pitch_salience": {
        "dmean": 0.115230962634,
        "dmean2": 0.182743415236,
        "dvar": 0.0123360780999,
        "dvar2": 0.0261536370963,
        "max": 0.931546509266,
        "mean": 0.561276495457,
        "median": 0.577411174774,
        "min": 0.0839033350348,
        "var": 0.0248776879162
    },
    "silence_rate_20dB": {
        "dmean": 0,
        "dmean2": 0,
        "dvar": 0,
        "dvar2": 0,
        "max": 1,
        "mean": 1,
        "median": 1,
        "min": 1,
        "var": 0
    },
    "silence_rate_30dB": {
        "dmean": 0,
        "dmean2": 0,
        "dvar": 0,
        "dvar2": 0,
        "max": 1,
        "mean": 1,
        "median": 1,
        "min": 1,
        "var": 0
    },
    "silence_rate_60dB": {
        "dmean": 0.0963020026684,
        "dmean2": 0.192678228021,
        "dvar": 0.0870297923684,
        "dvar2": 0.187928169966,
        "max": 1,
        "mean": 0.163650363684,
        "median": 0,
        "min": 0,
        "var": 0.13687159121
    },
    "spectral_centroid": {
        "dmean": 557.926635742,
        "dmean2": 838.068603516,
        "dvar": 563875.9375,
        "dvar2": 948295.625,
        "max": 5893.37792969,
        "mean": 1395.2388916,
        "median": 1055.87841797,
        "min": 172.225799561,
        "var": 1487591.875
    },
    "spectral_complexity": {
        "dmean": 3.82049298286,
        "dmean2": 5.39730262756,
        "dvar": 14.1102552414,
        "dvar2": 24.778263092,
        "max": 31,
        "mean": 8.83288383484,
        "median": 8,
        "min": 0,
        "var": 41.2258720398
    },
    "spectral_decrease": {
        "dmean": 2.47950926457e-09,
        "dmean2": 3.3731133442e-09,
        "dvar": 7.48069224205e-18,
        "dvar2": 1.29236465518e-17,
        "max": 8.67997514142e-13,
        "mean": -5.23329779512e-09,
        "median": -4.92897500592e-09,
        "min": -2.07639452299e-08,
        "var": 1.93752781353e-17
    },
    "spectral_energy": {
        "dmean": 0.0100508499891,
        "dmean2": 0.0136956376955,
        "dvar": 0.000121827943076,
        "dvar2": 0.000212099403143,
        "max": 0.0849895328283,
        "mean": 0.021329831332,
        "median": 0.0195772200823,
        "min": 2.44820996809e-10,
        "var": 0.00030968876672
    },
    "spectral_energyband_high": {
        "dmean": 0.000551072997041,
        "dmean2": 0.00078142475104,
        "dvar": 9.56307985689e-07,
        "dvar2": 1.57049828431e-06,
        "max": 0.00902414042503,
        "mean": 0.000767761375755,
        "median": 0.000195618602447,
        "min": 1.45108300376e-10,
        "var": 2.06581717066e-06
    },
    "spectral_energyband_low": {
        "dmean": 0.000194711712538,
        "dmean2": 0.000313059834298,
        "dvar": 1.43143438436e-07,
        "dvar2": 3.42396248243e-07,
        "max": 0.00482443999499,
        "mean": 0.000240433015279,
        "median": 7.23147531971e-05,
        "min": 2.15110585594e-11,
        "var": 2.2196255145e-07
    },
    "spectral_energyband_middle_high": {
        "dmean": 0.00302939931862,
        "dmean2": 0.00418605562299,
        "dvar": 1.93519281311e-05,
        "dvar2": 3.34419564751e-05,
        "max": 0.0475786104798,
        "mean": 0.00388141255826,
        "median": 0.00119852949865,
        "min": 1.43716974085e-11,
        "var": 3.57389362762e-05
    },
    "spectral_energyband_middle_low": {
        "dmean": 0.00806569587439,
        "dmean2": 0.0113138332963,
        "dvar": 8.10684505268e-05,
        "dvar2": 0.000142670454807,
        "max": 0.0694465264678,
        "mean": 0.0168933179229,
        "median": 0.0166272521019,
        "min": 1.18638536495e-11,
        "var": 0.000209289733903
    },
    "spectral_entropy": {
        "dmean": 0.456936508417,
        "dmean2": 0.687972545624,
        "dvar": 0.242952227592,
        "dvar2": 0.496646910906,
        "max": 8.84625720978,
        "mean": 7.00429344177,
        "median": 7.01320171356,
        "min": 4.07080030441,
        "var": 0.643607497215
    },
    "spectral_flux": {
        "dmean": 0.0399768687785,
        "dmean2": 0.0657705813646,
        "dvar": 0.00124377256725,
        "dvar2": 0.00303702079691,
        "max": 0.283447057009,
        "mean": 0.0936926826835,
        "median": 0.0918281748891,
        "min": 7.94122170191e-05,
        "var": 0.00279933330603
    },
    "spectral_kurtosis": {
        "dmean": 5.56474399567,
        "dmean2": 8.87020969391,
        "dvar": 69.9414520264,
        "dvar2": 160.440505981,
        "max": 115.915626526,
        "mean": 9.01316738129,
        "median": 5.98113536835,
        "min": -0.119012594223,
        "var": 98.1943588257
    },
    "spectral_rms": {
        "dmean": 0.00118224788457,
        "dmean2": 0.0015758696245,
        "dvar": 1.44858722706e-06,
        "dvar2": 2.2882770736e-06,
        "max": 0.00910585653037,
        "mean": 0.00400051241741,
        "median": 0.00437032338232,
        "min": 4.88722605496e-07,
        "var": 4.80548396808e-06
    },
    "spectral_rolloff": {
        "dmean": 1715.24841309,
        "dmean2": 3019.21850586,
        "dvar": 13854774,
        "dvar2": 34941692,
        "max": 20198.1445312,
        "mean": 2670.75878906,
        "median": 1098.19335938,
        "min": 86.1328125,
        "var": 17359582
    },
    "spectral_skewness": {
        "dmean": 0.675155878067,
        "dmean2": 1.02774727345,
        "dvar": 0.58106893301,
        "dvar2": 1.26255810261,
        "max": 9.13815879822,
        "mean": 1.89444100857,
        "median": 1.6725577116,
        "min": -0.118991218507,
        "var": 1.24237501621
    },
    "spectral_spread": {
        "dmean": 860833.3125,
        "dmean2": 1344827.875,
        "dvar": 1.0453558231e+12,
        "dvar2": 2.30763659264e+12,
        "max": 12977948,
        "mean": 3902442.75,
        "median": 3541774.5,
        "min": 1003433.4375,
        "var": 1.99521429094e+12
    },
    "spectral_strongpeak": {
        "dmean": 0.855768918991,
        "dmean2": 1.38736712933,
        "dvar": 0.930937349796,
        "dvar2": 2.16432380676,
        "max": 6.25023078918,
        "mean": 1.29561388493,
        "median": 1.01338839531,
        "min": 0,
        "var": 1.30246627331
    },
    "zerocrossingrate": {
        "dmean": 0.0340664573014,
        "dmean2": 0.0381834059954,
        "dvar": 0.0019026248483,
        "dvar2": 0.00212341430597,
        "max": 0.5986328125,
        "mean": 0.100134693086,
        "median": 0.0537109375,
        "min": 0.0078125,
        "var": 0.00929502863437
    },
    "barkbands": {
        "dmean": [5.29194721821e-06, 5.20436478837e-05, 3.65653904737e-05, 0.000559099134989, 0.00352071016096, 0.00108494365122, 0.00251437397674, 0.00202464289032, 0.00227569229901, 0.00123792688828, 0.000307061272906, 0.000371283327695, 0.000482769624796, 0.000637751072645, 0.000300597923342, 0.000144137928146, 0.000161542920978, 0.000355512602255, 0.000159027229529, 0.000149024301209, 0.000234198640101, 0.000115589362395, 9.40296886256e-05, 6.92764806445e-05, 1.82547391887e-05, 9.882048289e-06, 5.65946220377e-06],
        "dmean2": [9.06026525627e-06, 8.97421341506e-05, 6.35319156572e-05, 0.000835131038912, 0.00496639497578, 0.00161835225299, 0.003782476997, 0.00316087878309, 0.00357285328209, 0.00189368613064, 0.000467493024189, 0.00056919711642, 0.00076143752085, 0.000998200965114, 0.000480567337945, 0.000229301163927, 0.000245004892349, 0.000531463127118, 0.000249570701271, 0.000230182806263, 0.000358786492143, 0.000168597704032, 0.000134702611831, 9.88076280919e-05, 2.69348456641e-05, 1.44431905937e-05, 9.67969754129e-06],
        "dvar": [1.27917079706e-10, 8.15613887539e-09, 9.57474544094e-09, 1.09180064101e-06, 2.29674715229e-05, 5.03590308654e-06, 2.5985575121e-05, 1.7781943825e-05, 2.34017570619e-05, 8.85558802111e-06, 6.95997073308e-07, 8.03657826509e-07, 1.66256916145e-06, 1.9046366333e-06, 5.88761281506e-07, 1.38443965625e-07, 1.61939667009e-07, 3.34230719545e-07, 9.65614290749e-08, 6.36015116129e-08, 1.8310261396e-07, 1.36928335337e-07, 6.96476263329e-08, 4.21245474058e-08, 2.732534643e-09, 9.40322708587e-10, 2.7855795795e-11],
        "dvar2": [3.42904066253e-10, 2.19026361492e-08, 2.4553216349e-08, 2.35942434301e-06, 3.85523890145e-05, 1.00963561636e-05, 5.28173295606e-05, 3.96133254981e-05, 4.96166794619e-05, 1.83704869414e-05, 1.49168090502e-06, 1.85746011994e-06, 3.97668691221e-06, 4.38003417003e-06, 1.35650532229e-06, 3.21596559161e-07, 3.4535818827e-07, 6.62959223519e-07, 2.33801529248e-07, 1.39458023796e-07, 4.08178777889e-07, 2.70765838195e-07, 1.25817763319e-07, 7.91335352801e-08, 5.68386537836e-09, 1.88497795151e-09, 8.13727973892e-11],
        "max": [0.000273874087725, 0.00146350217983, 0.00128411967307, 0.0124983880669, 0.0398440733552, 0.0287075508386, 0.058908380568, 0.0527767315507, 0.0460552573204, 0.0322096794844, 0.0159049686044, 0.0153727848083, 0.0196014158428, 0.0155358305201, 0.0119918482378, 0.00408161059022, 0.00535599701107, 0.00916058756411, 0.00381277408451, 0.00319057982415, 0.00442810542881, 0.00491133425385, 0.00551096396521, 0.00309349503368, 0.000802277878392, 0.000557815248612, 5.34874525329e-05],
        "mean": [6.01155034019e-06, 5.76008424105e-05, 3.01017316815e-05, 0.00096338201547, 0.00677714822814, 0.00143625633791, 0.00287917698734, 0.0021078933496, 0.00218947487883, 0.00116798898671, 0.000323276035488, 0.00036796729546, 0.000449396815384, 0.000589026603848, 0.000276544247754, 0.000133472247398, 0.000170044440893, 0.000414641952375, 0.00017539660621, 0.000169734295923, 0.000266448128968, 0.000135189387947, 0.000110000888526, 8.1081983808e-05, 2.14250503632e-05, 1.17549343486e-05, 1.94143303816e-05],
        "median": [2.84744282908e-06, 2.99513994833e-05, 5.91105299463e-06, 0.000106278297608, 0.00414556497708, 0.000222389993723, 0.000328406778863, 0.000163464836078, 7.17502116458e-05, 6.24102030997e-05, 2.94557103189e-05, 2.78745737887e-05, 1.68888018379e-05, 2.15755571844e-05, 2.07936700463e-05, 1.4826970073e-05, 2.50903085544e-05, 8.59139618115e-05, 4.67099598609e-05, 4.96544525959e-05, 5.08705015818e-05, 2.82847099697e-06, 8.64210869622e-06, 8.46630246087e-06, 2.18708032662e-06, 9.23793606944e-07, 1.9337177946e-05],
        "min": [5.61905296598e-12, 1.12200769509e-11, 5.80407380144e-12, 2.39004215724e-12, 1.06225315002e-12, 3.29927469893e-12, 2.63722030325e-12, 1.58396386285e-12, 8.08968777383e-13, 4.3601176814e-13, 4.36483016614e-13, 5.00416548477e-13, 5.65453391575e-13, 2.08827464869e-12, 1.258880695e-12, 4.46816455363e-12, 7.91985726133e-13, 8.82259976881e-13, 2.42223602287e-12, 2.53419225708e-12, 7.99074001412e-12, 2.44613877765e-12, 1.29773795876e-12, 3.50367131141e-12, 5.17696909647e-12, 2.86832536889e-11, 1.19929940978e-10],
        "var": [1.34967870213e-10, 7.98566723859e-09, 8.17126277752e-09, 2.72575243798e-06, 6.52093367535e-05, 9.18678506423e-06, 4.02248406317e-05, 2.16251701204e-05, 2.80196745734e-05, 1.09805396278e-05, 8.11812867596e-07, 9.14015913622e-07, 1.68382223364e-06, 2.16627358895e-06, 6.47402828235e-07, 1.43715269019e-07, 2.03035938284e-07, 5.29183296294e-07, 1.22961111515e-07, 8.49834336236e-08, 2.45574341307e-07, 2.24411550676e-07, 1.23422665865e-07, 6.82495269189e-08, 4.14951673022e-09, 1.51448920072e-09, 3.20004786558e-11]
    },
    "erbbands": {
        "dmean": [0.00185813813005, 0.0109603051096, 0.0359459705651, 0.773201525211, 8.2760887146, 12.5216302872, 8.31565761566, 9.46444129944, 31.1086673737, 35.5417709351, 48.7030715942, 49.7106437683, 49.8226356506, 18.272851944, 12.4494934082, 15.4071950912, 21.8603649139, 31.6801300049, 21.6909389496, 10.6834878922, 7.48380327225, 9.45286178589, 15.9817838669, 15.2676639557, 4.97781085968, 6.34792470932, 11.9390468597, 6.55922651291, 4.07335805893, 3.3544447422, 2.82458519936, 1.67457950115, 1.04093253613, 0.258417993784, 0.11635376513, 0.066795989871, 0.0128745650873, 0.000629317015409, 0.000263340334641, 0.000170151659404],
        "dmean2": [0.00325200520456, 0.0191857740283, 0.0591521970928, 1.14291512966, 11.5024709702, 17.74792099, 11.4413385391, 14.1032752991, 46.3621520996, 53.7262001038, 73.3776168823, 76.77684021, 73.9636688232, 25.5799999237, 18.3727722168, 23.4226379395, 33.4588661194, 48.9538497925, 33.0106163025, 16.7154541016, 11.5203590393, 13.8733701706, 23.3765392303, 23.1603031158, 7.67634630203, 9.66841220856, 18.1857948303, 10.0674028397, 5.98234796524, 4.77436590195, 4.05746555328, 2.38693141937, 1.50118517876, 0.369950681925, 0.173496425152, 0.0982192084193, 0.0188601911068, 0.000903306412511, 0.000443408935098, 0.000291732314508],
        "dvar": [7.92562241259e-06, 0.000453773973277, 0.00529135391116, 1.96321678162, 147.694290161, 409.288909912, 609.313293457, 348.495178223, 3967.35009766, 6430.78515625, 9454.40625, 12780.7832031, 11634.9287109, 1710.7409668, 890.175048828, 1574.53491211, 3626.89550781, 5097.99560547, 2288.93212891, 681.854003906, 332.553527832, 501.433746338, 766.702270508, 675.90625, 89.498336792, 115.158935547, 419.560760498, 219.618209839, 171.961746216, 112.598831177, 62.769695282, 24.7475166321, 9.42640399933, 0.529639661312, 0.110543072224, 0.0415902361274, 0.00169205560815, 4.13836960433e-06, 5.20906375812e-08, 2.61566253101e-08],
        "dvar2": [2.14885749301e-05, 0.00122853484936, 0.0132866101339, 4.18756151199, 253.8956604, 752.417114258, 1043.16223145, 729.732421875, 8012.92236328, 13585.5800781, 20113.203125, 27683.0214844, 24055.4667969, 3308.42382812, 1894.32470703, 3754.20776367, 8527.81933594, 11335.9443359, 5132.71337891, 1583.10717773, 739.554748535, 1048.95288086, 1496.28234863, 1495.04602051, 205.050964355, 251.37878418, 946.336242676, 470.038635254, 354.249633789, 233.431259155, 115.576446533, 45.5123329163, 18.4654121399, 1.05984830856, 0.22543618083, 0.0846946239471, 0.00344403577037, 8.0213721958e-06, 1.47675791595e-07, 7.55958922127e-08],
        "max": [0.0387770533562, 0.367761343718, 0.936322391033, 17.0762825012, 128.278335571, 213.322097778, 373.340789795, 258.41998291, 651.836181641, 1185.52856445, 1344.01586914, 1437.81225586, 1032.66394043, 803.076171875, 683.258850098, 771.972717285, 1095.77661133, 868.347351074, 778.100585938, 381.253448486, 191.992034912, 283.378143311, 494.2159729, 313.214996338, 122.857559204, 143.74319458, 295.986938477, 245.151184082, 190.243881226, 206.972167969, 181.098861694, 90.2782974243, 47.8536529541, 11.5661277771, 5.50911331177, 3.82648468018, 0.775228559971, 0.044168304652, 0.00248203100637, 0.00163225398865],
        "mean": [0.00207803421654, 0.0122648645192, 0.0508964620531, 1.52919363976, 16.6826381683, 20.8959579468, 12.9570226669, 13.516708374, 38.0526733398, 39.3189506531, 52.857509613, 48.6485328674, 48.6817207336, 19.5962200165, 14.0602769852, 15.544301033, 21.0215263367, 30.3604373932, 20.7177696228, 10.3057165146, 7.4549074173, 10.1661949158, 18.9027919769, 18.1217632294, 5.96354961395, 7.5636267662, 13.4699907303, 7.48393106461, 4.70958900452, 3.90088772774, 3.23281908035, 1.93886685371, 1.20985352993, 0.301853388548, 0.137857690454, 0.0788110792637, 0.0153995817527, 0.000789711019024, 0.000920805206988, 0.000605727895163],
        "median": [0.00110865698662, 0.00633328873664, 0.0231282413006, 0.542509973049, 9.12494754791, 7.08614730835, 1.58192026615, 3.80183434486, 7.97636461258, 7.19422149658, 7.11833715439, 2.6994433403, 2.3638894558, 2.06906414032, 1.83849322796, 1.33985757828, 0.950691044331, 1.24046683311, 1.17754077911, 1.09044742584, 0.96573895216, 1.64432990551, 3.745885849, 4.59806108475, 2.05617237091, 2.32018756866, 3.52722144127, 0.87958407402, 0.179888889194, 0.168929666281, 0.246828362346, 0.186041295528, 0.11547754705, 0.0259598325938, 0.016235396266, 0.00724451849237, 0.00103855284397, 0.000105718019768, 0.000908878166229, 0.000589271192439],
        "min": [3.86419868326e-10, 2.32852959137e-09, 6.4500613739e-09, 8.20902545939e-09, 4.63571048215e-09, 2.72771849552e-09, 1.39888083339e-08, 3.02787768192e-08, 3.94904766665e-08, 3.38950592038e-08, 3.3967769042e-08, 2.05041335022e-08, 9.91273108042e-09, 1.72211152005e-08, 1.97539300473e-08, 2.27249152829e-08, 2.81719731987e-08, 7.16817325497e-08, 8.95827270142e-08, 1.67295766573e-07, 1.64145063763e-07, 4.67907099733e-08, 4.09969196369e-08, 1.31890956823e-07, 8.59167244016e-08, 1.19089854422e-07, 1.94776774265e-07, 3.67570464732e-07, 8.66589218163e-08, 6.73926336958e-08, 5.59296111646e-08, 8.40828349169e-08, 4.06187155022e-08, 3.34912719779e-08, 6.47091553674e-08, 1.06837553915e-07, 5.7040271173e-08, 2.04044745544e-08, 1.82180617259e-08, 1.93234162005e-09],
        "var": [8.41266682983e-06, 0.000399484095396, 0.00664629600942, 5.09088802338, 467.624908447, 1001.52313232, 1643.27612305, 635.781433105, 6172.18408203, 9165.63769531, 12044.4189453, 14624.2861328, 14734.8447266, 2498.22363281, 1138.6217041, 1682.55126953, 3762.53515625, 5933.79882812, 2690.9375, 745.793151855, 386.562866211, 657.305480957, 1254.66760254, 963.526489258, 117.233222961, 159.814590454, 549.542358398, 318.655578613, 270.362213135, 171.734786987, 108.31413269, 39.3906860352, 15.1417579651, 0.872995853424, 0.16870059073, 0.0649956464767, 0.00269510154612, 6.73167278364e-06, 7.42880175153e-08, 2.95733890709e-08]
    },
    "gfcc": {
        "mean": [-76.6888122559, 75.4971923828, -108.939796448, 11.4201421738, -61.8514518738, -25.9089221954, -31.6456375122, -10.6330938339, -20.1102600098, -15.5373973846, -2.95984148979, -20.5411682129, -3.91222786903],
        "cov": [[8607.15136719, -32.0499038696, -2864.55419922, -128.822692871, -1642.15039062, -122.796463013, -797.866882324, 379.946899414, -659.487976074, 45.6673851013, -441.98727417, -188.534759521, -345.101348877], [-32.0499038696, 3215.27661133, -345.458618164, -1465.60693359, 176.042404175, -821.76385498, 59.2409477234, -319.898223877, -194.197280884, -558.493041992, 356.066131592, -331.995025635, 39.1799964905], [-2864.55419922, -345.458618164, 1738.28503418, 495.642578125, 358.310577393, 120.038360596, 158.641601562, -132.779830933, 129.887039185, 6.75075244904, 54.091709137, 164.892044067, 38.1071243286], [-128.822692871, -1465.60693359, 495.642578125, 1205.56567383, -34.8233604431, 114.139442444, -124.219413757, 113.207206726, 86.6369247437, 185.292434692, -187.236343384, 166.533157349, 3.64941263199], [-1642.15039062, 176.042404175, 358.310577393, -34.8233604431, 702.386657715, 46.5103988647, 113.21169281, -40.7012519836, 218.20375061, 12.0984258652, 26.9722537994, -5.54302215576, 78.9458084106], [-122.796463013, -821.76385498, 120.038360596, 114.139442444, 46.5103988647, 659.364379883, 171.762069702, 40.0244750977, 81.9230117798, 169.239837646, -90.3621292114, 59.6576652527, -98.0407714844], [-797.866882324, 59.2409477234, 158.641601562, -124.219413757, 113.21169281, 171.762069702, 382.8777771, -52.2419891357, 34.1668777466, 0.904067516327, 60.1779785156, -22.4351215363, -10.867146492], [379.946899414, -319.898223877, -132.779830933, 113.207206726, -40.7012519836, 40.0244750977, -52.2419891357, 192.836486816, 38.2636871338, 67.9235153198, -57.1025505066, 41.3033332825, 18.4134845734], [-659.487976074, -194.197280884, 129.887039185, 86.6369247437, 218.20375061, 81.9230117798, 34.1668777466, 38.2636871338, 254.725952148, 79.020904541, -20.0192432404, 33.7360954285, 53.9689712524], [45.6673851013, -558.493041992, 6.75075244904, 185.292434692, 12.0984258652, 169.239837646, 0.904067516327, 67.9235153198, 79.020904541, 263.503265381, -77.3468322754, 32.5866088867, -8.00293827057], [-441.98727417, 356.066131592, 54.091709137, -187.236343384, 26.9722537994, -90.3621292114, 60.1779785156, -57.1025505066, -20.0192432404, -77.3468322754, 267.982727051, 9.81807613373, 11.7947587967], [-188.534759521, -331.995025635, 164.892044067, 166.533157349, -5.54302215576, 59.6576652527, -22.4351215363, 41.3033332825, 33.7360954285, 32.5866088867, 9.81807613373, 172.138076782, 34.9843711853], [-345.101348877, 39.1799964905, 38.1071243286, 3.64941263199, 78.9458084106, -98.0407714844, -10.867146492, 18.4134845734, 53.9689712524, -8.00293827057, 11.7947587967, 34.9843711853, 176.330383301]],
        "icov": [[0.00206330255605, -0.00242856075056, 0.00279225246049, -0.00257655442692, 0.00278342305683, -0.00271584419534, 0.00229769083671, -0.00205029686913, 0.00197400990874, -0.00150064437184, 0.001828681794, -0.00120883784257, 0.00107238348573], [-0.00242856075056, 0.00543931499124, -0.003567176871, 0.00544786266983, -0.00381658016704, 0.00555753242224, -0.00284745357931, 0.00339732971042, -0.00238044117577, 0.00363344466314, -0.00229146657512, 0.00276026222855, -0.000535822066013], [0.00279225246049, -0.003567176871, 0.00477026775479, -0.0042118486017, 0.00341516500339, -0.00395485991612, 0.00280541693792, -0.00206742808223, 0.00264433259144, -0.00205329502933, 0.0023265471682, -0.00252435053699, 0.00141719251405], [-0.00257655442692, 0.00544786266983, -0.0042118486017, 0.00689440919086, -0.00376568315551, 0.00576034747064, -0.00269273878075, 0.00304773938842, -0.00267792330123, 0.00301762484014, -0.00162903952878, 0.00197930680588, -0.000408227380831], [0.00278342305683, -0.00381658016704, 0.00341516500339, -0.00376568315551, 0.00621933490038, -0.00420285202563, 0.00292130094022, -0.002702340018, 0.000778342655394, -0.00223227543756, 0.00249514705501, -0.00127379759215, 0.000722642056644], [-0.00271584419534, 0.00555753242224, -0.00395485991612, 0.00576034747064, -0.00420285202563, 0.00842755939811, -0.00443149683997, 0.00345389917493, -0.00308316061273, 0.00248505570926, -0.00165697396733, 0.0015256726183, 0.000983599224128], [0.00229769083671, -0.00284745357931, 0.00280541693792, -0.00269273878075, 0.00292130094022, -0.00443149683997, 0.00627779634669, -0.00196966622025, 0.00215741991997, -0.00163630745374, 0.00118338770699, -0.000454759952845, 0.000676236231811], [-0.00205029686913, 0.00339732971042, -0.00206742808223, 0.00304773938842, -0.002702340018, 0.00345389917493, -0.00196966622025, 0.00968411564827, -0.00292631750926, 0.00135467061773, -0.00117845379282, 0.000138488729135, -0.0013777638087], [0.00197400990874, -0.00238044117577, 0.00264433259144, -0.00267792330123, 0.000778342655394, -0.00308316061273, 0.00215741991997, -0.00292631750926, 0.00850738957524, -0.00276148202829, 0.00169350311626, -0.00147500494495, -0.000297719059745], [-0.00150064437184, 0.00363344466314, -0.00205329502933, 0.00301762484014, -0.00223227543756, 0.00248505570926, -0.00163630745374, 0.00135467061773, -0.00276148202829, 0.00812200084329, -0.000983530306257, 0.00207219389267, -0.000355698546628], [0.001828681794, -0.00229146657512, 0.0023265471682, -0.00162903952878, 0.00249514705501, -0.00165697396733, 0.00118338770699, -0.00117845379282, 0.00169350311626, -0.000983530306257, 0.00674430513754, -0.00277483975515, 0.00131307565607], [-0.00120883784257, 0.00276026222855, -0.00252435053699, 0.00197930680588, -0.00127379759215, 0.0015256726183, -0.000454759952845, 0.000138488729135, -0.00147500494495, 0.00207219389267, -0.00277483975515, 0.0101904990152, -0.00238921144046], [0.00107238348573, -0.000535822066013, 0.00141719251405, -0.000408227380831, 0.000722642056644, 0.000983599224128, 0.000676236231811, -0.0013777638087, -0.000297719059745, -0.000355698546628, 0.00131307565607, -0.00238921144046, 0.00846127141267]]
    },
    "melbands": {
        "dmean": [1.52682478074e-05, 1.48277304106e-05, 0.000313237484079, 0.000806540483609, 0.000335442338837, 0.000224704868742, 0.000491030106787, 0.000387083215173, 0.000412050343584, 0.000310936331516, 0.000250433426118, 8.05719537311e-05, 4.18749696109e-05, 4.50907173217e-05, 3.863486927e-05, 5.26804105903e-05, 6.22187653789e-05, 3.90716886614e-05, 1.97244862647e-05, 1.10902865345e-05, 8.61954140419e-06, 1.01479336081e-05, 1.05509334389e-05, 1.90355294762e-05, 1.26790728245e-05, 4.46946887678e-06, 3.02257762996e-06, 4.78393349113e-06, 7.97859956947e-06, 6.30787735645e-06, 3.26029044118e-06, 2.30262844525e-06, 2.48707328865e-06, 1.68857968674e-06, 1.82891255918e-06, 1.2270758134e-06, 1.01935097518e-06, 8.92807690889e-07, 3.79919441684e-07, 1.62644042234e-07],
        "dmean2": [2.63517613348e-05, 2.5490853659e-05, 0.000448354403488, 0.00113096775021, 0.000473493419122, 0.000337691453751, 0.000730522850063, 0.000592899916228, 0.000630041060504, 0.000483872165205, 0.000374919443857, 0.000115849965368, 6.23801824986e-05, 6.81691017235e-05, 6.08448681305e-05, 8.11443824205e-05, 9.81462799245e-05, 6.10151910223e-05, 3.19050304824e-05, 1.75050336111e-05, 1.37144261316e-05, 1.53768196469e-05, 1.54697227117e-05, 2.84617253783e-05, 1.94512394955e-05, 6.96099505149e-06, 4.81817141917e-06, 7.33337810743e-06, 1.22717619888e-05, 9.7295805972e-06, 5.10767495143e-06, 3.44806312569e-06, 3.64890092897e-06, 2.45529895437e-06, 2.68443386631e-06, 1.74626325133e-06, 1.47746050061e-06, 1.30232410811e-06, 5.56165673515e-07, 2.39584807105e-07],
        "dvar": [6.08662009682e-10, 1.03220143544e-09, 2.37650937152e-07, 1.25472274703e-06, 7.32188652819e-07, 1.90655356391e-07, 9.67967821452e-07, 6.90659135216e-07, 6.74173577409e-07, 5.05565481035e-07, 3.03335667695e-07, 3.69917394494e-08, 1.2825478457e-08, 1.20907648338e-08, 1.11481153198e-08, 1.70361307283e-08, 2.09338963941e-08, 7.83455966769e-09, 2.83207457485e-09, 8.55358117668e-10, 5.17013210022e-10, 6.99232671764e-10, 4.99128072207e-10, 1.07849529307e-09, 5.35165245452e-10, 9.04538180468e-11, 4.98826292772e-11, 6.85912299181e-11, 1.9016538344e-10, 1.70111105757e-10, 7.74613914678e-11, 6.44896011592e-11, 6.33607749601e-11, 3.02369726479e-11, 2.75576853004e-11, 1.28842613661e-11, 1.07273591052e-11, 7.47944328e-12, 1.17913187894e-12, 2.31086796833e-13],
        "dvar2": [1.63884605886e-09, 2.75348832623e-09, 4.48031784117e-07, 2.13071621147e-06, 1.24597295326e-06, 3.95338133785e-07, 1.9600286123e-06, 1.48269168676e-06, 1.3916583157e-06, 1.08144706701e-06, 6.26768894563e-07, 7.1342626029e-08, 2.74335434369e-08, 2.70748063969e-08, 2.79177658769e-08, 3.93487376016e-08, 4.8518955964e-08, 1.80643713321e-08, 6.86972034813e-09, 1.9907306914e-09, 1.19123166886e-09, 1.5568402123e-09, 1.03534147922e-09, 2.13451123443e-09, 1.23571075594e-09, 2.13291648232e-10, 1.18431958684e-10, 1.48080145368e-10, 4.34174363129e-10, 3.9726208434e-10, 1.62860142039e-10, 1.43643874573e-10, 1.30219002248e-10, 6.66400545857e-11, 5.4165161939e-11, 2.33671363509e-11, 2.12418693746e-11, 1.52294218903e-11, 2.37961018078e-12, 4.97472668528e-13],
        "max": [0.000342177751008, 0.000467500562081, 0.00505936006084, 0.00984732434154, 0.0115926032886, 0.00528760580346, 0.0109799746424, 0.0139849036932, 0.0103582618758, 0.00836960412562, 0.00532711716369, 0.00329134659842, 0.00257428479381, 0.00172641663812, 0.00163905415684, 0.00191330187954, 0.00154187122826, 0.00129269668832, 0.000772331142798, 0.000384022539947, 0.000230178018683, 0.000335983611876, 0.000290243740892, 0.000738812261261, 0.000280318316072, 0.000115702881885, 0.000125241247588, 9.28295630729e-05, 0.000196242108359, 0.000169517370523, 0.000155801550136, 0.000120307369798, 9.0848581749e-05, 0.000123293270008, 9.83413192444e-05, 9.97890820145e-05, 6.48906061542e-05, 4.83284129587e-05, 2.21940226766e-05, 7.47669719203e-06],
        "mean": [1.7264042981e-05, 1.49293155118e-05, 0.000650851114187, 0.00154154782649, 0.00053317489801, 0.000309466733597, 0.000593311095145, 0.000422417768277, 0.000436945614638, 0.000298831670079, 0.000241862129769, 8.26398754725e-05, 4.56149464299e-05, 4.48704995506e-05, 3.74636947527e-05, 4.96736211062e-05, 5.71121418034e-05, 3.558653043e-05, 1.81527339009e-05, 1.02876438177e-05, 8.25996085041e-06, 1.02765070551e-05, 1.17277932077e-05, 2.18029745156e-05, 1.43221550388e-05, 4.93227480547e-06, 3.30528041559e-06, 5.40061682841e-06, 8.79227354744e-06, 6.89993203196e-06, 3.53743348569e-06, 2.50027710536e-06, 2.76651553577e-06, 1.89612205759e-06, 2.02878482014e-06, 1.36740868584e-06, 1.13721682737e-06, 1.00771956113e-06, 4.34887823531e-07, 1.81887031658e-07],
        "median": [9.10785638553e-06, 6.06981666351e-06, 0.000244796217885, 0.00092046399368, 4.70446320833e-05, 6.68952125125e-05, 0.00011991833162, 6.17028417764e-05, 3.77339601982e-05, 1.03650700112e-05, 1.06491379483e-05, 7.29436396796e-06, 5.19076138517e-06, 4.02061277782e-06, 2.01543298317e-06, 1.92732909454e-06, 2.07771358873e-06, 1.63838399203e-06, 1.56231180881e-06, 1.12064424229e-06, 1.03310026134e-06, 1.47874266077e-06, 1.78703658094e-06, 4.24807876698e-06, 3.12451015816e-06, 1.31913532186e-06, 9.68225435827e-07, 1.33512696721e-06, 2.25962116929e-06, 1.14319493605e-06, 2.02780015002e-07, 4.06780742424e-08, 4.78172914598e-08, 9.50387217813e-08, 1.47124808336e-07, 1.1228004837e-07, 9.75816902837e-08, 8.45958041396e-08, 2.98213365113e-08, 1.3015887923e-08],
        "min": [3.54474023918e-12, 3.36271809009e-12, 1.35258948139e-12, 2.07667203204e-13, 4.13005404615e-13, 6.80923904501e-13, 5.90517868979e-13, 3.63848518372e-13, 2.64910489378e-13, 1.11675784993e-13, 4.66890354232e-14, 6.90948898574e-14, 6.25336100176e-14, 5.98533131694e-14, 8.01830458042e-14, 3.65900987623e-14, 1.57096056541e-13, 1.67712930132e-13, 1.04495269859e-13, 3.73509599985e-13, 1.29662922651e-13, 3.22019327707e-14, 5.26329569934e-14, 4.20540880765e-14, 1.17765660505e-13, 8.25466404215e-14, 4.05872472404e-14, 9.22980631811e-14, 1.05985221142e-13, 1.77187366342e-13, 2.09952565858e-13, 3.34725635067e-14, 6.02676410296e-14, 2.23692558346e-14, 2.77888877274e-14, 4.65363492641e-14, 5.23084518951e-14, 3.0835238334e-14, 1.80528792734e-14, 2.86039638156e-14],
        "var": [6.32202068473e-10, 9.00180763264e-10, 7.72284465711e-07, 3.59839873454e-06, 2.04313118957e-06, 3.37484294732e-07, 1.51453400576e-06, 9.71050894805e-07, 8.68871779858e-07, 5.89034414133e-07, 3.82885502859e-07, 5.29387129689e-08, 1.5241793605e-08, 1.45007748031e-08, 1.08067803595e-08, 1.85214563686e-08, 2.27621956839e-08, 8.59331805714e-09, 2.81471379537e-09, 8.85172823928e-10, 5.49968404151e-10, 8.07637179356e-10, 7.22996884583e-10, 1.66541958002e-09, 7.06845859622e-10, 1.10323541969e-10, 5.44961714644e-11, 9.3952880198e-11, 2.4330604198e-10, 2.01807182076e-10, 1.14168736964e-10, 8.92407606146e-11, 9.69509611481e-11, 4.22971484226e-11, 4.47011247462e-11, 2.07385844608e-11, 1.55936652479e-11, 1.12058791066e-11, 1.95549110758e-12, 3.35725967426e-13]
    },
    "mfcc": {
        "mean": [-731.779724121, 119.33190918, -3.3806912899, 23.7429466248, -10.9370107651, -16.5140285492, -6.17117166519, -8.64444065094, -15.6936597824, 2.14372062683, -12.0746335983, 2.947701931, -17.0887870789],
        "cov": [[9788.30761719, -658.77520752, -2128.45019531, -594.10748291, -1111.1138916, -825.902038574, -422.736083984, -222.997665405, -416.75982666, 241.561798096, -372.865203857, 191.126983643, -677.295288086], [-658.77520752, 3941.89599609, -752.300476074, -753.370605469, -192.141296387, -695.449462891, 121.055641174, -125.078727722, -496.914154053, -87.0967483521, -267.086090088, 20.2762832642, -314.689025879], [-2128.45019531, -752.300476074, 1472.54724121, 433.180999756, 180.456390381, 356.244445801, 65.3534622192, 92.3091583252, 88.6254196167, -184.370117188, 103.261894226, -83.0554962158, 259.552398682], [-594.10748291, -753.370605469, 433.180999756, 838.141540527, 256.020080566, -36.6659584045, -105.530395508, -66.1885986328, 161.162872314, -184.037826538, 9.06765842438, -7.88618135452, 127.966423035], [-1111.1138916, -192.141296387, 180.456390381, 256.020080566, 565.161376953, 101.477485657, -100.74835968, 7.9794960022, 168.933822632, -53.1925315857, 53.7393302917, -21.0893096924, 131.001739502], [-825.902038574, -695.449462891, 356.244445801, -36.6659584045, 101.477485657, 644.148132324, 71.6600570679, 128.206451416, 150.351119995, 152.493972778, 182.539596558, -94.0844802856, 112.871681213], [-422.736083984, 121.055641174, 65.3534622192, -105.530395508, -100.74835968, 71.6600570679, 287.63873291, 39.5343894958, -60.2686386108, 35.2559738159, 17.5319023132, -6.9432477951, 19.4187221527], [-222.997665405, -125.078727722, 92.3091583252, -66.1885986328, 7.9794960022, 128.206451416, 39.5343894958, 228.800506592, 11.6856508255, 31.7905216217, 21.6039218903, -28.6016731262, 58.8357315063], [-416.75982666, -496.914154053, 88.6254196167, 161.162872314, 168.933822632, 150.351119995, -60.2686386108, 11.6856508255, 364.606262207, 40.4893493652, 43.5862159729, -36.3995704651, 76.0291671753], [241.561798096, -87.0967483521, -184.370117188, -184.037826538, -53.1925315857, 152.493972778, 35.2559738159, 31.7905216217, 40.4893493652, 297.896606445, 68.5702514648, -23.1193675995, -45.5855102539], [-372.865203857, -267.086090088, 103.261894226, 9.06765842438, 53.7393302917, 182.539596558, 17.5319023132, 21.6039218903, 43.5862159729, 68.5702514648, 202.181625366, -3.72308802605, 53.8726158142], [191.126983643, 20.2762832642, -83.0554962158, -7.88618135452, -21.0893096924, -94.0844802856, -6.9432477951, -28.6016731262, -36.3995704651, -23.1193675995, -3.72308802605, 166.471206665, -0.238194167614], [-677.295288086, -314.689025879, 259.552398682, 127.966423035, 131.001739502, 112.871681213, 19.4187221527, 58.8357315063, 76.0291671753, -45.5855102539, 53.8726158142, -0.238194167614, 208.188156128]],
