{
"lowlevel": {
    "average_loudness": 0.970591902733,
    "barkbands_crest": {
        "dmean": 3.10991692543,
        "dmean2": 4.93222427368,
        "dvar": 8.53726673126,
        "dvar2": 20.0276279449,
        "max": 26.4909362793,
        "mean": 10.3645172119,
        "median": 9.50267028809,
        "min": 2.61095523834,
        "var": 18.2338066101
    },
    "barkbands_flatness_db": {
        "dmean": 0.0472070835531,
        "dmean2": 0.0680000260472,
        "dvar": 0.00221746019088,
        "dvar2": 0.00461148330942,
        "max": 0.474480777979,
        "mean": 0.20850251615,
        "median": 0.203464582562,
        "min": 0.021698275581,
        "var": 0.00576263666153
    },
    "barkbands_kurtosis": {
        "dmean": 12.7394065857,
        "dmean2": 19.7675113678,
        "dvar": 525.799194336,
        "dvar2": 1221.83398438,
        "max": 482.405822754,
        "mean": 13.9043579102,
        "median": 4.08512830734,
        "min": -1.98165643215,
        "var": 743.03326416
    },
    "barkbands_skewness": {
        "dmean": 1.4301006794,
        "dmean2": 2.12075257301,
        "dvar": 2.56149744987,
        "dvar2": 5.32652330399,
        "max": 19.3845863342,
        "mean": 1.90019237995,
        "median": 1.6239374876,
        "min": -6.97762012482,
        "var": 5.84861564636
    },
    "barkbands_spread": {
        "dmean": 12.643404007,
        "dmean2": 20.5033512115,
        "dvar": 384.153656006,
        "dvar2": 926.500366211,
        "max": 151.714279175,
        "mean": 19.8184604645,
        "median": 11.6269645691,
        "min": 0.570230722427,
        "var": 520.83984375
    },
    "dissonance": {
        "dmean": 0.0337211638689,
        "dmean2": 0.0489919856191,
        "dvar": 0.0014666224597,
        "dvar2": 0.00293103908189,
        "max": 0.5,
        "mean": 0.421624362469,
        "median": 0.436823457479,
        "min": 0.129600301385,
        "var": 0.00483513297513
    },
    "dynamic_complexity": 4.53852128983,
    "erbbands_crest": {
        "dmean": 3.28507637978,
        "dmean2": 5.48881673813,
        "dvar": 7.66706323624,
        "dvar2": 19.3168754578,
        "max": 27.7832183838,
        "mean": 10.4023809433,
        "median": 9.74393081665,
        "min": 2.45179748535,
        "var": 15.2167158127
    },
    "erbbands_flatness_db": {
        "dmean": 0.0379816330969,
        "dmean2": 0.0550256967545,
        "dvar": 0.00132803339511,
        "dvar2": 0.00282223848626,
        "max": 0.391470581293,
        "mean": 0.21030549705,
        "median": 0.216815277934,
        "min": 0.0165060833097,
        "var": 0.00412885239348
    },
    "erbbands_kurtosis": {
        "dmean": 3.0356221199,
        "dmean2": 4.97499895096,
        "dvar": 22.8553943634,
        "dvar2": 55.5935096741,
        "max": 60.780544281,
        "mean": 2.33239006996,
        "median": 0.641071796417,
        "min": -1.84496569633,
        "var": 28.6673278809
    },
    "erbbands_skewness": {
        "dmean": 0.796097755432,
        "dmean2": 1.22780370712,
        "dvar": 0.648632109165,
        "dvar2": 1.44551575184,
        "max": 6.47933483124,
        "mean": 0.51015907526,
        "median": 0.432265847921,
        "min": -4.63270044327,
        "var": 1.42301213741
    },
    "erbbands_spread": {
        "dmean": 13.8915596008,
        "dmean2": 22.4272460938,
        "dvar": 275.51776123,
        "dvar2": 687.203308105,
        "max": 136.225997925,
        "mean": 30.0296401978,
        "median": 22.5801124573,
        "min": 1.85470199585,
        "var": 493.670410156
    },
    "hfc": {
        "dmean": 8.31509208679,
        "dmean2": 11.7555084229,
        "dvar": 98.9817504883,
        "dvar2": 199.011871338,
        "max": 88.717956543,
        "mean": 14.7273397446,
        "median": 9.39404582977,
        "min": 7.04122867319e-05,
        "var": 234.486190796
    },
    "melbands_crest": {
        "dmean": 4.13903617859,
        "dmean2": 6.41460084915,
        "dvar": 15.0830163956,
        "dvar2": 33.8767814636,
        "max": 31.5064029694,
        "mean": 14.2583303452,
        "median": 13.1433200836,
        "min": 3.55281257629,
        "var": 34.1239280701
    },
    "melbands_flatness_db": {
        "dmean": 0.065493285656,
        "dmean2": 0.0899267122149,
        "dvar": 0.0045728739351,
        "dvar2": 0.00901813898236,
        "max": 0.629395127296,
        "mean": 0.29432502389,
        "median": 0.299464583397,
        "min": 0.0278419051319,
        "var": 0.0136363068596
    },
    "melbands_kurtosis": {
        "dmean": 17.2790489197,
        "dmean2": 28.600736618,
        "dvar": 1494.65393066,
        "dvar2": 3865.5925293,
        "max": 549.159790039,
        "mean": 20.9451389313,
        "median": 7.29980754852,
        "min": -1.83016753197,
        "var": 2640.38476562
    },
    "melbands_skewness": {
        "dmean": 1.41049408913,
        "dmean2": 2.18928408623,
        "dvar": 2.88443017006,
        "dvar2": 7.19743967056,
        "max": 17.7540225983,
        "mean": 2.52292537689,
        "median": 2.07070636749,
        "min": -2.54302191734,
        "var": 6.2078166008
    },
    "melbands_spread": {
        "dmean": 16.3636989594,
        "dmean2": 26.5774860382,
        "dvar": 933.563537598,
        "dvar2": 2215.93286133,
        "max": 285.856170654,
        "mean": 22.8715496063,
        "median": 12.1358127594,
        "min": 0.378745079041,
        "var": 1132.58837891
    },
    "pitch_salience": {
        "dmean": 0.0972334295511,
        "dmean2": 0.150446012616,
        "dvar": 0.0118195246905,
        "dvar2": 0.0266338661313,
        "max": 0.921148359776,
        "mean": 0.624810159206,
        "median": 0.675764203072,
        "min": 0.077265419066,
        "var": 0.0264741461724
    },
    "silence_rate_20dB": {
        "dmean": 0,
        "dmean2": 0,
        "dvar": 0,
        "dvar2": 0,
        "max": 1,
        "mean": 1,
        "median": 1,
        "min": 1,
        "var": 0
    },
    "silence_rate_30dB": {
        "dmean": 0.000771604944021,
        "dmean2": 0.00154380546883,
        "dvar": 0.000771009770688,
        "dvar2": 0.00154142221436,
        "max": 1,
        "mean": 0.99884301424,
        "median": 1,
        "min": 0,
        "var": 0.00115564512089
    },
    "silence_rate_60dB": {
        "dmean": 0.100308641791,
        "dmean2": 0.200694710016,
        "dvar": 0.0902446657419,
        "dvar2": 0.19129447639,
        "max": 1,
        "mean": 0.175472423434,
        "median": 0,
        "min": 0,
        "var": 0.144682466984
    },
    "spectral_centroid": {
        "dmean": 504.24609375,
        "dmean2": 772.186767578,
        "dvar": 508448,
        "dvar2": 908025.3125,
        "max": 5372.08251953,
        "mean": 1202.34777832,
        "median": 782.308044434,
        "min": 125.012359619,
        "var": 1164972.375
    },
    "spectral_complexity": {
        "dmean": 4.08256149292,
        "dmean2": 5.61096096039,
        "dvar": 18.4423007965,
        "dvar2": 32.5966339111,
        "max": 51,
        "mean": 10.7624368668,
        "median": 10,
        "min": 0,
        "var": 64.178855896
    },
    "spectral_decrease": {
        "dmean": 2.55283416628e-09,
        "dmean2": 3.36408612078e-09,
        "dvar": 8.37464370082e-18,
        "dvar2": 1.47120341972e-17,
        "max": 4.81457495399e-12,
        "mean": -5.97448979178e-09,
        "median": -5.52441603574e-09,
        "min": -3.2121214133e-08,
        "var": 2.70966336135e-17
    },
    "spectral_energy": {
        "dmean": 0.0101856887341,
        "dmean2": 0.0134687535465,
        "dvar": 0.000131901397253,
        "dvar2": 0.000233385362662,
        "max": 0.123761683702,
        "mean": 0.0238848980516,
        "median": 0.021655453369,
        "min": 7.41907912882e-09,
        "var": 0.000425113015808
    },
    "spectral_energyband_high": {
        "dmean": 0.000366815598682,
        "dmean2": 0.000543203379493,
        "dvar": 1.15423199532e-06,
        "dvar2": 2.21733216677e-06,
        "max": 0.0147903235629,
        "mean": 0.000431098218542,
        "median": 4.69807346235e-05,
        "min": 5.16010789653e-09,
        "var": 1.85355531812e-06
    },
    "spectral_energyband_low": {
        "dmean": 0.00262590916827,
        "dmean2": 0.00374717218801,
        "dvar": 2.08774981729e-05,
        "dvar2": 4.2116822442e-05,
        "max": 0.104285523295,
        "mean": 0.00642449082807,
        "median": 0.00497056357563,
        "min": 5.89500128399e-13,
        "var": 6.31911025266e-05
    },
    "spectral_energyband_middle_high": {
        "dmean": 0.00239613605663,
        "dmean2": 0.00334901479073,
        "dvar": 1.28431111079e-05,
        "dvar2": 2.31208177865e-05,
        "max": 0.0517904683948,
        "mean": 0.00343978917226,
        "median": 0.00114651222248,
        "min": 2.13731410348e-09,
        "var": 2.86198464892e-05
    },
    "spectral_energyband_middle_low": {
        "dmean": 0.00699117500335,
        "dmean2": 0.00952752679586,
        "dvar": 7.51887782826e-05,
        "dvar2": 0.000131339038489,
        "max": 0.0711431130767,
        "mean": 0.0144648225978,
        "median": 0.0108515871689,
        "min": 1.17678158884e-10,
        "var": 0.000213441249798
    },
    "spectral_entropy": {
        "dmean": 0.426021099091,
        "dmean2": 0.606582343578,
        "dvar": 0.211621433496,
        "dvar2": 0.389521002769,
        "max": 8.76157665253,
        "mean": 6.94749689102,
        "median": 6.91538763046,
        "min": 4.1901640892,
        "var": 0.646390795708
    },
    "spectral_flux": {
        "dmean": 0.0346807800233,
        "dmean2": 0.0555392540991,
        "dvar": 0.00113732356112,
        "dvar2": 0.00269179837778,
        "max": 0.279900670052,
        "mean": 0.0874143764377,
        "median": 0.0838522985578,
        "min": 0.000120983284432,
        "var": 0.00269901007414
    },
    "spectral_kurtosis": {
        "dmean": 9.11069774628,
        "dmean2": 13.7189855576,
        "dvar": 168.40397644,
        "dvar2": 364.08013916,
        "max": 189.205932617,
        "mean": 15.7601575851,
        "median": 9.51312828064,
        "min": -0.932494163513,
        "var": 310.828125
    },
    "spectral_rms": {
        "dmean": 0.00113786850125,
        "dmean2": 0.00144578167237,
        "dvar": 1.35032416892e-06,
        "dvar2": 2.14053875425e-06,
        "max": 0.0109883164987,
        "mean": 0.00419845664874,
        "median": 0.00459644105285,
        "min": 2.69037650469e-06,
        "var": 5.67530560147e-06
    },
    "spectral_rolloff": {
        "dmean": 1528.53186035,
        "dmean2": 2674.99682617,
        "dvar": 13075895,
        "dvar2": 28874970,
        "max": 19013.8183594,
        "mean": 2628.87182617,
        "median": 645.99609375,
        "min": 86.1328125,
        "var": 22901666
    },
    "spectral_skewness": {
        "dmean": 0.847288787365,
        "dmean2": 1.23172914982,
        "dvar": 0.861429274082,
        "dvar2": 1.82721471786,
        "max": 11.9427070618,
        "mean": 2.48379278183,
        "median": 2.12844705582,
        "min": 0.10602003336,
        "var": 2.31132435799
    },
    "spectral_spread": {
        "dmean": 891048.3125,
        "dmean2": 1304566.75,
        "dvar": 1.33904085811e+12,
        "dvar2": 2.62350412186e+12,
        "max": 16320761,
        "mean": 3307794.5,
        "median": 2891472.5,
        "min": 759832.4375,
        "var": 3.18258177638e+12
    },
    "spectral_strongpeak": {
        "dmean": 0.685390174389,
        "dmean2": 1.14984190464,
        "dvar": 0.971971035004,
        "dvar2": 2.33535456657,
        "max": 8.64684581757,
        "mean": 1.07059848309,
        "median": 0.551667869091,
        "min": 0.000402199220844,
        "var": 1.3199723959
    },
    "zerocrossingrate": {
        "dmean": 0.0414635911584,
        "dmean2": 0.0446603037417,
        "dvar": 0.00462510809302,
        "dvar2": 0.00473072146997,
        "max": 0.85546875,
        "mean": 0.107552185655,
        "median": 0.04345703125,
        "min": 0.01025390625,
        "var": 0.0223987996578
    },
    "barkbands": {
        "dmean": [8.27023177408e-06, 0.0007715713582, 0.00178368389606, 0.00074653030606, 0.00165558874141, 0.00161138689145, 0.00256969267502, 0.00179469713476, 0.00141822826117, 0.000437760783825, 0.000304864544887, 0.000659715151414, 0.000578181352466, 0.000352506758645, 0.00031684426358, 0.000183315263712, 0.000120393066027, 8.16369283712e-05, 0.000159360846737, 0.000186830031453, 0.000105199796963, 5.77118771616e-05, 6.92677131156e-05, 7.1945527452e-05, 1.38279310704e-05, 3.36198831974e-06, 6.841260074e-06],
        "dmean2": [1.36875487442e-05, 0.00108053081203, 0.00250427122228, 0.00108138215728, 0.002169651445, 0.00232191174291, 0.00385204376653, 0.00271927099675, 0.00205588107929, 0.000636706594378, 0.00045658624731, 0.000995903857984, 0.000905029184651, 0.000563639448956, 0.000491037964821, 0.000268536561634, 0.000184478776646, 0.000124184603919, 0.000243835151196, 0.000280760170426, 0.000162142896443, 8.80114021129e-05, 0.000105085280666, 0.000112886984425, 2.16009666474e-05, 5.13028453497e-06, 1.17084782687e-05],
        "dvar": [2.00880378998e-09, 8.52346693136e-06, 7.14288762538e-06, 2.14562260226e-06, 5.41945018995e-06, 8.21496723802e-06, 2.01750117412e-05, 1.20521035569e-05, 1.24691032397e-05, 1.31594879349e-06, 8.8859258085e-07, 3.25745236296e-06, 2.4544228836e-06, 8.18759758658e-07, 8.66322693582e-07, 2.42613680257e-07, 6.07775021422e-08, 5.33336290687e-08, 1.22584722817e-07, 1.9725004563e-07, 1.3056163084e-07, 4.83730744349e-08, 7.69651009591e-08, 9.20663083548e-08, 3.49443274317e-09, 1.4132740811e-10, 3.17737954003e-11],
        "dvar2": [5.14720843725e-09, 1.92481747945e-05, 1.41500404425e-05, 4.29171223004e-06, 8.23671052785e-06, 1.63578188221e-05, 4.24214231316e-05, 2.61092191067e-05, 2.38903321588e-05, 2.69632801064e-06, 1.95696679839e-06, 7.28608983991e-06, 5.60569833397e-06, 1.91715253095e-06, 1.73148714566e-06, 5.1040319704e-07, 1.36193676781e-07, 1.15208145246e-07, 2.81492248178e-07, 4.28203037472e-07, 2.75947940054e-07, 9.5185811233e-08, 1.60417400252e-07, 2.03969008794e-07, 8.68583160951e-09, 2.84375994974e-10, 9.18182196941e-11],
        "max": [0.00130504695699, 0.0673773437738, 0.0473514907062, 0.0310551319271, 0.0481574907899, 0.0565797835588, 0.0466423742473, 0.0432899333537, 0.0413726046681, 0.0185000803322, 0.0202252250165, 0.0257903169841, 0.0258097723126, 0.0115120625123, 0.0148254856467, 0.00933255534619, 0.00307842250913, 0.0043763006106, 0.00534634757787, 0.00700692646205, 0.00564951216802, 0.00506292050704, 0.00527505157515, 0.00534643791616, 0.00103289855178, 0.000352929899236, 5.74955993216e-05],
        "mean": [8.36384697323e-06, 0.00173860567156, 0.00387681694701, 0.00125083466992, 0.00382296624593, 0.00254555302672, 0.00320754735731, 0.00193162728101, 0.00154741818551, 0.000469448801596, 0.000330833252519, 0.000713527027983, 0.000585804926232, 0.000330284994561, 0.000331420538714, 0.000211250357097, 0.000142182834679, 9.55024806899e-05, 0.000182081625098, 0.000213859719224, 0.000108546635602, 6.44910905976e-05, 6.8477660534e-05, 7.02023971826e-05, 1.24048629004e-05, 3.41062718689e-06, 2.14539522858e-05],
        "median": [1.13135592983e-06, 0.000197316257982, 0.00276178424247, 0.000306104746414, 0.00239187991247, 0.00135548179969, 0.000768606900238, 0.000173998618266, 7.45111174183e-05, 3.14861572406e-05, 2.22443595703e-05, 2.36236373894e-05, 2.41435081989e-05, 2.74603771686e-05, 3.75995623472e-05, 2.58854743151e-05, 2.65662292804e-05, 1.47487298818e-05, 2.96972630167e-05, 2.79789601336e-05, 3.43447982232e-06, 1.56089686243e-06, 9.08532683752e-07, 1.38012387652e-06, 6.19360662313e-07, 4.95267897804e-07, 2.1790023311e-05],
        "min": [4.04479292941e-13, 3.29463724098e-13, 7.04363664291e-14, 1.74950030455e-14, 1.94904842591e-13, 5.9732466369e-12, 5.17479028378e-12, 2.0690078123e-11, 1.86862851581e-11, 1.55730411205e-11, 4.4518932811e-12, 6.11904693582e-11, 1.12526057916e-10, 2.44314124487e-10, 3.47190609595e-10, 1.77508063803e-10, 4.73286854152e-10, 4.38359265553e-10, 1.74681241694e-10, 2.03674604959e-10, 6.11857453592e-10, 3.36758287922e-10, 2.9886453555e-12, 3.11112580142e-10, 1.13628328968e-10, 7.36431332582e-11, 2.35629116219e-09],
        "var": [2.97973867802e-09, 2.04883926926e-05, 1.93885953195e-05, 5.40528435522e-06, 2.2772264856e-05, 1.54686949827e-05, 3.1637668144e-05, 1.66027130035e-05, 1.87675759662e-05, 1.89247634808e-06, 1.1948387737e-06, 4.64114373244e-06, 3.00294618683e-06, 8.83625887127e-07, 1.21176913126e-06, 3.97730019586e-07, 8.90238567308e-08, 7.73397559328e-08, 1.72036351387e-07, 2.78217612504e-07, 1.78922689997e-07, 8.94038549859e-08, 9.98501263894e-08, 1.03722776146e-07, 3.0243596516e-09, 1.74817951781e-10, 4.5141751448e-11]
    },
    "erbbands": {
        "dmean": [0.00749471597373, 0.238633692265, 1.72497725487, 2.37995409966, 3.25499629974, 7.07833909988, 8.99362754822, 15.6704807281, 35.6213569641, 35.0911560059, 40.4953536987, 30.3524036407, 19.2478466034, 11.4431676865, 14.3920278549, 28.1516933441, 25.4294281006, 17.9550514221, 19.8775596619, 11.4119796753, 9.35371398926, 7.03959989548, 5.01559734344, 4.7225484848, 11.0250225067, 8.25894451141, 5.60847520828, 2.68614411354, 2.15131378174, 2.04813575745, 2.03677248955, 1.60777759552, 1.07969248295, 0.259977400303, 0.0520535446703, 0.0213770195842, 0.00516516948119, 0.000220092973905, 0.000329879228957, 0.000203035364393],
        "dmean2": [0.0109930140898, 0.336355924606, 2.40677928925, 3.41615200043, 4.38256835938, 9.23699188232, 12.3982095718, 22.8340778351, 52.8146781921, 53.7342605591, 60.8151702881, 43.5372238159, 27.5920581818, 16.7179164886, 21.3595733643, 42.1908454895, 38.1786231995, 26.9182624817, 30.6706390381, 17.2159347534, 13.3656930923, 10.7007331848, 7.65946340561, 7.26280736923, 16.8419971466, 12.4200000763, 8.38900470734, 4.28131055832, 3.36714982986, 3.05385160446, 3.12877440453, 2.48050069809, 1.68892812729, 0.40625834465, 0.0806814581156, 0.0328331366181, 0.00797568261623, 0.000346062210156, 0.000560383952688, 0.000349638023181],
        "dvar": [0.00210347655229, 0.642112493515, 8.66068077087, 15.4697885513, 31.6835632324, 132.403930664, 331.999511719, 822.754638672, 4497.796875, 4487.54150391, 6849.828125, 5425.93652344, 2767.69628906, 1004.15075684, 1784.90991211, 5773.67285156, 4115.32324219, 1785.85778809, 2943.23510742, 918.012329102, 640.086608887, 207.344284058, 193.961547852, 172.589065552, 516.482788086, 446.116424561, 347.01461792, 99.5785140991, 73.7435379028, 68.1501159668, 70.9585800171, 46.1976852417, 19.760931015, 1.2414573431, 0.0502413213253, 0.00637251278386, 0.000284181791358, 5.00267788084e-07, 6.91895181149e-08, 2.88527175485e-08],
        "dvar2": [0.00511733954772, 1.47969603539, 18.3273010254, 29.1429233551, 55.0321846008, 204.664657593, 578.892150879, 1744.12402344, 9394.87011719, 10196.1875, 14788.2119141, 10432.0107422, 5405.640625, 2022.40307617, 3884.13037109, 12727.1992188, 8587.43847656, 3837.02441406, 5894.23681641, 1899.4362793, 1374.39526367, 462.405975342, 427.935455322, 351.332061768, 1209.57617188, 971.607849121, 720.90045166, 222.771896362, 144.511230469, 138.297866821, 153.578079224, 98.4152832031, 45.518989563, 3.045399189, 0.118949145079, 0.013273681514, 0.000551876320969, 9.96366111394e-07, 1.88560633774e-07, 8.31096116372e-08],
        "max": [1.13105869293, 18.7136077881, 60.85313797, 91.2003555298, 107.719863892, 251.709152222, 349.632720947, 395.638153076, 779.242919922, 795.856567383, 1188.45617676, 1007.56817627, 742.393737793, 701.008300781, 707.300292969, 961.88470459, 910.350341797, 636.499328613, 975.711608887, 513.269042969, 542.192504883, 182.837615967, 248.802139282, 273.719818115, 302.484893799, 348.887390137, 353.226837158, 202.67388916, 215.360458374, 228.664230347, 173.737945557, 116.553161621, 66.3390655518, 21.339099884, 5.92333650589, 2.08363080025, 0.557423830032, 0.0220037698746, 0.00265194126405, 0.00180867884774],
        "mean": [0.0142940152436, 0.558606982231, 3.90541005135, 4.85919761658, 6.60962438583, 14.7930078506, 16.2207164764, 23.9831752777, 45.3162193298, 40.9566955566, 44.1212997437, 34.1783332825, 20.8732719421, 13.1425790787, 16.7732868195, 30.7839050293, 27.697807312, 18.443403244, 20.3182125092, 12.9305868149, 11.0339307785, 8.54445743561, 5.97781944275, 5.65110969543, 12.7388944626, 9.49784755707, 5.95620727539, 2.83442640305, 2.44269585609, 2.10182309151, 2.00187659264, 1.60570585728, 1.01530814171, 0.238749921322, 0.048646684736, 0.0210732109845, 0.00538598606363, 0.000290142110316, 0.00100155593827, 0.00066759379115],
        "median": [0.00249919737689, 0.140753254294, 2.60880160332, 3.0297305584, 2.81227755547, 5.78662443161, 7.21192550659, 11.1447792053, 13.3895530701, 7.32508516312, 3.75342774391, 1.89448404312, 1.20169782639, 1.01942968369, 1.05157315731, 1.02914488316, 1.1739397049, 1.42921578884, 2.22908949852, 1.74663901329, 1.58644258976, 1.72389686108, 1.05908751488, 0.921978354454, 2.05277872086, 1.29749298096, 0.362404555082, 0.0787643194199, 0.0590235106647, 0.0532636642456, 0.0201734602451, 0.0184921883047, 0.0262240879238, 0.00982497353107, 0.00314430030994, 0.00233553047292, 0.000851584074553, 0.0001134577833, 0.000989694497548, 0.000667394138873],
        "min": [1.41973863221e-11, 5.88714077487e-11, 1.04382488764e-10, 4.55260447396e-11, 1.28652366538e-10, 6.80853762258e-10, 1.63399533903e-08, 5.06055251037e-08, 4.47971757467e-08, 1.92689469714e-07, 8.3771823256e-07, 3.89020385683e-07, 4.54700966657e-07, 5.8435335859e-07, 2.51913178317e-07, 2.95724566968e-06, 5.01911836182e-06, 6.47695696898e-06, 1.86818833754e-05, 1.33493676913e-05, 1.16501132652e-05, 2.30083369388e-05, 2.62962330453e-05, 1.72248710442e-05, 7.98412020231e-06, 1.0918793123e-05, 2.30861078307e-05, 2.07764678635e-05, 1.13040223368e-05, 4.37424023403e-06, 4.98624217471e-07, 5.83835708312e-06, 5.40167002328e-06, 1.42352485e-06, 4.98798499393e-07, 3.3905578789e-07, 1.26210508711e-07, 1.7589352197e-08, 8.76848389453e-08, 5.83021844136e-08],
        "var": [0.00319944741204, 1.56607413292, 23.463136673, 40.9202766418, 98.2206268311, 510.495330811, 833.833312988, 1421.09521484, 7127.5859375, 5866.87939453, 9524.93359375, 8344.4609375, 4074.39379883, 1450.20935059, 2473.67431641, 8368.84570312, 5906.37060547, 2314.18383789, 4094.02709961, 1399.72680664, 1018.88189697, 314.514007568, 270.618682861, 264.631072998, 740.434509277, 602.732666016, 500.199676514, 126.616333008, 137.564987183, 99.5156707764, 86.17918396, 56.4704666138, 20.4663696289, 1.10082316399, 0.0484235808253, 0.00760046672076, 0.000364402920241, 6.18356864379e-07, 1.20017119798e-07, 3.9049510292e-08]
    },
    "gfcc": {
        "mean": [-92.702796936, 107.13318634, -89.7172241211, 12.7413291931, -32.6121711731, -22.3852920532, -28.4006824493, -10.2136678696, -13.6284379959, -8.75729560852, 0.136345088482, -22.2366466522, -6.84663391113],
        "cov": [[10249.9472656, 2031.09375, -2403.2746582, 33.2362632751, -1189.76708984, -251.461547852, -916.446594238, 389.929992676, -541.853759766, 279.891967773, -193.682037354, -228.007324219, -377.732452393], [2031.09375, 5118.15429688, 318.470153809, -1916.25268555, 184.436843872, -844.62902832, 29.8588085175, -255.501831055, -383.999206543, -412.108703613, 149.436294556, -84.5367507935, -109.058006287], [-2403.2746582, 318.470153809, 1569.7019043, 236.965209961, 265.239593506, -45.6911697388, 137.407608032, -113.172744751, 72.2530593872, -174.291137695, 96.5612945557, 125.662895203, 132.048858643], [33.2362632751, -1916.25268555, 236.965209961, 1756.94689941, 12.4667644501, 207.88571167, -153.497741699, 139.493240356, 212.883056641, 159.771652222, -20.527173996, 76.9507217407, 80.5516204834], [-1189.76708984, 184.436843872, 265.239593506, 12.4667644501, 528.775878906, -41.6654090881, 89.0064468384, -44.1523933411, 110.859733582, -18.69165802, 34.5061035156, 4.30450391769, 71.2632522583], [-251.461547852, -844.62902832, -45.6911697388, 207.88571167, -41.6654090881, 520.394897461, 190.960281372, 24.3553466797, 47.7615623474, 95.2823257446, -30.5487670898, 6.14213371277, -6.4710559845], [-916.446594238, 29.8588085175, 137.407608032, -153.497741699, 89.0064468384, 190.960281372, 555.534484863, 41.0815391541, -49.69972229, -39.7727661133, 67.8025588989, 7.47656011581, 3.07333993912], [389.929992676, -255.501831055, -113.172744751, 139.493240356, -44.1523933411, 24.3553466797, 41.0815391541, 273.670623779, -31.3614788055, 30.2466392517, 0.118167959154, -5.72280263901, 17.9073581696], [-541.853759766, -383.999206543, 72.2530593872, 212.883056641, 110.859733582, 47.7615623474, -49.69972229, -31.3614788055, 222.078292847, 48.9022521973, -42.5244979858, 0.470142424107, 38.3276596069], [279.891967773, -412.108703613, -174.291137695, 159.771652222, -18.69165802, 95.2823257446, -39.7727661133, 30.2466392517, 48.9022521973, 239.293914795, -33.8858222961, -86.1393432617, 3.56131362915], [-193.682037354, 149.436294556, 96.5612945557, -20.527173996, 34.5061035156, -30.5487670898, 67.8025588989, 0.118167959154, -42.5244979858, -33.8858222961, 131.540405273, 15.2336654663, -22.2777996063], [-228.007324219, -84.5367507935, 125.662895203, 76.9507217407, 4.30450391769, 6.14213371277, 7.47656011581, -5.72280263901, 0.470142424107, -86.1393432617, 15.2336654663, 145.388397217, 1.40602374077], [-377.732452393, -109.058006287, 132.048858643, 80.5516204834, 71.2632522583, -6.4710559845, 3.07333993912, 17.9073581696, 38.3276596069, 3.56131362915, -22.2777996063, 1.40602374077, 112.291633606]],
        "icov": [[0.00198720488697, -0.00253718695603, 0.00266899331473, -0.00263466266915, 0.00259468704462, -0.00221442198381, 0.00241227285005, -0.00217741727829, 0.00198504794389, -0.00166843191255, 0.00148174690548, -0.000625601562206, 0.00115602451842], [-0.00253718695603, 0.00379025237635, -0.00357279693708, 0.00378689006902, -0.00351545889862, 0.00340946647339, -0.00307288742624, 0.00292343483306, -0.00207832246087, 0.00246245856397, -0.0018945861375, 0.00121642707381, -0.00108314224053], [0.00266899331473, -0.00357279693708, 0.00459472974762, -0.00383412791416, 0.00337024312466, -0.00309047405608, 0.00303948135115, -0.00249298708513, 0.00243049208075, -0.00182767049409, 0.00137909397017, -0.00129621778615, 0.000371065340005], [-0.00263466266915, 0.00378689006902, -0.00383412791416, 0.00468957098201, -0.00347977620549, 0.00307298148982, -0.00282988394611, 0.00246894452721, -0.00293835694902, 0.00187299319077, -0.00233025685884, 0.000495660991874, -0.00149589567445], [0.00259468704462, -0.00351545889862, 0.00337024312466, -0.00347977620549, 0.00611950131133, -0.00269499770366, 0.00261431490071, -0.00263947364874, 0.000921532919165, -0.00234214984812, 0.00103665038478, -0.00085237075109, 0.000133432346047], [-0.00221442198381, 0.00340946647339, -0.00309047405608, 0.00307298148982, -0.00269499770366, 0.00600838754326, -0.00410192878917, 0.0028108053375, -0.00220951484516, 0.0010125793051, -0.000740832532756, 0.000390640663682, -0.000417092494899], [0.00241227285005, -0.00307288742624, 0.00303948135115, -0.00282988394611, 0.00261431490071, -0.00410192878917, 0.00572400540113, -0.003268183209, 0.00292611611076, -0.00149390322622, 0.000602999411058, -0.000429711042671, 0.00122852902859], [-0.00217741727829, 0.00292343483306, -0.00249298708513, 0.00246894452721, -0.00263947364874, 0.0028108053375, -0.003268183209, 0.00687891244888, -0.00112558377441, 0.00166243535932, -0.00173426908441, 0.00072596303653, -0.0025169015862], [0.00198504794389, -0.00207832246087, 0.00243049208075, -0.00293835694902, 0.000921532919165, -0.00220951484516, 0.00292611611076, -0.00112558377441, 0.00927182845771, -0.00217655696906, 0.00341827562079, -0.00045588039211, 0.000884086359292], [-0.00166843191255, 0.00246245856397, -0.00182767049409, 0.00187299319077, -0.00234214984812, 0.0010125793051, -0.00149390322622, 0.00166243535932, -0.00217655696906, 0.00881445873529, -0.00116270687431, 0.0049326303415, -0.000923705636524], [0.00148174690548, -0.0018945861375, 0.00137909397017, -0.00233025685884, 0.00103665038478, -0.000740832532756, 0.000602999411058, -0.00173426908441, 0.00341827562079, -0.00116270687431, 0.0113592520356, -0.000762882933486, 0.00388696999289], [-0.000625601562206, 0.00121642707381, -0.00129621778615, 0.000495660991874, -0.00085237075109, 0.000390640663682, -0.000429711042671, 0.00072596303653, -0.00045588039211, 0.0049326303415, -0.000762882933486, 0.0105215422809, 0.00042120058788], [0.00115602451842, -0.00108314224053, 0.000371065340005, -0.00149589567445, 0.000133432346047, -0.000417092494899, 0.00122852902859, -0.0025169015862, 0.000884086359292, -0.000923705636524, 0.00388696999289, 0.00042120058788, 0.0131312878802]]
    },
    "melbands": {
        "dmean": [0.000134687783429, 0.000697979063261, 0.000397110794438, 0.00035041233059, 0.00030759209767, 0.000347580004018, 0.000524645438418, 0.000372347189113, 0.000328104157234, 0.000185201744898, 9.47595690377e-05, 4.7217887186e-05, 4.22964949394e-05, 7.13780609658e-05, 7.33173947083e-05, 5.01959693793e-05, 3.22665255226e-05, 3.47539680661e-05, 2.08087549254e-05, 1.29752952489e-05, 1.08995054688e-05, 7.58944406698e-06, 5.63010053156e-06, 3.79251969207e-06, 3.76296907234e-06, 6.70206827635e-06, 9.25337371882e-06, 4.88217392558e-06, 3.36144148605e-06, 3.11164512823e-06, 1.09339305254e-06, 1.25361088976e-06, 1.16047135634e-06, 1.16989667731e-06, 1.26758197894e-06, 9.56215103542e-07, 1.04257048861e-06, 8.99533006304e-07, 4.20477135776e-07, 1.50309915625e-07],
        "dmean2": [0.000186995588592, 0.000971845642198, 0.000573283410631, 0.00045683796634, 0.000414497131715, 0.000504033931065, 0.000778157962486, 0.000570528500248, 0.000494482403155, 0.000265921640676, 0.000136660644785, 7.04388148733e-05, 6.23598753009e-05, 0.000110214212327, 0.000109600070573, 7.60964830988e-05, 4.98455556226e-05, 5.45816292288e-05, 3.25400469592e-05, 1.96901582967e-05, 1.59548653755e-05, 1.16058372441e-05, 8.65919992066e-06, 5.86095393373e-06, 5.8870518842e-06, 1.04275313788e-05, 1.40918346005e-05, 7.44660428609e-06, 5.01872773384e-06, 4.98131657878e-06, 1.74971751221e-06, 2.0310533273e-06, 1.76322782863e-06, 1.78608433998e-06, 1.96227870219e-06, 1.49514858094e-06, 1.631597911e-06, 1.41474367865e-06, 6.68892369049e-07, 2.38935456309e-07],
        "dvar": [3.51412921873e-07, 1.69521911175e-06, 3.66681859987e-07, 2.76740280469e-07, 3.1367505926e-07, 3.74753483356e-07, 9.11199890652e-07, 5.01416195675e-07, 4.86680335143e-07, 2.16783604401e-07, 7.05526943534e-08, 1.78370331838e-08, 1.5901795436e-08, 4.39143335029e-08, 4.35932463461e-08, 1.49935850402e-08, 6.93372603777e-09, 9.48276213109e-09, 3.9439882471e-09, 1.33857092077e-09, 9.14141540242e-10, 2.55040627506e-10, 1.63531729824e-10, 1.40836994844e-10, 1.34231348259e-10, 2.15401516068e-10, 3.8636532862e-10, 2.09946893204e-10, 1.2175967179e-10, 1.36752387192e-10, 1.98624033887e-11, 2.67785637414e-11, 2.04064785903e-11, 2.81992450224e-11, 2.99238550605e-11, 1.62834051798e-11, 2.37458143426e-11, 1.47863041255e-11, 3.14933192372e-12, 5.37233235329e-13],
        "dvar2": [8.1012285591e-07, 3.66861513612e-06, 6.92289404469e-07, 4.18701603166e-07, 5.25031680354e-07, 7.7488482475e-07, 1.88983972293e-06, 1.10891005534e-06, 1.04042862858e-06, 4.14048145103e-07, 1.39541114663e-07, 3.64786707507e-08, 3.52476163812e-08, 1.03303513299e-07, 9.48993488237e-08, 3.06982954612e-08, 1.55111568034e-08, 1.97748519781e-08, 8.35892421946e-09, 2.84933276973e-09, 1.93112303926e-09, 5.68752933638e-10, 3.57520069105e-10, 3.12757764132e-10, 2.76124956233e-10, 5.19864928883e-10, 8.74111616422e-10, 4.60373739131e-10, 2.44978815012e-10, 3.0588265254e-10, 4.95372180775e-11, 5.54844920009e-11, 3.86738661928e-11, 6.01069818917e-11, 6.83215914399e-11, 3.08949810179e-11, 5.35149424774e-11, 3.47267041512e-11, 7.63614432103e-12, 1.38643935742e-12],
        "max": [0.0130869168788, 0.0282229483128, 0.0129903284833, 0.00997654814273, 0.00946783274412, 0.0081606823951, 0.0111314496025, 0.00915002450347, 0.0088104698807, 0.00597949372604, 0.00356414471753, 0.00277678808197, 0.00217511411756, 0.00257869507186, 0.00492357602343, 0.00151269871276, 0.00136365788057, 0.00167624105234, 0.00120095221791, 0.00081081665121, 0.000817012100015, 0.000207454097108, 0.00018611678388, 0.000227311480558, 0.000256653438555, 0.000197015207959, 0.00028715012013, 0.000256705534412, 0.000221272101044, 0.000190787846805, 8.10204073787e-05, 0.000142447679536, 0.000105500890641, 0.000155947956955, 0.000103983511508, 0.000100706522062, 9.97994939098e-05, 6.449479406e-05, 2.93321263598e-05, 1.5612673451e-05],
        "mean": [0.000289653398795, 0.00163812190294, 0.0008652600809, 0.00078288797522, 0.000611392839346, 0.000541340617929, 0.000681542383973, 0.000431653897977, 0.000358450663043, 0.000204891970498, 0.000101038356661, 5.27176343894e-05, 4.81664646941e-05, 7.60096227168e-05, 7.69883845351e-05, 5.27839874849e-05, 3.11276380671e-05, 3.38376339641e-05, 2.12328086491e-05, 1.43831975947e-05, 1.2435487406e-05, 8.90917272045e-06, 6.48687182547e-06, 4.35860192738e-06, 4.28049588663e-06, 7.49372111386e-06, 1.04252831079e-05, 5.40124801773e-06, 3.58647753274e-06, 3.08137509819e-06, 1.11767951694e-06, 1.38306177178e-06, 1.26115821786e-06, 1.15331522466e-06, 1.20551317195e-06, 9.59567159953e-07, 1.00590716556e-06, 8.26512064123e-07, 3.87809421909e-07, 1.3303048263e-07],
        "median": [3.27302404912e-05, 0.00110439443961, 0.000630661437754, 0.00036466497113, 0.000270592834568, 0.000269135634881, 0.000202037044801, 6.47399574518e-05, 2.50527500611e-05, 1.07708810901e-05, 5.4396291489e-06, 3.86036754207e-06, 3.19283140016e-06, 2.78362176687e-06, 2.53322900789e-06, 2.47345383286e-06, 2.19154890146e-06, 3.35575055033e-06, 2.59851140072e-06, 1.65101141647e-06, 1.64355424204e-06, 1.62833589457e-06, 1.13416831482e-06, 6.28927239177e-07, 5.61808690236e-07, 1.16820933727e-06, 1.49693835283e-06, 5.48286550384e-07, 2.11433970776e-07, 7.04494027559e-08, 1.84842736672e-08, 2.71665161478e-08, 2.97759523704e-08, 2.54586378645e-08, 1.04204369578e-08, 6.65723920434e-09, 1.09344622246e-08, 1.85037318801e-08, 1.31858621799e-08, 5.62333912768e-09],
        "min": [1.28614905726e-13, 6.36234771464e-14, 1.14308112672e-14, 9.93558466294e-15, 4.53733947116e-13, 1.10418824691e-12, 8.1076898667e-13, 2.34276573835e-12, 6.29871285338e-12, 2.48026295682e-12, 1.86838240192e-12, 2.54267960853e-12, 4.72042001841e-13, 4.30396603773e-12, 9.27626725433e-12, 1.238859796e-11, 1.27921111204e-11, 3.01121905188e-11, 3.21110707469e-11, 1.07521604467e-11, 1.39901389085e-11, 1.75329074176e-11, 3.92976380603e-11, 1.68271178241e-11, 1.40390754577e-11, 4.3680293757e-12, 6.38882523274e-12, 6.96084466109e-12, 1.47641465026e-11, 5.33607229583e-12, 1.52100883971e-11, 1.52670345983e-12, 5.6517230132e-12, 6.63095744763e-14, 5.26819629316e-14, 8.89696302742e-13, 1.33704299802e-12, 4.38090145757e-12, 1.98316168175e-12, 3.11126504334e-13],
        "var": [7.1955724934e-07, 4.78403080706e-06, 9.78188950285e-07, 1.10887640403e-06, 9.46296381699e-07, 6.76708111769e-07, 1.47761284097e-06, 6.70633255595e-07, 6.84603833179e-07, 3.28720858533e-07, 1.01173320388e-07, 2.45814391064e-08, 2.18236362315e-08, 5.41679128219e-08, 5.93593334486e-08, 2.15709743401e-08, 8.03895350288e-09, 1.23552750253e-08, 5.04884400954e-09, 2.09774597693e-09, 1.43987421986e-09, 3.71780384256e-10, 2.41190373229e-10, 1.91722679399e-10, 1.94786367591e-10, 2.82101841886e-10, 5.69379432491e-10, 2.69997219027e-10, 1.83832546408e-10, 1.65857244605e-10, 2.27704521905e-11, 4.67493821432e-11, 3.65658059387e-11, 3.54874636621e-11, 3.35816340014e-11, 2.20207983792e-11, 2.65646116215e-11, 1.47881828311e-11, 2.86975499787e-12, 4.23849757375e-13]
    },
    "mfcc": {
        "mean": [-753.590454102, 156.276809692, 1.79304921627, 32.3183822632, 10.5888023376, -7.11835861206, 0.0781285986304, -11.1572189331, -10.0580787659, 5.34672355652, -4.70759820938, -2.31476521492, 3.19162344933],
        "cov": [[11491.96875, 848.587097168, -1764.4666748, -218.818023682, -566.084228516, -863.396240234, -385.168548584, -550.619445801, -407.484649658, 193.792373657, -124.745056152, -89.5269622803, 62.6440620422], [848.587097168, 6374.54785156, -286.01461792, -1022.94134521, -339.645782471, -826.813049316, 140.555709839, -187.866287231, -456.201629639, -468.695800781, -155.005615234, -274.235656738, 282.96975708], [-1764.4666748, -286.01461792, 1281.28381348, 404.336914062, 164.06211853, 210.746673584, 61.9885177612, 169.041046143, 37.2906074524, -75.1054229736, -66.3424682617, 65.7830963135, 11.6092758179], [-218.818023682, -1022.94134521, 404.336914062, 1029.37475586, 387.61026001, 80.5131149292, -51.3290290833, 70.7348022461, 67.6051025391, 97.8332824707, -39.9227104187, 81.0351867676, -13.3095111847], [-566.084228516, -339.645782471, 164.06211853, 387.61026001, 554.10925293, 64.6137466431, -159.956939697, -35.7756652832, 50.5137214661, 58.8867263794, -36.7678985596, 6.56915426254, -18.2047386169], [-863.396240234, -826.813049316, 210.746673584, 80.5131149292, 64.6137466431, 571.478881836, 62.8995170593, 63.1872596741, 136.244598389, 79.1603012085, 96.4032897949, 73.2038726807, -61.3766288757], [-385.168548584, 140.555709839, 61.9885177612, -51.3290290833, -159.956939697, 62.8995170593, 469.334869385, 138.733139038, 67.0605926514, 35.7436294556, 87.5238113403, 92.1960754395, 13.5475635529], [-550.619445801, -187.866287231, 169.041046143, 70.7348022461, -35.7756652832, 63.1872596741, 138.733139038, 356.975463867, 17.4921379089, -79.234954834, 42.6026687622, 20.8578853607, 2.14909052849], [-407.484649658, -456.201629639, 37.2906074524, 67.6051025391, 50.5137214661, 136.244598389, 67.0605926514, 17.4921379089, 295.804748535, 99.2612304688, 24.5281009674, 64.5566558838, -22.1981239319], [193.792373657, -468.695800781, -75.1054229736, 97.8332824707, 58.8867263794, 79.1603012085, 35.7436294556, -79.234954834, 99.2612304688, 256.564971924, 54.9637336731, 30.4470729828, -1.1357203722], [-124.745056152, -155.005615234, -66.3424682617, -39.9227104187, -36.7678985596, 96.4032897949, 87.5238113403, 42.6026687622, 24.5281009674, 54.9637336731, 164.55632019, 27.1523132324, -18.9411830902], [-89.5269622803, -274.235656738, 65.7830963135, 81.0351867676, 6.56915426254, 73.2038726807, 92.1960754395, 20.8578853607, 64.5566558838, 30.4470729828, 27.1523132324, 136.939163208, -14.0720186234], [62.6440620422, 282.96975708, 11.6092758179, -13.3095111847, -18.2047386169, -61.3766288757, 13.5475635529, 2.14909052849, -22.1981239319, -1.1357203722, -18.9411830902, -14.0720186234, 140.734085083]],
