{
"lowlevel": {
    "average_loudness": 0.974736273289,
    "barkbands_crest": {
        "dmean": 2.9143948555,
        "dmean2": 4.77107810974,
        "dvar": 6.46465063095,
        "dvar2": 16.9945850372,
        "max": 26.8501682281,
        "mean": 9.64288139343,
        "median": 9.02573776245,
        "min": 2.61423587799,
        "var": 12.8116598129
    },
    "barkbands_flatness_db": {
        "dmean": 0.0440074168146,
        "dmean2": 0.063700824976,
        "dvar": 0.00207310309634,
        "dvar2": 0.00469591422006,
        "max": 0.431345820427,
        "mean": 0.19626198709,
        "median": 0.199211627245,
        "min": 0.0251056738198,
        "var": 0.00519543373957
    },
    "barkbands_kurtosis": {
        "dmean": 9.46145629883,
        "dmean2": 15.7012138367,
        "dvar": 288.943023682,
        "dvar2": 690.859436035,
        "max": 249.210891724,
        "mean": 8.97598934174,
        "median": 2.10408186913,
        "min": -1.94201290607,
        "var": 428.459075928
    },
    "barkbands_skewness": {
        "dmean": 1.19110703468,
        "dmean2": 1.82621526718,
        "dvar": 1.95601820946,
        "dvar2": 4.25756645203,
        "max": 10.2085762024,
        "mean": 1.60603868961,
        "median": 1.33455145359,
        "min": -15.7044420242,
        "var": 4.3267531395
    },
    "barkbands_spread": {
        "dmean": 11.6370239258,
        "dmean2": 18.8527069092,
        "dvar": 286.828552246,
        "dvar2": 672.424682617,
        "max": 130.675643921,
        "mean": 22.6433792114,
        "median": 14.5679111481,
        "min": 1.93157851696,
        "var": 531.649719238
    },
    "dissonance": {
        "dmean": 0.0258462224156,
        "dmean2": 0.0405674166977,
        "dvar": 0.000862106564455,
        "dvar2": 0.00210598530248,
        "max": 0.500000059605,
        "mean": 0.441983878613,
        "median": 0.445112138987,
        "min": 0.105349943042,
        "var": 0.00183176260907
    },
    "dynamic_complexity": 4.29082155228,
    "erbbands_crest": {
        "dmean": 2.94281005859,
        "dmean2": 4.96443271637,
        "dvar": 6.13825559616,
        "dvar2": 16.728635788,
        "max": 24.3930721283,
        "mean": 9.53932285309,
        "median": 9.07627773285,
        "min": 2.68053674698,
        "var": 10.0431318283
    },
    "erbbands_flatness_db": {
        "dmean": 0.0378520749509,
        "dmean2": 0.0566921047866,
        "dvar": 0.00139998388477,
        "dvar2": 0.00288561568595,
        "max": 0.335247039795,
        "mean": 0.210241630673,
        "median": 0.231068313122,
        "min": 0.0431076288223,
        "var": 0.00389341125265
    },
    "erbbands_kurtosis": {
        "dmean": 1.98396754265,
        "dmean2": 3.23590898514,
        "dvar": 12.7696619034,
        "dvar2": 31.7941951752,
        "max": 51.3697471619,
        "mean": 0.813494801521,
        "median": -0.396523356438,
        "min": -1.87395477295,
        "var": 13.849609375
    },
    "erbbands_skewness": {
        "dmean": 0.631411612034,
        "dmean2": 0.981157124043,
        "dvar": 0.43246909976,
        "dvar2": 1.02388870716,
        "max": 5.22836732864,
        "mean": 0.32009485364,
        "median": 0.281480073929,
        "min": -3.53667116165,
        "var": 0.928211390972
    },
    "erbbands_spread": {
        "dmean": 12.1750612259,
        "dmean2": 19.4813327789,
        "dvar": 219.480239868,
        "dvar2": 562.011047363,
        "max": 151.42678833,
        "mean": 31.9245796204,
        "median": 27.9841651917,
        "min": 3.28605747223,
        "var": 304.944122314
    },
    "hfc": {
        "dmean": 8.51860618591,
        "dmean2": 12.1144418716,
        "dvar": 89.2774429321,
        "dvar2": 164.483963013,
        "max": 85.6166992188,
        "mean": 14.6298151016,
        "median": 9.94975280762,
        "min": 1.18204850688e-16,
        "var": 206.898132324
    },
    "melbands_crest": {
        "dmean": 4.10817813873,
        "dmean2": 6.43721961975,
        "dvar": 13.6047925949,
        "dvar2": 30.1911830902,
        "max": 29.3618965149,
        "mean": 13.4981565475,
        "median": 12.4011487961,
        "min": 1.74593901634,
        "var": 26.672700882
    },
    "melbands_flatness_db": {
        "dmean": 0.0608955845237,
        "dmean2": 0.0853641852736,
        "dvar": 0.00385342654772,
        "dvar2": 0.00817562546581,
        "max": 0.583018422127,
        "mean": 0.281142443419,
        "median": 0.290035665035,
        "min": 0.00473531149328,
        "var": 0.0111104398966
    },
    "melbands_kurtosis": {
        "dmean": 10.6806077957,
        "dmean2": 17.3516178131,
        "dvar": 351.785064697,
        "dvar2": 879.614135742,
        "max": 235.048080444,
        "mean": 11.9802570343,
        "median": 5.49829673767,
        "min": -1.83077192307,
        "var": 354.239501953
    },
    "melbands_skewness": {
        "dmean": 1.14133393764,
        "dmean2": 1.73635780811,
        "dvar": 1.59608709812,
        "dvar2": 3.69263577461,
        "max": 12.5436239243,
        "mean": 2.30962276459,
        "median": 1.96795368195,
        "min": -2.295119524,
        "var": 2.68578243256
    },
    "melbands_spread": {
        "dmean": 13.7060394287,
        "dmean2": 22.1253509521,
        "dvar": 613.626281738,
        "dvar2": 1458.62231445,
        "max": 229.639190674,
        "mean": 23.2719478607,
        "median": 15.5738124847,
        "min": 0.802954673767,
        "var": 836.227722168
    },
    "pitch_salience": {
        "dmean": 0.0915053710341,
        "dmean2": 0.144306257367,
        "dvar": 0.00833457522094,
        "dvar2": 0.0191830471158,
        "max": 0.94699639082,
        "mean": 0.635827243328,
        "median": 0.664343655109,
        "min": 0.17377717793,
        "var": 0.0154854990542
    },
    "silence_rate_20dB": {
        "dmean": 0,
        "dmean2": 0,
        "dvar": 0,
        "dvar2": 0,
        "max": 1,
        "mean": 1,
        "median": 1,
        "min": 1,
        "var": 0
    },
    "silence_rate_30dB": {
        "dmean": 0,
        "dmean2": 0,
        "dvar": 0,
        "dvar2": 0,
        "max": 1,
        "mean": 1,
        "median": 1,
        "min": 1,
        "var": 0
    },
    "silence_rate_60dB": {
        "dmean": 0.114659480751,
        "dmean2": 0.22940723598,
        "dvar": 0.101515159011,
        "dvar2": 0.220662623644,
        "max": 1,
        "mean": 0.191153839231,
        "median": 0,
        "min": 0,
        "var": 0.15461230278
    },
    "spectral_centroid": {
        "dmean": 446.373016357,
        "dmean2": 677.45489502,
        "dvar": 403472.53125,
        "dvar2": 767214.3125,
        "max": 11622.0605469,
        "mean": 1148.42919922,
        "median": 890.520996094,
        "min": 173.071426392,
        "var": 966218.125
    },
    "spectral_complexity": {
        "dmean": 5.44671010971,
        "dmean2": 7.53194761276,
        "dvar": 27.3031177521,
        "dvar2": 47.0355873108,
        "max": 38,
        "mean": 12.9092311859,
        "median": 12,
        "min": 0,
        "var": 85.9736862183
    },
    "spectral_decrease": {
        "dmean": 2.86893397927e-09,
        "dmean2": 3.89961751779e-09,
        "dvar": 9.54396358552e-18,
        "dvar2": 1.59308666318e-17,
        "max": 4.59027520855e-12,
        "mean": -5.88317083938e-09,
        "median": -5.30615640315e-09,
        "min": -2.91788708751e-08,
        "var": 2.61787956602e-17
    },
    "spectral_energy": {
        "dmean": 0.0115230325609,
        "dmean2": 0.0156882088631,
        "dvar": 0.000153499771841,
        "dvar2": 0.000258107786067,
        "max": 0.117893449962,
        "mean": 0.0235313996673,
        "median": 0.0209545791149,
        "min": 1.06542898537e-20,
        "var": 0.000417951261625
    },
    "spectral_energyband_high": {
        "dmean": 0.000153669461724,
        "dmean2": 0.000237827553065,
        "dvar": 3.54672636149e-07,
        "dvar2": 7.48555748942e-07,
        "max": 0.00944669730961,
        "mean": 0.00017932029732,
        "median": 3.11192125082e-05,
        "min": 7.74472163089e-21,
        "var": 4.80484004584e-07
    },
    "spectral_energyband_low": {
        "dmean": 0.00266672670841,
        "dmean2": 0.00383307226002,
        "dvar": 1.07198893602e-05,
        "dvar2": 1.82971834874e-05,
        "max": 0.0353856049478,
        "mean": 0.00618931697682,
        "median": 0.00549176428467,
        "min": 3.10053984851e-23,
        "var": 3.20576291415e-05
    },
    "spectral_energyband_middle_high": {
        "dmean": 0.00282084196806,
        "dmean2": 0.00407159654424,
        "dvar": 1.2080250599e-05,
        "dvar2": 2.19825560634e-05,
        "max": 0.0329279899597,
        "mean": 0.00414615124464,
        "median": 0.00192142196465,
        "min": 1.3695206926e-21,
        "var": 2.53909656749e-05
    },
    "spectral_energyband_middle_low": {
        "dmean": 0.00756709137931,
        "dmean2": 0.0105896703899,
        "dvar": 7.6096628618e-05,
        "dvar2": 0.00013052012946,
        "max": 0.0711532086134,
        "mean": 0.013743554242,
        "median": 0.0107469409704,
        "min": 1.87904938441e-22,
        "var": 0.000184043165063
    },
    "spectral_entropy": {
        "dmean": 0.383083194494,
        "dmean2": 0.570565998554,
        "dvar": 0.171673566103,
        "dvar2": 0.366495251656,
        "max": 9.81850910187,
        "mean": 7.03648281097,
        "median": 6.93670034409,
        "min": 4.79039096832,
        "var": 0.457651168108
    },
    "spectral_flux": {
        "dmean": 0.0375664494932,
        "dmean2": 0.061675850302,
        "dvar": 0.00126183230896,
        "dvar2": 0.00308381649666,
        "max": 0.284963071346,
        "mean": 0.0899328812957,
        "median": 0.0898694843054,
        "min": 6.86153911467e-11,
        "var": 0.00265692500398
    },
    "spectral_kurtosis": {
        "dmean": 8.28226184845,
        "dmean2": 13.3767347336,
        "dvar": 81.7374343872,
        "dvar2": 203.885818481,
        "max": 87.3003158569,
        "mean": 15.5667829514,
        "median": 12.8232555389,
        "min": -1.24223101139,
        "var": 144.888946533
    },
    "spectral_rms": {
        "dmean": 0.00130803172942,
        "dmean2": 0.00171530258376,
        "dvar": 1.68280416801e-06,
        "dvar2": 2.65016501544e-06,
        "max": 0.010724645108,
        "mean": 0.00412637926638,
        "median": 0.00452144676819,
        "min": 3.22403930809e-12,
        "var": 5.93043660047e-06
    },
    "spectral_rolloff": {
        "dmean": 1364.36315918,
        "dmean2": 2403.35913086,
        "dvar": 10561689,
        "dvar2": 23888106,
        "max": 19379.8828125,
        "mean": 2752.87133789,
        "median": 1119.7265625,
        "min": 107.666015625,
        "var": 23437368
    },
    "spectral_skewness": {
        "dmean": 0.784162223339,
        "dmean2": 1.24995052814,
        "dvar": 0.601383686066,
        "dvar2": 1.45434725285,
        "max": 7.84748601913,
        "mean": 2.39108109474,
        "median": 2.19069218636,
        "min": -0.0378548949957,
        "var": 1.23154520988
    },
    "spectral_spread": {
        "dmean": 983806.8125,
        "dmean2": 1473680.625,
        "dvar": 2.59127063347e+12,
        "dvar2": 4.30383169536e+12,
        "max": 41684384,
        "mean": 3171640.75,
        "median": 2209275.25,
        "min": 1056956.625,
        "var": 7.60882764186e+12
    },
    "spectral_strongpeak": {
        "dmean": 0.671980082989,
        "dmean2": 1.10557067394,
        "dvar": 0.726616203785,
        "dvar2": 1.67466163635,
        "max": 5.91786289215,
        "mean": 1.01213598251,
        "median": 0.525588393211,
        "min": 1.98971772392e-09,
        "var": 1.11797368526
    },
    "zerocrossingrate": {
        "dmean": 0.0337143279612,
        "dmean2": 0.0374238081276,
        "dvar": 0.00249465857632,
        "dvar2": 0.0024929435458,
        "max": 0.861328125,
        "mean": 0.100745379925,
        "median": 0.0400390625,
        "min": 0.01123046875,
        "var": 0.0181538499892
    },
    "barkbands": {
        "dmean": [4.43341014034e-06, 0.000469447113574, 0.00212819268927, 0.000688182830345, 0.00151504774112, 0.00182009860873, 0.00374430115335, 0.00209487369284, 0.00046364965965, 0.000184767952305, 0.00028929245309, 0.000620088540018, 0.000777012319304, 0.000501685601193, 0.000315537152346, 0.000331209186697, 0.000359808007488, 0.000278331252048, 0.000103318794572, 5.01162794535e-05, 5.06417636643e-05, 2.74229132629e-05, 2.35855623032e-05, 2.26760548685e-05, 6.4145815486e-06, 2.8453412142e-06, 5.39514576303e-06],
        "dmean2": [7.38686776458e-06, 0.000616283563431, 0.003058668226, 0.00102920853533, 0.00216194987297, 0.00280654011294, 0.00580286234617, 0.00307486974634, 0.000685484614223, 0.000273794052191, 0.000445624842541, 0.000972559675574, 0.0012034107931, 0.000772744533606, 0.000473507097922, 0.000493990024552, 0.000532266276423, 0.000413486908656, 0.000161407951964, 8.27223411761e-05, 8.0751698988e-05, 4.1919072828e-05, 3.57441822416e-05, 3.56345299224e-05, 1.00565985122e-05, 4.54402197647e-06, 9.30190981308e-06],
        "dvar": [1.85859647117e-10, 5.09891947331e-07, 7.44518456486e-06, 2.04029811357e-06, 4.20759624831e-06, 7.67126675782e-06, 3.38375830324e-05, 1.51205658767e-05, 1.38960365348e-06, 1.95776195255e-07, 6.3519860305e-07, 1.86365025456e-06, 2.52955442193e-06, 1.57199872319e-06, 5.99055795192e-07, 3.6792474134e-07, 3.05548411461e-07, 2.04239483992e-07, 6.3467254563e-08, 7.38000593969e-08, 5.40743130273e-08, 1.01382919837e-08, 1.09992823738e-08, 8.50400283525e-09, 5.68381286481e-10, 1.57132098999e-10, 2.51917289112e-11],
        "dvar2": [4.73507233423e-10, 7.56279007419e-07, 1.26421582536e-05, 3.83951783078e-06, 7.39610140954e-06, 1.56525293278e-05, 7.22476688679e-05, 2.95423214993e-05, 2.83183635474e-06, 4.10328709677e-07, 1.5001940028e-06, 4.0364443521e-06, 5.43396163266e-06, 3.4777287965e-06, 1.27393946059e-06, 7.5578572023e-07, 5.85694465371e-07, 4.37300855083e-07, 1.47459999766e-07, 1.89918708315e-07, 1.20387127822e-07, 1.92731022253e-08, 2.05786481189e-08, 2.01739283057e-08, 1.21666565711e-09, 3.67599034545e-10, 7.29274349243e-11],
        "max": [0.000359128694981, 0.0101764937863, 0.0325768999755, 0.0202716160566, 0.026917360723, 0.0337705649436, 0.0556274279952, 0.0362201370299, 0.0207507479936, 0.00837827380747, 0.0130376648158, 0.0255313981324, 0.0179493222386, 0.0155122186989, 0.0111472597346, 0.00743835465983, 0.00908157136291, 0.00731077371165, 0.00511405942962, 0.0077354204841, 0.00462080724537, 0.00201768404804, 0.00369199714623, 0.00180604390334, 0.000333478092216, 0.000300774874631, 6.78214273648e-05],
        "mean": [4.26388714914e-06, 0.00105810060631, 0.00443435320631, 0.00103475595824, 0.00298307114281, 0.00246116449125, 0.00447633815929, 0.00222020596266, 0.000501313130371, 0.000217214022996, 0.000298993807519, 0.000627829693258, 0.000791117199697, 0.000488759949803, 0.000344274536474, 0.00042400721577, 0.000474346190458, 0.000372393347789, 0.000120087985124, 4.49258986919e-05, 4.78522233607e-05, 2.86790236714e-05, 2.59047774307e-05, 2.13545699808e-05, 5.97486359766e-06, 2.55616919276e-06, 2.1570311219e-05],
        "median": [7.97481391146e-07, 0.000397280498873, 0.00341634359211, 0.000219199573621, 0.00216561509296, 0.00133179500699, 0.000969880900811, 0.000159264454851, 5.15296123922e-05, 2.86838858301e-05, 2.60353263002e-05, 6.18147751084e-05, 5.77663231525e-05, 3.83003934985e-05, 3.80454584956e-05, 8.41918517835e-05, 0.00012931638048, 0.000101575002191, 3.29730319208e-05, 3.86240390071e-06, 1.16642434023e-06, 1.72757711425e-06, 5.79605739404e-07, 1.55020904913e-06, 3.99130385631e-07, 1.96505425265e-07, 2.15676500375e-05],
        "min": [1.16679509301e-24, 6.0317843092e-24, 2.14991339057e-24, 4.1924984093e-25, 8.048095428e-24, 1.13817924256e-23, 5.01697739019e-23, 1.15242883152e-23, 3.59982032839e-23, 3.14747044594e-23, 2.89017588864e-23, 5.12946548428e-23, 6.41542898219e-23, 7.38069559413e-23, 7.58269952167e-23, 8.01617164712e-23, 1.279994219e-22, 1.46377874129e-22, 1.84915900294e-22, 2.99251872662e-22, 3.57266546411e-22, 4.13592174299e-22, 5.50677367939e-22, 7.99371915114e-22, 1.05338401588e-21, 1.53996806348e-21, 2.27594141121e-21],
        "var": [1.89473131629e-10, 2.04275943361e-06, 2.20787806029e-05, 4.86502858621e-06, 1.21926168504e-05, 1.22074825413e-05, 5.20814537595e-05, 2.1871404897e-05, 1.86822148862e-06, 3.07748052819e-07, 7.77358366122e-07, 2.35442280427e-06, 3.3910489492e-06, 1.95911070477e-06, 8.27129895242e-07, 6.49023377264e-07, 5.76605486913e-07, 3.56103612376e-07, 7.72925616843e-08, 6.24408187377e-08, 6.61835812821e-08, 1.462965038e-08, 2.66817288264e-08, 9.60120782878e-09, 6.11071249157e-10, 1.47636236569e-10, 3.14515358202e-11]
    },
    "erbbands": {
        "dmean": [0.00247957441024, 0.163634538651, 1.94187104702, 2.55645060539, 3.23840498924, 6.18173742294, 9.43781757355, 16.6442584991, 40.3205413818, 58.9129524231, 38.825553894, 11.7304143906, 5.1425614357, 7.53303718567, 14.0371704102, 26.9886817932, 36.3004226685, 26.2234992981, 18.9648475647, 14.8140392303, 20.5246162415, 19.8826274872, 16.6552467346, 8.43934631348, 3.51700854301, 2.30250787735, 2.43412423134, 1.7307870388, 0.950907230377, 0.790694177151, 0.711928129196, 0.489773005247, 0.369700402021, 0.101391926408, 0.037347599864, 0.0202523786575, 0.00327287777327, 0.000155771835125, 0.000255252118222, 0.000163046570378],
        "dmean2": [0.00329921976663, 0.217931613326, 2.75223135948, 3.73981308937, 4.55486154556, 8.79778766632, 14.1610918045, 25.8504199982, 63.3903198242, 86.9481124878, 56.4596214294, 17.1046485901, 7.47805690765, 10.983754158, 21.5779933929, 41.3641777039, 55.6175308228, 39.3502731323, 28.1984901428, 21.7211341858, 30.3378295898, 29.0768527985, 24.4740161896, 12.9422149658, 5.48827838898, 3.77655625343, 3.90442204475, 2.71025180817, 1.4737303257, 1.19452941418, 1.07751202583, 0.768091201782, 0.583548426628, 0.157600566745, 0.059751149267, 0.0323165506124, 0.0052248747088, 0.000247773859883, 0.000431223277701, 0.000280832027784],
        "dvar": [1.44339492181e-05, 0.0532836578786, 6.10645008087, 16.9854850769, 23.785118103, 83.2790527344, 287.115753174, 766.381652832, 3946.85717773, 9404.72265625, 5602.89746094, 800.548156738, 111.703201294, 335.66986084, 1109.92712402, 3194.90649414, 5325.40722656, 3452.96118164, 2343.1484375, 1001.20977783, 1268.89782715, 914.030700684, 689.874328613, 294.720672607, 118.08694458, 186.775527954, 154.57208252, 54.2289047241, 13.0686092377, 9.91164684296, 10.7177143097, 4.70696735382, 2.05602240562, 0.150038927794, 0.0221752058715, 0.00775130139664, 0.000176849949639, 5.19515822361e-07, 4.90376237394e-08, 2.33967760721e-08],
        "dvar2": [2.36921459873e-05, 0.0804621204734, 10.1215248108, 32.1249809265, 40.3593101501, 141.710296631, 583.081726074, 1576.73071289, 8493.25683594, 19212.2480469, 11077.5117188, 1575.28137207, 232.935760498, 703.034973145, 2559.25488281, 6781.53955078, 11675.3837891, 7313.1484375, 5044.15722656, 2133.87231445, 2519.96313477, 1736.10253906, 1433.45654297, 723.296813965, 280.205688477, 487.74508667, 367.532409668, 112.466949463, 25.4518737793, 19.6657714844, 19.5964660645, 10.9171123505, 4.91009521484, 0.33849003911, 0.0498032718897, 0.01802219823, 0.000400481774705, 1.17398531074e-06, 1.38872749744e-07, 6.78709710655e-08],
        "max": [0.0778227820992, 3.01243138313, 29.6837100983, 51.4732170105, 68.7089157104, 117.724662781, 297.653320312, 425.437744141, 784.111755371, 971.896606445, 775.828857422, 637.033813477, 179.153442383, 302.136810303, 443.273956299, 1204.05444336, 921.463317871, 763.781555176, 700.994140625, 429.968811035, 438.470306396, 552.535766602, 432.647216797, 398.368041992, 211.650192261, 431.008056641, 281.816131592, 189.398986816, 76.8446884155, 54.6809120178, 123.836334229, 45.017780304, 28.8504772186, 6.55270242691, 2.63663291931, 1.9502042532, 0.283261239529, 0.0200196318328, 0.00301619176753, 0.00209485343657],
        "mean": [0.00606607459486, 0.398046135902, 4.31763458252, 4.70825815201, 6.05760955811, 11.036734581, 13.7688570023, 21.7608547211, 48.7786712646, 69.3297805786, 41.8012046814, 13.1110401154, 6.39654445648, 9.01685142517, 14.7854957581, 28.0740242004, 37.4703788757, 27.3424396515, 19.9620361328, 18.0945854187, 26.6772117615, 26.7784862518, 22.777256012, 10.8762760162, 3.81938362122, 2.10586547852, 2.22433710098, 1.63556432724, 0.98599344492, 0.826820611954, 0.799277126789, 0.481899887323, 0.337744325399, 0.0921965315938, 0.0346502661705, 0.0182346496731, 0.00299722352065, 0.000197202563868, 0.00101647060364, 0.000669233733788],
        "median": [0.0035958616063, 0.224672138691, 3.43505072594, 2.52420735359, 3.42679142952, 5.8756814003, 7.00391960144, 11.4751529694, 15.6924953461, 9.3417339325, 3.19978785515, 1.39466190338, 0.969705045223, 1.05947351456, 1.59767341614, 2.89736366272, 3.30056619644, 2.34954810143, 2.02495765686, 2.77993440628, 6.37596511841, 7.48388385773, 6.0582690239, 3.61140537262, 0.922097802162, 0.209185525775, 0.0747380554676, 0.0499983653426, 0.0630991756916, 0.0314932987094, 0.0174428746104, 0.0283220205456, 0.0239544697106, 0.00617478694767, 0.00247859023511, 0.00131702772342, 0.000249679404078, 8.19182168925e-05, 0.00101204018574, 0.000655555748381],
        "min": [2.75121185552e-22, 1.08524460585e-21, 4.25865254592e-21, 4.71847570531e-21, 1.2452675825e-20, 2.37601895622e-20, 6.36767771446e-20, 1.51797142056e-19, 6.93795308936e-19, 4.71595933141e-19, 3.78866246439e-19, 9.57492578303e-19, 9.36244893306e-19, 1.25680405725e-18, 1.37228767314e-18, 2.52706634306e-18, 3.52443915985e-18, 4.26020556137e-18, 3.56301224617e-18, 4.54585460153e-18, 5.43395623901e-18, 7.07229083975e-18, 6.97754474521e-18, 9.15301238543e-18, 9.91816768693e-18, 1.42642598249e-17, 1.47000979809e-17, 1.43611805773e-17, 1.46675864741e-17, 1.83844150232e-17, 1.31869596474e-17, 1.33798077083e-17, 1.28929589782e-17, 1.13427546815e-17, 8.66461103737e-18, 4.9229699651e-18, 2.99784047226e-18, 1.28911331838e-18, 2.82101443461e-19, 3.16171048338e-20],
        "var": [5.36228253623e-05, 0.215007632971, 19.7315711975, 41.890296936, 63.4446029663, 225.98638916, 502.283508301, 1136.12207031, 5760.67041016, 14460.5126953, 8038.89746094, 1102.11096191, 188.763931274, 537.311645508, 1425.25427246, 4210.36767578, 7056.44238281, 4902.98535156, 3121.96655273, 1562.85681152, 2283.15161133, 1779.36486816, 1253.06921387, 392.269042969, 125.989006042, 148.523239136, 162.436340332, 70.8593597412, 17.8157558441, 15.3447504044, 27.8835334778, 6.60642051697, 2.09521865845, 0.150865271688, 0.0223370604217, 0.00733661558479, 0.000178021349711, 5.10410814059e-07, 7.61917107184e-08, 2.90483033183e-08]
    },
    "gfcc": {
        "mean": [-93.6588592529, 120.91444397, -100.918739319, 6.80074071884, -21.7575893402, -23.2276134491, -39.2856483459, -10.8516817093, -5.01143836975, -18.9880962372, 6.48781394958, -12.9176559448, -11.794210434],
        "cov": [[12540.1953125, 2442.48144531, -2694.79150391, 160.470672607, -551.824462891, -255.531692505, -1210.21179199, 630.561401367, -85.1431350708, -155.427612305, -15.1266469955, 112.722488403, -673.409606934], [2442.48144531, 4140.93408203, -330.168395996, -1122.02416992, 791.065002441, -720.153015137, -308.535217285, 116.062210083, 240.26675415, -657.74987793, 76.682762146, 75.9277954102, -127.838569641], [-2694.79150391, -330.168395996, 1304.98010254, 232.544509888, 127.354980469, 121.193870544, 278.532318115, -176.037384033, -12.1248950958, 20.7541007996, -42.5299606323, 43.9779624939, 239.133468628], [160.470672607, -1122.02416992, 232.544509888, 947.526733398, -127.812942505, 190.535095215, -87.6284866333, -99.2103881836, -58.9244537354, 210.07611084, -57.2045669556, 12.6120233536, 73.9995269775], [-551.824462891, 791.065002441, 127.354980469, -127.812942505, 623.717163086, -157.334701538, -148.661804199, -126.866004944, 126.249313354, -54.0993843079, 11.3446712494, -45.928691864, 62.5256690979], [-255.531692505, -720.153015137, 121.193870544, 190.535095215, -157.334701538, 338.695373535, 110.371101379, -35.3312072754, -50.2841720581, 188.566360474, -6.38179636002, -25.0308494568, 18.7553138733], [-1210.21179199, -308.535217285, 278.532318115, -87.6284866333, -148.661804199, 110.371101379, 457.666229248, 0.830436110497, -49.9990348816, -12.0658969879, 30.6119155884, 16.3827362061, 54.2328109741], [630.561401367, 116.062210083, -176.037384033, -99.2103881836, -126.866004944, -35.3312072754, 0.830436110497, 244.621444702, -27.8091449738, -73.8247375488, 15.1762123108, 46.5604171753, -56.0739936829], [-85.1431350708, 240.26675415, -12.1248950958, -58.9244537354, 126.249313354, -50.2841720581, -49.9990348816, -27.8091449738, 137.312683105, -2.11048316956, -12.9223136902, -13.2067670822, 11.7605686188], [-155.427612305, -657.74987793, 20.7541007996, 210.07611084, -54.0993843079, 188.566360474, -12.0658969879, -73.8247375488, -2.11048316956, 300.936950684, -10.6360397339, -73.4124679565, -15.9513263702], [-15.1266469955, 76.682762146, -42.5299606323, -57.2045669556, 11.3446712494, -6.38179636002, 30.6119155884, 15.1762123108, -12.9223136902, -10.6360397339, 102.20375824, -6.10532093048, -31.56848526], [112.722488403, 75.9277954102, 43.9779624939, 12.6120233536, -45.928691864, -25.0308494568, 16.3827362061, 46.5604171753, -13.2067670822, -73.4124679565, -6.10532093048, 151.627807617, 14.9066410065], [-673.409606934, -127.838569641, 239.133468628, 73.9995269775, 62.5256690979, 18.7553138733, 54.2328109741, -56.0739936829, 11.7605686188, -15.9513263702, -31.56848526, 14.9066410065, 154.295166016]],
        "icov": [[0.00058157677995, -0.000869332754519, 0.000904400658328, -0.00088925199816, 0.000954826769885, -0.000699820171576, 0.000734091561753, -0.000465764285764, 0.00062229525065, -0.000528923526872, 0.000362309598131, -0.000145070254803, 9.96560411295e-05], [-0.000869332754519, 0.00210971012712, -0.00143900269177, 0.00184333755169, -0.00210041413084, 0.00136056670453, -0.000803706119768, 0.000663461512886, -0.00137736368924, 0.00188821426127, -0.000581835047342, 2.85562437057e-05, 0.000687771418598], [0.000904400658328, -0.00143900269177, 0.00276952516288, -0.00169581361115, 0.00113337044604, -0.00129730487242, 0.000314536096994, -0.000284741516225, 0.00124251504894, -0.00090050639119, 0.000813808117528, -0.00060819106875, -0.00120226084255], [-0.00088925199816, 0.00184333755169, -0.00169581361115, 0.0033462527208, -0.00145360128954, 0.00101891788654, -0.000126541635836, 0.0010618630331, -0.000647029897664, 0.000572295452002, -0.00040240449016, -0.000391962588765, -0.000370820576791], [0.000954826769885, -0.00210041413084, 0.00113337044604, -0.00145360128954, 0.00511176558211, -0.000583102693781, 0.00207263347693, 0.000363633560482, -0.000233519196627, -0.00167367758695, -0.0005532024079, 0.000550176657271, -0.00155089842156], [-0.000699820171576, 0.00136056670453, -0.00129730487242, 0.00101891788654, -0.000583102693781, 0.00697758374736, -0.00177803309634, 0.000506621378008, 9.04107491806e-06, -0.00249172304757, -0.000575610960368, -2.9408312912e-05, -0.000581096741371], [0.000734091561753, -0.000803706119768, 0.000314536096994, -0.000126541635836, 0.00207263347693, -0.00177803309634, 0.00470351660624, -0.000434402172687, 0.000854330894072, 0.000178796297405, -0.000964998500422, -8.73854296515e-05, -0.000559301581234], [-0.000465764285764, 0.000663461512886, -0.000284741516225, 0.0010618630331, 0.000363633560482, 0.000506621378008, -0.000434402172687, 0.00633554998785, -0.000252219440881, 0.00153112027328, -0.000582508859225, -0.00108494865708, 0.000858312880155], [0.00062229525065, -0.00137736368924, 0.00124251504894, -0.000647029897664, -0.000233519196627, 9.04107491806e-06, 0.000854330894072, -0.000252219440881, 0.0105919940397, -0.00236245710403, 0.00186373619363, -0.000212568163988, -0.000988755375147], [-0.000528923526872, 0.00188821426127, -0.00090050639119, 0.000572295452002, -0.00167367758695, -0.00249172304757, 0.000178796297405, 0.00153112027328, -0.00236245710403, 0.00914077740163, -0.00017329712864, 0.00219805445522, 0.00272912858054], [0.000362309598131, -0.000581835047342, 0.000813808117528, -0.00040240449016, -0.0005532024079, -0.000575610960368, -0.000964998500422, -0.000582508859225, 0.00186373619363, -0.00017329712864, 0.0118496688083, 0.000129666019347, 0.00270447344519], [-0.000145070254803, 2.85562437057e-05, -0.00060819106875, -0.000391962588765, 0.000550176657271, -2.9408312912e-05, -8.73854296515e-05, -0.00108494865708, -0.000212568163988, 0.00219805445522, 0.000129666019347, 0.00851336028427, -0.000614371092524], [9.96560411295e-05, 0.000687771418598, -0.00120226084255, -0.000370820576791, -0.00155089842156, -0.000581096741371, -0.000559301581234, 0.000858312880155, -0.000988755375147, 0.00272912858054, 0.00270447344519, -0.000614371092524, 0.0117048481479]]
    },
    "melbands": {
        "dmean": [6.87759529683e-05, 0.000726362632122, 0.000407731742598, 0.000346512009855, 0.000298646395095, 0.000373100367142, 0.000672889233101, 0.000602281768806, 0.000274163467111, 5.96383179072e-05, 2.4164954084e-05, 2.90512107313e-05, 4.31938351539e-05, 6.37335760985e-05, 8.70982185006e-05, 7.16585636837e-05, 4.95083950227e-05, 3.31520895998e-05, 2.24087416427e-05, 1.84998625627e-05, 2.60928445641e-05, 2.13181956497e-05, 1.80823299161e-05, 1.31747001433e-05, 6.60498835714e-06, 3.02936950902e-06, 1.72415298039e-06, 1.56119870098e-06, 1.64860205132e-06, 1.21884170312e-06, 9.49701131958e-07, 5.31906721335e-07, 5.39034090252e-07, 3.93456502934e-07, 4.53165029057e-07, 3.38967652169e-07, 3.01002273773e-07, 2.93967133302e-07, 1.59765804142e-07, 6.28630161259e-08],
        "dmean2": [8.94661498023e-05, 0.00103168946225, 0.000598307698965, 0.000478945206851, 0.000444169301772, 0.000579183455557, 0.00104931590613, 0.000886731024366, 0.000400105753215, 8.82179301698e-05, 3.5420529457e-05, 4.3044823542e-05, 6.61848753225e-05, 9.97333554551e-05, 0.000134425936267, 0.000110357104859, 7.57682646508e-05, 5.10151112394e-05, 3.30579277943e-05, 2.7112699172e-05, 3.86250649171e-05, 3.13392883982e-05, 2.66277729679e-05, 1.96303608391e-05, 1.02973945104e-05, 4.81456800117e-06, 2.75953425444e-06, 2.58588579527e-06, 2.64238610725e-06, 1.9242329472e-06, 1.4942247617e-06, 8.37588231661e-07, 8.35065463889e-07, 6.02728675858e-07, 6.97706354913e-07, 5.22313939655e-07, 4.79707352952e-07, 4.63605374534e-07, 2.53484699897e-07, 9.78879768354e-08],
        "dvar": [1.11826796712e-08, 8.35418006773e-07, 3.72066722321e-07, 2.19260996914e-07, 2.49925079743e-07, 3.52284018845e-07, 1.02853630324e-06, 9.37487868669e-07, 2.91638883709e-07, 2.38407817932e-08, 2.68142330562e-09, 5.31782529123e-09, 1.28724320092e-08, 1.98240091009e-08, 3.18305595215e-08, 2.38980604195e-08, 1.46411629487e-08, 8.69372573931e-09, 2.98722668823e-09, 1.32035704592e-09, 2.08447348271e-09, 1.13012377234e-09, 7.99644628291e-10, 5.08017017342e-10, 2.32168076431e-10, 7.78552569636e-11, 4.02170866054e-11, 1.33880795339e-10, 7.41726471909e-11, 3.21209135679e-11, 1.60926411086e-11, 4.41860740705e-12, 4.53691771651e-12, 2.58058830381e-12, 4.64992801208e-12, 2.58641979362e-12, 1.77922726465e-12, 1.24688031167e-12, 4.25206229818e-13, 6.29062096467e-14],
        "dvar2": [1.67408700236e-08, 1.3699535657e-06, 6.88534214532e-07, 3.67605707652e-07, 4.97006908518e-07, 7.08069933353e-07, 2.21189088734e-06, 1.82800476978e-06, 5.76557340537e-07, 4.80138027115e-08, 5.72678171551e-09, 1.10388427288e-08, 2.99414573135e-08, 4.49965540383e-08, 7.16762471598e-08, 5.065924924e-08, 3.22346842552e-08, 1.9679601948e-08, 6.39591313245e-09, 2.80297807187e-09, 4.21820756102e-09, 2.15896056588e-09, 1.64856805984e-09, 1.08928788212e-09, 6.07709660372e-10, 1.93130747506e-10, 9.69565261411e-11, 3.63114260882e-10, 1.81077930428e-10, 7.00048560787e-11, 3.35993281808e-11, 8.93511913763e-12, 9.32710592788e-12, 5.26842068235e-12, 8.88526058285e-12, 5.36350044239e-12, 4.44394607918e-12, 2.99776588102e-12, 1.01901798631e-12, 1.41029644018e-13],
        "max": [0.00159548479132, 0.0107580311596, 0.0071517592296, 0.00610032957047, 0.00844738166779, 0.00830067135394, 0.0117548964918, 0.00849649496377, 0.00561328977346, 0.00377612980083, 0.000885848887265, 0.00133934011683, 0.00203366484493, 0.00170457165223, 0.00314946542494, 0.00177199475002, 0.00150853127707, 0.00137762306258, 0.000775785127189, 0.000578571402002, 0.000568370800465, 0.000579268205911, 0.00037951284321, 0.000293313671136, 0.000387774198316, 0.000162502314197, 0.000101415498648, 0.000388694141293, 0.000190577382455, 0.000111354114779, 9.99909170787e-05, 4.62714924652e-05, 4.07801417168e-05, 3.65710620827e-05, 8.30193093861e-05, 5.01011090819e-05, 2.4380386094e-05, 2.14563588088e-05, 1.07887435661e-05, 4.79028767586e-06],
        "mean": [0.000154936366016, 0.00167276826687, 0.000831683224533, 0.00066516228253, 0.000474704516819, 0.000491932558361, 0.000818901811726, 0.000717829738278, 0.000292558775982, 6.59248762531e-05, 2.97435180983e-05, 3.45397238561e-05, 4.45541409135e-05, 6.44295651e-05, 8.64631438162e-05, 7.27673832444e-05, 4.84981501359e-05, 3.29909016727e-05, 2.49689237535e-05, 2.35610878008e-05, 3.30642178596e-05, 2.78151183011e-05, 2.41509169427e-05, 1.7281039618e-05, 8.06019033917e-06, 3.24367874782e-06, 1.68237818343e-06, 1.34183517275e-06, 1.45037517996e-06, 1.14420345199e-06, 8.89611840194e-07, 5.40571875263e-07, 5.42870282061e-07, 4.02713652647e-07, 4.9936340929e-07, 3.52387559133e-07, 2.77806663007e-07, 2.67222930006e-07, 1.41632028772e-07, 5.60573134578e-08],
        "median": [5.99043924012e-05, 0.00140348565765, 0.000595293124206, 0.00040812039515, 0.000286868453259, 0.000266995077254, 0.000239165849052, 8.42172303237e-05, 2.08026249311e-05, 7.59738622946e-06, 4.41316478828e-06, 3.93456093661e-06, 4.13167708757e-06, 6.64977869747e-06, 7.60844886827e-06, 5.0157482292e-06, 3.81315157938e-06, 2.80140511677e-06, 3.05542198475e-06, 3.55189149559e-06, 7.61936371418e-06, 7.42709153201e-06, 6.29715577816e-06, 4.72300598631e-06, 2.48207652476e-06, 7.29195335225e-07, 2.11503433434e-07, 8.385061534e-08, 4.55265194432e-08, 2.19915001765e-08, 2.6545020404e-08, 3.40259411757e-08, 2.70275375414e-08, 1.14980673871e-08, 8.26269008769e-09, 1.09435003282e-08, 1.79306045567e-08, 1.84399908676e-08, 8.27626500666e-09, 3.49588136217e-09],
        "min": [3.38032656572e-24, 3.6762002867e-24, 1.09507166229e-24, 1.24921370267e-24, 2.05098865534e-24, 4.20079397197e-24, 1.05427449785e-23, 4.84004740651e-24, 4.06903171826e-24, 5.61453132174e-24, 4.91034359064e-24, 4.87153636727e-24, 3.34901115436e-24, 7.34299814028e-24, 5.68724497011e-24, 7.32148826998e-24, 7.54432569848e-24, 5.49624202343e-24, 4.83468196907e-24, 5.63332435508e-24, 5.86745156643e-24, 5.86533584149e-24, 7.88744863782e-24, 7.31706039372e-24, 6.40449781552e-24, 6.80971002455e-24, 7.32596111131e-24, 9.50641604069e-24, 7.06250444593e-24, 8.50624848681e-24, 7.50862185391e-24, 8.62031698485e-24, 7.37928100875e-24, 9.48043490678e-24, 6.13190219655e-24, 7.09093578182e-24, 8.11009200654e-24, 9.37341093663e-24, 8.87157076088e-24, 8.71341519344e-24],
        "var": [4.48690791188e-08, 2.76700211543e-06, 9.42819042393e-07, 6.7952896643e-07, 4.89521426061e-07, 5.40626615475e-07, 1.57533736456e-06, 1.50176674651e-06, 4.19078986624e-07, 3.1179286708e-08, 4.3780414849e-09, 8.26044477265e-09, 1.60558162321e-08, 2.34833041901e-08, 3.98881248032e-08, 3.21588444763e-08, 1.87504021198e-08, 1.02632773391e-08, 4.10735445655e-09, 2.30352514841e-09, 3.62169805257e-09, 2.12374273723e-09, 1.44323031304e-09, 8.62366511534e-10, 2.68744831944e-10, 7.73619709959e-11, 4.19216848735e-11, 9.44210473697e-11, 7.30683985539e-11, 4.03386768433e-11, 2.05304228479e-11, 5.5223577447e-12, 5.9886592213e-12, 4.15693738112e-12, 1.15766406877e-11, 5.11986850485e-12, 2.00916692138e-12, 1.31164209268e-12, 3.88751720702e-13, 6.24224250848e-14]
    },
    "mfcc": {
        "mean": [-748.442077637, 169.454742432, -12.2098703384, 26.7238769531, 26.1814689636, -9.30684566498, -12.527639389, 1.05518090725, -15.3504581451, -10.2256269455, 5.23025512695, 6.66247224808, -2.52563214302],
        "cov": [[10466.1035156, 1532.45910645, -2048.75878906, -8.90070724487, 143.806304932, -920.161987305, -751.85925293, 192.535140991, -458.270446777, -268.965118408, 261.924346924, 293.697357178, -91.6159973145], [1532.45910645, 4812.22900391, -876.26739502, -421.000396729, 679.376953125, -801.600280762, -396.260406494, 426.971099854, -57.2167282104, -478.085845947, 45.788105011, -1.91535389423, 101.688850403], [-2048.75878906, -876.26739502, 1206.56774902, 227.727508545, -164.582931519, 359.746887207, 263.318206787, 8.51666736603, 165.218536377, 27.5733795166, -113.079658508, -6.48879098892, 36.9580688477], [-8.90070724487, -421.000396729, 227.727508545, 525.639831543, 189.210586548, 145.331756592, -37.1024284363, -47.2888298035, 7.65418481827, 15.3625383377, -61.5124969482, -61.3071022034, 8.6845741272], [143.806304932, 679.376953125, -164.582931519, 189.210586548, 674.785766602, 30.3750724792, -205.840103149, -96.9465637207, -22.1526966095, 11.8691034317, -39.302696228, -84.1569442749, 24.565322876], [-920.161987305, -801.600280762, 359.746887207, 145.331756592, 30.3750724792, 539.957702637, 118.871696472, -207.640625, 84.2206039429, 152.861984253, -2.28116798401, -0.166759416461, 15.6916313171], [-751.85925293, -396.260406494, 263.318206787, -37.1024284363, -205.840103149, 118.871696472, 322.970794678, 18.00390625, 39.8735466003, 55.2088241577, 13.2887449265, 51.2164306641, 12.6100187302], [192.535140991, 426.971099854, 8.51666736603, -47.2888298035, -96.9465637207, -207.640625, 18.00390625, 305.554077148, 21.0925388336, -158.81338501, -12.4864110947, 28.6362247467, 32.2884597778], [-458.270446777, -57.2167282104, 165.218536377, 7.65418481827, -22.1526966095, 84.2206039429, 39.8735466003, 21.0925388336, 168.185256958, 22.9010009766, -35.3637771606, -8.30490875244, 15.9086055756], [-268.965118408, -478.085845947, 27.5733795166, 15.3625383377, 11.8691034317, 152.861984253, 55.2088241577, -158.81338501, 22.9010009766, 249.307525635, 34.6987762451, -21.6850852966, -31.6958198547], [261.924346924, 45.788105011, -113.079658508, -61.5124969482, -39.302696228, -2.28116798401, 13.2887449265, -12.4864110947, -35.3637771606, 34.6987762451, 145.167266846, 60.9741668701, -13.0547142029], [293.697357178, -1.91535389423, -6.48879098892, -61.3071022034, -84.1569442749, -0.166759416461, 51.2164306641, 28.6362247467, -8.30490875244, -21.6850852966, 60.9741668701, 152.085327148, 19.7682304382], [-91.6159973145, 101.688850403, 36.9580688477, 8.6845741272, 24.565322876, 15.6916313171, 12.6100187302, 32.2884597778, 15.9086055756, -31.6958198547, -13.0547142029, 19.7682304382, 79.9198226929]],
