{
"lowlevel": {
    "average_loudness": 0.960802435875,
    "barkbands_crest": {
        "dmean": 2.93760490417,
        "dmean2": 4.6155591011,
        "dvar": 6.52694559097,
        "dvar2": 15.1690950394,
        "max": 22.6010627747,
        "mean": 10.0809812546,
        "median": 9.44975090027,
        "min": 2.27702927589,
        "var": 14.6620082855
    },
    "barkbands_flatness_db": {
        "dmean": 0.0439953543246,
        "dmean2": 0.0645440220833,
        "dvar": 0.00217413692735,
        "dvar2": 0.0047369170934,
        "max": 0.449469983578,
        "mean": 0.192575022578,
        "median": 0.190860152245,
        "min": 0.0194833055139,
        "var": 0.00524222012609
    },
    "barkbands_kurtosis": {
        "dmean": 10.3889303207,
        "dmean2": 16.9343090057,
        "dvar": 333.494232178,
        "dvar2": 783.937866211,
        "max": 311.59262085,
        "mean": 9.71191978455,
        "median": 2.42053079605,
        "min": -1.94789266586,
        "var": 372.342315674
    },
    "barkbands_skewness": {
        "dmean": 1.25483214855,
        "dmean2": 1.85749006271,
        "dvar": 2.09502959251,
        "dvar2": 4.35905218124,
        "max": 14.7600889206,
        "mean": 1.63952732086,
        "median": 1.2666425705,
        "min": -6.13135051727,
        "var": 4.03410339355
    },
    "barkbands_spread": {
        "dmean": 11.7744750977,
        "dmean2": 18.8350830078,
        "dvar": 342.059265137,
        "dvar2": 790.938049316,
        "max": 138.681137085,
        "mean": 22.3649902344,
        "median": 13.0557231903,
        "min": 1.04786658287,
        "var": 640.965759277
    },
    "dissonance": {
        "dmean": 0.0266004726291,
        "dmean2": 0.041066005826,
        "dvar": 0.000884157721885,
        "dvar2": 0.00211444403976,
        "max": 0.5,
        "mean": 0.438651025295,
        "median": 0.442783296108,
        "min": 0.192478790879,
        "var": 0.00206218124367
    },
    "dynamic_complexity": 4.39458656311,
    "erbbands_crest": {
        "dmean": 3.10719585419,
        "dmean2": 5.12594890594,
        "dvar": 7.4278216362,
        "dvar2": 18.3504505157,
        "max": 27.2007446289,
        "mean": 9.93401622772,
        "median": 9.28918361664,
        "min": 2.6983923912,
        "var": 13.6856279373
    },
    "erbbands_flatness_db": {
        "dmean": 0.0335829406977,
        "dmean2": 0.0497956462204,
        "dvar": 0.00118112564087,
        "dvar2": 0.0025267964229,
        "max": 0.352511137724,
        "mean": 0.206086799502,
        "median": 0.222438782454,
        "min": 0.0399613454938,
        "var": 0.0034591362346
    },
    "erbbands_kurtosis": {
        "dmean": 2.63972210884,
        "dmean2": 4.28799724579,
        "dvar": 25.1777458191,
        "dvar2": 63.3038635254,
        "max": 69.4273147583,
        "mean": 1.77084565163,
        "median": 0.282067418098,
        "min": -1.87922310829,
        "var": 26.7657356262
    },
    "erbbands_skewness": {
        "dmean": 0.738571643829,
        "dmean2": 1.11306405067,
        "dvar": 0.754202067852,
        "dvar2": 1.72069525719,
        "max": 7.12015104294,
        "mean": 0.378309696913,
        "median": 0.401095032692,
        "min": -5.68215036392,
        "var": 1.43715393543
    },
    "erbbands_spread": {
        "dmean": 13.1658401489,
        "dmean2": 21.2434082031,
        "dvar": 289.094909668,
        "dvar2": 788.538757324,
        "max": 162.450836182,
        "mean": 31.0694789886,
        "median": 26.1097564697,
        "min": 2.66003274918,
        "var": 388.984191895
    },
    "hfc": {
        "dmean": 8.33411121368,
        "dmean2": 11.4065971375,
        "dvar": 81.424118042,
        "dvar2": 132.495056152,
        "max": 83.6965408325,
        "mean": 15.8888750076,
        "median": 11.0791063309,
        "min": 7.91407737954e-12,
        "var": 222.024627686
    },
    "melbands_crest": {
        "dmean": 4.02038383484,
        "dmean2": 6.05289793015,
        "dvar": 13.9036893845,
        "dvar2": 30.462064743,
        "max": 33.1982040405,
        "mean": 13.4629974365,
        "median": 12.1970844269,
        "min": 2.45951843262,
        "var": 32.0194244385
    },
    "melbands_flatness_db": {
        "dmean": 0.0626189410686,
        "dmean2": 0.0891323760152,
        "dvar": 0.00431733764708,
        "dvar2": 0.00874784681946,
        "max": 0.603650510311,
        "mean": 0.275453209877,
        "median": 0.276805400848,
        "min": 0.0141284866259,
        "var": 0.0115558272228
    },
    "melbands_kurtosis": {
        "dmean": 14.5344657898,
        "dmean2": 24.1114826202,
        "dvar": 710.853149414,
        "dvar2": 1792.96728516,
        "max": 338.500305176,
        "mean": 15.5904531479,
        "median": 5.21466255188,
        "min": -1.87745308876,
        "var": 747.706481934
    },
    "melbands_skewness": {
        "dmean": 1.34705245495,
        "dmean2": 2.01688861847,
        "dvar": 2.36935687065,
        "dvar2": 5.53460264206,
        "max": 15.244811058,
        "mean": 2.38060069084,
        "median": 1.87995505333,
        "min": -3.90429568291,
        "var": 4.32394647598
    },
    "melbands_spread": {
        "dmean": 14.727596283,
        "dmean2": 24.3150653839,
        "dvar": 818.74597168,
        "dvar2": 2056.49145508,
        "max": 264.291992188,
        "mean": 23.3735923767,
        "median": 15.103061676,
        "min": 0.381696879864,
        "var": 935.513122559
    },
    "pitch_salience": {
        "dmean": 0.0880281552672,
        "dmean2": 0.134021282196,
        "dvar": 0.00790997501463,
        "dvar2": 0.0176627282053,
        "max": 0.998102128506,
        "mean": 0.644204795361,
        "median": 0.675298690796,
        "min": 0.0901687517762,
        "var": 0.0161521565169
    },
    "silence_rate_20dB": {
        "dmean": 0,
        "dmean2": 0,
        "dvar": 0,
        "dvar2": 0,
        "max": 1,
        "mean": 1,
        "median": 1,
        "min": 1,
        "var": 0
    },
    "silence_rate_30dB": {
        "dmean": 0,
        "dmean2": 0,
        "dvar": 0,
        "dvar2": 0,
        "max": 1,
        "mean": 1,
        "median": 1,
        "min": 1,
        "var": 0
    },
    "silence_rate_60dB": {
        "dmean": 0.093256264925,
        "dmean2": 0.186584427953,
        "dvar": 0.084560289979,
        "dvar2": 0.178760394454,
        "max": 1,
        "mean": 0.174884438515,
        "median": 0,
        "min": 0,
        "var": 0.144297584891
    },
    "spectral_centroid": {
        "dmean": 478.073944092,
        "dmean2": 713.229736328,
        "dvar": 472469.34375,
        "dvar2": 855001.6875,
        "max": 5509.00146484,
        "mean": 1184.25073242,
        "median": 888.409729004,
        "min": 122.621788025,
        "var": 1043825
    },
    "spectral_complexity": {
        "dmean": 5.1768784523,
        "dmean2": 6.68542814255,
        "dvar": 24.427772522,
        "dvar2": 39.4160728455,
        "max": 38,
        "mean": 12.92989254,
        "median": 12,
        "min": 0,
        "var": 92.4055786133
    },
    "spectral_decrease": {
        "dmean": 2.51012144403e-09,
        "dmean2": 3.28047655707e-09,
        "dvar": 7.63653720535e-18,
        "dvar2": 1.19901715761e-17,
        "max": 3.03122522742e-12,
        "mean": -6.43190034566e-09,
        "median": -6.53924381311e-09,
        "min": -2.48326621488e-08,
        "var": 2.683471349e-17
    },
    "spectral_energy": {
        "dmean": 0.0101160733029,
        "dmean2": 0.0132264010608,
        "dvar": 0.000122480618302,
        "dvar2": 0.000193420870346,
        "max": 0.101315766573,
        "mean": 0.0257165767252,
        "median": 0.025688432157,
        "min": 7.17830882524e-16,
        "var": 0.000427283608587
    },
    "spectral_energyband_high": {
        "dmean": 0.000216855725739,
        "dmean2": 0.000316141784424,
        "dvar": 4.72867867529e-07,
        "dvar2": 8.73874341778e-07,
        "max": 0.00784240011126,
        "mean": 0.000275942904409,
        "median": 5.61422930332e-05,
        "min": 3.46140993277e-16,
        "var": 7.15395458428e-07
    },
    "spectral_energyband_low": {
        "dmean": 0.00236228201538,
        "dmean2": 0.00331248156726,
        "dvar": 1.08703561637e-05,
        "dvar2": 1.84585660463e-05,
        "max": 0.0366093590856,
        "mean": 0.00603817403316,
        "median": 0.00526008196175,
        "min": 9.64140396242e-20,
        "var": 3.17230878863e-05
    },
    "spectral_energyband_middle_high": {
        "dmean": 0.00281779491343,
        "dmean2": 0.00378284580074,
        "dvar": 1.3329493413e-05,
        "dvar2": 2.13439343497e-05,
        "max": 0.0486230626702,
        "mean": 0.00438362918794,
        "median": 0.00170232192613,
        "min": 2.4578887073e-16,
        "var": 3.40008264175e-05
    },
    "spectral_energyband_middle_low": {
        "dmean": 0.00681014079601,
        "dmean2": 0.00932277459651,
        "dvar": 6.17943369434e-05,
        "dvar2": 0.000100684839708,
        "max": 0.0793215557933,
        "mean": 0.0157636739314,
        "median": 0.0155928060412,
        "min": 1.0726312392e-17,
        "var": 0.000192702776985
    },
    "spectral_entropy": {
        "dmean": 0.388095796108,
        "dmean2": 0.577702581882,
        "dvar": 0.193334311247,
        "dvar2": 0.410282939672,
        "max": 8.8529586792,
        "mean": 7.08467149734,
        "median": 7.04504585266,
        "min": 4.48062181473,
        "var": 0.45582228899
    },
    "spectral_flux": {
        "dmean": 0.0350721552968,
        "dmean2": 0.05636234954,
        "dvar": 0.00103761185892,
        "dvar2": 0.00247022742406,
        "max": 0.266506820917,
        "mean": 0.0885727405548,
        "median": 0.0859353840351,
        "min": 3.46159977198e-05,
        "var": 0.00253270706162
    },
    "spectral_kurtosis": {
        "dmean": 7.53428030014,
        "dmean2": 12.2665748596,
        "dvar": 101.739196777,
        "dvar2": 240.462844849,
        "max": 122.935653687,
        "mean": 12.7284221649,
        "median": 9.34471893311,
        "min": -0.746152877808,
        "var": 150.874176025
    },
    "spectral_rms": {
        "dmean": 0.00111800897866,
        "dmean2": 0.00140270136762,
        "dvar": 1.33102150812e-06,
        "dvar2": 1.95996403818e-06,
        "max": 0.00994206499308,
        "mean": 0.00437052501366,
        "median": 0.00500618480146,
        "min": 8.36852920294e-10,
        "var": 5.98788165007e-06
    },
    "spectral_rolloff": {
        "dmean": 1351.6217041,
        "dmean2": 2407.97387695,
        "dvar": 11391566,
        "dvar2": 25127662,
        "max": 20779.5410156,
        "mean": 2845.98876953,
        "median": 990.52734375,
        "min": 107.666015625,
        "var": 25265852
    },
    "spectral_skewness": {
        "dmean": 0.779253959656,
        "dmean2": 1.22309184074,
        "dvar": 0.709068357944,
        "dvar2": 1.61400127411,
        "max": 9.53747272491,
        "mean": 2.16937613487,
        "median": 1.94702196121,
        "min": -0.0210709348321,
        "var": 1.4267077446
    },
    "spectral_spread": {
        "dmean": 828457.125,
        "dmean2": 1225549,
        "dvar": 1.24730618675e+12,
        "dvar2": 2.43161576243e+12,
        "max": 17582626,
        "mean": 3255657.25,
        "median": 2592217,
        "min": 882251.1875,
        "var": 2.85148735078e+12
    },
    "spectral_strongpeak": {
        "dmean": 0.717776536942,
        "dmean2": 1.18643319607,
        "dvar": 0.832580387592,
        "dvar2": 1.83076429367,
        "max": 7.27417516708,
        "mean": 1.23055648804,
        "median": 0.835173130035,
        "min": 2.26144680759e-09,
        "var": 1.30196297169
    },
    "zerocrossingrate": {
        "dmean": 0.0347044728696,
        "dmean2": 0.0377700775862,
        "dvar": 0.00296870223247,
        "dvar2": 0.00293241324835,
        "max": 0.80419921875,
        "mean": 0.0998458042741,
        "median": 0.03662109375,
        "min": 0.00927734375,
        "var": 0.017539517954
    },
    "barkbands": {
        "dmean": [4.27768509326e-06, 0.000354977586539, 0.00187608518172, 0.000680115947034, 0.00239916518331, 0.00089154887246, 0.00194019451737, 0.00217024725862, 0.00217530597001, 0.000469767430332, 0.000413118308643, 0.000730170286261, 0.000780442147516, 0.000432604138041, 0.000232742240769, 0.000180875111255, 0.000281624059426, 0.000144384801388, 0.000181057053851, 8.43765301397e-05, 5.79197912884e-05, 9.10475791898e-05, 2.31479079957e-05, 1.67520156538e-05, 7.42865222492e-06, 5.03833234688e-06, 5.34077662451e-06],
        "dmean2": [7.2878510764e-06, 0.00050435756566, 0.00262711010873, 0.00102703261655, 0.00317672803067, 0.001323447912, 0.00304408767261, 0.00342342653312, 0.00314051983878, 0.000662750389893, 0.000586293812376, 0.00111354433466, 0.00116984930355, 0.000657206110191, 0.000350473826984, 0.000261843029875, 0.000408371241065, 0.000216699583689, 0.000262682966422, 0.000123464327771, 8.92363314051e-05, 0.000133266235935, 3.44705003954e-05, 2.52187510341e-05, 1.14088325063e-05, 7.6655896919e-06, 9.21774335438e-06],
        "dvar": [1.24587629102e-09, 3.40844991342e-07, 7.29079511075e-06, 2.2695280677e-06, 1.09782858999e-05, 3.61324691767e-06, 1.41132441058e-05, 1.6153913748e-05, 1.78471200343e-05, 1.27570956465e-06, 9.82220967671e-07, 2.55871464105e-06, 2.75478282674e-06, 1.23678398722e-06, 4.07952029491e-07, 1.53816642978e-07, 2.15784524471e-07, 6.04626464451e-08, 9.92745370354e-08, 3.63387790969e-08, 4.09940561497e-08, 1.27214860868e-07, 1.05611439594e-08, 5.06556530055e-09, 1.09701003836e-09, 6.79851452912e-10, 2.21018186392e-11],
        "dvar2": [2.49510168082e-09, 6.42484451419e-07, 1.23250665638e-05, 4.20940023105e-06, 1.57730664796e-05, 6.69362225381e-06, 3.14966455335e-05, 3.35748736688e-05, 3.43148421962e-05, 2.55310442299e-06, 1.99799592338e-06, 5.24797496837e-06, 5.49318019694e-06, 2.62114599536e-06, 8.50469746183e-07, 3.43173070405e-07, 3.92833356955e-07, 1.29580413954e-07, 1.85016119758e-07, 7.92007384121e-08, 9.12920157248e-08, 2.43073486672e-07, 2.23333973537e-08, 1.16646212689e-08, 2.55437981878e-09, 1.33467037422e-09, 6.22840598541e-11],
        "max": [0.00141022994649, 0.0125050311908, 0.0322942510247, 0.0326640047133, 0.0339279063046, 0.0362644605339, 0.0445931106806, 0.0527419112623, 0.0383633375168, 0.0168975926936, 0.0156791619956, 0.0268985386938, 0.0188166759908, 0.0193721316755, 0.0107374433428, 0.00561223411933, 0.00757067976519, 0.00283174053766, 0.00457956595346, 0.00391196087003, 0.00268229399808, 0.00530580850318, 0.00282542663626, 0.00167362520006, 0.000888834649231, 0.000735231791623, 6.41804072075e-05],
        "mean": [4.02571004088e-06, 0.000801894057076, 0.00459326570854, 0.000916365301237, 0.00572547968477, 0.00143684505019, 0.00238001835532, 0.00246232841164, 0.00259035429917, 0.000546200899407, 0.000515602238011, 0.000815009581856, 0.000859824649524, 0.000434491230408, 0.000253071921179, 0.000239237982896, 0.000394494127249, 0.000181682160473, 0.000227415002882, 0.000106323961518, 6.28255365882e-05, 9.51961992541e-05, 2.30143941735e-05, 1.77294696186e-05, 7.95264531916e-06, 5.10989093527e-06, 2.08757010114e-05],
        "median": [6.30131467005e-07, 0.00040348758921, 0.00385457230732, 0.000160877098097, 0.00392228364944, 0.00081726629287, 0.000687322462909, 0.000313482567435, 0.000138820716529, 4.39414798166e-05, 4.75499982713e-05, 6.12336298218e-05, 5.84814042668e-05, 3.98186821258e-05, 2.73436853604e-05, 5.51569537492e-05, 9.32961702347e-05, 4.73934342153e-05, 4.40936782979e-05, 2.93649936793e-05, 8.28476368042e-06, 1.3662524907e-06, 4.17308342548e-07, 1.90065406969e-06, 1.06657546439e-06, 2.93436613674e-07, 2.08998681046e-05],
        "min": [1.98893881922e-21, 2.09648861628e-20, 4.18084223448e-20, 7.56898436326e-20, 4.05081719701e-19, 8.32612811033e-19, 1.40944431606e-18, 2.10936887824e-18, 4.33399503509e-18, 6.14572240865e-18, 8.09148736944e-18, 1.33319429021e-17, 1.84408701e-17, 2.401559759e-17, 3.17576011506e-17, 3.79822245956e-17, 3.98654600787e-17, 3.78035039524e-17, 2.44562549003e-17, 5.57833937416e-18, 7.77554408011e-18, 4.43039954404e-17, 4.34819565825e-17, 5.16435987941e-18, 2.07779622144e-18, 4.14546659414e-17, 2.53307849854e-16],
        "var": [1.45642298222e-09, 1.1461130498e-06, 2.05626693059e-05, 5.49915921511e-06, 4.3844076572e-05, 6.57278178551e-06, 2.12630493479e-05, 2.44429065788e-05, 2.96138478006e-05, 1.96229802896e-06, 1.64121229318e-06, 3.9608953557e-06, 4.35694664702e-06, 1.49909010361e-06, 5.87267663832e-07, 2.48141617476e-07, 4.49764286259e-07, 9.31373236313e-08, 1.83083869842e-07, 4.98953376393e-08, 4.84660169775e-08, 1.86295181948e-07, 1.26194157346e-08, 5.2146171825e-09, 1.11103626299e-09, 8.74987970967e-10, 2.83898096004e-11]
    },
    "erbbands": {
        "dmean": [0.00216663605534, 0.127123832703, 1.66899871826, 2.44616889954, 5.1659412384, 10.8993377686, 5.16098165512, 8.9881439209, 21.3793621063, 34.3102264404, 52.7046661377, 48.3336486816, 21.6568984985, 12.4081697464, 19.1073131561, 30.6715164185, 34.7197761536, 28.4748744965, 13.2603940964, 10.2170991898, 10.772354126, 15.3317375183, 8.61121177673, 8.46533107758, 8.08160495758, 3.81299519539, 2.86052465439, 2.02613997459, 3.49648857117, 1.73386359215, 0.585207641125, 0.354917377234, 0.278446108103, 0.105130128562, 0.0456457920372, 0.0279834847897, 0.00843946263194, 0.000442162447143, 0.00025076844031, 0.000160898896866],
        "dmean2": [0.00322418939322, 0.177616417408, 2.31828212738, 3.51451182365, 7.17608451843, 14.808763504, 7.42316198349, 13.2536907196, 33.5706443787, 52.3911857605, 80.0276184082, 69.6109313965, 29.6549911499, 16.6849937439, 27.3081264496, 45.7604370117, 50.8206367493, 41.5061302185, 19.537109375, 15.0362987518, 15.3388900757, 22.0273685455, 12.8533287048, 12.2087211609, 11.6559820175, 5.55214500427, 4.36536216736, 3.11949324608, 5.16802310944, 2.53282117844, 0.863702893257, 0.534956514835, 0.421703279018, 0.161650717258, 0.068853713572, 0.0430651828647, 0.0125234918669, 0.000661376048811, 0.000427410152042, 0.000277303566691],
        "dvar": [9.82339697657e-05, 0.0367360264063, 5.43879413605, 19.5421943665, 61.3629341125, 246.722885132, 161.727249146, 332.927947998, 1709.46630859, 4399.20361328, 9456.83886719, 8660.90136719, 2382.01953125, 662.145568848, 1776.33642578, 4310.33007812, 5151.19726562, 4422.53173828, 1203.56054688, 644.986755371, 407.037536621, 630.83416748, 207.010543823, 212.576644897, 216.031341553, 75.7181167603, 87.9312438965, 58.843460083, 199.007293701, 49.1694984436, 6.14845705032, 2.06936335564, 1.53566157818, 0.237804487348, 0.0354904942214, 0.0236867982894, 0.00171133608092, 4.10725624533e-06, 4.55932003263e-08, 2.01331165073e-08],
        "dvar2": [0.000203048271942, 0.0658034980297, 9.04423713684, 34.1774482727, 96.4741592407, 384.545959473, 295.947753906, 649.907897949, 3942.04931641, 9676.93554688, 18392.9609375, 16001.7519531, 4363.65625, 1164.57849121, 3575.16845703, 8892.81933594, 9969.23242188, 9360.13378906, 2384.06494141, 1444.94799805, 852.02142334, 1143.98913574, 431.950958252, 386.947875977, 438.593811035, 163.249160767, 192.497161865, 124.27407074, 377.267578125, 98.8463134766, 12.2337751389, 4.40653753281, 3.73251605034, 0.581170320511, 0.0781486406922, 0.0510845184326, 0.00287217600271, 6.99086467648e-06, 1.25532949369e-07, 5.69855735932e-08],
        "max": [0.409219413996, 3.75187540054, 28.7847671509, 85.4045333862, 108.176681519, 162.110626221, 382.522888184, 289.087341309, 562.060913086, 1162.18151855, 1384.54736328, 992.878540039, 669.225708008, 385.500976562, 594.242492676, 1022.87536621, 961.241333008, 1091.23144531, 665.15057373, 385.758361816, 264.551605225, 398.828857422, 182.897033691, 253.245559692, 210.547744751, 186.063598633, 136.86265564, 111.805107117, 212.790771484, 144.953598022, 48.7195396423, 27.86028862, 30.1010360718, 13.6975469589, 4.17480659485, 3.51522493362, 1.57447755337, 0.0731711909175, 0.00281013944186, 0.00199919845909],
        "mean": [0.00493628159165, 0.329540222883, 4.35467672348, 4.75247240067, 10.8205432892, 23.1650352478, 9.95383167267, 13.4593410492, 27.6864528656, 41.2268104553, 63.1260490417, 58.730758667, 25.981962204, 16.7582550049, 23.6326599121, 34.9770011902, 39.2080230713, 29.7319221497, 14.8542947769, 12.3322544098, 15.1317129135, 21.5115280151, 11.4464292526, 10.7686100006, 10.1062488556, 4.88493728638, 3.24981975555, 2.25374746323, 3.69364261627, 1.73736000061, 0.595661342144, 0.369657367468, 0.291990995407, 0.111715123057, 0.0475753135979, 0.0282641611993, 0.00861939694732, 0.000506693089847, 0.000981717719696, 0.000652465038002],
        "median": [0.00332148233429, 0.233172953129, 3.81152296066, 2.6649980545, 5.52255916595, 13.0227842331, 6.42113637924, 6.57051515579, 9.11322498322, 9.30634689331, 6.93874168396, 3.45744419098, 1.6822552681, 1.80033254623, 2.04964089394, 2.53836631775, 2.91663646698, 2.80868625641, 1.56565976143, 2.21146440506, 3.90766906738, 5.43236351013, 3.13457918167, 2.19554853439, 2.23539447784, 1.39448833466, 0.666949033737, 0.174736052752, 0.0587813220918, 0.0268645882607, 0.0111979693174, 0.0210520774126, 0.0406012609601, 0.0155549049377, 0.00613086251542, 0.00174181500915, 0.00051316752797, 8.90982191777e-05, 0.000974053691607, 0.000637687102426],
        "min": [4.73595073586e-19, 5.65900726827e-18, 3.90772363643e-17, 1.64786646763e-16, 5.48067903961e-16, 1.5093443141e-15, 3.64886801194e-15, 7.98742243679e-15, 1.61758542623e-14, 3.07028436963e-14, 5.53578213271e-14, 9.5391339413e-14, 1.57948253001e-13, 2.52002140943e-13, 3.88272178081e-13, 5.77407913149e-13, 8.27371103487e-13, 1.13863974673e-12, 1.4955654987e-12, 1.85739531394e-12, 2.15100268326e-12, 2.27303158934e-12, 2.11642097077e-12, 1.63148010726e-12, 9.14098332618e-13, 2.64137480334e-13, 9.64855365743e-14, 6.19342467936e-13, 1.45302118861e-12, 1.74721944812e-12, 1.11404418676e-12, 2.8711982878e-13, 2.95589731348e-14, 2.91228629754e-14, 1.03278574793e-14, 1.54044427225e-14, 7.42363527421e-14, 1.00683533505e-13, 1.29925418162e-14, 5.18473568047e-15],
        "var": [0.000130685060867, 0.130206510425, 16.3613777161, 53.343875885, 216.817321777, 894.854980469, 334.751647949, 588.351257324, 2615.42749023, 6563.03759766, 15165.234375, 14772.0527344, 4005.74047852, 1446.38232422, 3054.46655273, 6916.58837891, 8513.99316406, 5824.66650391, 1747.15893555, 949.017333984, 738.043884277, 1327.94567871, 336.760894775, 401.904876709, 362.391601562, 103.937339783, 102.822097778, 78.5781097412, 292.858947754, 64.7694702148, 7.91202116013, 2.40189599991, 1.44281983376, 0.218355506659, 0.0402825959027, 0.026708709076, 0.00258775893599, 6.35397645965e-06, 7.05850666805e-08, 2.59079104836e-08]
    },
    "gfcc": {
        "mean": [-79.6529769897, 115.971435547, -102.107330322, 9.21562957764, -28.8838691711, -25.481552124, -27.0812759399, -6.65354919434, -19.1891937256, -13.9169225693, -1.95374548435, -23.8413162231, -4.94632911682],
        "cov": [[9577.64160156, 1915.20324707, -2536.90795898, 42.8449478149, -595.41027832, -132.521972656, -620.716796875, 809.580627441, -496.972747803, -15.5313434601, -208.777114868, -324.036773682, -305.965667725], [1915.20324707, 4076.72900391, -336.375854492, -1055.34912109, 692.567504883, -814.282958984, -77.7964324951, 159.95375061, -224.810333252, -440.855163574, 220.059783936, -477.767059326, 69.4988098145], [-2536.90795898, -336.375854492, 1412.01721191, 302.296844482, 153.793563843, 98.7565002441, 126.41847229, -253.68208313, 141.382675171, 8.98197078705, -22.0674304962, 165.463516235, 76.6996231079], [42.8449478149, -1055.34912109, 302.296844482, 1018.29144287, -24.5656890869, 32.4875411987, -172.629714966, -116.552947998, 93.2743911743, 157.031570435, -120.629356384, 140.216400146, -0.150888845325], [-595.41027832, 692.567504883, 153.793563843, -24.5656890869, 566.173828125, -253.290756226, -127.882125854, -113.022384644, 26.2126045227, -51.3389587402, 57.5983276367, -116.496292114, 72.0641708374], [-132.521972656, -814.282958984, 98.7565002441, 32.4875411987, -253.290756226, 536.520446777, 156.151504517, -44.0724945068, 26.4323158264, 91.8440475464, -97.9481124878, 112.925590515, -61.5533676147], [-620.716796875, -77.7964324951, 126.41847229, -172.629714966, -127.882125854, 156.151504517, 411.624572754, -1.84872448444, -55.4022712708, -39.6108932495, -6.68888616562, 52.3706932068, 24.3491420746], [809.580627441, 159.95375061, -253.68208313, -116.552947998, -113.022384644, -44.0724945068, -1.84872448444, 271.957366943, -72.417350769, -35.518081665, 16.0956249237, -24.3770751953, -18.7942867279], [-496.972747803, -224.810333252, 141.382675171, 93.2743911743, 26.2126045227, 26.4323158264, -55.4022712708, -72.417350769, 215.959289551, 49.7284698486, -17.6786060333, 25.97057724, -25.9506893158], [-15.5313434601, -440.855163574, 8.98197078705, 157.031570435, -51.3389587402, 91.8440475464, -39.6108932495, -35.518081665, 49.7284698486, 177.246948242, -42.4656448364, 20.8728675842, -24.7876625061], [-208.777114868, 220.059783936, -22.0674304962, -120.629356384, 57.5983276367, -97.9481124878, -6.68888616562, 16.0956249237, -17.6786060333, -42.4656448364, 150.390563965, -29.2639274597, 12.2380933762], [-324.036773682, -477.767059326, 165.463516235, 140.216400146, -116.496292114, 112.925590515, 52.3706932068, -24.3770751953, 25.97057724, 20.8728675842, -29.2639274597, 179.585693359, -1.20222246647], [-305.965667725, 69.4988098145, 76.6996231079, -0.150888845325, 72.0641708374, -61.5533676147, 24.3491420746, -18.7942867279, -25.9506893158, -24.7876625061, 12.2380933762, -1.20222246647, 107.264007568]],
        "icov": [[0.00158952316269, -0.00201848661527, 0.0022097453475, -0.00224288832396, 0.00199823034927, -0.00203478219919, 0.00196654302999, -0.00175417703576, 0.00160464562941, -0.00114427902736, 0.00148939306382, -0.000872595061082, 0.000938781769946], [-0.00201848661527, 0.00339434645139, -0.00293649663217, 0.00342790479772, -0.00301835662685, 0.00335143902339, -0.00250570289791, 0.00212374073453, -0.00164388550911, 0.00240159733221, -0.00151133525651, 0.00207917229272, -0.000607343623415], [0.0022097453475, -0.00293649663217, 0.00421315291896, -0.00346337119117, 0.00244217528962, -0.00310056330636, 0.00229818304069, -0.00188225717284, 0.00164457666688, -0.00146478577517, 0.00185376161244, -0.00215510441922, 0.000740540737752], [-0.00224288832396, 0.00342790479772, -0.00346337119117, 0.00519852433354, -0.0030243715737, 0.00380290485919, -0.00204668566585, 0.00271867075935, -0.0018536291318, 0.00121721974574, -0.000848916301038, 0.000798670516815, -0.00104116159491], [0.00199823034927, -0.00301835662685, 0.00244217528962, -0.0030243715737, 0.00608259998262, -0.00209652166814, 0.00321410899051, -0.00085410347674, 0.00164175254758, -0.00155525212176, 0.00146312790457, 7.67361270846e-05, -0.000392180576455], [-0.00203478219919, 0.00335143902339, -0.00310056330636, 0.00380290485919, -0.00209652166814, 0.0067624701187, -0.00336926896125, 0.00289093283936, -0.00156107731164, 0.00104729027953, -0.000139123309054, 0.000980838667601, 0.000698563351762], [0.00196654302999, -0.00250570289791, 0.00229818304069, -0.00204668566585, 0.00321410899051, -0.00336926896125, 0.00613809423521, -0.00189531082287, 0.00278771691956, -0.000835316022858, 0.00194752891548, -0.00146951479837, 1.1243912013e-05], [-0.00175417703576, 0.00212374073453, -0.00188225717284, 0.00271867075935, -0.00085410347674, 0.00289093283936, -0.00189531082287, 0.00731216091663, -0.000776826345827, 0.00172934308648, -0.00166734401137, 0.000904866901692, -0.000673699076287], [0.00160464562941, -0.00164388550911, 0.00164457666688, -0.0018536291318, 0.00164175254758, -0.00156107731164, 0.00278771691956, -0.000776826345827, 0.00783837214112, -0.00184921082109, 0.00191404530779, -0.00100483198185, 0.002935357159], [-0.00114427902736, 0.00240159733221, -0.00146478577517, 0.00121721974574, -0.00155525212176, 0.00104729027953, -0.000835316022858, 0.00172934308648, -0.00184921082109, 0.00986910797656, -0.000227515323786, 0.00261960644275, 0.000256140512647], [0.00148939306382, -0.00151133525651, 0.00185376161244, -0.000848916301038, 0.00146312790457, -0.000139123309054, 0.00194752891548, -0.00166734401137, 0.00191404530779, -0.000227515323786, 0.0100393826142, -0.000741469266359, 0.00136061816011], [-0.000872595061082, 0.00207917229272, -0.00215510441922, 0.000798670516815, 7.67361270846e-05, 0.000980838667601, -0.00146951479837, 0.000904866901692, -0.00100483198185, 0.00261960644275, -0.000741469266359, 0.0105868913233, -0.000725092890207], [0.000938781769946, -0.000607343623415, 0.000740540737752, -0.00104116159491, -0.000392180576455, 0.000698563351762, 1.1243912013e-05, -0.000673699076287, 0.002935357159, 0.000256140512647, 0.00136061816011, -0.000725092890207, 0.01301288791]]
    },
    "melbands": {
        "dmean": [5.2462452004e-05, 0.00062379357405, 0.000419560092269, 0.000624104985036, 0.000221880254685, 0.000189827522263, 0.000352828705218, 0.000393060734496, 0.000456549081719, 0.000280974723864, 0.000101156423625, 4.78146321257e-05, 6.00672974542e-05, 7.57840025472e-05, 8.92272219062e-05, 7.64471842558e-05, 5.01197609992e-05, 2.19570392801e-05, 1.69663981069e-05, 1.29393456518e-05, 1.35139853228e-05, 1.78565260285e-05, 1.09353622975e-05, 6.4781816036e-06, 7.02114130036e-06, 7.21454125596e-06, 4.22169114245e-06, 2.23921165343e-06, 1.89746390333e-06, 1.43459965329e-06, 1.13983389838e-06, 2.06306481232e-06, 1.84859277397e-06, 6.82730615154e-07, 3.75403914177e-07, 2.12317686987e-07, 2.23200075311e-07, 2.18091813053e-07, 1.37616339657e-07, 7.42207078019e-08],
        "dmean2": [7.5294963608e-05, 0.000868735834956, 0.000605491397437, 0.000827653915621, 0.000309223221848, 0.000280421460047, 0.000553110672627, 0.000602213607635, 0.000681675272062, 0.00040248039295, 0.000141016833368, 6.51125374134e-05, 8.60158834257e-05, 0.000112630601507, 0.000133906694828, 0.000113023903396, 7.44736462366e-05, 3.31461487804e-05, 2.55332870438e-05, 1.88296253327e-05, 1.9584544134e-05, 2.59417520283e-05, 1.6385987692e-05, 9.72873658611e-06, 1.02010753835e-05, 1.05007111415e-05, 6.20303853793e-06, 3.33302614308e-06, 2.92211120723e-06, 2.24608425015e-06, 1.76182709311e-06, 3.08505991597e-06, 2.69789029517e-06, 1.03453544398e-06, 5.6593427189e-07, 3.13943274932e-07, 3.44691784449e-07, 3.33029845478e-07, 2.07777247851e-07, 1.16893922097e-07],
        "dvar": [1.00956984994e-08, 7.51512232e-07, 4.24577706326e-07, 8.00350790087e-07, 1.63980217849e-07, 1.46080608943e-07, 4.57058831671e-07, 5.13367865551e-07, 7.03420084847e-07, 2.97278177186e-07, 5.59521318166e-08, 1.01952881693e-08, 1.92004012689e-08, 2.78957195121e-08, 4.00231314757e-08, 2.75073670508e-08, 1.54104267125e-08, 3.77197739709e-09, 2.25622920347e-09, 1.00780916945e-09, 6.47553510813e-10, 9.74341163307e-10, 3.82940901211e-10, 1.22937854341e-10, 1.64187871632e-10, 1.77103429144e-10, 8.02875196881e-11, 3.39360831103e-11, 3.67455996186e-11, 2.99235324019e-11, 2.17292833032e-11, 7.36196242856e-11, 5.79703299253e-11, 9.46147413888e-12, 2.93308042784e-12, 6.49285800906e-13, 9.48032993255e-13, 9.51006200872e-13, 3.63293081599e-13, 1.3440343402e-13],
        "dvar2": [1.98665883744e-08, 1.2556688489e-06, 7.59029092023e-07, 1.18834418572e-06, 2.81594765283e-07, 2.80616632153e-07, 1.03212664726e-06, 1.1124654975e-06, 1.3503347418e-06, 5.41928272924e-07, 1.0383581639e-07, 1.78087642411e-08, 3.87358838339e-08, 5.90306576953e-08, 9.12085411642e-08, 5.48019229996e-08, 3.25924425226e-08, 7.99927768469e-09, 4.88078288896e-09, 2.34896280205e-09, 1.35113997768e-09, 1.83874737658e-09, 7.7864958925e-10, 2.54597343208e-10, 3.01621422283e-10, 3.44621525761e-10, 1.79022435765e-10, 7.21777776436e-11, 7.86428283606e-11, 7.07250161214e-11, 4.73266772993e-11, 1.44579015426e-10, 1.20916429647e-10, 2.08465258944e-11, 6.19300184052e-12, 1.23479926371e-12, 2.18849439439e-12, 2.35709325322e-12, 8.83039464033e-13, 3.35307600912e-13],
        "max": [0.0028175348416, 0.0105122728273, 0.0121160624549, 0.00963910296559, 0.00999495573342, 0.00589943723753, 0.00809440109879, 0.0113981766626, 0.0106626488268, 0.00626290030777, 0.00328046781942, 0.00149627903011, 0.00194018962793, 0.00280469190329, 0.00341149466112, 0.00216666678898, 0.0023431875743, 0.000977966235951, 0.000814894156065, 0.000544025679119, 0.000313217402436, 0.000553746242076, 0.00023643518216, 0.000135676586069, 0.000240032240981, 0.000168517944985, 0.000175886263605, 0.000142673612572, 0.000100257522718, 8.11626669019e-05, 8.12089201645e-05, 0.000136074639158, 0.000104340368125, 8.94017357496e-05, 3.32734925905e-05, 1.12525967779e-05, 2.06691966014e-05, 2.26826450671e-05, 1.53914170369e-05, 1.07024852696e-05],
        "mean": [0.000115321752673, 0.00164577865507, 0.000883097469341, 0.00144221971277, 0.000453159329481, 0.000292534590699, 0.000452257721918, 0.000471059262054, 0.000547866511624, 0.00034054252319, 0.000119314769108, 6.322554691e-05, 7.46706282371e-05, 8.59412684804e-05, 9.36789292609e-05, 8.3082159108e-05, 5.05034440721e-05, 2.28073731705e-05, 1.84732671187e-05, 1.6054684238e-05, 1.81229388545e-05, 2.43734157266e-05, 1.42073786265e-05, 8.11409881862e-06, 8.67318158271e-06, 8.80258539837e-06, 5.20621279065e-06, 2.7296675853e-06, 2.13641214941e-06, 1.4897436813e-06, 1.22371557154e-06, 2.1513660613e-06, 1.80858830845e-06, 6.51230209314e-07, 3.66064426771e-07, 2.1863277766e-07, 2.26384798907e-07, 2.22928775884e-07, 1.43286470689e-07, 7.69582371163e-08],
        "median": [5.71993150515e-05, 0.00145298615098, 0.000624191539828, 0.000946609419771, 0.000271933211479, 0.000154852314154, 0.00014242787438, 9.70456167124e-05, 4.99249727e-05, 1.85736116691e-05, 7.26681719243e-06, 6.85805571266e-06, 6.58981025481e-06, 6.73062322676e-06, 5.85076850257e-06, 5.74629484618e-06, 4.55843519376e-06, 2.14123565456e-06, 2.18108607442e-06, 3.26214694724e-06, 4.18528497903e-06, 5.28639020558e-06, 3.5938298879e-06, 2.10834946301e-06, 1.53066366693e-06, 1.60749618772e-06, 1.14703493637e-06, 6.6629866069e-07, 3.8901401922e-07, 1.86902013866e-07, 4.80185917695e-08, 2.96525524135e-08, 1.99978380522e-08, 1.10885736149e-08, 5.32766941674e-09, 5.14402298535e-09, 1.41799159081e-08, 2.99728881714e-08, 2.13420268125e-08, 9.4697929498e-09],
        "min": [4.95399357431e-21, 1.59024212605e-20, 3.73338502135e-20, 6.97387767261e-20, 1.17972860854e-19, 1.7909836742e-19, 2.59508840336e-19, 3.59658104489e-19, 4.79886661024e-19, 6.25202028724e-19, 7.93729273485e-19, 9.83751116656e-19, 1.1963654854e-18, 1.42643305488e-18, 1.66382210336e-18, 1.90357006415e-18, 2.12843104866e-18, 2.32330446122e-18, 2.46588206789e-18, 2.5347018405e-18, 2.50754839612e-18, 2.36890403326e-18, 2.11031558645e-18, 1.74300851699e-18, 1.29780512546e-18, 8.26298734622e-19, 4.0458851326e-19, 1.13941919256e-19, 1.9932863642e-20, 1.42671905258e-19, 4.32364333501e-19, 7.67346761438e-19, 9.87909456993e-19, 9.73026203026e-19, 7.1929134186e-19, 3.6369125621e-19, 9.64113577495e-20, 9.39222791979e-21, 2.55087702133e-20, 2.34074471141e-20],
        "var": [2.74377871534e-08, 2.28536350733e-06, 1.17478714401e-06, 3.14779208566e-06, 4.53180888371e-07, 2.61939021584e-07, 7.12626842869e-07, 7.98060739271e-07, 1.14331260193e-06, 5.15586066285e-07, 9.20053011555e-08, 2.18211582137e-08, 3.25644791133e-08, 4.29915978373e-08, 5.20737835075e-08, 4.26336477233e-08, 1.95121216962e-08, 4.82919615408e-09, 3.17783444004e-09, 1.4330331366e-09, 1.1160168345e-09, 1.93050175845e-09, 6.38574304546e-10, 1.98819780084e-10, 3.00279107135e-10, 3.08860381715e-10, 1.12767295501e-10, 4.39727074197e-11, 4.42400838185e-11, 3.15042991694e-11, 2.7988921944e-11, 1.03960430542e-10, 7.41654168634e-11, 1.06500910521e-11, 3.4503654274e-12, 8.92081547521e-13, 9.6096611571e-13, 8.68371563892e-13, 3.37327252719e-13, 1.17800029713e-13]
    },
    "mfcc": {
        "mean": [-735.985534668, 164.459945679, -11.6966133118, 32.7747459412, 10.3165111542, -13.0820446014, 5.47219514847, -9.06821537018, -5.01998186111, -4.19686412811, -2.2374227047, 3.50950598717, -4.35030221939],
        "cov": [[10135.9550781, 1379.67675781, -2229.47802734, -111.761123657, -302.653259277, -1100.46643066, 50.8621253967, -132.296005249, -17.070892334, -17.7127075195, 67.2823257446, 108.617530823, -187.601470947], [1379.67675781, 4543.18164062, -856.265991211, -260.426239014, 352.989959717, -967.288818359, 368.638244629, -145.087493896, -91.4535446167, -140.506668091, -218.138076782, 177.915679932, -11.0655641556], [-2229.47802734, -856.265991211, 1313.20996094, 163.959838867, -31.0956707001, 505.696044922, -77.5312423706, 164.539871216, 86.962348938, -41.2196922302, 21.8223075867, 5.72088718414, 93.999206543], [-111.761123657, -260.426239014, 163.959838867, 827.869445801, 320.658477783, 22.5700454712, -136.023849487, -109.116073608, -24.9791297913, 24.3279399872, -129.297958374, -19.2372493744, 62.1878242493], [-302.653259277, 352.989959717, -31.0956707001, 320.658477783, 610.275817871, -27.3138694763, -162.735275269, -149.391540527, -88.7450180054, 79.5018234253, -82.7990493774, -27.7570476532, 9.74320316315], [-1100.46643066, -967.288818359, 505.696044922, 22.5700454712, -27.3138694763, 689.314819336, -86.5968780518, 31.7763671875, 98.4395980835, 13.7556467056, 83.3428955078, -12.3525447845, -12.1911668777], [50.8621253967, 368.638244629, -77.5312423706, -136.023849487, -162.735275269, -86.5968780518, 352.95803833, 58.4128303528, 28.4815502167, -47.0086593628, -27.9533805847, 40.596622467, -7.78369379044], [-132.296005249, -145.087493896, 164.539871216, -109.116073608, -149.391540527, 31.7763671875, 58.4128303528, 253.929504395, 37.6386642456, -45.1844177246, 50.3572769165, -27.1791152954, 31.1814689636], [-17.070892334, -91.4535446167, 86.962348938, -24.9791297913, -88.7450180054, 98.4395980835, 28.4815502167, 37.6386642456, 173.484848022, -6.64769077301, 15.2036714554, 19.90574646, 0.684039592743], [-17.7127075195, -140.506668091, -41.2196922302, 24.3279399872, 79.5018234253, 13.7556467056, -47.0086593628, -45.1844177246, -6.64769077301, 166.489257812, 27.9676761627, -42.3378601074, -17.5882282257], [67.2823257446, -218.138076782, 21.8223075867, -129.297958374, -82.7990493774, 83.3428955078, -27.9533805847, 50.3572769165, 15.2036714554, 27.9676761627, 208.315704346, 10.0791454315, -40.1871070862], [108.617530823, 177.915679932, 5.72088718414, -19.2372493744, -27.7570476532, -12.3525447845, 40.596622467, -27.1791152954, 19.90574646, -42.3378601074, 10.0791454315, 135.598922729, 10.8028011322], [-187.601470947, -11.0655641556, 93.999206543, 62.1878242493, 9.74320316315, -12.1911668777, -7.78369379044, 31.1814689636, 0.684039592743, -17.5882282257, -40.1871070862, 10.8028011322, 135.443939209]],
