{
"lowlevel": {
    "average_loudness": 0.975497663021,
    "barkbands_crest": {
        "dmean": 3.89055514336,
        "dmean2": 6.4076256752,
        "dvar": 11.3620634079,
        "dvar2": 28.3689537048,
        "max": 26.2870368958,
        "mean": 12.2004928589,
        "median": 11.4110279083,
        "min": 2.64499473572,
        "var": 23.9860935211
    },
    "barkbands_flatness_db": {
        "dmean": 0.0446016602218,
        "dmean2": 0.0676622018218,
        "dvar": 0.00196968880482,
        "dvar2": 0.00451491447166,
        "max": 0.438610434532,
        "mean": 0.186412811279,
        "median": 0.181225910783,
        "min": 0.0200856290758,
        "var": 0.00480426009744
    },
    "barkbands_kurtosis": {
        "dmean": 13.5587797165,
        "dmean2": 21.7304821014,
        "dvar": 759.845092773,
        "dvar2": 1865.24047852,
        "max": 348.303833008,
        "mean": 13.8137245178,
        "median": 3.48552942276,
        "min": -1.96617400646,
        "var": 808.554077148
    },
    "barkbands_skewness": {
        "dmean": 1.49016594887,
        "dmean2": 2.20221757889,
        "dvar": 2.97638821602,
        "dvar2": 6.04223585129,
        "max": 16.8188056946,
        "mean": 2.03405785561,
        "median": 1.66676998138,
        "min": -6.38713359833,
        "var": 6.48062705994
    },
    "barkbands_spread": {
        "dmean": 12.7654428482,
        "dmean2": 21.0122375488,
        "dvar": 325.521484375,
        "dvar2": 754.431335449,
        "max": 149.161575317,
        "mean": 23.1129646301,
        "median": 12.8776798248,
        "min": 0.895436286926,
        "var": 680.083984375
    },
    "dissonance": {
        "dmean": 0.0462831705809,
        "dmean2": 0.0705144107342,
        "dvar": 0.00196893746033,
        "dvar2": 0.00460739061236,
        "max": 0.500000059605,
        "mean": 0.415112346411,
        "median": 0.423826813698,
        "min": 0.13472174108,
        "var": 0.00479051470757
    },
    "dynamic_complexity": 3.96950602531,
    "erbbands_crest": {
        "dmean": 3.81938004494,
        "dmean2": 6.32601976395,
        "dvar": 10.3991804123,
        "dvar2": 27.1226577759,
        "max": 29.2509841919,
        "mean": 11.4358692169,
        "median": 10.8771724701,
        "min": 2.85374379158,
        "var": 19.7837333679
    },
    "erbbands_flatness_db": {
        "dmean": 0.0377902388573,
        "dmean2": 0.0567764341831,
        "dvar": 0.00129276572261,
        "dvar2": 0.0028611663729,
        "max": 0.374747872353,
        "mean": 0.205616742373,
        "median": 0.21896135807,
        "min": 0.0199195835739,
        "var": 0.00357645796612
    },
    "erbbands_kurtosis": {
        "dmean": 3.68581533432,
        "dmean2": 5.88655853271,
        "dvar": 38.011806488,
        "dvar2": 91.1210174561,
        "max": 80.1969985962,
        "mean": 3.2548251152,
        "median": 1.03549456596,
        "min": -1.88522601128,
        "var": 45.4949035645
    },
    "erbbands_skewness": {
        "dmean": 0.829332709312,
        "dmean2": 1.28029036522,
        "dvar": 0.927591621876,
        "dvar2": 1.99497210979,
        "max": 5.79342317581,
        "mean": 0.560103714466,
        "median": 0.680720567703,
        "min": -6.23077535629,
        "var": 2.02008843422
    },
    "erbbands_spread": {
        "dmean": 14.7135858536,
        "dmean2": 24.2705612183,
        "dvar": 321.179779053,
        "dvar2": 833.116088867,
        "max": 128.737976074,
        "mean": 30.7031364441,
        "median": 24.8235397339,
        "min": 2.32824158669,
        "var": 412.937896729
    },
    "hfc": {
        "dmean": 10.5689373016,
        "dmean2": 15.1103715897,
        "dvar": 120.775505066,
        "dvar2": 225.870727539,
        "max": 81.7651977539,
        "mean": 17.7650527954,
        "median": 12.9012203217,
        "min": 1.18186704867e-09,
        "var": 266.660491943
    },
    "melbands_crest": {
        "dmean": 5.28816843033,
        "dmean2": 8.58887577057,
        "dvar": 19.8854160309,
        "dvar2": 48.6738548279,
        "max": 33.8606910706,
        "mean": 16.3104152679,
        "median": 15.3527402878,
        "min": 2.87032556534,
        "var": 43.0233726501
    },
    "melbands_flatness_db": {
        "dmean": 0.0581124164164,
        "dmean2": 0.0859522670507,
        "dvar": 0.00366838811897,
        "dvar2": 0.00799589697272,
        "max": 0.593679130077,
        "mean": 0.254068017006,
        "median": 0.248509436846,
        "min": 0.0211764406413,
        "var": 0.0091905510053
    },
    "melbands_kurtosis": {
        "dmean": 15.2649488449,
        "dmean2": 24.8368244171,
        "dvar": 738.460754395,
        "dvar2": 1804.16308594,
        "max": 437.623352051,
        "mean": 18.1722927094,
        "median": 7.76705312729,
        "min": -1.92984116077,
        "var": 863.426330566
    },
    "melbands_skewness": {
        "dmean": 1.42116761208,
        "dmean2": 2.15952062607,
        "dvar": 2.46150040627,
        "dvar2": 5.52710580826,
        "max": 17.5896778107,
        "mean": 2.61914777756,
        "median": 2.20817637444,
        "min": -4.30713272095,
        "var": 4.78286170959
    },
    "melbands_spread": {
        "dmean": 18.6272163391,
        "dmean2": 30.382982254,
        "dvar": 1211.50219727,
        "dvar2": 2626.19091797,
        "max": 257.833435059,
        "mean": 28.6379070282,
        "median": 14.4375991821,
        "min": 0.449906796217,
        "var": 1849.7154541
    },
    "pitch_salience": {
        "dmean": 0.113755978644,
        "dmean2": 0.182756513357,
        "dvar": 0.0112859336659,
        "dvar2": 0.0263232123107,
        "max": 0.89286339283,
        "mean": 0.573934197426,
        "median": 0.593729972839,
        "min": 0.104397505522,
        "var": 0.0238985009491
    },
    "silence_rate_20dB": {
        "dmean": 0,
        "dmean2": 0,
        "dvar": 0,
        "dvar2": 0,
        "max": 1,
        "mean": 1,
        "median": 1,
        "min": 1,
        "var": 0
    },
    "silence_rate_30dB": {
        "dmean": 0,
        "dmean2": 0,
        "dvar": 0,
        "dvar2": 0,
        "max": 1,
        "mean": 1,
        "median": 1,
        "min": 1,
        "var": 0
    },
    "silence_rate_60dB": {
        "dmean": 0.0950173810124,
        "dmean2": 0.190108194947,
        "dvar": 0.0859906375408,
        "dvar2": 0.188740447164,
        "max": 1,
        "mean": 0.169111967087,
        "median": 0,
        "min": 0,
        "var": 0.140511065722
    },
    "spectral_centroid": {
        "dmean": 543.901672363,
        "dmean2": 824.804504395,
        "dvar": 549732,
        "dvar2": 952111.875,
        "max": 5777.49169922,
        "mean": 1360.03442383,
        "median": 1038.76489258,
        "min": 165.367401123,
        "var": 1385777.875
    },
    "spectral_complexity": {
        "dmean": 3.86713027954,
        "dmean2": 5.62596607208,
        "dvar": 15.3457508087,
        "dvar2": 28.8499965668,
        "max": 32,
        "mean": 8.96332073212,
        "median": 8,
        "min": 0,
        "var": 43.6353988647
    },
    "spectral_decrease": {
        "dmean": 2.69791500251e-09,
        "dmean2": 3.75053677004e-09,
        "dvar": 8.62336615767e-18,
        "dvar2": 1.49230711325e-17,
        "max": 3.33254311733e-13,
        "mean": -5.31271959758e-09,
        "median": -4.51577353289e-09,
        "min": -2.25789555941e-08,
        "var": 2.16936288186e-17
    },
    "spectral_energy": {
        "dmean": 0.0109250647947,
        "dmean2": 0.0152497785166,
        "dvar": 0.000140863048728,
        "dvar2": 0.000246276700636,
        "max": 0.0926345288754,
        "mean": 0.0216627623886,
        "median": 0.0179835371673,
        "min": 1.18505818223e-13,
        "var": 0.000347786350176
    },
    "spectral_energyband_high": {
        "dmean": 0.000555664824788,
        "dmean2": 0.000811008154415,
        "dvar": 1.15030877623e-06,
        "dvar2": 1.9864855858e-06,
        "max": 0.0110201891512,
        "mean": 0.000746178207919,
        "median": 0.000189471495105,
        "min": 8.45575576247e-14,
        "var": 2.26972406381e-06
    },
    "spectral_energyband_low": {
        "dmean": 0.000236892185058,
        "dmean2": 0.000380197685445,
        "dvar": 1.44624635823e-07,
        "dvar2": 3.36177805593e-07,
        "max": 0.00508851185441,
        "mean": 0.000311107171001,
        "median": 0.000129312407807,
        "min": 1.71088466012e-16,
        "var": 2.60035648125e-07
    },
    "spectral_energyband_middle_high": {
        "dmean": 0.00323175336234,
        "dmean2": 0.00444637238979,
        "dvar": 2.07071698242e-05,
        "dvar2": 3.66574240616e-05,
        "max": 0.0508442260325,
        "mean": 0.00413997657597,
        "median": 0.00128592923284,
        "min": 2.20218232484e-14,
        "var": 3.92040128645e-05
    },
    "spectral_energyband_middle_low": {
        "dmean": 0.00870409142226,
        "dmean2": 0.0123966326937,
        "dvar": 9.13925250643e-05,
        "dvar2": 0.000162026481121,
        "max": 0.0774052813649,
        "mean": 0.016947273165,
        "median": 0.0153822377324,
        "min": 3.02621070428e-15,
        "var": 0.000231171507039
    },
    "spectral_entropy": {
        "dmean": 0.444133847952,
        "dmean2": 0.669256448746,
        "dvar": 0.219633251429,
        "dvar2": 0.471732884645,
        "max": 8.86882686615,
        "mean": 7.0527048111,
        "median": 7.05231189728,
        "min": 4.2427444458,
        "var": 0.57703357935
    },
    "spectral_flux": {
        "dmean": 0.0408476665616,
        "dmean2": 0.066505715251,
        "dvar": 0.00128476694226,
        "dvar2": 0.00328628974967,
        "max": 0.273366123438,
        "mean": 0.0972357839346,
        "median": 0.0947349518538,
        "min": 9.81485572993e-05,
        "var": 0.00304342224263
    },
    "spectral_kurtosis": {
        "dmean": 5.08592939377,
        "dmean2": 8.31134796143,
        "dvar": 49.8640213013,
        "dvar2": 114.103340149,
        "max": 98.9274749756,
        "mean": 8.74875450134,
        "median": 6.13533782959,
        "min": -0.593563079834,
        "var": 79.4756164551
    },
    "spectral_rms": {
        "dmean": 0.00125955452677,
        "dmean2": 0.00170734291896,
        "dvar": 1.59478122441e-06,
        "dvar2": 2.57292731476e-06,
        "max": 0.00950658414513,
        "mean": 0.00399755127728,
        "median": 0.00418866518885,
        "min": 1.07524620319e-08,
        "var": 5.1539514061e-06
    },
    "spectral_rolloff": {
        "dmean": 1565.07836914,
        "dmean2": 2777.35400391,
        "dvar": 11824086,
        "dvar2": 28569618,
        "max": 19401.4160156,
        "mean": 2609.31958008,
        "median": 1119.7265625,
        "min": 64.599609375,
        "var": 17117334
    },
    "spectral_skewness": {
        "dmean": 0.644149065018,
        "dmean2": 0.994389951229,
        "dvar": 0.48997938633,
        "dvar2": 1.07366287708,
        "max": 8.45552062988,
        "mean": 1.89650022984,
        "median": 1.71272134781,
        "min": -0.0278537031263,
        "var": 1.11302065849
    },
    "spectral_spread": {
        "dmean": 828853.125,
        "dmean2": 1275436.125,
        "dvar": 877166329856,
        "dvar2": 1.97135695872e+12,
        "max": 12338145,
        "mean": 3917694,
        "median": 3508453,
        "min": 1146135.375,
        "var": 2.03121727898e+12
    },
    "spectral_strongpeak": {
        "dmean": 0.855120301247,
        "dmean2": 1.37111341953,
        "dvar": 0.948286294937,
        "dvar2": 2.1767411232,
        "max": 7.74305438995,
        "mean": 1.24798583984,
        "median": 0.918090522289,
        "min": 0,
        "var": 1.40605306625
    },
    "zerocrossingrate": {
        "dmean": 0.0336627401412,
        "dmean2": 0.0383642278612,
        "dvar": 0.00163468508981,
        "dvar2": 0.00196697050706,
        "max": 0.59375,
        "mean": 0.098625458777,
        "median": 0.0556640625,
        "min": 0.0087890625,
        "var": 0.00819381326437
    },
    "barkbands": {
        "dmean": [9.43863142311e-06, 9.6749747172e-05, 4.4625816372e-05, 0.000571973156184, 0.00347946630791, 0.00132763176225, 0.00285974494182, 0.00212119030766, 0.00250220834278, 0.00124975224026, 0.000445752637461, 0.000463545526145, 0.000511631020345, 0.000673416885547, 0.000356046744855, 0.00011126841855, 0.000154938665219, 0.00030426325975, 0.000183131589438, 0.000164655197295, 0.000214118437725, 0.000126647966681, 0.000108001338958, 6.07610054431e-05, 1.73578864633e-05, 9.78533716989e-06, 6.14884402239e-06],
        "dmean2": [1.49934885485e-05, 0.000165455741808, 7.8384335211e-05, 0.000867245020345, 0.00495255412534, 0.00197384390049, 0.00440145703033, 0.0032915417105, 0.00402020709589, 0.00189631595276, 0.000681074569002, 0.000722292985301, 0.000811458448879, 0.0010333325481, 0.000573868921492, 0.000177316163899, 0.000231211641221, 0.000467617966933, 0.000286379741738, 0.00025909775286, 0.000337604840752, 0.000186605611816, 0.000152923501446, 8.73039825819e-05, 2.55535251199e-05, 1.44909836308e-05, 1.05641929622e-05],
        "dvar": [2.0347197538e-10, 2.53599328204e-08, 1.26812915724e-08, 9.18187197385e-07, 2.36797095567e-05, 6.61923741063e-06, 3.29033282469e-05, 1.75218210643e-05, 2.94607634714e-05, 8.86349971552e-06, 1.02963883819e-06, 1.41804457598e-06, 1.44895909671e-06, 1.93212667909e-06, 7.56127519708e-07, 7.74126291958e-08, 1.62968930795e-07, 2.47572984335e-07, 1.60591099529e-07, 1.13110694144e-07, 1.88134976042e-07, 1.94554644395e-07, 9.78684369102e-08, 3.13866195256e-08, 2.35037855845e-09, 9.77762759646e-10, 3.10921913216e-11],
        "dvar2": [4.89275286952e-10, 6.46488516054e-08, 3.24620366143e-08, 1.95210850507e-06, 4.03133090003e-05, 1.28659148686e-05, 6.60398654873e-05, 3.98492666136e-05, 6.70142981107e-05, 1.81008326763e-05, 2.32937190958e-06, 3.35698496201e-06, 3.52344341081e-06, 4.22435050496e-06, 1.69623797319e-06, 1.83386561048e-07, 3.41728565445e-07, 5.12704559696e-07, 3.74228903866e-07, 2.75632203284e-07, 4.3832599772e-07, 3.50693227347e-07, 1.79493980568e-07, 6.0611185404e-08, 4.76120787241e-09, 1.94535898501e-09, 8.85291909225e-11],
        "max": [0.00034308974864, 0.0025110761635, 0.0015022342559, 0.0122069716454, 0.0503777489066, 0.0368645638227, 0.0717904195189, 0.0498384945095, 0.046132221818, 0.0393700897694, 0.0158430449665, 0.025945045054, 0.0128427995369, 0.0171698834747, 0.00944057293236, 0.00351822376251, 0.0057302643545, 0.00522591499612, 0.00719468249008, 0.00421884236857, 0.00568291638047, 0.00555367162451, 0.00575546361506, 0.00355228083208, 0.000868238683324, 0.00057289400138, 6.67476269882e-05],
        "mean": [1.26177119455e-05, 0.000117537689221, 3.72622162104e-05, 0.000875361845829, 0.00617795391008, 0.00167511159088, 0.00323057058267, 0.00213711545803, 0.00225794780999, 0.00117884832434, 0.00043894990813, 0.00044543039985, 0.000470657745609, 0.000641802151222, 0.00033413345227, 0.00010673826182, 0.000163991600857, 0.000360581354471, 0.000197917150217, 0.000183040014235, 0.000226972697419, 0.000150050022057, 0.000121581091662, 6.9235371484e-05, 1.96493292606e-05, 1.10663058877e-05, 2.06536496989e-05],
        "median": [7.28362920199e-06, 6.35929900454e-05, 8.30524550111e-06, 0.000124391139252, 0.00359608721919, 0.000230204168474, 0.000405401078751, 0.000148797931615, 7.61966803111e-05, 5.08926350449e-05, 4.04716593039e-05, 2.93824232358e-05, 1.85733370017e-05, 2.34141862165e-05, 2.53682119364e-05, 1.67433245224e-05, 2.72758406936e-05, 8.95016855793e-05, 4.70849699923e-05, 4.43302778876e-05, 4.46691192337e-05, 3.25425935443e-06, 1.16366863949e-05, 8.70337316883e-06, 1.88991180039e-06, 6.5233962232e-07, 2.05092383112e-05],
        "min": [5.05282946306e-17, 8.68529055269e-17, 4.01146068792e-17, 3.66907177267e-17, 3.92947815567e-17, 2.28549976779e-16, 9.97528890883e-16, 8.33986204647e-16, 6.23907157712e-16, 2.24247864676e-15, 2.10988453271e-15, 3.10712140899e-15, 6.09845299056e-16, 1.06997191309e-15, 2.51514194061e-15, 1.80659697441e-15, 1.62895076608e-15, 1.4233119188e-15, 2.86974889585e-15, 7.83120499736e-15, 2.49099472535e-15, 7.64971294181e-15, 1.15734228163e-14, 7.57771683536e-15, 1.45598526183e-14, 1.87695487679e-14, 1.84172762354e-14],
        "var": [3.154198569e-10, 3.07668486244e-08, 1.14866480772e-08, 2.09473478208e-06, 6.28611960565e-05, 1.13491087177e-05, 4.77538669656e-05, 2.16040825762e-05, 3.15052238875e-05, 1.10907922135e-05, 1.20458173569e-06, 1.50996515913e-06, 1.56001112828e-06, 2.41795623879e-06, 8.32836292375e-07, 8.02335762273e-08, 2.11224943314e-07, 3.78249836785e-07, 1.92436061752e-07, 1.27356358348e-07, 2.25414581223e-07, 3.37084344437e-07, 1.57766990583e-07, 4.77039812097e-08, 3.54297347016e-09, 1.48551670964e-09, 3.79004744255e-11]
    },
    "erbbands": {
        "dmean": [0.00403592688963, 0.0181729756296, 0.0435471236706, 0.782637059689, 8.26266670227, 12.7470550537, 7.07141637802, 12.4658164978, 34.6807785034, 41.868057251, 50.8423194885, 54.7390213013, 49.9480705261, 19.6004486084, 15.5339670181, 19.5961875916, 23.5231876373, 32.9297828674, 25.6469287872, 11.6075162888, 6.11093711853, 8.82785606384, 14.2497253418, 14.6785078049, 6.33654260635, 7.54371547699, 10.9321899414, 6.00192499161, 4.48614025116, 3.68869113922, 3.30023550987, 1.58801209927, 0.879090309143, 0.246806442738, 0.10656940937, 0.0662161707878, 0.0120454216376, 0.000728793558665, 0.000285099464236, 0.000185238284757],
        "dmean2": [0.00672685727477, 0.0314639359713, 0.0720878839493, 1.16567540169, 11.8773450851, 18.1956005096, 10.2680530548, 18.3608131409, 52.8833847046, 64.7663345337, 76.8933868408, 87.5860824585, 75.1601104736, 28.4547977448, 23.3621864319, 30.2352561951, 37.548286438, 50.4272499084, 39.3320541382, 18.0630245209, 9.33124446869, 13.0520277023, 21.627866745, 22.806230545, 9.7334356308, 11.7331342697, 17.3330821991, 9.25390434265, 6.49884986877, 5.32239723206, 4.74290466309, 2.24932765961, 1.30600249767, 0.365059703588, 0.158453345299, 0.0988142341375, 0.0176459364593, 0.00105688639451, 0.000479401176563, 0.000319789367495],
        "dvar": [3.80898163712e-05, 0.00109718774911, 0.00750707508996, 1.58804512024, 136.286712646, 486.976257324, 473.370361328, 556.786743164, 4199.45166016, 10291.5664062, 9492.68359375, 16719.2480469, 12014.7246094, 1708.21557617, 1133.78344727, 2563.69824219, 3334.0065918, 5204.76025391, 2907.41625977, 912.910400391, 214.272232056, 509.328735352, 584.871582031, 691.307434082, 299.014892578, 234.75453186, 370.898712158, 277.056884766, 260.873565674, 134.524917603, 93.9631347656, 21.6325626373, 6.47008752823, 0.482023179531, 0.0919195339084, 0.0432558953762, 0.00163093965966, 6.99156134942e-06, 5.94700750867e-08, 2.91878095027e-08],
        "dvar2": [9.8233751487e-05, 0.00283237476833, 0.0195865947753, 3.33764863014, 241.358886719, 838.064697266, 808.044250488, 1081.53466797, 8729.03515625, 22292.2558594, 20224.7363281, 38897.9296875, 24022.7910156, 3346.83081055, 2600.34399414, 6005.63427734, 8040.71728516, 11682.2890625, 6479.81933594, 2076.62548828, 486.597717285, 1082.95666504, 1176.21276855, 1536.17016602, 700.799804688, 578.030944824, 872.197937012, 629.755737305, 498.969390869, 239.306152344, 183.10987854, 39.2000007629, 13.8028593063, 0.984197378159, 0.188917636871, 0.0912268981338, 0.00301461969502, 1.42804656207e-05, 1.65109071304e-07, 8.19808221308e-08],
        "max": [0.109518282115, 0.458360224962, 1.35181701183, 16.5428447723, 115.139526367, 267.833190918, 430.450927734, 307.912902832, 837.915649414, 1174.65344238, 1242.0838623, 1456.98852539, 1322.00561523, 610.300476074, 635.155639648, 1014.19525146, 634.434936523, 916.659301758, 640.633056641, 424.602874756, 201.654708862, 388.142120361, 248.297424316, 396.292907715, 397.035552979, 198.527801514, 227.365325928, 274.892883301, 223.505172729, 178.438079834, 170.695281982, 109.641120911, 50.5905189514, 13.4836301804, 4.23824167252, 3.65203905106, 0.799348056316, 0.0659070312977, 0.00285650440492, 0.0020628569182],
        "mean": [0.00521192932501, 0.0200433023274, 0.0565880276263, 1.41873049736, 15.3581790924, 20.1629581451, 9.28542709351, 16.8389644623, 41.553401947, 45.4314041138, 54.502658844, 50.2718734741, 49.9170913696, 21.3149414062, 17.1089515686, 19.2680110931, 22.5880126953, 31.9298858643, 24.6125011444, 11.243303299, 6.28674077988, 9.71520996094, 17.0364131927, 17.6163921356, 6.9140586853, 8.45164203644, 11.9150896072, 6.32937240601, 5.19586515427, 4.34656429291, 3.63893198967, 1.80061531067, 0.974310398102, 0.27946639061, 0.119691804051, 0.0734047591686, 0.0139702977613, 0.000850265903864, 0.000978294759989, 0.000642933417112],
        "median": [0.00300965807401, 0.0103650437668, 0.0272973552346, 0.58572781086, 8.59768486023, 6.22664070129, 1.6681432724, 3.74355316162, 10.1014928818, 6.92049217224, 6.38835811615, 2.37598371506, 2.28373146057, 2.09919118881, 2.12925672531, 1.41911268234, 1.0276427269, 1.30326664448, 1.45210003853, 1.29599714279, 1.03577709198, 1.8680460453, 3.8958325386, 4.79192829132, 1.96867632866, 2.25404310226, 3.02869081497, 0.691504061222, 0.160586357117, 0.236233562231, 0.331053525209, 0.199120059609, 0.11959823966, 0.02448008582, 0.0134297721088, 0.00544526334852, 0.000775017309934, 0.000104540245957, 0.000973189598881, 0.000622354564257],
        "min": [3.21241162774e-15, 1.72307372363e-14, 4.45676346305e-14, 9.09045923389e-14, 1.46953236797e-13, 8.63693204413e-14, 6.95642057413e-13, 2.39952133683e-12, 9.58759634184e-12, 1.96919685419e-11, 1.88964868059e-11, 1.55882893399e-11, 3.47045864268e-11, 9.24240128874e-11, 9.35758068255e-11, 1.25861279732e-10, 4.04107892982e-11, 3.65759401932e-11, 1.01280622777e-10, 1.3133381882e-10, 1.07164874197e-10, 9.16901277126e-11, 8.53155532332e-11, 8.08891287285e-11, 2.05010119991e-10, 3.52428419781e-10, 1.51141849036e-10, 1.43287826049e-10, 3.09913983365e-10, 3.5130606757e-10, 3.40079991945e-10, 7.88610288183e-11, 2.00136740514e-10, 1.4174295071e-10, 1.12930415019e-10, 5.55687093562e-11, 3.70668357119e-11, 1.37739420564e-11, 2.83117214568e-12, 2.49863985839e-13],
        "var": [5.06988653797e-05, 0.00117409764789, 0.00882763788104, 4.12049627304, 372.451629639, 1201.82495117, 863.522949219, 1026.34484863, 6074.97509766, 13460.5332031, 12606.6582031, 17047.7304688, 15960.4169922, 2533.21557617, 1415.10449219, 2693.4934082, 3570.59545898, 6269.02490234, 3429.69042969, 1007.85876465, 250.51701355, 661.130126953, 923.579223633, 954.534179688, 313.197967529, 264.580047607, 444.873596191, 334.483428955, 422.511535645, 229.008163452, 142.280883789, 36.9473381042, 8.53612232208, 0.705181002617, 0.135777369142, 0.0614579245448, 0.00262746703811, 9.85436236078e-06, 8.9813198656e-08, 3.51716771263e-08]
    },
    "gfcc": {
        "mean": [-75.9388656616, 79.5919265747, -106.952026367, 13.4569683075, -58.2656593323, -21.9939346313, -29.4320831299, -10.1539564133, -15.6272592545, -14.7760105133, 1.1102399826, -18.8119506836, -3.02124547958],
        "cov": [[9963.65332031, 52.3278961182, -3168.22412109, -95.896232605, -1979.81494141, -35.3082695007, -875.93170166, 338.892059326, -720.94342041, -31.6478633881, -378.553710938, -200.518127441, -426.883453369], [52.3278961182, 2930.015625, -356.707763672, -1359.24108887, 59.8064346313, -736.109619141, 21.1774921417, -281.510467529, -139.952972412, -510.451904297, 377.5730896, -284.421569824, 56.1393051147], [-3168.22412109, -356.707763672, 1846.53881836, 509.668487549, 460.381958008, 66.5743103027, 138.442993164, -120.489006042, 125.952720642, 17.6403980255, 24.8937587738, 201.384811401, 78.8496856689], [-95.896232605, -1359.24108887, 509.668487549, 1201.81958008, -2.80638051033, 77.6050262451, -133.250244141, 86.3069076538, 53.6893768311, 143.273666382, -176.944458008, 167.813812256, -26.4868164062], [-1979.81494141, 59.8064346313, 460.381958008, -2.80638051033, 762.108825684, 36.361000061, 131.071990967, -22.7293605804, 239.73223877, 57.309463501, 0.991503000259, 4.95474004745, 114.146064758], [-35.3082695007, -736.109619141, 66.5743103027, 77.6050262451, 36.361000061, 602.270324707, 166.172683716, 49.2648849487, 66.2007369995, 147.717330933, -102.186752319, 49.7404403687, -63.9498786926], [-875.93170166, 21.1774921417, 138.442993164, -133.250244141, 131.071990967, 166.172683716, 409.565673828, -38.7548370361, 47.408367157, 32.787727356, 75.0393295288, -18.6644859314, 7.59631252289], [338.892059326, -281.510467529, -120.489006042, 86.3069076538, -22.7293605804, 49.2648849487, -38.7548370361, 174.238006592, 20.9848442078, 66.9309310913, -56.4323158264, 34.5208511353, 9.20993232727], [-720.94342041, -139.952972412, 125.952720642, 53.6893768311, 239.73223877, 66.2007369995, 47.408367157, 20.9848442078, 232.333374023, 64.5289230347, -23.7879772186, 14.7298126221, 49.1239624023], [-31.6478633881, -510.451904297, 17.6403980255, 143.273666382, 57.309463501, 147.717330933, 32.787727356, 66.9309310913, 64.5289230347, 284.096282959, -96.9795532227, 30.8035259247, 8.80978679657], [-378.553710938, 377.5730896, 24.8937587738, -176.944458008, 0.991503000259, -102.186752319, 75.0393295288, -56.4323158264, -23.7879772186, -96.9795532227, 269.301818848, 4.69396495819, 3.5370259285], [-200.518127441, -284.421569824, 201.384811401, 167.813812256, 4.95474004745, 49.7404403687, -18.6644859314, 34.5208511353, 14.7298126221, 30.8035259247, 4.69396495819, 153.560394287, 25.0628948212], [-426.883453369, 56.1393051147, 78.8496856689, -26.4868164062, 114.146064758, -63.9498786926, 7.59631252289, 9.20993232727, 49.1239624023, 8.80978679657, 3.5370259285, 25.0628948212, 149.852981567]],
        "icov": [[0.00169383117463, -0.00201289798133, 0.00234236451797, -0.00219534221105, 0.00232165912166, -0.00226940074936, 0.00183006096631, -0.00151026586536, 0.0017181916628, -0.00140227959491, 0.00150147569366, -0.00104005308822, 0.000879567465745], [-0.00201289798133, 0.00480504892766, -0.00300026452169, 0.00483739003539, -0.00308658648282, 0.00482081295922, -0.00222077779472, 0.00281147612259, -0.00199563917704, 0.00339870341122, -0.00204511592165, 0.00222954456694, -0.000622563820798], [0.00234236451797, -0.00300026452169, 0.00423452164978, -0.00361288012937, 0.00267869164236, -0.00331352418289, 0.00225407909602, -0.001304389094, 0.00252494891174, -0.00193750613835, 0.00212205131538, -0.00265073846094, 0.0011208121432], [-0.00219534221105, 0.00483739003539, -0.00361288012937, 0.00624286755919, -0.00311685306951, 0.00509777572006, -0.00214582961053, 0.00255517987534, -0.00247373129241, 0.00306133390404, -0.00149059528485, 0.00131012464408, -0.000113192676508], [0.00232165912166, -0.00308658648282, 0.00267869164236, -0.00311685306951, 0.00572886876762, -0.00333443796262, 0.00223740120418, -0.00223615113646, 0.000263322348474, -0.00228925561532, 0.00212733144872, -0.00078196672257, 0.000175689507159], [-0.00226940074936, 0.00482081295922, -0.00331352418289, 0.00509777572006, -0.00333443796262, 0.00762155978009, -0.00375850033015, 0.0026811005082, -0.00282104546204, 0.0026979080867, -0.00108486576937, 0.000947371940129, 0.000825225375593], [0.00183006096631, -0.00222077779472, 0.00225407909602, -0.00214582961053, 0.00223740120418, -0.00375850033015, 0.00558972451836, -0.00130884337705, 0.00184166105464, -0.00202507851645, 0.000229875149671, -7.33922061045e-05, 0.000490948325023], [-0.00151026586536, 0.00281147612259, -0.001304389094, 0.00255517987534, -0.00223615113646, 0.0026811005082, -0.00130884337705, 0.0095703182742, -0.00197411421686, 0.000966688559856, -0.000667551881634, -0.000747976941057, -0.00116074224934], [0.0017181916628, -0.00199563917704, 0.00252494891174, -0.00247373129241, 0.000263322348474, -0.00282104546204, 0.00184166105464, -0.00197411421686, 0.00877000391483, -0.00204036803916, 0.00141422403976, -0.00094153592363, -0.000130988933961], [-0.00140227959491, 0.00339870341122, -0.00193750613835, 0.00306133390404, -0.00228925561532, 0.0026979080867, -0.00202507851645, 0.000966688559856, -0.00204036803916, 0.00736540975049, -0.000286609225441, 0.00124271702953, -0.000734204426408], [0.00150147569366, -0.00204511592165, 0.00212205131538, -0.00149059528485, 0.00212733144872, -0.00108486576937, 0.000229875149671, -0.000667551881634, 0.00141422403976, -0.000286609225441, 0.00694744475186, -0.00305749033578, 0.00150994374417], [-0.00104005308822, 0.00222954456694, -0.00265073846094, 0.00131012464408, -0.00078196672257, 0.000947371940129, -7.33922061045e-05, -0.000747976941057, -0.00094153592363, 0.00124271702953, -0.00305749033578, 0.0115894135088, -0.00275264773518], [0.000879567465745, -0.000622563820798, 0.0011208121432, -0.000113192676508, 0.000175689507159, 0.000825225375593, 0.000490948325023, -0.00116074224934, -0.000130988933961, -0.000734204426408, 0.00150994374417, -0.00275264773518, 0.00957792438567]]
    },
    "melbands": {
        "dmean": [3.06477995764e-05, 2.00425056391e-05, 0.000311199866701, 0.00082293926971, 0.000308087910526, 0.000295278674457, 0.000545868475456, 0.000443238794105, 0.00043693970656, 0.000342774495948, 0.000250356300967, 8.38824271341e-05, 5.66104026802e-05, 5.15167957928e-05, 5.05267125845e-05, 5.32502635906e-05, 6.46401531412e-05, 4.68013713544e-05, 2.29797697102e-05, 9.5675832199e-06, 6.94277287039e-06, 9.21713854041e-06, 1.00061452031e-05, 1.64611337823e-05, 1.22660230772e-05, 5.51945049665e-06, 3.9314222704e-06, 5.55712585992e-06, 7.57150519348e-06, 5.50900040253e-06, 3.01292789118e-06, 2.50089078691e-06, 2.82458108813e-06, 1.83791928521e-06, 2.20509718929e-06, 1.23019287912e-06, 9.28934298372e-07, 7.18412820788e-07, 3.65441110262e-07, 1.566938721e-07],
        "dmean2": [5.18548367836e-05, 3.41187078448e-05, 0.000450516556157, 0.0011612927774, 0.00044032241567, 0.000439404830104, 0.000825629918836, 0.000690094311722, 0.000665547850076, 0.000551553501282, 0.00037936589797, 0.000125126782223, 8.55963153299e-05, 7.92932332843e-05, 7.91776546976e-05, 8.37683401187e-05, 0.000100551100331, 7.3562405305e-05, 3.72929243895e-05, 1.52184675244e-05, 1.09182074084e-05, 1.39363310154e-05, 1.49957131725e-05, 2.54483911704e-05, 1.91113504115e-05, 8.58518342284e-06, 6.35833430351e-06, 8.64109824761e-06, 1.21192679217e-05, 8.78557875694e-06, 4.6368418225e-06, 3.78068102691e-06, 4.14860733144e-06, 2.63253264166e-06, 3.23981748807e-06, 1.81063137461e-06, 1.32993829993e-06, 1.08971198642e-06, 5.49809840322e-07, 2.33781648262e-07],
        "dvar": [2.35271691018e-09, 1.58834823072e-09, 2.032185904e-07, 1.29807017402e-06, 6.55859196286e-07, 3.01287229831e-07, 1.0086405382e-06, 9.84516759672e-07, 7.03245916611e-07, 6.5587755671e-07, 3.14420304903e-07, 3.53643940798e-08, 1.61797348852e-08, 1.39081670625e-08, 2.19506741672e-08, 1.43893403859e-08, 2.18591260648e-08, 1.0472687606e-08, 3.77045106248e-09, 6.35352770395e-10, 3.56585871941e-10, 6.64598542865e-10, 4.13489131823e-10, 7.5567468949e-10, 5.50898549001e-10, 3.04737096668e-10, 1.37173439274e-10, 1.28375102215e-10, 1.78584924626e-10, 1.64864996655e-10, 1.03372921334e-10, 9.61094398511e-11, 1.07073842848e-10, 3.18865558957e-11, 4.46574305313e-11, 1.4418524534e-11, 7.86679575648e-12, 4.85631543659e-12, 1.15406122159e-12, 2.04589790205e-13],
        "dvar2": [6.06695182981e-09, 4.11124689847e-09, 3.8983304762e-07, 2.23452047976e-06, 1.10026144284e-06, 5.83843075219e-07, 2.03924378184e-06, 2.16598846237e-06, 1.48191122662e-06, 1.51110327806e-06, 6.30977638139e-07, 7.16866210837e-08, 3.6799306713e-08, 3.15762349601e-08, 5.49660263971e-08, 3.37026655473e-08, 4.95718346372e-08, 2.41800321987e-08, 9.03890740034e-09, 1.43103540129e-09, 8.54715132004e-10, 1.46950462909e-09, 8.45097769542e-10, 1.63557878352e-09, 1.25361887537e-09, 7.25063176166e-10, 3.39695133134e-10, 3.18655546394e-10, 4.27160640193e-10, 3.96219057563e-10, 2.40050479494e-10, 2.05107000828e-10, 2.07446101963e-10, 5.83519135788e-11, 8.98999416576e-11, 2.80632305588e-11, 1.47604688888e-11, 1.07979016353e-11, 2.54471639073e-12, 4.21128193082e-13],
        "max": [0.000841531320475, 0.000642403378151, 0.00511212553829, 0.0123727628961, 0.01321169734, 0.0065359948203, 0.0143846096471, 0.011270894669, 0.00848800502717, 0.00904054380953, 0.00686819478869, 0.00244832946919, 0.00215373071842, 0.00177914649248, 0.00355505081825, 0.00159046181943, 0.00206127599813, 0.00117924332153, 0.000697178940754, 0.000329680682626, 0.000324890919728, 0.000409057858633, 0.000235732150031, 0.000273448880762, 0.000393131253077, 0.000452252395917, 0.000189084443264, 0.000154742170707, 0.000127179620904, 0.000175055669388, 0.000160687501193, 0.000157357921125, 0.000160351861268, 0.000119485113828, 0.000124542915728, 0.000101986617665, 6.25208849669e-05, 5.14926541655e-05, 1.86881479749e-05, 9.06416153157e-06],
        "mean": [3.82987163903e-05, 2.08030069189e-05, 0.000594007840846, 0.00146711163688, 0.000418366282247, 0.000389911874663, 0.000651863694657, 0.000470694416435, 0.000453700253274, 0.000307387614157, 0.000246407726081, 8.68196439114e-05, 5.91575080762e-05, 5.05134521518e-05, 4.7145273129e-05, 5.04357012687e-05, 6.07725378359e-05, 4.28601961175e-05, 2.13308649109e-05, 9.22451727092e-06, 6.85110580889e-06, 9.60221950663e-06, 1.13036685434e-05, 1.89790789591e-05, 1.4222297068e-05, 5.64106221645e-06, 3.91097000829e-06, 6.01973442826e-06, 8.13630776975e-06, 5.57895100428e-06, 3.02519856632e-06, 2.73490036307e-06, 3.16510363518e-06, 2.10756002161e-06, 2.38452912527e-06, 1.3376896959e-06, 1.02314118067e-06, 7.77228763127e-07, 3.92256652049e-07, 1.7412767761e-07],
        "median": [2.13576804526e-05, 8.62236447574e-06, 0.000262051558821, 0.000817381544039, 4.77405264974e-05, 6.56217671349e-05, 0.000155665358761, 4.89228768856e-05, 3.23621788993e-05, 1.09636566776e-05, 1.00801753433e-05, 7.25797508494e-06, 6.54259383737e-06, 4.06779599871e-06, 2.31676449403e-06, 1.86161503279e-06, 2.19567255044e-06, 2.06249706025e-06, 1.84026430361e-06, 1.30278090182e-06, 1.05424567209e-06, 1.68211886376e-06, 1.99057330974e-06, 4.54908695247e-06, 3.59920204573e-06, 1.25389078676e-06, 8.49872435538e-07, 1.22385529266e-06, 1.97581925931e-06, 8.76377612258e-07, 1.46994736383e-07, 4.07977083228e-08, 6.34857642012e-08, 1.45981459809e-07, 1.88575924653e-07, 1.29405236748e-07, 1.14775197346e-07, 9.01311238977e-08, 2.7963469762e-08, 1.0773231196e-08],
        "min": [2.87470177542e-17, 2.35681904859e-17, 1.80344365603e-17, 7.9292565718e-18, 1.91775836233e-17, 5.3292192916e-17, 1.65056492932e-16, 2.10510014652e-16, 1.58718688018e-16, 8.30173616707e-17, 1.81599139036e-16, 3.79644428594e-16, 2.95129916337e-16, 3.29582875587e-16, 2.49598613169e-16, 3.2645867397e-17, 7.16757030035e-17, 1.5506314528e-16, 1.90743442036e-16, 1.33138412125e-16, 1.30150106357e-16, 1.03126215006e-16, 6.84084917852e-17, 7.54744406312e-17, 5.63346194572e-17, 1.28729790923e-16, 1.72464841612e-16, 2.67789466274e-16, 1.39252401817e-16, 1.92611139759e-17, 9.89260234661e-17, 1.73684264653e-16, 1.49236220348e-16, 2.05333703667e-16, 2.18286160919e-16, 8.54581863699e-17, 3.17036755921e-17, 1.56452385193e-16, 1.02791451703e-16, 1.20875982322e-16],
        "var": [2.94172575188e-09, 1.65446689682e-09, 5.88523448641e-07, 3.52125334757e-06, 1.33805565383e-06, 5.46178000604e-07, 1.50687026235e-06, 1.29945021854e-06, 9.37496565712e-07, 6.79117817981e-07, 4.10788800309e-07, 4.81476192249e-08, 1.94104465834e-08, 1.6675480552e-08, 2.01111625131e-08, 1.61408646449e-08, 2.55760550516e-08, 1.14802070073e-08, 3.7788954188e-09, 6.94788837574e-10, 3.70535518934e-10, 8.11352651731e-10, 5.95999416486e-10, 1.08973363666e-09, 7.29418192513e-10, 3.0402186324e-10, 1.2479219047e-10, 1.44220413389e-10, 2.07160566479e-10, 1.77097336795e-10, 1.17860443627e-10, 1.32794358843e-10, 1.69292455054e-10, 5.18686309181e-11, 6.41417891023e-11, 2.31612021229e-11, 1.21911274478e-11, 5.86241992451e-12, 1.47080719999e-12, 2.99202692787e-13]
    },
    "mfcc": {
        "mean": [-729.89074707, 122.046836853, -1.29201066494, 23.9812717438, -7.57176399231, -12.4291543961, -5.7364821434, -5.25275230408, -16.1346473694, 4.85100507736, -9.85282516479, 3.30302548409, -13.2951040268],
        "cov": [[11078.5078125, -597.468017578, -2212.2109375, -733.789550781, -1304.78405762, -863.15032959, -437.868255615, -149.718185425, -644.728515625, 265.866668701, -405.047851562, 134.462539673, -642.177490234], [-597.468017578, 3604.05957031, -662.889221191, -753.452209473, -197.805923462, -661.15234375, 72.3737640381, -114.47555542, -441.061126709, -61.864238739, -271.822601318, 50.2426834106, -219.332489014], [-2212.2109375, -662.889221191, 1468.74206543, 470.735229492, 230.205673218, 309.080657959, 57.2136306763, 80.2714614868, 86.6365509033, -241.267868042, 93.5495605469, -106.069236755, 233.149505615], [-733.789550781, -753.452209473, 470.735229492, 886.781555176, 284.518218994, -1.37940561771, -94.8823013306, -60.330947876, 134.717758179, -200.722930908, 46.9730758667, -34.2649078369, 116.211761475], [-1304.78405762, -197.805923462, 230.205673218, 284.518218994, 598.734375, 99.0269317627, -109.745521545, -1.70500659943, 190.764923096, -75.4772872925, 55.3807754517, -39.9177093506, 102.470901489], [-863.15032959, -661.15234375, 309.080657959, -1.37940561771, 99.0269317627, 578.65838623, 78.8627700806, 95.8520584106, 193.206161499, 135.828521729, 154.484863281, -70.6461257935, 83.9705429077], [-437.868255615, 72.3737640381, 57.2136306763, -94.8823013306, -109.745521545, 78.8627700806, 281.550048828, 41.366317749, -38.7903747559, 40.7777633667, 22.3418903351, 17.6566867828, 30.2328472137], [-149.718185425, -114.47555542, 80.2714614868, -60.330947876, -1.70500659943, 95.8520584106, 41.366317749, 225.692321777, -12.0285053253, 30.9729442596, -3.18535232544, -12.4298820496, 44.3126869202], [-644.728515625, -441.061126709, 86.6365509033, 134.717758179, 190.764923096, 193.206161499, -38.7903747559, -12.0285053253, 373.285766602, 53.7342414856, 63.5256690979, -42.8105278015, 62.0855712891], [265.866668701, -61.864238739, -241.267868042, -200.722930908, -75.4772872925, 135.828521729, 40.7777633667, 30.9729442596, 53.7342414856, 285.220031738, 48.9800682068, -3.35125923157, -48.0176010132], [-405.047851562, -271.822601318, 93.5495605469, 46.9730758667, 55.3807754517, 154.484863281, 22.3418903351, -3.18535232544, 63.5256690979, 48.9800682068, 194.207397461, 4.02551174164, 42.4282188416], [134.462539673, 50.2426834106, -106.069236755, -34.2649078369, -39.9177093506, -70.6461257935, 17.6566867828, -12.4298820496, -42.8105278015, -3.35125923157, 4.02551174164, 144.709320068, 5.67658281326], [-642.177490234, -219.332489014, 233.149505615, 116.211761475, 102.470901489, 83.9705429077, 30.2328472137, 44.3126869202, 62.0855712891, -48.0176010132, 42.4282188416, 5.67658281326, 169.985046387]],
