{
"lowlevel": {
    "average_loudness": 0.972508788109,
    "barkbands_crest": {
        "dmean": 3.89761757851,
        "dmean2": 6.41684818268,
        "dvar": 10.970785141,
        "dvar2": 25.1524944305,
        "max": 25.8840656281,
        "mean": 11.9076194763,
        "median": 11.2723464966,
        "min": 2.69458675385,
        "var": 23.6301174164
    },
    "barkbands_flatness_db": {
        "dmean": 0.0445728302002,
        "dmean2": 0.0680889189243,
        "dvar": 0.00214811321348,
        "dvar2": 0.00458338111639,
        "max": 0.503927648067,
        "mean": 0.190253958106,
        "median": 0.186303406954,
        "min": 0.0192802455276,
        "var": 0.00524353189394
    },
    "barkbands_kurtosis": {
        "dmean": 14.3052253723,
        "dmean2": 23.4220409393,
        "dvar": 1038.29602051,
        "dvar2": 2364.11938477,
        "max": 688.692016602,
        "mean": 13.3816194534,
        "median": 2.93657875061,
        "min": -1.95043468475,
        "var": 1150.91223145
    },
    "barkbands_skewness": {
        "dmean": 1.56161284447,
        "dmean2": 2.34486746788,
        "dvar": 3.54076194763,
        "dvar2": 7.14025783539,
        "max": 22.9973678589,
        "mean": 1.86335599422,
        "median": 1.55951619148,
        "min": -6.32628250122,
        "var": 7.03216743469
    },
    "barkbands_spread": {
        "dmean": 12.6203403473,
        "dmean2": 20.5972137451,
        "dvar": 314.915496826,
        "dvar2": 721.052307129,
        "max": 130.82875061,
        "mean": 22.0017585754,
        "median": 13.2494010925,
        "min": 0.48492577672,
        "var": 558.279296875
    },
    "dissonance": {
        "dmean": 0.0442599207163,
        "dmean2": 0.0695966035128,
        "dvar": 0.00191902730148,
        "dvar2": 0.00434781145304,
        "max": 0.500000178814,
        "mean": 0.417209982872,
        "median": 0.425377726555,
        "min": 0.154860332608,
        "var": 0.00443191546947
    },
    "dynamic_complexity": 3.98629641533,
    "erbbands_crest": {
        "dmean": 3.86811041832,
        "dmean2": 6.42977905273,
        "dvar": 10.1722421646,
        "dvar2": 26.2221813202,
        "max": 29.5423278809,
        "mean": 11.302280426,
        "median": 10.5974807739,
        "min": 2.67171406746,
        "var": 19.3068599701
    },
    "erbbands_flatness_db": {
        "dmean": 0.0369805619121,
        "dmean2": 0.0556588508189,
        "dvar": 0.00130363681819,
        "dvar2": 0.00284224119969,
        "max": 0.415035814047,
        "mean": 0.212040811777,
        "median": 0.222911775112,
        "min": 0.0457811392844,
        "var": 0.0033527307678
    },
    "erbbands_kurtosis": {
        "dmean": 3.5226688385,
        "dmean2": 5.69213962555,
        "dvar": 43.0928497314,
        "dvar2": 106.13709259,
        "max": 91.175567627,
        "mean": 2.85125207901,
        "median": 0.759394645691,
        "min": -1.86798799038,
        "var": 46.8144073486
    },
    "erbbands_skewness": {
        "dmean": 0.816976428032,
        "dmean2": 1.27403008938,
        "dvar": 0.902588069439,
        "dvar2": 1.88000249863,
        "max": 7.55340385437,
        "mean": 0.516512036324,
        "median": 0.670660972595,
        "min": -7.15081119537,
        "var": 1.89615809917
    },
    "erbbands_spread": {
        "dmean": 14.8629789352,
        "dmean2": 24.2936344147,
        "dvar": 312.952331543,
        "dvar2": 806.281005859,
        "max": 153.52003479,
        "mean": 31.2271442413,
        "median": 25.3609886169,
        "min": 1.196788311,
        "var": 415.664031982
    },
    "hfc": {
        "dmean": 9.91590595245,
        "dmean2": 13.8708992004,
        "dvar": 99.9781646729,
        "dvar2": 169.572814941,
        "max": 96.2434616089,
        "mean": 16.8398532867,
        "median": 12.1997432709,
        "min": 0.000273021374596,
        "var": 237.445266724
    },
    "melbands_crest": {
        "dmean": 5.00840473175,
        "dmean2": 8.06145381927,
        "dvar": 18.9446907043,
        "dvar2": 43.9452819824,
        "max": 33.1172904968,
        "mean": 15.2705879211,
        "median": 14.4068660736,
        "min": 2.34896206856,
        "var": 41.9399642944
    },
    "melbands_flatness_db": {
        "dmean": 0.0598909780383,
        "dmean2": 0.0885761380196,
        "dvar": 0.003950772807,
        "dvar2": 0.00818468257785,
        "max": 0.640120863914,
        "mean": 0.24278973043,
        "median": 0.243414163589,
        "min": 0.0167559888214,
        "var": 0.00979199446738
    },
    "melbands_kurtosis": {
        "dmean": 13.8113803864,
        "dmean2": 23.1264781952,
        "dvar": 679.446777344,
        "dvar2": 1786.62731934,
        "max": 393.875946045,
        "mean": 15.0486021042,
        "median": 7.48429870605,
        "min": -1.90598762035,
        "var": 619.836364746
    },
    "melbands_skewness": {
        "dmean": 1.40333855152,
        "dmean2": 2.14749574661,
        "dvar": 2.36201167107,
        "dvar2": 5.41271686554,
        "max": 17.4166545868,
        "mean": 2.36667346954,
        "median": 2.19376754761,
        "min": -3.95044922829,
        "var": 4.24067640305
    },
    "melbands_spread": {
        "dmean": 17.9707450867,
        "dmean2": 29.6856536865,
        "dvar": 986.279785156,
        "dvar2": 2393.51586914,
        "max": 225.928833008,
        "mean": 27.3173332214,
        "median": 16.0876617432,
        "min": 0.315674155951,
        "var": 1230.97143555
    },
    "pitch_salience": {
        "dmean": 0.114449754357,
        "dmean2": 0.183008164167,
        "dvar": 0.011848397553,
        "dvar2": 0.0266277100891,
        "max": 0.932632982731,
        "mean": 0.580914855003,
        "median": 0.601964473724,
        "min": 0.0783312469721,
        "var": 0.0226749069989
    },
    "silence_rate_20dB": {
        "dmean": 0,
        "dmean2": 0,
        "dvar": 0,
        "dvar2": 0,
        "max": 1,
        "mean": 1,
        "median": 1,
        "min": 1,
        "var": 0
    },
    "silence_rate_30dB": {
        "dmean": 0,
        "dmean2": 0,
        "dvar": 0,
        "dvar2": 0,
        "max": 1,
        "mean": 1,
        "median": 1,
        "min": 1,
        "var": 0
    },
    "silence_rate_60dB": {
        "dmean": 0.11266540736,
        "dmean2": 0.225037828088,
        "dvar": 0.0999735221267,
        "dvar2": 0.22053539753,
        "max": 1,
        "mean": 0.187074825168,
        "median": 0,
        "min": 0,
        "var": 0.152081802487
    },
    "spectral_centroid": {
        "dmean": 580.565368652,
        "dmean2": 882.078735352,
        "dvar": 573137,
        "dvar2": 1009069.5,
        "max": 6027.23876953,
        "mean": 1449.5402832,
        "median": 1135.26025391,
        "min": 171.604827881,
        "var": 1404585.75
    },
    "spectral_complexity": {
        "dmean": 3.90548205376,
        "dmean2": 5.4708776474,
        "dvar": 15.1918363571,
        "dvar2": 26.7574081421,
        "max": 33,
        "mean": 8.82539653778,
        "median": 8,
        "min": 0,
        "var": 44.3196029663
    },
    "spectral_decrease": {
        "dmean": 2.43102493691e-09,
        "dmean2": 3.32883720588e-09,
        "dvar": 7.17507547549e-18,
        "dvar2": 1.1469477097e-17,
        "max": 3.08943083789e-12,
        "mean": -4.81961848209e-09,
        "median": -4.21874535306e-09,
        "min": -2.47120848229e-08,
        "var": 1.85826654006e-17
    },
    "spectral_energy": {
        "dmean": 0.00988474301994,
        "dmean2": 0.0135882776231,
        "dvar": 0.000117811250675,
        "dvar2": 0.000188590667676,
        "max": 0.101615987718,
        "mean": 0.0197177845985,
        "median": 0.0168371833861,
        "min": 3.38300090164e-08,
        "var": 0.000301434658468
    },
    "spectral_energyband_high": {
        "dmean": 0.000557577062864,
        "dmean2": 0.000820862711407,
        "dvar": 8.82912786437e-07,
        "dvar2": 1.61761079198e-06,
        "max": 0.00938945543021,
        "mean": 0.000759880756959,
        "median": 0.000238648644881,
        "min": 1.27359953694e-08,
        "var": 1.70036923919e-06
    },
    "spectral_energyband_low": {
        "dmean": 0.000137028415338,
        "dmean2": 0.000223690847633,
        "dvar": 9.92599851202e-08,
        "dvar2": 2.42693687369e-07,
        "max": 0.00363864586689,
        "mean": 0.00014334374282,
        "median": 2.28550998145e-05,
        "min": 4.00299238201e-10,
        "var": 1.25706421272e-07
    },
    "spectral_energyband_middle_high": {
        "dmean": 0.00312795792706,
        "dmean2": 0.00426247203723,
        "dvar": 1.98175421247e-05,
        "dvar2": 3.19996397593e-05,
        "max": 0.0509486794472,
        "mean": 0.00401497911662,
        "median": 0.00122943287715,
        "min": 6.28159568805e-09,
        "var": 3.8482274249e-05
    },
    "spectral_energyband_middle_low": {
        "dmean": 0.00774588435888,
        "dmean2": 0.0108972061425,
        "dvar": 7.48871607357e-05,
        "dvar2": 0.00012455698743,
        "max": 0.070486612618,
        "mean": 0.0152576100081,
        "median": 0.0141667174175,
        "min": 1.37301348069e-09,
        "var": 0.000190188075067
    },
    "spectral_entropy": {
        "dmean": 0.458908051252,
        "dmean2": 0.688971102238,
        "dvar": 0.237401515245,
        "dvar2": 0.497478753328,
        "max": 8.76708602905,
        "mean": 7.07218313217,
        "median": 7.04610300064,
        "min": 3.96059799194,
        "var": 0.577060937881
    },
    "spectral_flux": {
        "dmean": 0.0404931120574,
        "dmean2": 0.0658936053514,
        "dvar": 0.0012691746233,
        "dvar2": 0.00296510686167,
        "max": 0.301404446363,
        "mean": 0.0927572995424,
        "median": 0.0912048369646,
        "min": 0.000200577036594,
        "var": 0.0029232269153
    },
    "spectral_kurtosis": {
        "dmean": 5.18919658661,
        "dmean2": 8.34814834595,
        "dvar": 59.6380386353,
        "dvar2": 131.147018433,
        "max": 112.782516479,
        "mean": 8.42898845673,
        "median": 5.70293617249,
        "min": -0.343903541565,
        "var": 84.2236709595
    },
    "spectral_rms": {
        "dmean": 0.00120712071657,
        "dmean2": 0.00161550519988,
        "dvar": 1.50527569076e-06,
        "dvar2": 2.1605837901e-06,
        "max": 0.00995678361505,
        "mean": 0.00377757824026,
        "median": 0.00405296403915,
        "min": 5.74498790229e-06,
        "var": 4.96676329931e-06
    },
    "spectral_rolloff": {
        "dmean": 1707.19372559,
        "dmean2": 3011.04492188,
        "dvar": 13023804,
        "dvar2": 29749664,
        "max": 19056.8847656,
        "mean": 3302.75585938,
        "median": 1335.05859375,
        "min": 150.732421875,
        "var": 25489564
    },
    "spectral_skewness": {
        "dmean": 0.665365576744,
        "dmean2": 1.024954319,
        "dvar": 0.560181975365,
        "dvar2": 1.17044377327,
        "max": 8.73356437683,
        "mean": 1.83934938908,
        "median": 1.61980688572,
        "min": -0.0868639498949,
        "var": 1.132127285
    },
    "spectral_spread": {
        "dmean": 841218.6875,
        "dmean2": 1298720.875,
        "dvar": 1.07752102298e+12,
        "dvar2": 2.25359036416e+12,
        "max": 15745099,
        "mean": 3966705,
        "median": 3571580.75,
        "min": 1186059.75,
        "var": 2.16407447962e+12
    },
    "spectral_strongpeak": {
        "dmean": 0.906944215298,
        "dmean2": 1.46317744255,
        "dvar": 0.950486779213,
        "dvar2": 2.18231582642,
        "max": 9.05038738251,
        "mean": 1.39826667309,
        "median": 1.05880975723,
        "min": 0.00584888458252,
        "var": 1.43218553066
    },
    "zerocrossingrate": {
        "dmean": 0.0406072773039,
        "dmean2": 0.0452967658639,
        "dvar": 0.00286370073445,
        "dvar2": 0.00297509133816,
        "max": 0.78857421875,
        "mean": 0.12048792094,
        "median": 0.05859375,
        "min": 0.00927734375,
        "var": 0.016056664288
    },
    "barkbands": {
        "dmean": [2.3357849841e-06, 1.09651282401e-05, 2.72368615697e-05, 0.000481046066852, 0.00304012629203, 0.00108775461558, 0.00262764445506, 0.00211993232369, 0.00216307141818, 0.00133695045952, 0.000401366822189, 0.000327173009282, 0.000439992116299, 0.000716700276826, 0.000317709083902, 0.000138899791637, 0.000157152098836, 0.000337345525622, 0.00013278904953, 0.000179331153049, 0.0002469936735, 0.000108595697384, 8.43087909743e-05, 4.58093454654e-05, 1.53459714056e-05, 9.78873049462e-06, 5.51611037736e-06],
        "dmean2": [4.06312619816e-06, 1.94333970285e-05, 4.7797238949e-05, 0.00071951886639, 0.00435970863327, 0.00167748495005, 0.00399708934128, 0.00333575881086, 0.00343767995946, 0.00198029330932, 0.000612139818259, 0.000497351109516, 0.000693657726515, 0.00108981854282, 0.000507736694999, 0.00021320884116, 0.000240362918703, 0.00050935766194, 0.000210070167668, 0.000277884391835, 0.000380709388992, 0.000157312388183, 0.000121118602692, 6.49316134513e-05, 2.17637116293e-05, 1.42415101436e-05, 9.55848372541e-06],
        "dvar": [2.35740454935e-10, 2.5131539072e-09, 5.53941603698e-09, 6.84190752054e-07, 1.82446747203e-05, 4.48144555776e-06, 2.92605454888e-05, 1.94992007891e-05, 1.94180502149e-05, 8.56421502249e-06, 1.1212107438e-06, 6.80723360347e-07, 1.23437507682e-06, 2.34002027355e-06, 5.63682021948e-07, 1.27606426759e-07, 1.34426031195e-07, 3.29392605636e-07, 7.04658660311e-08, 9.50259462229e-08, 2.10126358979e-07, 1.70590155335e-07, 6.66511255076e-08, 1.51639945045e-08, 1.54191603929e-09, 9.90124759959e-10, 2.79282118265e-11],
        "dvar2": [7.69719676885e-10, 7.33537808273e-09, 1.45969973886e-08, 1.47228149672e-06, 3.22629202856e-05, 9.25080075831e-06, 6.25904867775e-05, 4.16756229242e-05, 4.05955324823e-05, 1.68787537405e-05, 2.32603520089e-06, 1.60911474723e-06, 3.03974275084e-06, 4.8375732149e-06, 1.2830154219e-06, 2.99683279081e-07, 2.88789237857e-07, 6.85331997374e-07, 1.70131940536e-07, 2.22182663379e-07, 4.56450351294e-07, 3.73879430526e-07, 1.33248420298e-07, 2.84936323425e-08, 2.90685542303e-09, 2.02988115205e-09, 8.30197369184e-11],
        "max": [0.000484442804009, 0.00170334975701, 0.000973110669293, 0.0117028281093, 0.0459286794066, 0.0316748991609, 0.0575791783631, 0.0619311146438, 0.0485801361501, 0.0300291683525, 0.0212920084596, 0.0143702756613, 0.0214861761779, 0.0166945662349, 0.00882536359131, 0.00547270104289, 0.00530667742714, 0.00601984094828, 0.00311343045905, 0.0041544768028, 0.00607498921454, 0.00686567183584, 0.00522155780345, 0.00190413394012, 0.000533818209078, 0.000530900317244, 6.50463189231e-05],
        "mean": [2.01555394597e-06, 1.11057779577e-05, 2.2260717742e-05, 0.000727250240743, 0.00533419568092, 0.00139933766332, 0.00286908843555, 0.00221719196998, 0.00208963709883, 0.00127092411276, 0.000397735886509, 0.000328621594235, 0.000413042696891, 0.000700418662746, 0.000292698037811, 0.000133262918098, 0.000163950418937, 0.000395532726543, 0.000143294775626, 0.000204034135095, 0.000282463704934, 0.000123279809486, 9.49444583966e-05, 5.36175139132e-05, 1.82707026397e-05, 1.10571590994e-05, 1.85609569598e-05],
        "median": [3.42342445947e-07, 4.63841615783e-06, 3.65001505997e-06, 9.92778223008e-05, 0.00321320514195, 0.000215516105527, 0.0003314113128, 0.000156348090968, 5.56200066057e-05, 5.04529307364e-05, 3.05104258587e-05, 2.23082570301e-05, 2.19262346945e-05, 2.89818326564e-05, 1.9208437152e-05, 1.84860291483e-05, 2.6551544579e-05, 8.90313094715e-05, 3.42375278706e-05, 5.22748377989e-05, 5.39148313692e-05, 2.81630491372e-06, 1.02955536931e-05, 8.72523196449e-06, 2.27104419537e-06, 9.31129420678e-07, 1.86156503332e-05],
        "min": [5.44123123294e-13, 2.88507343016e-11, 1.79484899165e-10, 3.71407737898e-10, 1.79473491624e-10, 2.17967185967e-10, 3.52092605072e-10, 1.51578874452e-10, 4.59544000075e-11, 2.76945411049e-10, 1.16815823681e-09, 1.56058954648e-09, 1.78803874484e-10, 1.004590508e-10, 1.64412913839e-10, 1.81033701918e-10, 4.60698840188e-11, 6.44238135061e-11, 1.80152059936e-10, 7.10722522501e-11, 9.49917089432e-11, 8.76931097182e-11, 1.01674828279e-10, 1.89740417822e-10, 2.61137306223e-10, 1.48091441887e-10, 1.23031300703e-08],
        "var": [1.68817293478e-10, 1.48959489188e-09, 4.8064396907e-09, 1.45506282934e-06, 4.37087910541e-05, 7.93213894212e-06, 3.87853106076e-05, 2.65718335868e-05, 2.40806402871e-05, 1.12419602374e-05, 1.3618940784e-06, 7.66225070947e-07, 1.20824358874e-06, 2.92401773549e-06, 6.28615850928e-07, 1.38906131042e-07, 1.65802106267e-07, 4.97689541135e-07, 8.38813818405e-08, 1.24597193008e-07, 2.93941013751e-07, 2.40171999621e-07, 9.5537842526e-08, 2.39864874629e-08, 2.59770094324e-09, 1.45275635965e-09, 2.99386418434e-11]
    },
    "erbbands": {
        "dmean": [0.000277644285234, 0.00284329964779, 0.025426870212, 0.662783801556, 7.10087442398, 10.7655925751, 6.92830085754, 10.2678384781, 32.7692146301, 36.3602256775, 49.9565811157, 47.5410690308, 50.6113853455, 21.9794845581, 14.4154939651, 13.0075521469, 19.3404502869, 35.9139175415, 23.6333503723, 10.6907243729, 6.65734291077, 9.0671339035, 15.2515506744, 13.8914804459, 4.22764444351, 8.27866840363, 13.5180778503, 6.39665031433, 3.86538767815, 3.0031812191, 2.63759589195, 1.22127771378, 0.664200484753, 0.210249587893, 0.0958656147122, 0.0634220317006, 0.0130922142416, 0.00071721553104, 0.000250736542512, 0.000167000413057],
        "dmean2": [0.000484402611619, 0.00501410989091, 0.0413988009095, 0.981348097324, 10.4131889343, 15.2725200653, 9.87815666199, 15.5810871124, 49.4900932312, 57.0936927795, 77.0997695923, 74.0682830811, 75.0764083862, 31.3270702362, 21.185628891, 19.7837314606, 29.7908153534, 53.6609230042, 36.1721916199, 16.6378154755, 9.97792434692, 13.3808031082, 22.4717693329, 21.2068939209, 6.53784275055, 12.682929039, 20.7887401581, 9.70319747925, 5.68205881119, 4.37324094772, 3.81416583061, 1.71670532227, 0.94197255373, 0.29896774888, 0.141322776675, 0.0938312187791, 0.0187012292445, 0.00101292936597, 0.000427541643148, 0.000289450079435],
        "dvar": [6.01297244884e-07, 0.000189869635506, 0.00363274523988, 1.24054741859, 110.784164429, 344.22555542, 417.561248779, 419.357574463, 4284.70751953, 6709.30712891, 9993.95507812, 10443.5478516, 10820.1289062, 3048.20629883, 1278.04968262, 1084.17700195, 2685.33056641, 6525.80664062, 2432.10400391, 783.35144043, 237.105606079, 401.258514404, 737.608154297, 556.030212402, 94.8603286743, 214.451660156, 521.448852539, 265.382843018, 257.040008545, 112.068557739, 67.136390686, 12.0045032501, 3.04828667641, 0.285806030035, 0.0671887621284, 0.0383938848972, 0.00192352302838, 7.50711978981e-06, 5.15697031744e-08, 2.60886263703e-08],
        "dvar2": [1.71232125012e-06, 0.000557334744371, 0.00952637381852, 2.66950964928, 205.773147583, 648.542663574, 750.356445312, 819.840270996, 8781.51074219, 14248.3203125, 21690.3457031, 21944.4121094, 21312.1074219, 5806.08105469, 2687.81494141, 2570.36621094, 6602.94775391, 13758.0634766, 5402.67626953, 1837.01452637, 521.522460938, 836.570373535, 1533.125, 1154.07653809, 236.224655151, 506.819549561, 1163.95703125, 601.784301758, 590.26739502, 253.228988647, 137.983764648, 23.6715431213, 5.53714466095, 0.520729422569, 0.13722756505, 0.0818126052618, 0.00371462851763, 1.51204549184e-05, 1.4915329416e-07, 7.70670993688e-08],
        "max": [0.0242452770472, 0.469272255898, 1.3769261837, 14.9814548492, 115.533576965, 205.604370117, 345.107086182, 290.644927979, 743.468811035, 1213.84436035, 1072.80822754, 1484.49938965, 1074.6887207, 1070.50097656, 1012.59057617, 689.79888916, 1143.91882324, 984.798217773, 544.906005859, 530.778442383, 183.616287231, 235.69140625, 383.300445557, 262.658905029, 157.072280884, 216.909957886, 358.910644531, 250.130645752, 292.287597656, 240.230865479, 183.627838135, 70.1526412964, 28.8314247131, 7.64045333862, 3.79283165932, 3.09275054932, 0.82249122858, 0.0732198134065, 0.00277424533851, 0.00203172839247],
        "mean": [0.000331577553879, 0.00328245246783, 0.0350655801594, 1.16646707058, 13.209482193, 16.4685115814, 9.58925533295, 14.1273899078, 39.1777839661, 38.6356544495, 54.5310974121, 47.1427116394, 50.1738548279, 23.9774799347, 15.3399038315, 13.4696445465, 18.9330291748, 35.2822875977, 23.5064868927, 10.7283992767, 6.86018848419, 9.88971805573, 17.9341621399, 16.3681354523, 4.98385429382, 9.57079315186, 15.5396795273, 7.09970140457, 4.31807327271, 3.42177081108, 2.92825174332, 1.38871693611, 0.777220845222, 0.246944755316, 0.115032456815, 0.0709736943245, 0.015037778765, 0.000851325050462, 0.000878459482919, 0.000578372098971],
        "median": [0.000182754360139, 0.00170985760633, 0.0156130110845, 0.44834753871, 6.99524688721, 5.45822715759, 1.37975096703, 3.68037390709, 8.85663032532, 7.49627542496, 7.16477394104, 2.22564983368, 2.04028463364, 1.91221785545, 1.82326483727, 1.15038657188, 1.17398500443, 1.64507186413, 1.18733334541, 1.21964049339, 1.12705898285, 1.75792765617, 3.95016479492, 3.99839639664, 1.65437972546, 2.53552484512, 3.69113731384, 0.929555296898, 0.180830538273, 0.196504592896, 0.312458485365, 0.215256586671, 0.114419624209, 0.0244798175991, 0.0172364171594, 0.00757645070553, 0.00106098456308, 0.000111501380161, 0.000879987608641, 0.000561305554584],
        "min": [2.60599597457e-10, 1.09004316684e-08, 1.48223961105e-07, 8.30038061395e-07, 1.08602262117e-06, 4.26492817951e-07, 3.26448684973e-07, 2.24855830311e-06, 5.89099454373e-06, 2.93858397526e-06, 3.50850291397e-06, 1.16773003356e-06, 4.40852863903e-06, 2.2088719561e-05, 8.87758142198e-05, 4.78443507745e-05, 1.11189092422e-05, 4.63595370093e-06, 7.57977704779e-06, 9.44347175391e-06, 9.39265191846e-06, 8.59005376697e-06, 4.6986401685e-06, 6.01629790253e-06, 8.09091943665e-06, 4.08099458582e-06, 3.63245885637e-06, 3.67978896065e-06, 3.2898626614e-06, 2.31610647461e-06, 3.25859377881e-06, 3.63323715646e-06, 3.20798812936e-06, 1.82006135674e-06, 2.40534836848e-06, 7.49687387724e-07, 4.78350159483e-07, 1.34394596785e-07, 6.87713452407e-07, 2.89056032443e-07],
        "var": [4.43615050472e-07, 0.000110307417344, 0.00403104024008, 2.82526111603, 279.655273438, 724.778564453, 980.722900391, 766.549621582, 6086.99072266, 8711.96484375, 13508.6972656, 12961.7460938, 14347.7841797, 4382.58642578, 1594.91479492, 1215.65490723, 2606.65014648, 7941.01757812, 2859.58813477, 851.875732422, 286.049621582, 528.091674805, 1096.18212891, 853.561523438, 104.374977112, 275.250762939, 737.84161377, 333.214294434, 313.884002686, 163.46232605, 92.6852264404, 17.7384586334, 5.04556465149, 0.487916469574, 0.102565176785, 0.0528099983931, 0.00310360337608, 1.06827974378e-05, 6.85035672632e-08, 2.78789897834e-08]
    },
    "gfcc": {
        "mean": [-83.2004165649, 66.5318069458, -118.180900574, 4.14246463776, -67.2042160034, -30.5852813721, -37.3776397705, -16.0782546997, -22.7719230652, -17.5693321228, -7.35100078583, -23.3713684082, -6.69341421127],
        "cov": [[9034.70117188, 325.252410889, -2807.78857422, -54.4283905029, -1749.99169922, -59.079826355, -719.9453125, 411.661773682, -585.828430176, 63.1069831848, -363.197692871, -185.715362549, -311.464080811], [325.252410889, 3007.24169922, -331.457061768, -1324.91357422, 37.7487487793, -680.453674316, 20.5296821594, -284.928344727, -153.804458618, -493.09362793, 346.561950684, -333.318145752, 19.9829692841], [-2807.78857422, -331.457061768, 1741.36254883, 494.352935791, 391.393280029, 77.3092041016, 52.7955513, -129.57434082, 70.4535827637, -41.6841697693, 36.4486885071, 167.034103394, 7.19988679886], [-54.4283905029, -1324.91357422, 494.352935791, 1153.47680664, -44.4887924194, 62.8129005432, -135.535766602, 109.14364624, 44.2071113586, 161.867660522, -178.92779541, 149.583908081, -22.3334941864], [-1749.99169922, 37.7487487793, 391.393280029, -44.4887924194, 653.178466797, 34.6504325867, 111.809768677, -39.8152427673, 180.385253906, 21.0023899078, -2.22927832603, -14.1452131271, 67.4049224854], [-59.079826355, -680.453674316, 77.3092041016, 62.8129005432, 34.6504325867, 570.850769043, 130.251235962, 19.3083534241, 38.0366668701, 97.4841766357, -77.266746521, 52.2900238037, -84.5948867798], [-719.9453125, 20.5296821594, 52.7955513, -135.535766602, 111.809768677, 130.251235962, 373.897033691, -61.2120819092, 16.3510894775, 18.4993076324, 43.8478279114, -39.6149291992, -16.8920993805], [411.661773682, -284.928344727, -129.57434082, 109.14364624, -39.8152427673, 19.3083534241, -61.2120819092, 184.674560547, 6.7484292984, 48.4037857056, -62.5996208191, 45.6507263184, 23.8818492889], [-585.828430176, -153.804458618, 70.4535827637, 44.2071113586, 180.385253906, 38.0366668701, 16.3510894775, 6.7484292984, 200.444519043, 42.2806396484, -28.9597148895, 17.6291179657, 45.8682670593], [63.1069831848, -493.09362793, -41.6841697693, 161.867660522, 21.0023899078, 97.4841766357, 18.4993076324, 48.4037857056, 42.2806396484, 254.947875977, -95.1528625488, 19.7543945312, -11.5296506882], [-363.197692871, 346.561950684, 36.4486885071, -178.92779541, -2.22927832603, -77.266746521, 43.8478279114, -62.5996208191, -28.9597148895, -95.1528625488, 252.791061401, 10.3811120987, 2.78717708588], [-185.715362549, -333.318145752, 167.034103394, 149.583908081, -14.1452131271, 52.2900238037, -39.6149291992, 45.6507263184, 17.6291179657, 19.7543945312, 10.3811120987, 174.342346191, 23.1742515564], [-311.464080811, 19.9829692841, 7.19988679886, -22.3334941864, 67.4049224854, -84.5948867798, -16.8920993805, 23.8818492889, 45.8682670593, -11.5296506882, 2.78717708588, 23.1742515564, 158.62210083]],
        "icov": [[0.00271718087606, -0.00308071193285, 0.00367808388546, -0.00324722728692, 0.00364957773127, -0.00343838124536, 0.0029365089722, -0.00271486677229, 0.00276587856933, -0.00189637579024, 0.00274357735179, -0.00147742289118, 0.00166618567891], [-0.00308071193285, 0.0058140703477, -0.0044789290987, 0.00579461362213, -0.00424067350104, 0.00599225377664, -0.00306886294857, 0.00391686148942, -0.00285374885425, 0.00407054414973, -0.0032784123905, 0.00344548677094, -0.00100589706562], [0.00367808388546, -0.0044789290987, 0.00607529049739, -0.00521119032055, 0.00421638973057, -0.00499628158286, 0.00387253961526, -0.00282399868593, 0.00407374929637, -0.00241473689675, 0.0036635696888, -0.00318416440859, 0.00220551132225], [-0.00324722728692, 0.00579461362213, -0.00521119032055, 0.00728968717158, -0.00406195828691, 0.00620705308393, -0.00302018108778, 0.00342498347163, -0.00337707414292, 0.00336280022748, -0.00269281608053, 0.00280868937261, -0.000786187534686], [0.00364957773127, -0.00424067350104, 0.00421638973057, -0.00406195828691, 0.00764244748279, -0.00468050083145, 0.00346461264417, -0.00397919677198, 0.00157292804215, -0.00286617944948, 0.00375727750361, -0.00119294621982, 0.00160651293118], [-0.00343838124536, 0.00599225377664, -0.00499628158286, 0.00620705308393, -0.00468050083145, 0.00876097101718, -0.00443710619584, 0.00396400922909, -0.00372683466412, 0.00370033807121, -0.00278446311131, 0.00229187984951, 0.000247002695687], [0.0029365089722, -0.00306886294857, 0.00387253961526, -0.00302018108778, 0.00346461264417, -0.00443710619584, 0.00674792425707, -0.00216639298014, 0.00326085649431, -0.00238770013675, 0.00217675673775, -0.000558349303901, 0.00168461899739], [-0.00271486677229, 0.00391686148942, -0.00282399868593, 0.00342498347163, -0.00397919677198, 0.00396400922909, -0.00216639298014, 0.0108109926805, -0.00217848829925, 0.00218568509445, -0.0016062281793, -7.88589895819e-05, -0.002438693773], [0.00276587856933, -0.00285374885425, 0.00407374929637, -0.00337707414292, 0.00157292804215, -0.00372683466412, 0.00326085649431, -0.00217848829925, 0.010351520963, -0.0023337083403, 0.00306337396614, -0.00195202638861, 0.000217788066948], [-0.00189637579024, 0.00407054414973, -0.00241473689675, 0.00336280022748, -0.00286617944948, 0.00370033807121, -0.00238770013675, 0.00218568509445, -0.0023337083403, 0.00825239159167, -0.000761678500567, 0.00208781007677, -6.23048035777e-05], [0.00274357735179, -0.0032784123905, 0.0036635696888, -0.00269281608053, 0.00375727750361, -0.00278446311131, 0.00217675673775, -0.0016062281793, 0.00306337396614, -0.000761678500567, 0.00854973960668, -0.00349692697637, 0.00206626811996], [-0.00147742289118, 0.00344548677094, -0.00318416440859, 0.00280868937261, -0.00119294621982, 0.00229187984951, -0.000558349303901, -7.88589895819e-05, -0.00195202638861, 0.00208781007677, -0.00349692697637, 0.0109256310388, -0.00193199655041], [0.00166618567891, -0.00100589706562, 0.00220551132225, -0.000786187534686, 0.00160651293118, 0.000247002695687, 0.00168461899739, -0.002438693773, 0.000217788066948, -6.23048035777e-05, 0.00206626811996, -0.00193199655041, 0.00966593716294]]
    },
    "melbands": {
        "dmean": [2.7962078093e-06, 8.31599572848e-06, 0.000270838674624, 0.000698272429872, 0.000283958768705, 0.000240064953687, 0.000517196895089, 0.00040131813148, 0.000424007303081, 0.00029424027889, 0.00025495927548, 9.39416204346e-05, 5.08314733452e-05, 3.98414122174e-05, 3.45604930772e-05, 4.82897848997e-05, 7.18123483239e-05, 4.34406865679e-05, 1.90326700249e-05, 1.16990759125e-05, 7.25687550585e-06, 8.99291899259e-06, 1.18942771223e-05, 1.686732503e-05, 1.15677084978e-05, 3.31352430294e-06, 2.96218149742e-06, 6.44607189315e-06, 9.49649529502e-06, 6.14106238572e-06, 3.16304044645e-06, 2.19210028263e-06, 2.28652493206e-06, 1.447459681e-06, 1.75476475306e-06, 1.00617057797e-06, 6.88206455379e-07, 5.43819453469e-07, 2.8528029361e-07, 1.41997986702e-07],
        "dmean2": [4.92962681164e-06, 1.45190933836e-05, 0.000394640141167, 0.00100809324067, 0.000403427955462, 0.000364680163329, 0.000778752379119, 0.00063379353378, 0.000658222590573, 0.000459547445644, 0.000380985322408, 0.000136839124025, 7.72057610448e-05, 6.02976288064e-05, 5.3921045037e-05, 7.53518033889e-05, 0.000108528809506, 6.81048477418e-05, 3.03717133647e-05, 1.80975766852e-05, 1.12455600174e-05, 1.36586768349e-05, 1.77080491994e-05, 2.54902115557e-05, 1.78512746061e-05, 5.16864702149e-06, 4.67907784696e-06, 9.95549271465e-06, 1.47426262629e-05, 9.54430197453e-06, 4.80492008137e-06, 3.30216130351e-06, 3.3028022699e-06, 2.17097431232e-06, 2.58924751506e-06, 1.4351281834e-06, 1.00256386304e-06, 7.8049208696e-07, 4.1773168391e-07, 2.04319562158e-07],
        "dvar": [1.12533864172e-10, 6.48479325793e-10, 1.68791174815e-07, 1.02084152331e-06, 5.21358629157e-07, 2.11991789456e-07, 1.04551645563e-06, 7.31266538878e-07, 6.81549352066e-07, 4.20872822815e-07, 2.81244439293e-07, 5.82082044787e-08, 1.60672346539e-08, 1.07073283573e-08, 8.21761148018e-09, 1.55129722401e-08, 2.78585687852e-08, 9.08535291444e-09, 2.41459807704e-09, 1.03335640045e-09, 3.35239946914e-10, 4.48655529395e-10, 6.27969176659e-10, 8.4035195469e-10, 4.30825874975e-10, 6.54761592167e-11, 4.98574688479e-11, 1.36711628129e-10, 2.52864090777e-10, 1.71454336839e-10, 9.65483110127e-11, 1.03398144213e-10, 8.06656547114e-11, 2.57539527898e-11, 3.27228660835e-11, 9.45502183491e-12, 3.91045399187e-12, 2.16696322344e-12, 5.62249303105e-13, 1.43031853722e-13],
        "dvar2": [3.25839771831e-10, 1.83092963013e-09, 3.3501672192e-07, 1.91000708583e-06, 8.72681482633e-07, 4.17255591856e-07, 2.18826448872e-06, 1.51921676661e-06, 1.48445496961e-06, 8.63754337388e-07, 5.55782548872e-07, 1.12173722755e-07, 3.39883499123e-08, 2.45178632952e-08, 1.99714804694e-08, 3.8062466956e-08, 6.00196088385e-08, 2.09185344602e-08, 5.705508066e-09, 2.4468236326e-09, 7.64714680468e-10, 9.62585122721e-10, 1.26589116967e-09, 1.80349790657e-09, 9.13979503192e-10, 1.58281943108e-10, 1.27528321237e-10, 3.23121973622e-10, 5.77429659643e-10, 3.95046245716e-10, 2.21162560488e-10, 2.56525523046e-10, 1.73767042422e-10, 6.0375572597e-11, 7.06062500133e-11, 1.92079806921e-11, 8.02541887113e-12, 4.09652216662e-12, 1.0818721136e-12, 2.77888687538e-13],
        "max": [0.00035372126149, 0.000681598554365, 0.00460612773895, 0.00993068981916, 0.0118970815092, 0.00612126709893, 0.0119227971882, 0.0141618903726, 0.00795100163668, 0.00965319387615, 0.00533924903721, 0.0041673979722, 0.00305259088054, 0.00169509928674, 0.00114418030716, 0.00249670445919, 0.00197455240414, 0.00115940300748, 0.000787489872891, 0.000537905259989, 0.000224618590437, 0.000290227268124, 0.000355594413122, 0.000336086930474, 0.00022642147087, 0.000136706716148, 0.00011051628826, 0.00014188028581, 0.000176176254172, 0.000174011089257, 0.000126874234411, 0.000229536992265, 0.000185255805263, 0.0001130265955, 0.000115167822514, 7.11832617526e-05, 3.86225001421e-05, 2.65183371084e-05, 1.33012063088e-05, 5.70996644456e-06],
        "mean": [2.98317968372e-06, 7.41338817534e-06, 0.000506647978909, 0.00122124957852, 0.000400064542191, 0.000324355787598, 0.000604082189966, 0.000422355165938, 0.000447522441391, 0.000287946371827, 0.000248394266237, 9.87055536825e-05, 5.27038573637e-05, 3.98799675168e-05, 3.3749260183e-05, 4.63259675598e-05, 6.85968989274e-05, 4.14330461354e-05, 1.81468731171e-05, 1.11964709504e-05, 7.18875344319e-06, 9.43617396842e-06, 1.28075789689e-05, 1.96480996237e-05, 1.3039566511e-05, 3.686295031e-06, 3.06811261908e-06, 7.13750887371e-06, 1.06598417915e-05, 6.79851245877e-06, 3.25047267324e-06, 2.27265627473e-06, 2.54239648712e-06, 1.59764726959e-06, 1.90295315861e-06, 1.08629330953e-06, 7.68810991758e-07, 6.23744710992e-07, 3.20059115211e-07, 1.62497727274e-07],
        "median": [1.34778474603e-06, 1.95601637643e-06, 0.000200570386369, 0.000705306068994, 3.92215733882e-05, 5.99305858486e-05, 0.000132485714857, 5.81031054026e-05, 3.69019180653e-05, 7.66638459027e-06, 8.50891592563e-06, 7.08727384335e-06, 5.64279525861e-06, 3.20467916026e-06, 1.9978238015e-06, 2.31996864386e-06, 2.80847848444e-06, 1.78700429387e-06, 1.46707634485e-06, 1.39439544e-06, 1.16756291391e-06, 1.60139074978e-06, 1.96013161258e-06, 4.40244411948e-06, 2.58613931692e-06, 9.42396241044e-07, 7.69114592458e-07, 1.52538063958e-06, 2.40380404648e-06, 1.09323036668e-06, 2.20176730181e-07, 3.85346865528e-08, 5.2791662597e-08, 1.10875078008e-07, 1.87495516002e-07, 1.39439322311e-07, 1.13023226334e-07, 8.5299774355e-08, 2.64949218121e-08, 1.35323094952e-08],
        "min": [4.97847726585e-12, 5.54998616509e-11, 1.56492610537e-10, 5.41776415397e-11, 9.27854494626e-12, 5.34800884133e-11, 8.62920221389e-11, 3.1134383266e-11, 2.60814495001e-11, 6.05284832672e-12, 2.27573463546e-11, 7.82218456674e-11, 2.45045789216e-10, 2.21945073431e-10, 3.77217528047e-11, 1.59656836363e-11, 8.12795490635e-12, 1.20366936904e-11, 1.26241161622e-11, 1.08037459187e-11, 1.11779439871e-11, 4.84985922949e-12, 5.52749426092e-12, 3.57233296763e-12, 4.86141769201e-12, 7.53984461671e-12, 3.73818510868e-12, 2.41674280414e-12, 2.1379048705e-12, 2.18631796695e-12, 2.10029931814e-12, 1.94265068441e-12, 1.50555110913e-12, 1.22740424595e-12, 1.95138414975e-12, 1.75156384622e-12, 2.50271895222e-12, 2.50271439857e-12, 1.59696930159e-12, 4.90047401529e-13],
        "var": [7.16543491208e-11, 4.71337191499e-10, 4.50935772278e-07, 2.33794821725e-06, 1.30750424887e-06, 3.85794891145e-07, 1.44720729622e-06, 9.94842480395e-07, 9.12963173505e-07, 5.32377043783e-07, 3.69920826415e-07, 8.12807101624e-08, 1.95671638892e-08, 1.22193082319e-08, 8.40437497374e-09, 1.54197277169e-08, 3.22998445768e-08, 9.82464420929e-09, 2.56730392501e-09, 1.0917972082e-09, 3.64392405139e-10, 5.56923174244e-10, 8.53328574468e-10, 1.21986731827e-09, 6.27039253853e-10, 7.43376124546e-11, 4.95570459669e-11, 1.72783620744e-10, 3.44303696664e-10, 2.13219969458e-10, 1.15571469061e-10, 1.06940539757e-10, 1.19058513048e-10, 3.34423148896e-11, 4.1782702298e-11, 1.29235736696e-11, 5.5250326883e-12, 3.41802606184e-12, 8.73232638542e-13, 2.27698773465e-13]
    },
    "mfcc": {
        "mean": [-736.76953125, 112.288101196, -11.2419261932, 16.9067630768, -15.6067295074, -19.5865879059, -12.9672880173, -14.0011262894, -18.929107666, -0.984581112862, -15.5973062515, 0.328795105219, -19.8070812225],
        "cov": [[10339.1269531, -350.030303955, -2036.08618164, -609.426574707, -1242.41308594, -827.929321289, -423.721313477, -177.659439087, -480.398681641, 377.962036133, -501.842590332, 280.536102295, -638.332397461], [-350.030303955, 3553.2331543, -631.591247559, -788.121520996, -206.6927948, -609.154541016, 73.1386642456, -133.851821899, -480.199188232, 2.71240854263, -257.956390381, 47.7454910278, -317.692260742], [-2036.08618164, -631.591247559, 1451.86413574, 438.21295166, 289.872894287, 269.736572266, 53.8839454651, 85.6761550903, 35.3978805542, -284.951873779, 114.674980164, -114.662284851, 231.342056274], [-609.426574707, -788.121520996, 438.21295166, 858.51361084, 231.780654907, -18.9362926483, -80.1388702393, -83.8959732056, 170.479232788, -182.391021729, 73.5046691895, -5.45232057571, 109.415603638], [-1242.41308594, -206.6927948, 289.872894287, 231.780654907, 577.487426758, 76.1118240356, -85.0509567261, 18.8630218506, 164.2787323, -93.2110748291, 41.4565620422, -34.3936271667, 140.181015015], [-827.929321289, -609.154541016, 269.736572266, -18.9362926483, 76.1118240356, 584.091430664, 77.1682434082, 108.056358337, 139.893280029, 130.394378662, 169.957687378, -89.6651153564, 104.528671265], [-423.721313477, 73.1386642456, 53.8839454651, -80.1388702393, -85.0509567261, 77.1682434082, 280.680938721, 33.7058639526, -43.2938842773, 34.3884315491, 32.0208778381, -10.7637672424, 24.6929512024], [-177.659439087, -133.851821899, 85.6761550903, -83.8959732056, 18.8630218506, 108.056358337, 33.7058639526, 234.94744873, -1.66441690922, 16.3792610168, 5.50469923019, -33.0581321716, 70.6079711914], [-480.398681641, -480.199188232, 35.3978805542, 170.479232788, 164.2787323, 139.893280029, -43.2938842773, -1.66441690922, 371.303436279, 38.8090667725, 42.9254493713, -30.2831439972, 66.9070510864], [377.962036133, 2.71240854263, -284.951873779, -182.391021729, -93.2110748291, 130.394378662, 34.3884315491, 16.3792610168, 38.8090667725, 292.3878479, 26.4757003784, -20.6874904633, -65.4454803467], [-501.842590332, -257.956390381, 114.674980164, 73.5046691895, 41.4565620422, 169.957687378, 32.0208778381, 5.50469923019, 42.9254493713, 26.4757003784, 200.892227173, -12.2802810669, 58.8577575684], [280.536102295, 47.7454910278, -114.662284851, -5.45232057571, -34.3936271667, -89.6651153564, -10.7637672424, -33.0581321716, -30.2831439972, -20.6874904633, -12.2802810669, 154.079956055, -10.4882545471], [-638.332397461, -317.692260742, 231.342056274, 109.415603638, 140.181015015, 104.528671265, 24.6929512024, 70.6079711914, 66.9070510864, -65.4454803467, 58.8577575684, -10.4882545471, 205.103500366]],
