{
"lowlevel": {
    "average_loudness": 0.972326874733,
    "barkbands_crest": {
        "dmean": 3.036206007,
        "dmean2": 4.92784309387,
        "dvar": 7.46190023422,
        "dvar2": 17.5256996155,
        "max": 25.5829296112,
        "mean": 10.0889844894,
        "median": 9.22424507141,
        "min": 3.39253044128,
        "var": 15.5066785812
    },
    "barkbands_flatness_db": {
        "dmean": 0.039156883955,
        "dmean2": 0.0577676594257,
        "dvar": 0.00166186830029,
        "dvar2": 0.00364383985288,
        "max": 0.426536649466,
        "mean": 0.177339404821,
        "median": 0.166736483574,
        "min": 0.0263415332884,
        "var": 0.00389126362279
    },
    "barkbands_kurtosis": {
        "dmean": 9.06796836853,
        "dmean2": 14.4863042831,
        "dvar": 236.835952759,
        "dvar2": 540.299743652,
        "max": 184.337860107,
        "mean": 9.04324150085,
        "median": 2.87211275101,
        "min": -1.99296379089,
        "var": 286.837463379
    },
    "barkbands_skewness": {
        "dmean": 1.16880047321,
        "dmean2": 1.78166294098,
        "dvar": 1.65511822701,
        "dvar2": 3.50386357307,
        "max": 11.6933517456,
        "mean": 1.60164928436,
        "median": 1.38871157169,
        "min": -5.87019062042,
        "var": 3.65008711815
    },
    "barkbands_spread": {
        "dmean": 13.4175853729,
        "dmean2": 21.7247047424,
        "dvar": 391.065460205,
        "dvar2": 925.904174805,
        "max": 156.961013794,
        "mean": 26.0191936493,
        "median": 14.8437986374,
        "min": 1.29293882847,
        "var": 852.093200684
    },
    "dissonance": {
        "dmean": 0.0297883544117,
        "dmean2": 0.0457649044693,
        "dvar": 0.00110676547047,
        "dvar2": 0.00256051518954,
        "max": 0.5,
        "mean": 0.435416460037,
        "median": 0.444817304611,
        "min": 0.116703592241,
        "var": 0.0028981200885
    },
    "dynamic_complexity": 4.4421248436,
    "erbbands_crest": {
        "dmean": 3.09449839592,
        "dmean2": 5.09756469727,
        "dvar": 7.25461578369,
        "dvar2": 18.6877441406,
        "max": 29.3930740356,
        "mean": 10.0048666,
        "median": 9.30016899109,
        "min": 2.85658073425,
        "var": 13.3583669662
    },
    "erbbands_flatness_db": {
        "dmean": 0.0320499129593,
        "dmean2": 0.0482054874301,
        "dvar": 0.000978671829216,
        "dvar2": 0.00219225278124,
        "max": 0.347793698311,
        "mean": 0.189400374889,
        "median": 0.200761944056,
        "min": 0.0197871495038,
        "var": 0.00271644024178
    },
    "erbbands_kurtosis": {
        "dmean": 2.70540118217,
        "dmean2": 4.28765249252,
        "dvar": 15.0514802933,
        "dvar2": 35.0521659851,
        "max": 65.9254837036,
        "mean": 2.23552632332,
        "median": 0.907185196877,
        "min": -1.88995695114,
        "var": 21.7838897705
    },
    "erbbands_skewness": {
        "dmean": 0.760529756546,
        "dmean2": 1.17119812965,
        "dvar": 0.660378873348,
        "dvar2": 1.49627494812,
        "max": 5.59518861771,
        "mean": 0.519852280617,
        "median": 0.554612636566,
        "min": -3.49828338623,
        "var": 1.46323931217
    },
    "erbbands_spread": {
        "dmean": 14.9164276123,
        "dmean2": 24.0165901184,
        "dvar": 349.298736572,
        "dvar2": 891.088623047,
        "max": 184.879776001,
        "mean": 32.6855697632,
        "median": 26.8411369324,
        "min": 2.21524524689,
        "var": 508.242126465
    },
    "hfc": {
        "dmean": 8.52959728241,
        "dmean2": 12.1985559464,
        "dvar": 85.2316436768,
        "dvar2": 153.578491211,
        "max": 68.3143081665,
        "mean": 15.407453537,
        "median": 10.4172973633,
        "min": 1.28377173754e-16,
        "var": 208.061889648
    },
    "melbands_crest": {
        "dmean": 4.25223445892,
        "dmean2": 6.692735672,
        "dvar": 14.6634836197,
        "dvar2": 35.2527923584,
        "max": 33.0689926147,
        "mean": 13.856259346,
        "median": 12.9359464645,
        "min": 2.23350715637,
        "var": 28.7804908752
    },
    "melbands_flatness_db": {
        "dmean": 0.0568354576826,
        "dmean2": 0.0813278630376,
        "dvar": 0.0031240307726,
        "dvar2": 0.00654965685681,
        "max": 0.596438348293,
        "mean": 0.259890288115,
        "median": 0.253752291203,
        "min": 0.00644190143794,
        "var": 0.00923240743577
    },
    "melbands_kurtosis": {
        "dmean": 14.6505794525,
        "dmean2": 25.004486084,
        "dvar": 1217.01391602,
        "dvar2": 3158.96337891,
        "max": 669.004882812,
        "mean": 15.6018352509,
        "median": 6.84048557281,
        "min": -1.86108911037,
        "var": 1186.86535645
    },
    "melbands_skewness": {
        "dmean": 1.32152760029,
        "dmean2": 2.09041500092,
        "dvar": 2.66931438446,
        "dvar2": 6.43048143387,
        "max": 18.4746227264,
        "mean": 2.4106528759,
        "median": 2.04604029655,
        "min": -2.28580021858,
        "var": 4.1147236824
    },
    "melbands_spread": {
        "dmean": 15.9128952026,
        "dmean2": 25.7377967834,
        "dvar": 858.044006348,
        "dvar2": 1935.93444824,
        "max": 244.844390869,
        "mean": 26.2365112305,
        "median": 15.3665676117,
        "min": 0.242415636778,
        "var": 1284.35864258
    },
    "pitch_salience": {
        "dmean": 0.0905502289534,
        "dmean2": 0.140045240521,
        "dvar": 0.00919824186713,
        "dvar2": 0.0198857169598,
        "max": 0.944839179516,
        "mean": 0.63713568449,
        "median": 0.685049772263,
        "min": 0.080402828753,
        "var": 0.0229587424546
    },
    "silence_rate_20dB": {
        "dmean": 0,
        "dmean2": 0,
        "dvar": 0,
        "dvar2": 0,
        "max": 1,
        "mean": 1,
        "median": 1,
        "min": 1,
        "var": 0
    },
    "silence_rate_30dB": {
        "dmean": 0,
        "dmean2": 0,
        "dvar": 0,
        "dvar2": 0,
        "max": 1,
        "mean": 1,
        "median": 1,
        "min": 1,
        "var": 0
    },
    "silence_rate_60dB": {
        "dmean": 0.0881794020534,
        "dmean2": 0.176425859332,
        "dvar": 0.0804062411189,
        "dvar2": 0.173438414931,
        "max": 1,
        "mean": 0.192629173398,
        "median": 0,
        "min": 0,
        "var": 0.15552559495
    },
    "spectral_centroid": {
        "dmean": 501.573303223,
        "dmean2": 770.553161621,
        "dvar": 473252.625,
        "dvar2": 933687.3125,
        "max": 11340.7578125,
        "mean": 1343.75402832,
        "median": 1037.23950195,
        "min": 142.515060425,
        "var": 1106715.5
    },
    "spectral_complexity": {
        "dmean": 5.13036870956,
        "dmean2": 6.97642564774,
        "dvar": 26.2478923798,
        "dvar2": 44.2633361816,
        "max": 39,
        "mean": 12.4688453674,
        "median": 11,
        "min": 0,
        "var": 86.7179412842
    },
    "spectral_decrease": {
        "dmean": 2.47328113545e-09,
        "dmean2": 3.29850591285e-09,
        "dvar": 7.35578135211e-18,
        "dvar2": 1.22291291659e-17,
        "max": 4.14008497623e-12,
        "mean": -5.5014108824e-09,
        "median": -5.08167730118e-09,
        "min": -2.2262108601e-08,
        "var": 2.19844489784e-17
    },
    "spectral_energy": {
        "dmean": 0.00998529512435,
        "dmean2": 0.0133470641449,
        "dvar": 0.000119355245261,
        "dvar2": 0.000199979607714,
        "max": 0.0893269330263,
        "mean": 0.0221610814333,
        "median": 0.0200344100595,
        "min": 1.12694496965e-20,
        "var": 0.000353323935997
    },
    "spectral_energyband_high": {
        "dmean": 0.000328027439537,
        "dmean2": 0.000482871226268,
        "dvar": 4.70896168281e-07,
        "dvar2": 9.23693164623e-07,
        "max": 0.00764274178073,
        "mean": 0.000426485144999,
        "median": 0.000120322583825,
        "min": 8.49029489834e-21,
        "var": 7.62308218327e-07
    },
    "spectral_energyband_low": {
        "dmean": 0.00183181569446,
        "dmean2": 0.00263073272072,
        "dvar": 6.64024764774e-06,
        "dvar2": 1.3367612155e-05,
        "max": 0.0302476938814,
        "mean": 0.00434704124928,
        "median": 0.0034885504283,
        "min": 8.00774219503e-23,
        "var": 1.68538408616e-05
    },
    "spectral_energyband_middle_high": {
        "dmean": 0.00274034962058,
        "dmean2": 0.00393165415153,
        "dvar": 1.31027636598e-05,
        "dvar2": 2.41249199462e-05,
        "max": 0.0343159921467,
        "mean": 0.00392488436773,
        "median": 0.00156473671086,
        "min": 1.23067147976e-21,
        "var": 2.60715314653e-05
    },
    "spectral_energyband_middle_low": {
        "dmean": 0.00681686541066,
        "dmean2": 0.00927147921175,
        "dvar": 6.12181320321e-05,
        "dvar2": 0.000101351150079,
        "max": 0.0686097666621,
        "mean": 0.0140403136611,
        "median": 0.0120425336063,
        "min": 4.16462441547e-22,
        "var": 0.000177815294592
    },
    "spectral_entropy": {
        "dmean": 0.353900134563,
        "dmean2": 0.511727273464,
        "dvar": 0.148288339376,
        "dvar2": 0.29799130559,
        "max": 9.79001903534,
        "mean": 7.17375707626,
        "median": 7.16009569168,
        "min": 4.9016251564,
        "var": 0.437577307224
    },
    "spectral_flux": {
        "dmean": 0.0337627977133,
        "dmean2": 0.0531626604497,
        "dvar": 0.000999534502625,
        "dvar2": 0.00234621507116,
        "max": 0.245480284095,
        "mean": 0.0887157768011,
        "median": 0.0881806910038,
        "min": 1.04693071989e-05,
        "var": 0.00266164587811
    },
    "spectral_kurtosis": {
        "dmean": 4.96533823013,
        "dmean2": 7.88004541397,
        "dvar": 40.057384491,
        "dvar2": 92.9889526367,
        "max": 69.7215118408,
        "mean": 9.72600460052,
        "median": 7.36964559555,
        "min": -1.2003903389,
        "var": 72.2881698608
    },
    "spectral_rms": {
        "dmean": 0.00112883327529,
        "dmean2": 0.0014445259003,
        "dvar": 1.28341059735e-06,
        "dvar2": 1.98058774004e-06,
        "max": 0.00933532137424,
        "mean": 0.00402828678489,
        "median": 0.00442105950788,
        "min": 3.31580834838e-12,
        "var": 5.3934522839e-06
    },
    "spectral_rolloff": {
        "dmean": 1323.81323242,
        "dmean2": 2328.13525391,
        "dvar": 9646872,
        "dvar2": 21511718,
        "max": 20025.8789062,
        "mean": 3249.04223633,
        "median": 1055.12695312,
        "min": 86.1328125,
        "var": 29911772
    },
    "spectral_skewness": {
        "dmean": 0.621136307716,
        "dmean2": 0.941027164459,
        "dvar": 0.403474450111,
        "dvar2": 0.890295803547,
        "max": 6.68888998032,
        "mean": 1.97593855858,
        "median": 1.79572176933,
        "min": -0.0475011616945,
        "var": 1.08881413937
    },
    "spectral_spread": {
        "dmean": 883374.4375,
        "dmean2": 1315026,
        "dvar": 1.71194725171e+12,
        "dvar2": 3.02528960922e+12,
        "max": 40307140,
        "mean": 3735182.75,
        "median": 3152613.5,
        "min": 1308207.25,
        "var": 3.53384215347e+12
    },
    "spectral_strongpeak": {
        "dmean": 0.70674264431,
        "dmean2": 1.15791463852,
        "dvar": 0.775336146355,
        "dvar2": 1.78816246986,
        "max": 5.91070652008,
        "mean": 1.18772673607,
        "median": 0.755953431129,
        "min": 0,
        "var": 1.32528924942
    },
    "zerocrossingrate": {
        "dmean": 0.0330065861344,
        "dmean2": 0.0361927784979,
        "dvar": 0.00246010674164,
        "dvar2": 0.00253916461952,
        "max": 0.83544921875,
        "mean": 0.114261895418,
        "median": 0.04736328125,
        "min": 0.01025390625,
        "var": 0.0227916277945
    },
    "barkbands": {
        "dmean": [4.50048855782e-06, 0.000441778713139, 0.00136925769038, 0.000471300736535, 0.00149364664685, 0.00177427846938, 0.00239889370278, 0.00234094681218, 0.00165736628696, 0.000516069179866, 0.000538359279744, 0.000750424922444, 0.000475076580187, 0.000414689508034, 0.000266711693257, 0.000180783783435, 0.000230973251746, 9.64447244769e-05, 0.000267971801804, 0.00017141434364, 8.74902470969e-05, 7.65847798903e-05, 5.48566567886e-05, 2.90143907478e-05, 9.07091452973e-06, 6.55983831166e-06, 6.09986045674e-06],
        "dmean2": [7.73669671617e-06, 0.000635667645838, 0.00194596976507, 0.000678558368236, 0.00195007200819, 0.00267684273422, 0.00373289082199, 0.00363061390817, 0.00239483849145, 0.000772793602664, 0.000839529559016, 0.00118324556388, 0.000745238852687, 0.000670953828376, 0.00043086532969, 0.000276085396763, 0.00034675563802, 0.000145678859553, 0.000411480956245, 0.000257229170529, 0.000133724679472, 0.000114576352644, 8.16147294245e-05, 4.44014003733e-05, 1.42231410791e-05, 1.02207468444e-05, 1.05286317194e-05],
        "dvar": [1.06248461418e-10, 6.09662947681e-07, 4.34484081779e-06, 7.62937361287e-07, 4.78405945614e-06, 1.01256446214e-05, 1.71841347765e-05, 1.81609048013e-05, 1.38343348226e-05, 2.1198709419e-06, 1.84361351785e-06, 2.95642007586e-06, 1.1549144574e-06, 1.28271290123e-06, 6.45202248961e-07, 1.77674678525e-07, 1.34492069037e-07, 3.05054115302e-08, 1.94634850459e-07, 7.56488560683e-08, 3.51327464898e-08, 7.13344263659e-08, 3.93262418186e-08, 1.0621889146e-08, 1.21625010063e-09, 3.02106450967e-10, 3.2061221733e-11],
        "dvar2": [2.89443718993e-10, 1.19661569897e-06, 8.74267516338e-06, 1.45019816955e-06, 7.15938267604e-06, 2.17012402572e-05, 3.89358247048e-05, 3.81297650165e-05, 2.4618655516e-05, 5.00765372635e-06, 4.06489880334e-06, 6.63839500703e-06, 2.61026366388e-06, 2.9809652915e-06, 1.56348119162e-06, 3.89443385984e-07, 2.75905932767e-07, 6.6777509744e-08, 4.19938487539e-07, 1.59400386224e-07, 7.86668081787e-08, 1.38774680636e-07, 8.37018134803e-08, 2.26371508205e-08, 3.19031578933e-09, 7.45350170472e-10, 9.4326976785e-11],
        "max": [0.00022445092327, 0.0108494553715, 0.0281147323549, 0.0138436183333, 0.0252864938229, 0.0557669736445, 0.0465317852795, 0.0613068677485, 0.0383289605379, 0.0300781484693, 0.0233763679862, 0.0223604477942, 0.0115969749168, 0.0127557888627, 0.0100177433342, 0.00602267263457, 0.00366842653602, 0.0021863845177, 0.00451584719121, 0.00349821336567, 0.00275990879163, 0.00425343029201, 0.00424227397889, 0.00142983172555, 0.000704074045643, 0.000377814809326, 5.32965314051e-05],
        "mean": [4.54283554063e-06, 0.000952735252213, 0.00288542755879, 0.000781802227721, 0.0031561923679, 0.0027301623486, 0.00273852096871, 0.00256539019756, 0.00192350510042, 0.000572486256715, 0.00056219578255, 0.000769802776631, 0.000465924706077, 0.000366204942111, 0.000243991438765, 0.000191068276763, 0.000278466031887, 0.00011165709293, 0.00033530939254, 0.000222273141844, 9.81953198789e-05, 8.12716098153e-05, 5.65613663639e-05, 2.95386707876e-05, 9.15395321499e-06, 7.06413266016e-06, 2.16359148908e-05],
        "median": [1.9436142793e-06, 0.000208662109799, 0.00198416924104, 0.000201815302717, 0.00200688187033, 0.00153315509669, 0.000853610457852, 0.000215036794543, 7.5935779023e-05, 5.3721571021e-05, 4.45794030384e-05, 5.01337926835e-05, 2.326133108e-05, 2.23744500545e-05, 2.64432528638e-05, 2.32380189118e-05, 6.68658103677e-05, 2.82758992398e-05, 6.68071152177e-05, 5.32053600182e-05, 1.81713458005e-05, 5.22741993336e-06, 3.76634693566e-06, 2.25779831453e-06, 1.65339270097e-06, 1.98018688025e-06, 2.15265681618e-05],
        "min": [1.02171741943e-23, 2.88145518911e-23, 2.55640142435e-23, 5.58176267082e-23, 6.27684631599e-23, 3.51824232892e-23, 9.68033746664e-23, 4.89718349747e-23, 5.96022089891e-23, 7.92616703545e-23, 1.42547733553e-22, 7.58832757092e-23, 7.92937801488e-23, 1.52985903186e-22, 1.13641433984e-22, 9.59911887219e-23, 8.09063191242e-23, 1.60354166963e-22, 2.06926722515e-22, 3.33080348736e-22, 5.05296383629e-22, 3.33324882995e-22, 8.53739047499e-22, 1.09352358114e-21, 1.17741940542e-21, 1.70451127117e-21, 2.77646767285e-21],
        "var": [9.14026007659e-11, 2.34847630054e-06, 1.01175382952e-05, 2.0659351776e-06, 1.7177009795e-05, 1.78470127139e-05, 2.28616208915e-05, 2.66857186944e-05, 2.33804476011e-05, 2.38596749114e-06, 2.29253691941e-06, 3.55241354555e-06, 1.48611536588e-06, 1.31775902901e-06, 6.19374986854e-07, 2.29473911872e-07, 2.14049165947e-07, 4.41564296239e-08, 3.21879838339e-07, 1.50603170823e-07, 4.77127279908e-08, 1.01165646527e-07, 5.00065446829e-08, 1.34049233935e-08, 1.0448001353e-09, 3.19947290883e-10, 3.7318401841e-11]
    },
    "erbbands": {
        "dmean": [0.00313491350971, 0.143023401499, 1.30459725857, 1.58822083473, 2.65663504601, 6.13139629364, 8.76374816895, 17.8996810913, 30.4270305634, 42.4591331482, 47.9178771973, 39.697479248, 16.1154842377, 17.6583919525, 25.5778007507, 28.3439617157, 20.8075847626, 21.6036949158, 17.4085140228, 11.3431110382, 10.0095129013, 12.521821022, 5.74453449249, 10.30397892, 13.8540582657, 7.15310621262, 6.15192937851, 1.94510185719, 2.57775115967, 2.51368570328, 1.48436582088, 0.726760387421, 0.429824411869, 0.132935747504, 0.056012775749, 0.0382488258183, 0.010478890501, 0.000602541083936, 0.000276409991784, 0.000183964162716],
        "dmean2": [0.00475822808221, 0.203594714403, 1.84948122501, 2.26152038574, 3.55209612846, 7.97189426422, 12.2484312057, 26.9258174896, 46.8572616577, 65.9680328369, 72.291633606, 56.6627807617, 22.1938667297, 26.3942260742, 38.5309562683, 43.6310195923, 31.4862518311, 34.0534515381, 27.0466098785, 17.4529075623, 14.7439117432, 18.6487255096, 8.51570320129, 15.439866066, 21.7008018494, 10.7532653809, 9.26163291931, 2.9184679985, 3.82831811905, 3.70808172226, 2.25626301765, 1.1131746769, 0.661947965622, 0.208405822515, 0.088241957128, 0.0600443035364, 0.0163444839418, 0.000939883932006, 0.000471463135909, 0.000318036152748],
        "dvar": [3.49328074662e-05, 0.0579304471612, 3.95751857758, 6.88452720642, 18.2703552246, 109.089744568, 340.517730713, 1136.64587402, 3150.22338867, 5587.43066406, 7863.71044922, 8131.59863281, 1414.25427246, 2317.62426758, 3679.99536133, 3799.96435547, 1946.09143066, 2754.71679688, 2720.85961914, 952.056640625, 397.788513184, 396.642242432, 92.2821960449, 386.126647949, 553.295593262, 129.319839478, 128.133560181, 34.6743507385, 88.1385116577, 63.8585662842, 36.4559593201, 8.11285495758, 2.34725642204, 0.241649672389, 0.0479415766895, 0.011153430678, 0.000776979955845, 2.37862241192e-06, 5.88099382526e-08, 2.98084970041e-08],
        "dvar2": [7.60496259318e-05, 0.113210953772, 7.78418779373, 13.6830129623, 27.7931976318, 173.886734009, 633.309997559, 2407.82250977, 7128.46777344, 11923.9277344, 15801.7138672, 14369.0263672, 2666.44018555, 5133.02832031, 8100.65039062, 8506.84863281, 4221.77587891, 6235.24267578, 6165.74804688, 2178.54003906, 812.313964844, 816.578613281, 197.443145752, 850.159118652, 1281.4777832, 272.269805908, 287.455841064, 67.2853164673, 172.437973022, 129.206680298, 79.1445007324, 17.7615623474, 5.28343248367, 0.594399750233, 0.130286678672, 0.0279482509941, 0.00191975675989, 5.6038816183e-06, 1.70434887536e-07, 8.73726193618e-08],
        "max": [0.149763152003, 2.87489914894, 25.1413841248, 36.6380691528, 64.3850250244, 156.870010376, 356.683837891, 585.466308594, 822.829772949, 962.733398438, 884.637695312, 1150.02404785, 658.616638184, 1045.64929199, 952.50994873, 720.475708008, 541.122192383, 608.30871582, 655.602355957, 504.404907227, 293.944702148, 231.063537598, 115.945121765, 224.309921265, 277.552825928, 133.018859863, 146.204055786, 101.058532715, 160.86869812, 101.333938599, 147.297790527, 49.4855690002, 27.1400184631, 9.42916584015, 5.51519680023, 2.05031490326, 0.559376120567, 0.0297172628343, 0.00226886710152, 0.00165099953301],
        "mean": [0.00664421077818, 0.329336702824, 2.8916695118, 3.25485420227, 5.41233158112, 11.8294591904, 15.4039573669, 25.3255577087, 37.472618103, 47.3292045593, 55.5189781189, 46.1865081787, 19.2131290436, 20.3422279358, 27.4183254242, 29.5727615356, 21.6196727753, 20.2544631958, 16.1998825073, 11.1575660706, 11.4043092728, 15.2306470871, 7.01176309586, 12.2378692627, 17.0831298828, 9.51409244537, 7.47998714447, 2.19625258446, 2.66995859146, 2.65904760361, 1.52253246307, 0.721779048443, 0.433178603649, 0.133205249906, 0.0566011108458, 0.0398330762982, 0.0112334629521, 0.000698381219991, 0.00100756366737, 0.000672764668707],
        "median": [0.00280708540231, 0.11819536984, 1.82495117188, 2.03850150108, 2.41141724586, 5.15113019943, 7.68156433105, 11.9944992065, 14.8375310898, 10.0308666229, 3.75289678574, 1.91576802731, 1.59160518646, 2.07816934586, 2.24496293068, 1.98792672157, 1.27491021156, 1.27475702763, 1.48447680473, 1.35749149323, 1.85496091843, 3.67445158958, 1.97351670265, 2.56695795059, 3.3857088089, 2.43454217911, 1.61970567703, 0.315318286419, 0.177171260118, 0.210262954235, 0.0786211043596, 0.0359355583787, 0.0431579016149, 0.0180069282651, 0.012112153694, 0.00923801958561, 0.00292353075929, 0.000212301296415, 0.00100014172494, 0.000652171671391],
        "min": [1.62732043643e-21, 3.48896381322e-21, 2.31645726691e-20, 1.02869460522e-19, 1.87921334328e-19, 2.4326024722e-19, 2.45129830501e-19, 3.92918494082e-19, 6.68714313884e-19, 2.26278772081e-18, 8.59415272338e-19, 1.51715884485e-18, 2.96688241065e-18, 1.86898130004e-18, 6.35626179483e-18, 2.68417068885e-18, 4.02054073223e-18, 6.50679501783e-18, 7.90311766444e-18, 4.74137776446e-18, 5.9075514677e-18, 4.11463169972e-18, 7.22676930069e-18, 1.26736767066e-17, 8.7665428499e-18, 1.77587372622e-17, 2.06687437679e-17, 1.88578783165e-17, 1.02124537335e-17, 1.86243205618e-17, 2.65256556521e-17, 1.82134285187e-17, 2.1122874196e-17, 1.25215796986e-17, 9.20312298694e-18, 6.4723396366e-18, 3.07980124966e-18, 1.40613083733e-18, 4.06196707468e-19, 3.9878448417e-20],
        "var": [0.000122493394883, 0.219007611275, 10.2395505905, 16.8158740997, 63.2035064697, 353.116821289, 727.79473877, 1867.57788086, 4208.94921875, 7837.21826172, 12335.3583984, 14085.1904297, 2383.10546875, 2888.07324219, 4675.16503906, 4755.37841797, 2777.05859375, 3110.55444336, 2897.82641602, 1070.67089844, 594.09197998, 636.468200684, 148.450958252, 562.17010498, 851.70526123, 258.656463623, 197.972732544, 48.8772277832, 122.027008057, 91.2774124146, 43.5619430542, 9.8160905838, 2.65515160561, 0.235020905733, 0.0376810841262, 0.0111626042053, 0.000842064269818, 2.74640206044e-06, 8.3551988439e-08, 3.43373685041e-08]
    },
    "gfcc": {
        "mean": [-77.4566268921, 93.8309555054, -92.6609954834, 17.6512432098, -40.0943984985, -24.8821430206, -23.8803253174, -7.5205655098, -16.9931030273, -5.34763336182, -2.69668245316, -12.226228714, -7.60439920425],
        "cov": [[13334.0888672, 2282.51245117, -2898.20141602, -372.709442139, -1573.65759277, -433.187103271, -956.792297363, 574.283874512, -1141.23828125, 148.465774536, -604.491577148, 18.573425293, -783.294921875], [2282.51245117, 3430.92504883, -155.272460938, -1181.0378418, -7.29081583023, -659.557556152, 9.32719135284, -100.006080627, -415.671936035, -310.777435303, -73.1336975098, -46.9770393372, -38.6973381042], [-2898.20141602, -155.272460938, 1385.41149902, 297.947845459, 258.361999512, 108.92779541, 148.40574646, -154.609298706, 216.799957275, -114.547569275, 128.006027222, 78.3159484863, 186.128295898], [-372.709442139, -1181.0378418, 297.947845459, 1160.86132812, 139.30531311, 49.5270690918, -204.848846436, -43.31275177, 158.913360596, 115.178497314, 73.2470397949, 30.4611949921, 59.562210083], [-1573.65759277, -7.29081583023, 258.361999512, 139.30531311, 666.911987305, -16.6645011902, -59.4420204163, -128.306396484, 172.190917969, 28.2682170868, 105.160003662, -54.2229118347, 124.360771179], [-433.187103271, -659.557556152, 108.92779541, 49.5270690918, -16.6645011902, 517.375305176, 117.581375122, 25.6622123718, 118.272911072, 64.4439315796, -4.34682035446, 40.7175369263, -39.8198165894], [-956.792297363, 9.32719135284, 148.40574646, -204.848846436, -59.4420204163, 117.581375122, 511.538146973, 49.8873901367, -2.37381315231, -43.4991455078, 39.4970283508, 25.564037323, 32.4684448242], [574.283874512, -100.006080627, -154.609298706, -43.31275177, -128.306396484, 25.6622123718, 49.8873901367, 243.514038086, -51.0871582031, 9.86642932892, -29.9172286987, -3.88826274872, -49.5617790222], [-1141.23828125, -415.671936035, 216.799957275, 158.913360596, 172.190917969, 118.272911072, -2.37381315231, -51.0871582031, 298.420074463, 45.0575447083, 54.4295425415, -24.72215271, 51.7748947144], [148.465774536, -310.777435303, -114.547569275, 115.178497314, 28.2682170868, 64.4439315796, -43.4991455078, 9.86642932892, 45.0575447083, 173.987136841, -3.16500854492, -39.7742118835, -34.8828430176], [-604.491577148, -73.1336975098, 128.006027222, 73.2470397949, 105.160003662, -4.34682035446, 39.4970283508, -29.9172286987, 54.4295425415, -3.16500854492, 132.780807495, -3.74390244484, 23.9856185913], [18.573425293, -46.9770393372, 78.3159484863, 30.4611949921, -54.2229118347, 40.7175369263, 25.564037323, -3.88826274872, -24.72215271, -39.7742118835, -3.74390244484, 135.420715332, 2.02088737488], [-783.294921875, -38.6973381042, 186.128295898, 59.562210083, 124.360771179, -39.8198165894, 32.4684448242, -49.5617790222, 51.7748947144, -34.8828430176, 23.9856185913, 2.02088737488, 165.345703125]],
        "icov": [[0.00131630455144, -0.00168900762219, 0.00188296637498, -0.00186603341717, 0.00185354298446, -0.00154383282643, 0.00170177279506, -0.0014765765518, 0.00134408043232, -0.00116024643648, 0.00113566371147, -0.000672296038829, 0.00102817418519], [-0.00168900762219, 0.00302283861674, -0.00261123361997, 0.00314703607, -0.00266631087288, 0.00280847027898, -0.00210352777503, 0.002247790806, -0.00111367984209, 0.00212797033601, -0.00123450858518, 0.00103093066718, -0.000755373737775], [0.00188296637498, -0.00261123361997, 0.003921456635, -0.00311194546521, 0.00259707565419, -0.0025937394239, 0.00211619748734, -0.00178771361243, 0.00130108615849, -0.000945775071159, 0.00117018492892, -0.00138174695894, 0.000726549595129], [-0.00186603341717, 0.00314703607, -0.00311194546521, 0.00453526433557, -0.0027808228042, 0.00291903573088, -0.00172640883829, 0.00219398131594, -0.00162864616141, 0.00120803178288, -0.00199390994385, 0.000548122217879, -0.00139555893838], [0.00185354298446, -0.00266631087288, 0.00259707565419, -0.0027808228042, 0.00505960080773, -0.00243969005533, 0.00276722852141, -0.00162733031902, 0.00103522406425, -0.00227328459732, 0.000239536893787, -0.000336969242198, -2.3539765607e-05], [-0.00154383282643, 0.00280847027898, -0.0025937394239, 0.00291903573088, -0.00243969005533, 0.00533309532329, -0.00262162089348, 0.00187364534941, -0.00221092207357, 0.000959007244091, -0.00042336891056, -0.000141410549986, 0.000365401007002], [0.00170177279506, -0.00210352777503, 0.00211619748734, -0.00172640883829, 0.00276722852141, -0.00262162089348, 0.00493557751179, -0.00253855390474, 0.00203430117108, -0.00143399729859, 0.000214878513361, -0.000956886564381, 0.000407466286561], [-0.0014765765518, 0.002247790806, -0.00178771361243, 0.00219398131594, -0.00162733031902, 0.00187364534941, -0.00253855390474, 0.00682431645691, -0.000998092116788, 0.00167750299443, -0.000795833941083, 0.00127522158436, -0.000261328706983], [0.00134408043232, -0.00111367984209, 0.00130108615849, -0.00162864616141, 0.00103522406425, -0.00221092207357, 0.00203430117108, -0.000998092116788, 0.00709256529808, -0.00156944314949, 0.000388944696169, 0.00054540624842, 0.000603943364695], [-0.00116024643648, 0.00212797033601, -0.000945775071159, 0.00120803178288, -0.00227328459732, 0.000959007244091, -0.00143399729859, 0.00167750299443, -0.00156944314949, 0.00993215758353, -0.00044211675413, 0.00289675104432, 0.000971774745267], [0.00113566371147, -0.00123450858518, 0.00117018492892, -0.00199390994385, 0.000239536893787, -0.00042336891056, 0.000214878513361, -0.000795833941083, 0.000388944696169, -0.00044211675413, 0.0109799019992, -0.00043947584345, 0.00212673121132], [-0.000672296038829, 0.00103093066718, -0.00138174695894, 0.000548122217879, -0.000336969242198, -0.000141410549986, -0.000956886564381, 0.00127522158436, 0.00054540624842, 0.00289675104432, -0.00043947584345, 0.00957919191569, -0.000409082917031], [0.00102817418519, -0.000755373737775, 0.000726549595129, -0.00139555893838, -2.3539765607e-05, 0.000365401007002, 0.000407466286561, -0.000261328706983, 0.000603943364695, 0.000971774745267, 0.00212673121132, -0.000409082917031, 0.0100865317509]]
    },
    "melbands": {
        "dmean": [6.990723341e-05, 0.000504006457049, 0.000266052316874, 0.000323018379277, 0.000286749302177, 0.00038446902181, 0.000466200901428, 0.000476579531096, 0.000395579932956, 0.000227205004194, 7.75458684075e-05, 7.16543218005e-05, 7.79687179602e-05, 8.9454879344e-05, 5.72505450691e-05, 4.76674431411e-05, 4.01574616262e-05, 3.04089262499e-05, 1.7389345885e-05, 1.3550085896e-05, 1.21557868624e-05, 1.45525909829e-05, 8.32752175484e-06, 3.91985440729e-06, 9.07100820768e-06, 1.06826792035e-05, 8.05196759757e-06, 4.57808664578e-06, 5.04895660924e-06, 1.80408562755e-06, 9.56543203756e-07, 1.42512078583e-06, 1.65253231899e-06, 1.28867395688e-06, 9.7867769e-07, 5.49091907942e-07, 4.09114136346e-07, 3.39919040471e-07, 1.90201845385e-07, 8.895185033e-08],
        "dmean2": [0.00010178014054, 0.000715780362953, 0.000380033976398, 0.000424744997872, 0.000390071800211, 0.000577700557187, 0.000718020601198, 0.000739779847208, 0.000591658521444, 0.000323481188389, 0.000109994500235, 0.000108400658064, 0.000119015945529, 0.000139493000461, 8.90419687494e-05, 7.4907868111e-05, 6.42490849714e-05, 4.85830605612e-05, 2.77959297819e-05, 2.08743422263e-05, 1.80764891411e-05, 2.18573986785e-05, 1.25796141219e-05, 5.97880762143e-06, 1.37440392791e-05, 1.65130350069e-05, 1.27456505652e-05, 6.9270122367e-06, 7.62199988458e-06, 2.76386731457e-06, 1.42525220781e-06, 2.14859596781e-06, 2.47113075602e-06, 1.92788343156e-06, 1.52377583618e-06, 8.22032234282e-07, 6.43317321192e-07, 5.25352561453e-07, 2.96195736382e-07, 1.43030916888e-07],
        "dvar": [1.5675663434e-08, 5.6933936321e-07, 1.54817982434e-07, 2.65919965159e-07, 2.94212725294e-07, 4.82401048885e-07, 6.85696818437e-07, 6.97386383308e-07, 5.56647023586e-07, 2.7567654115e-07, 3.71159316614e-08, 4.12631138147e-08, 3.74213193766e-08, 4.28862882984e-08, 1.66295688331e-08, 1.24441417171e-08, 1.06651594223e-08, 9.56563805943e-09, 2.61216070996e-09, 1.36397326767e-09, 5.73182612484e-10, 5.73689984407e-10, 2.20426094044e-10, 5.50593008686e-11, 3.36540378898e-10, 3.43955419702e-10, 2.04002870152e-10, 6.71052657886e-11, 9.04325780926e-11, 2.35537006565e-11, 1.21650684318e-11, 3.09304665214e-11, 3.24937854401e-11, 1.61463377391e-11, 1.70278756373e-11, 6.17593649832e-12, 2.56634492303e-12, 1.61587594433e-12, 4.54054328858e-13, 1.56118810913e-13],
        "dvar2": [3.1166692338e-08, 1.12423686005e-06, 3.00121172359e-07, 3.99145591246e-07, 5.23883102233e-07, 1.0296741948e-06, 1.54294900767e-06, 1.46139666413e-06, 1.08995538994e-06, 4.82800828649e-07, 7.44956167864e-08, 9.41053741599e-08, 7.90528673633e-08, 9.91888171598e-08, 3.87197651719e-08, 2.79120726532e-08, 2.47063685066e-08, 2.16374012041e-08, 6.04198957532e-09, 3.18580184455e-09, 1.19160392664e-09, 1.19812559873e-09, 4.82795192713e-10, 1.22625604115e-10, 7.48363204739e-10, 7.67999608353e-10, 4.79833450751e-10, 1.43602824076e-10, 2.03791691855e-10, 5.24863069673e-11, 2.42841077108e-11, 6.22990548038e-11, 6.50702894345e-11, 3.36392164124e-11, 3.75156641863e-11, 1.35360238643e-11, 5.85161042885e-12, 3.78107527926e-12, 1.0399315957e-12, 4.14816049349e-13],
        "max": [0.00232859631069, 0.00901374220848, 0.00499520171434, 0.00636706734076, 0.009621264413, 0.0120529523119, 0.0110342632979, 0.0111766709015, 0.00718702375889, 0.00648778676987, 0.00340747484006, 0.004685445223, 0.00389874051325, 0.00229777838103, 0.00145990564488, 0.00127530435566, 0.00108917371836, 0.00130422029179, 0.000672744819894, 0.000604997447226, 0.000339930382324, 0.000277939921943, 0.000172585321707, 9.12632749532e-05, 0.000218150598812, 0.00023188245541, 0.000187470330275, 0.000102292724478, 0.000110922963358, 0.000100168508652, 7.09822852514e-05, 0.000110383676656, 8.86883208295e-05, 5.46337469132e-05, 0.000101604062365, 5.90700874454e-05, 2.79436189885e-05, 2.67342056759e-05, 1.27101011458e-05, 9.75731836661e-06],
        "mean": [0.000149083367432, 0.00115553510841, 0.000594141252805, 0.000655758369248, 0.000545282964595, 0.000564776360989, 0.000568511721212, 0.000532955047674, 0.000458035734482, 0.000263361405814, 8.89510629349e-05, 8.10316632851e-05, 8.40545617393e-05, 9.13915719138e-05, 5.74901023356e-05, 4.60316041426e-05, 3.58901306754e-05, 2.73657751677e-05, 1.6483490981e-05, 1.33759067467e-05, 1.35812579174e-05, 1.71656301973e-05, 9.6847943496e-06, 4.49503204436e-06, 1.03369839053e-05, 1.29783238663e-05, 9.60882516665e-06, 5.84735016673e-06, 6.05069317317e-06, 1.95098323275e-06, 9.97276515591e-07, 1.43763293181e-06, 1.70699809132e-06, 1.34471679303e-06, 9.92809759737e-07, 5.25448058397e-07, 4.01309478093e-07, 3.35928291406e-07, 1.91038694197e-07, 8.48037515766e-08],
        "median": [3.5936718632e-05, 0.000763274612837, 0.000470503640827, 0.000311363779474, 0.000284565350739, 0.000293313350994, 0.000220693298616, 8.78925857251e-05, 2.4812448828e-05, 1.06401657831e-05, 7.5053440014e-06, 7.9272158473e-06, 6.63469745632e-06, 6.36094227957e-06, 3.12388465318e-06, 2.30174737226e-06, 2.08896108234e-06, 2.18061222768e-06, 1.79937069333e-06, 1.53384030455e-06, 1.93080722966e-06, 3.86084730053e-06, 2.18353193304e-06, 1.09423262984e-06, 1.80363861091e-06, 2.22665448746e-06, 1.85472708836e-06, 1.26616714624e-06, 1.17985462111e-06, 2.8135295338e-07, 6.70308537565e-08, 7.53782103402e-08, 9.35890653864e-08, 1.09997060349e-07, 4.45737100563e-08, 1.18698100238e-08, 1.91814546469e-08, 3.14488985964e-08, 1.83356032579e-08, 1.14266782703e-08],
        "min": [1.04827315962e-23, 9.41372251774e-24, 2.32070698304e-23, 1.31986660969e-23, 1.06827015248e-23, 8.07113963276e-24, 1.26379335103e-23, 2.21786807776e-23, 7.06857788604e-24, 9.41317583714e-24, 1.45312249264e-23, 5.41780124489e-24, 2.40728273189e-23, 7.31503223233e-24, 7.46823848645e-24, 9.25158399159e-24, 1.27782245337e-23, 1.34779678225e-23, 8.02369043818e-24, 5.97170387379e-24, 7.05549383907e-24, 4.2069597088e-24, 4.90825863127e-24, 7.73154053509e-24, 1.07180101501e-23, 7.47852681038e-24, 4.35431537602e-24, 1.4356933998e-23, 1.21245649213e-23, 1.36629462384e-23, 9.70402727517e-24, 5.35844656152e-24, 6.77762784039e-24, 1.12240352329e-23, 1.4048773374e-23, 1.50787133273e-23, 9.45936048769e-24, 1.49977036232e-23, 1.27577938251e-23, 1.04548903283e-23],
        "var": [6.11825328178e-08, 1.56757084824e-06, 3.94338513843e-07, 9.28262807065e-07, 7.46240004901e-07, 8.08770664662e-07, 9.31168756324e-07, 1.01712123524e-06, 8.91182367013e-07, 4.79274262943e-07, 5.69862557143e-08, 4.87829474594e-08, 4.93104259647e-08, 4.98873440336e-08, 2.01735694816e-08, 1.59022359725e-08, 1.12930660379e-08, 9.94856996783e-09, 2.76311840075e-09, 1.50218648631e-09, 8.34812829975e-10, 8.71732519503e-10, 3.40160316581e-10, 7.48388503946e-11, 4.69133509817e-10, 5.40428590767e-10, 2.96986629733e-10, 1.26589086435e-10, 1.42730563479e-10, 2.91175347722e-11, 1.58325019761e-11, 4.0549976571e-11, 4.50729939483e-11, 2.25692485534e-11, 1.97924072964e-11, 6.90817542059e-12, 3.01356075511e-12, 1.70836196751e-12, 5.0370693944e-13, 1.22518653751e-13]
    },
    "mfcc": {
        "mean": [-737.354370117, 143.926879883, 0.23401941359, 39.5700836182, -0.255209565163, -7.03427314758, -0.339436590672, -6.95174026489, -9.11380290985, 0.196127250791, -4.25727653503, 0.107769429684, 6.96424198151],
        "cov": [[13825.5039062, 1717.50341797, -2187.91308594, -296.145111084, -1173.29125977, -1154.5411377, -324.233428955, -302.303009033, -596.364318848, -114.458877563, -301.575500488, -61.07396698, 4.58735132217], [1717.50341797, 4277.88427734, -519.471801758, -525.925048828, -417.797210693, -657.25012207, 136.600631714, -97.641708374, -140.194702148, -432.780487061, -257.542694092, -52.6754074097, 126.629974365], [-2187.91308594, -519.471801758, 1212.2956543, 198.268249512, 119.908744812, 275.581634521, 18.6065750122, 175.533004761, 95.8824310303, -42.3023414612, 6.66305351257, 28.6883850098, 25.060131073], [-296.145111084, -525.925048828, 198.268249512, 822.278015137, 324.874023438, 6.5341591835, -52.2248077393, -92.9239196777, -61.7335243225, 48.2135467529, -85.9613876343, -36.6556968689, 22.1873435974], [-1173.29125977, -417.797210693, 119.908744812, 324.874023438, 808.550720215, 199.470779419, -156.941558838, -116.562568665, -19.1823997498, 99.8293457031, 3.83217859268, -20.2465724945, -17.3305473328], [-1154.5411377, -657.25012207, 275.581634521, 6.5341591835, 199.470779419, 515.689025879, 6.92984199524, 41.3268127441, 90.0913314819, 42.029964447, 128.613525391, 49.5131645203, -21.6814899445], [-324.233428955, 136.600631714, 18.6065750122, -52.2248077393, -156.941558838, 6.92984199524, 303.628387451, 95.4230194092, 44.4911460876, -5.90226554871, 28.8282413483, 54.1456069946, -6.972178936], [-302.303009033, -97.641708374, 175.533004761, -92.9239196777, -116.562568665, 41.3268127441, 95.4230194092, 268.790435791, 59.1437797546, -32.3368835449, 52.9962654114, 31.0601959229, 5.08688831329], [-596.364318848, -140.194702148, 95.8824310303, -61.7335243225, -19.1823997498, 90.0913314819, 44.4911460876, 59.1437797546, 205.878875732, 27.6090698242, 21.6623210907, 35.4900741577, -25.5735931396], [-114.458877563, -432.780487061, -42.3023414612, 48.2135467529, 99.8293457031, 42.029964447, -5.90226554871, -32.3368835449, 27.6090698242, 262.38458252, 67.4569168091, 18.7094459534, -37.9525413513], [-301.575500488, -257.542694092, 6.66305351257, -85.9613876343, 3.83217859268, 128.613525391, 28.8282413483, 52.9962654114, 21.6623210907, 67.4569168091, 218.103668213, 44.5931930542, -40.8614196777], [-61.07396698, -52.6754074097, 28.6883850098, -36.6556968689, -20.2465724945, 49.5131645203, 54.1456069946, 31.0601959229, 35.4900741577, 18.7094459534, 44.5931930542, 150.66885376, -6.9245724678], [4.58735132217, 126.629974365, 25.060131073, 22.1873435974, -17.3305473328, -21.6814899445, -6.972178936, 5.08688831329, -25.5735931396, -37.9525413513, -40.8614196777, -6.9245724678, 127.859230042]],
