{
"lowlevel": {
    "average_loudness": 0.978091299534,
    "barkbands_crest": {
        "dmean": 3.58271718025,
        "dmean2": 5.80547714233,
        "dvar": 10.1310997009,
        "dvar2": 25.2491035461,
        "max": 26.1879520416,
        "mean": 10.872592926,
        "median": 10.1419315338,
        "min": 2.56952285767,
        "var": 19.6671123505
    },
    "barkbands_flatness_db": {
        "dmean": 0.0501430816948,
        "dmean2": 0.0749383345246,
        "dvar": 0.00250569242053,
        "dvar2": 0.00534453848377,
        "max": 0.511274814606,
        "mean": 0.216835156083,
        "median": 0.217391222715,
        "min": 0.0276046078652,
        "var": 0.00657423678786
    },
    "barkbands_kurtosis": {
        "dmean": 11.7232627869,
        "dmean2": 19.3309001923,
        "dvar": 339.529052734,
        "dvar2": 786.341491699,
        "max": 247.76524353,
        "mean": 12.2840032578,
        "median": 4.54331684113,
        "min": -1.91076314449,
        "var": 460.540435791
    },
    "barkbands_skewness": {
        "dmean": 1.49179506302,
        "dmean2": 2.23268961906,
        "dvar": 2.62102603912,
        "dvar2": 5.27869844437,
        "max": 14.0857820511,
        "mean": 1.66837882996,
        "median": 1.56061601639,
        "min": -7.98590612411,
        "var": 5.53498840332
    },
    "barkbands_spread": {
        "dmean": 10.9111995697,
        "dmean2": 18.7139053345,
        "dvar": 274.319091797,
        "dvar2": 716.885681152,
        "max": 107.666503906,
        "mean": 15.6976060867,
        "median": 9.11138534546,
        "min": 0.39618396759,
        "var": 302.114868164
    },
    "dissonance": {
        "dmean": 0.0487716086209,
        "dmean2": 0.0753194466233,
        "dvar": 0.0023858633358,
        "dvar2": 0.00528543069959,
        "max": 0.500000059605,
        "mean": 0.408488988876,
        "median": 0.418006122112,
        "min": 0.117861352861,
        "var": 0.00588921131566
    },
    "dynamic_complexity": 4.59057426453,
    "erbbands_crest": {
        "dmean": 3.39141130447,
        "dmean2": 5.62693023682,
        "dvar": 8.66689491272,
        "dvar2": 20.7620048523,
        "max": 27.2564563751,
        "mean": 10.4762268066,
        "median": 9.83791542053,
        "min": 2.44939279556,
        "var": 16.2185020447
    },
    "erbbands_flatness_db": {
        "dmean": 0.0371777527034,
        "dmean2": 0.0553343705833,
        "dvar": 0.00132636597846,
        "dvar2": 0.00279353372753,
        "max": 0.416419029236,
        "mean": 0.220873877406,
        "median": 0.232167810202,
        "min": 0.0624251700938,
        "var": 0.00341804372147
    },
    "erbbands_kurtosis": {
        "dmean": 3.54893064499,
        "dmean2": 5.82812070847,
        "dvar": 25.5207920074,
        "dvar2": 62.5182952881,
        "max": 38.2917480469,
        "mean": 3.49161982536,
        "median": 1.75697088242,
        "min": -1.8111948967,
        "var": 31.9826469421
    },
    "erbbands_skewness": {
        "dmean": 0.880870878696,
        "dmean2": 1.36752581596,
        "dvar": 0.979348063469,
        "dvar2": 2.01613283157,
        "max": 5.73458814621,
        "mean": 0.593526124954,
        "median": 0.750556766987,
        "min": -4.55355262756,
        "var": 1.9576767683
    },
    "erbbands_spread": {
        "dmean": 14.382979393,
        "dmean2": 23.7827320099,
        "dvar": 340.13583374,
        "dvar2": 899.089477539,
        "max": 137.370452881,
        "mean": 27.8844718933,
        "median": 21.4363479614,
        "min": 2.89768052101,
        "var": 413.297515869
    },
    "hfc": {
        "dmean": 9.78007507324,
        "dmean2": 14.117348671,
        "dvar": 126.808120728,
        "dvar2": 236.683776855,
        "max": 89.4496765137,
        "mean": 15.5835752487,
        "median": 9.48729801178,
        "min": 1.15506653704e-16,
        "var": 271.017059326
    },
    "melbands_crest": {
        "dmean": 5.00214290619,
        "dmean2": 7.6892285347,
        "dvar": 18.867067337,
        "dvar2": 42.4603881836,
        "max": 34.1773872375,
        "mean": 15.6060552597,
        "median": 15.0292711258,
        "min": 1.94486486912,
        "var": 42.1315727234
    },
    "melbands_flatness_db": {
        "dmean": 0.0671927407384,
        "dmean2": 0.0965983867645,
        "dvar": 0.00457968749106,
        "dvar2": 0.00913115870208,
        "max": 0.620511710644,
        "mean": 0.265576153994,
        "median": 0.271495819092,
        "min": 0.0046545942314,
        "var": 0.0135800298303
    },
    "melbands_kurtosis": {
        "dmean": 19.1378631592,
        "dmean2": 32.4882621765,
        "dvar": 1280.51831055,
        "dvar2": 3311.44042969,
        "max": 478.57913208,
        "mean": 19.3326797485,
        "median": 6.26950407028,
        "min": -1.90268790722,
        "var": 1290.29333496
    },
    "melbands_skewness": {
        "dmean": 1.61847364902,
        "dmean2": 2.55079913139,
        "dvar": 3.46647977829,
        "dvar2": 8.37043571472,
        "max": 18.0669136047,
        "mean": 2.43261528015,
        "median": 1.95810508728,
        "min": -3.28309226036,
        "var": 5.49407339096
    },
    "melbands_spread": {
        "dmean": 20.1459770203,
        "dmean2": 33.0832710266,
        "dvar": 1354.00854492,
        "dvar2": 2944.49707031,
        "max": 284.404174805,
        "mean": 30.3294715881,
        "median": 12.0666036606,
        "min": 0.403495311737,
        "var": 2058.26611328
    },
    "pitch_salience": {
        "dmean": 0.108931928873,
        "dmean2": 0.167992800474,
        "dvar": 0.0107478639111,
        "dvar2": 0.0249998234212,
        "max": 0.957748413086,
        "mean": 0.606040656567,
        "median": 0.63535630703,
        "min": 0.0650517046452,
        "var": 0.0205513685942
    },
    "silence_rate_20dB": {
        "dmean": 0,
        "dmean2": 0,
        "dvar": 0,
        "dvar2": 0,
        "max": 1,
        "mean": 1,
        "median": 1,
        "min": 1,
        "var": 0
    },
    "silence_rate_30dB": {
        "dmean": 0.000764233875088,
        "dmean2": 0.00152905203868,
        "dvar": 0.000763657619245,
        "dvar2": 0.00229127006605,
        "max": 1,
        "mean": 0.999618053436,
        "median": 1,
        "min": 0,
        "var": 0.000381807651138
    },
    "silence_rate_60dB": {
        "dmean": 0.112342379987,
        "dmean2": 0.224770635366,
        "dvar": 0.0997202396393,
        "dvar2": 0.202530279756,
        "max": 1,
        "mean": 0.213903740048,
        "median": 0,
        "min": 0,
        "var": 0.168147668242
    },
    "spectral_centroid": {
        "dmean": 579.912658691,
        "dmean2": 885.372802734,
        "dvar": 799577.1875,
        "dvar2": 1342873,
        "max": 11275.0957031,
        "mean": 1319.58496094,
        "median": 787.234985352,
        "min": 138.929824829,
        "var": 1800848.125
    },
    "spectral_complexity": {
        "dmean": 3.61176919937,
        "dmean2": 5.08027505875,
        "dvar": 14.110663414,
        "dvar2": 26.637342453,
        "max": 35,
        "mean": 8.02979373932,
        "median": 7,
        "min": 0,
        "var": 40.8048477173
    },
    "spectral_decrease": {
        "dmean": 2.84855783406e-09,
        "dmean2": 3.88394738593e-09,
        "dvar": 1.04931822897e-17,
        "dvar2": 1.70052749858e-17,
        "max": 1.58795030401e-28,
        "mean": -5.74378944407e-09,
        "median": -5.01226171679e-09,
        "min": -2.99692430872e-08,
        "var": 2.84837559437e-17
    },
    "spectral_energy": {
        "dmean": 0.0113668767735,
        "dmean2": 0.0155695248395,
        "dvar": 0.000165893870872,
        "dvar2": 0.0002726149105,
        "max": 0.120739132166,
        "mean": 0.0230918433517,
        "median": 0.0197263211012,
        "min": 1.05928329191e-20,
        "var": 0.000445352925453
    },
    "spectral_energyband_high": {
        "dmean": 0.000554376922082,
        "dmean2": 0.000825639814138,
        "dvar": 1.78223433522e-06,
        "dvar2": 3.21471088682e-06,
        "max": 0.0110722770914,
        "mean": 0.000667209329549,
        "median": 9.44511048147e-05,
        "min": 7.76451176549e-21,
        "var": 2.86298995889e-06
    },
    "spectral_energyband_low": {
        "dmean": 0.00171080231667,
        "dmean2": 0.00230286340229,
        "dvar": 8.75617115526e-06,
        "dvar2": 1.38469795274e-05,
        "max": 0.0387859456241,
        "mean": 0.00363674527034,
        "median": 0.00088502507424,
        "min": 4.02958417649e-23,
        "var": 3.21693041769e-05
    },
    "spectral_energyband_middle_high": {
        "dmean": 0.00247101136483,
        "dmean2": 0.00344124762341,
        "dvar": 1.4323159121e-05,
        "dvar2": 2.48635642492e-05,
        "max": 0.0384707264602,
        "mean": 0.00319492584094,
        "median": 0.000695881084539,
        "min": 1.25096729313e-21,
        "var": 2.84298221231e-05
    },
    "spectral_energyband_middle_low": {
        "dmean": 0.00931154377759,
        "dmean2": 0.0130184013397,
        "dvar": 0.000120070435514,
        "dvar2": 0.000197270826902,
        "max": 0.103977531195,
        "mean": 0.018106887117,
        "median": 0.0151650384068,
        "min": 2.36098697816e-22,
        "var": 0.000311362819048
    },
    "spectral_entropy": {
        "dmean": 0.456888198853,
        "dmean2": 0.664965450764,
        "dvar": 0.252610653639,
        "dvar2": 0.477966457605,
        "max": 9.80584049225,
        "mean": 7.0649933815,
        "median": 6.98675060272,
        "min": 4.26112318039,
        "var": 0.686902046204
    },
    "spectral_flux": {
        "dmean": 0.0419083721936,
        "dmean2": 0.0687967613339,
        "dvar": 0.00142343400512,
        "dvar2": 0.00357025815174,
        "max": 0.312305420637,
        "mean": 0.0904100239277,
        "median": 0.0871890410781,
        "min": 6.5065085264e-11,
        "var": 0.00308892643079
    },
    "spectral_kurtosis": {
        "dmean": 4.87501907349,
        "dmean2": 7.84484815598,
        "dvar": 42.0351066589,
        "dvar2": 98.3329238892,
        "max": 80.220123291,
        "mean": 7.93279790878,
        "median": 5.32957839966,
        "min": -1.2124196291,
        "var": 71.1923980713
    },
    "spectral_rms": {
        "dmean": 0.00129720231052,
        "dmean2": 0.00170004053507,
        "dvar": 1.77284596248e-06,
        "dvar2": 2.68327266895e-06,
        "max": 0.0108533073217,
        "mean": 0.00401820987463,
        "median": 0.0043869339861,
        "min": 3.21472731248e-12,
        "var": 6.38256551611e-06
    },
    "spectral_rolloff": {
        "dmean": 1065.60803223,
        "dmean2": 1787.23779297,
        "dvar": 4246153.5,
        "dvar2": 8243154,
        "max": 19422.9492188,
        "mean": 1867.53381348,
        "median": 689.0625,
        "min": 64.599609375,
        "var": 7025532.5
    },
    "spectral_skewness": {
        "dmean": 0.631910085678,
        "dmean2": 0.966800391674,
        "dvar": 0.426003247499,
        "dvar2": 0.932710766792,
        "max": 7.50129747391,
        "mean": 1.84956085682,
        "median": 1.69738602638,
        "min": -0.25718703866,
        "var": 1.11359107494
    },
    "spectral_spread": {
        "dmean": 921497.5625,
        "dmean2": 1417185.5,
        "dvar": 2.27095792845e+12,
        "dvar2": 3.81561549619e+12,
        "max": 42060400,
        "mean": 3859161,
        "median": 3397882,
        "min": 1066796.125,
        "var": 4.47044439245e+12
    },
    "spectral_strongpeak": {
        "dmean": 0.696537196636,
        "dmean2": 1.09880590439,
        "dvar": 0.920303165913,
        "dvar2": 2.11304020882,
        "max": 7.59909582138,
        "mean": 1.01862025261,
        "median": 0.684786438942,
        "min": 0,
        "var": 1.309450984
    },
    "zerocrossingrate": {
        "dmean": 0.0268588270992,
        "dmean2": 0.0302708242089,
        "dvar": 0.00159360980615,
        "dvar2": 0.00192125781905,
        "max": 0.51806640625,
        "mean": 0.0650357827544,
        "median": 0.0341796875,
        "min": 0.005859375,
        "var": 0.00563000887632
    },
    "barkbands": {
        "dmean": [7.54637676437e-06, 5.83767068747e-05, 0.000648561515845, 0.00241379975341, 0.00189907895401, 0.00163644296117, 0.00169497530442, 0.00284729688428, 0.00232932646759, 0.00079294340685, 0.000547944568098, 0.000431260908954, 0.00046977767488, 0.00034591826261, 0.000142089731526, 8.97668578546e-05, 9.87355015241e-05, 0.000135093374411, 8.08938930277e-05, 0.000114505986858, 0.000171831372427, 0.000128863801365, 0.0001173310593, 0.000111663597636, 2.96332727885e-05, 7.15179430699e-06, 1.85813209264e-09],
        "dmean2": [1.28599767777e-05, 9.9968543509e-05, 0.000898705620784, 0.00344237312675, 0.00269470899366, 0.00244291359559, 0.00257333600894, 0.00438832119107, 0.00341225764714, 0.00119127205107, 0.000796299020294, 0.000638650148176, 0.00071768957423, 0.000518220360391, 0.000223776849452, 0.000141297496157, 0.000153999397298, 0.000210410871659, 0.000126620900119, 0.000177584370249, 0.000260842469288, 0.000198031208129, 0.000173591004568, 0.000170090803294, 4.59718830825e-05, 1.10293285616e-05, 3.24066684598e-09],
        "dvar": [2.91007384856e-10, 1.25117276539e-08, 2.5517629183e-06, 1.20619288282e-05, 1.32250697789e-05, 9.37514505495e-06, 1.41671907841e-05, 2.95716108667e-05, 2.07420089282e-05, 2.82458768197e-06, 1.4769199197e-06, 1.42145552218e-06, 1.21643608963e-06, 8.04478077043e-07, 1.94376241325e-07, 8.34070874589e-08, 1.23818182374e-07, 7.5341844763e-08, 3.75650586193e-08, 4.06781950346e-08, 1.63673703923e-07, 1.67622005165e-07, 1.4451352115e-07, 1.55640165644e-07, 1.14278106977e-08, 1.40957301387e-09, 1.71155828292e-17],
        "dvar2": [7.80724040972e-10, 3.15514796512e-08, 3.93205573346e-06, 2.04403768294e-05, 2.33382434089e-05, 2.0382756702e-05, 3.02929838654e-05, 6.05141103733e-05, 3.88218213629e-05, 5.97377947997e-06, 2.89971899292e-06, 3.08881135425e-06, 2.65226640295e-06, 1.74922138285e-06, 4.53017889868e-07, 1.86838292393e-07, 2.89793632646e-07, 1.78170708409e-07, 9.31483157274e-08, 9.99898048804e-08, 3.8047917883e-07, 3.18699534319e-07, 2.80810098729e-07, 3.18986991488e-07, 2.53415937124e-08, 2.93664581541e-09, 4.4745345928e-17],
        "max": [0.000308681745082, 0.00150144891813, 0.0313370674849, 0.0357104875147, 0.0508783832192, 0.0440353825688, 0.0867552012205, 0.0524418912828, 0.0774688273668, 0.0245217811316, 0.0191340185702, 0.0249112807214, 0.0159099213779, 0.0123374592513, 0.00913080945611, 0.00401226524264, 0.00715447589755, 0.00401476072147, 0.0027640121989, 0.00248264637776, 0.0064563495107, 0.0047960053198, 0.00499381963164, 0.0060484232381, 0.00160631281324, 0.000924439111259, 5.62009248029e-08],
        "mean": [7.68800509832e-06, 6.16391334916e-05, 0.00118848879356, 0.00495714321733, 0.00306474347599, 0.00239224894904, 0.00182849983685, 0.0029411741998, 0.00264229974709, 0.000820046232548, 0.00057401478989, 0.000450130319223, 0.000496683525853, 0.000374654628104, 0.000140987962368, 9.24788109842e-05, 0.000102050165879, 0.0001521781669, 8.52624289109e-05, 0.000129663982079, 0.000185748620424, 0.000138164774398, 0.000118286632642, 0.00011098687537, 2.95643185382e-05, 7.03625164533e-06, 1.60475444044e-09],
        "median": [3.24681286656e-06, 2.60952256212e-05, 5.41440676898e-05, 0.00243712961674, 0.00076830200851, 0.000685291364789, 0.000268392439466, 0.000196654844331, 0.000132944289362, 4.77592766401e-05, 2.0983919967e-05, 1.48249328049e-05, 2.02475712285e-05, 1.91235358216e-05, 1.76728972292e-05, 1.27262446767e-05, 1.56682526722e-05, 3.58299294021e-05, 1.94924341486e-05, 3.69379486074e-05, 3.18763486575e-05, 3.0115888876e-06, 1.45378817251e-06, 6.22386733085e-06, 2.8334493436e-06, 3.25103940213e-07, 3.62427338141e-10],
        "min": [1.49813402814e-24, 2.73355008026e-23, 7.0890756478e-24, 6.06230849306e-24, 1.52763576939e-23, 2.37322618666e-23, 4.28531489594e-24, 3.52821700175e-23, 3.13537783935e-23, 3.54702786335e-23, 3.63416417676e-23, 4.28036305826e-23, 5.8892032226e-23, 5.13692621518e-23, 1.44485642942e-22, 1.08982030202e-22, 8.90849891758e-23, 1.2883220658e-22, 1.91037498784e-22, 2.6280243463e-22, 2.66076674392e-22, 4.31162845583e-22, 5.19714741492e-22, 8.46255647895e-22, 1.0140756702e-21, 1.45108249834e-21, 2.2935597928e-21],
        "var": [2.80547141074e-10, 1.3907263785e-08, 9.9916360341e-06, 3.5836121242e-05, 3.42484854627e-05, 1.455936399e-05, 1.8210064809e-05, 4.10848806496e-05, 3.16330697387e-05, 3.66180142919e-06, 2.10789971788e-06, 1.76770345206e-06, 1.82098381174e-06, 1.10568407763e-06, 2.02693911433e-07, 1.0619844204e-07, 1.29109452018e-07, 9.70711369064e-08, 3.76590030271e-08, 4.98719820996e-08, 1.89406222262e-07, 2.31760424185e-07, 1.98049093569e-07, 1.94255065367e-07, 1.27366615033e-08, 1.55902379895e-09, 1.62962736674e-17]
    },
    "erbbands": {
        "dmean": [0.00179685011972, 0.0169843621552, 0.428690314293, 4.56618070602, 8.42899990082, 5.36685609818, 6.32854509354, 16.503572464, 16.4930648804, 42.9003791809, 62.4186630249, 55.1263084412, 27.7064151764, 22.3360099792, 22.8379650116, 15.7574796677, 21.5870990753, 17.3822288513, 11.2059459686, 6.45940542221, 4.54386806488, 5.47610521317, 7.62602472305, 4.70285701752, 4.64893865585, 5.1135430336, 7.06496286392, 6.19621562958, 4.19218158722, 4.76298427582, 3.25107550621, 2.52044177055, 1.76016783714, 0.473177939653, 0.150991052389, 0.0540943145752, 0.00875424966216, 0.000328600086505, 1.59124720085e-05, 1.40132178785e-05],
        "dmean2": [0.00303904153407, 0.0276409965008, 0.58845615387, 6.30000162125, 11.8536376953, 7.71480512619, 9.23693180084, 24.719537735, 24.5214328766, 66.0335540771, 93.4657058716, 80.0343399048, 40.3334732056, 32.6990585327, 32.7891921997, 22.5989189148, 32.2760772705, 25.6384449005, 16.627986908, 10.1936950684, 7.05064916611, 8.5038394928, 11.7099256516, 7.52966737747, 7.32343196869, 7.87548828125, 10.7426404953, 9.52742099762, 6.34544038773, 7.29779052734, 4.74344205856, 3.78115439415, 2.71822071075, 0.738716483116, 0.237291708589, 0.0835723206401, 0.0139229856431, 0.000508519879077, 2.38333632296e-05, 1.98980997084e-05],
        "dvar": [1.07359874164e-05, 0.0011740650516, 1.0866959095, 49.7869415283, 150.586227417, 235.588699341, 139.84425354, 1119.74060059, 1559.38696289, 6606.40576172, 14768.5322266, 11808.1005859, 2890.34130859, 2723.12280273, 3057.22338867, 1506.41674805, 2698.49389648, 1567.24133301, 1025.9420166, 401.277374268, 238.031021118, 278.785430908, 259.702728271, 113.685935974, 107.037857056, 85.9495925903, 221.317825317, 301.364746094, 166.425476074, 247.94883728, 116.14226532, 78.2401885986, 39.2910995483, 2.87375831604, 0.314224779606, 0.0650767087936, 0.00206116051413, 2.15077625398e-06, 1.9485224545e-09, 2.24356325185e-10],
        "dvar2": [2.60839697148e-05, 0.00268863863312, 1.73356342316, 83.5246810913, 255.427230835, 434.568664551, 280.473236084, 2448.92822266, 3142.88354492, 13662.0078125, 29824.3847656, 22246.3867188, 5695.13867188, 5846.77734375, 6128.54394531, 3101.80834961, 5968.38574219, 3313.48657227, 2214.67236328, 958.40637207, 523.173339844, 604.549194336, 590.600891113, 294.085327148, 256.968658447, 210.823806763, 529.522583008, 683.798278809, 325.807159424, 496.4246521, 230.391372681, 158.039016724, 82.5534057617, 6.29934263229, 0.706511795521, 0.137849748135, 0.00434892252088, 4.20582591687e-06, 3.94707821982e-09, 4.03176936281e-10],
        "max": [0.0692804381251, 0.732971191406, 21.4682178497, 69.5821990967, 150.436080933, 312.411529541, 213.215026855, 516.16192627, 1085.47937012, 848.84197998, 1375.921875, 1794.09057617, 702.318847656, 928.087524414, 1072.92773438, 758.231872559, 672.160095215, 428.886688232, 621.016601562, 350.210540771, 346.23223877, 273.111999512, 282.117584229, 162.435745239, 119.680297852, 133.914169312, 209.483001709, 259.07119751, 130.088348389, 215.257415771, 157.770507812, 121.618034363, 81.3545150757, 22.8594989777, 10.8985071182, 5.85525465012, 1.13316988945, 0.0343449339271, 0.000904194894247, 0.000141953147249],
        "mean": [0.00228687655181, 0.0277275387198, 0.89700871706, 9.99332618713, 15.6861314774, 7.99787282944, 10.0584011078, 22.2072257996, 19.9364128113, 48.7548484802, 67.2186965942, 62.2366294861, 31.3698940277, 23.9315414429, 24.1299858093, 17.5697135925, 23.3100166321, 19.8524246216, 11.7246799469, 6.74742746353, 4.95152616501, 6.00274991989, 8.53386878967, 5.14834785461, 4.9697470665, 5.88884496689, 7.97082853317, 6.41684579849, 4.52582502365, 4.78251028061, 3.22146892548, 2.46426796913, 1.74243402481, 0.472994953394, 0.155195638537, 0.0529711544514, 0.00881274230778, 0.000341063889209, 2.4247510737e-05, 2.8652149922e-05],
        "median": [0.00121137220412, 0.0108246477321, 0.167867571115, 4.61491298676, 7.63671970367, 1.80691957474, 3.44742536545, 4.89981651306, 6.00012111664, 8.05010223389, 5.29694843292, 3.16869711876, 2.1091427803, 1.35517549515, 0.918389499187, 0.670845746994, 0.963421106339, 1.10136687756, 1.09651255608, 0.960054278374, 0.751151263714, 1.04431664944, 1.94892823696, 1.29130220413, 1.20562028885, 1.63716268539, 1.79002177715, 0.694477438927, 0.149708002806, 0.066858753562, 0.0378336235881, 0.0582233741879, 0.132881596684, 0.0443010926247, 0.0130191314965, 0.00282155396417, 0.000485235068481, 3.51605922333e-05, 1.51545991685e-05, 2.67083014478e-05],
        "min": [5.74896836612e-22, 6.10048407866e-21, 9.28728341854e-21, 1.68042500766e-20, 2.10950734052e-20, 6.21795026877e-20, 7.65480370557e-20, 2.34009395291e-19, 1.31285660729e-19, 3.6702003779e-19, 5.50767716014e-19, 6.06498544496e-19, 1.1002055324e-18, 1.83457989234e-18, 1.86118346841e-18, 1.95396976529e-18, 2.67457187822e-18, 2.47777465035e-18, 4.10118257014e-18, 6.27011300198e-18, 5.51954668495e-18, 6.30199750588e-18, 7.3481018073e-18, 9.42235562777e-18, 9.66348704813e-18, 1.3036733722e-17, 1.2178206273e-17, 1.48360500777e-17, 1.817874649e-17, 1.60321863307e-17, 1.44937726664e-17, 1.56493125492e-17, 1.09060926536e-17, 9.87478289098e-18, 7.65780153736e-18, 4.7799458877e-18, 2.82489334299e-18, 1.10003306524e-18, 2.93150301698e-19, 3.41081527861e-20],
        "var": [1.30733888e-05, 0.0028946835082, 4.29829549789, 153.901748657, 423.235137939, 529.926452637, 276.331726074, 1669.57299805, 2197.55883789, 9419.00390625, 20396.1015625, 18131.7929688, 4561.77587891, 3441.1887207, 4246.84472656, 2173.90625, 3997.75170898, 2422.91259766, 1277.66516113, 456.302185059, 300.509033203, 335.243255615, 341.467315674, 111.916931152, 113.298782349, 106.3699646, 262.679016113, 342.751922607, 229.472610474, 311.442718506, 156.512313843, 99.7538070679, 47.5644111633, 3.29995751381, 0.340919166803, 0.0714288204908, 0.00229460163973, 2.6815680485e-06, 2.49662179819e-09, 5.77296488391e-10]
    },
    "gfcc": {
        "mean": [-107.012557983, 106.504501343, -115.630386353, 30.6490936279, -72.040145874, -3.73341560364, -40.7638397217, 4.24483537674, -33.7158088684, -1.50079023838, -16.7712440491, -21.4555416107, -7.72658491135],
        "cov": [[14539.2509766, 544.13269043, -2228.71459961, -1320.61230469, -1267.54858398, -1021.7701416, -250.303466797, -164.305831909, -562.445495605, -340.87979126, -179.367980957, -945.506713867, -103.300376892], [544.13269043, 4278.21923828, 9.28456401825, -1737.1484375, 158.407028198, -1025.80969238, 313.624938965, -295.425323486, -460.050872803, -379.839019775, 174.817611694, -641.201293945, 209.614807129], [-2228.71459961, 9.28456401825, 1286.80432129, 508.655609131, 123.73474884, 75.8172912598, -41.6894073486, -87.0208358765, 80.6015625, -31.1737289429, -54.1423568726, 184.061325073, 21.9209060669], [-1320.61230469, -1737.1484375, 508.655609131, 1458.25012207, 119.485015869, 336.889129639, -217.712188721, 33.7262802124, 298.407836914, 146.465606689, -91.5511932373, 381.987884521, -74.9660415649], [-1267.54858398, 158.407028198, 123.73474884, 119.485015869, 403.476013184, 47.970790863, -13.5119438171, 22.7381477356, 52.1096382141, 56.6894340515, 4.49231958389, 61.9579124451, 10.4442586899], [-1021.7701416, -1025.80969238, 75.8172912598, 336.889129639, 47.970790863, 728.369384766, 109.994186401, 135.926834106, 141.717178345, 147.158172607, 0.269961774349, 213.498046875, -120.074729919], [-250.303466797, 313.624938965, -41.6894073486, -217.712188721, -13.5119438171, 109.994186401, 364.082458496, 17.0829219818, -102.630577087, 1.78611671925, 44.5953826904, -68.871673584, 6.03380346298], [-164.305831909, -295.425323486, -87.0208358765, 33.7262802124, 22.7381477356, 135.926834106, 17.0829219818, 224.562408447, 49.3473815918, 37.9463882446, 17.4883728027, 70.9371566772, -39.2471733093], [-562.445495605, -460.050872803, 80.6015625, 298.407836914, 52.1096382141, 141.717178345, -102.630577087, 49.3473815918, 205.574768066, 58.7588539124, -42.3019866943, 123.361663818, -21.4381580353], [-340.87979126, -379.839019775, -31.1737289429, 146.465606689, 56.6894340515, 147.158172607, 1.78611671925, 37.9463882446, 58.7588539124, 163.183792114, -27.5916900635, 65.3112258911, -1.1735445261], [-179.367980957, 174.817611694, -54.1423568726, -91.5511932373, 4.49231958389, 0.269961774349, 44.5953826904, 17.4883728027, -42.3019866943, -27.5916900635, 140.951751709, -4.35981750488, -10.9518013], [-945.506713867, -641.201293945, 184.061325073, 381.987884521, 61.9579124451, 213.498046875, -68.871673584, 70.9371566772, 123.361663818, 65.3112258911, -4.35981750488, 270.823852539, -39.4295959473], [-103.300376892, 209.614807129, 21.9209060669, -74.9660415649, 10.4442586899, -120.074729919, 6.03380346298, -39.2471733093, -21.4381580353, -1.1735445261, -10.9518013, -39.4295959473, 138.690200806]],
        "icov": [[0.000197192377527, 1.22942924463e-06, 0.000266897201072, -7.85366210039e-05, 0.000428342784289, 6.17968034931e-05, 0.00024516202393, -4.8792873713e-05, 0.000368677836377, 0.000114961840154, 0.000381132442271, 0.000397209107177, 0.000258136249613], [1.22942924463e-06, 0.00126504793297, -0.000513607286848, 0.00117747415788, -0.00102714030072, 0.00110566278454, -0.00075931387255, 0.000609646842349, -0.000521690119058, 0.000773717300035, -0.000776670116466, 0.000755155691877, 0.000126002792967], [0.000266897201072, -0.000513607286848, 0.00166047888342, -0.000897015619557, 0.000706276972778, -0.000430904387031, 0.000428994040703, 0.000194092383026, 0.000837043102365, 0.000656808842905, 0.00121213926468, -0.00043954627472, -5.65530426684e-05], [-7.85366210039e-05, 0.00117747415788, -0.000897015619557, 0.00255637173541, -0.00110067497008, 0.000964154780377, -0.000510393001605, 0.000971031549852, -0.00153209071141, 0.000119123877084, -0.000593333446886, -0.000652357470244, 0.000431942025898], [0.000428342784289, -0.00102714030072, 0.000706276972778, -0.00110067497008, 0.0045576649718, -0.000569425639696, 0.00108912133146, -0.000776274362579, 0.00074031233089, -0.00140968768392, 0.000951954105403, 7.87125827628e-05, 0.000261654698988], [6.17968034931e-05, 0.00110566278454, -0.000430904387031, 0.000964154780377, -0.000569425639696, 0.00394296227023, -0.00209016818553, 0.000106288760435, -0.00156120792963, -0.000924281775951, -0.000677602831274, -0.000544400769286, 0.00208439398557], [0.00024516202393, -0.00075931387255, 0.000428994040703, -0.000510393001605, 0.00108912133146, -0.00209016818553, 0.00502342171967, -0.000831444980577, 0.00291087361984, -0.000505618634634, 0.000334044772899, 0.00109805399552, -0.000574707752094], [-4.8792873713e-05, 0.000609646842349, 0.000194092383026, 0.000971031549852, -0.000776274362579, 0.000106288760435, -0.000831444980577, 0.00612855469808, -0.00142433354631, 8.31024954095e-05, -0.000971392611973, -0.00121967517771, 0.000814451486804], [0.000368677836377, -0.000521690119058, 0.000837043102365, -0.00153209071141, 0.00074031233089, -0.00156120792963, 0.00291087361984, -0.00142433354631, 0.0104253152385, -0.000434722780483, 0.00267689418979, -0.000818174856249, -0.000247872114414], [0.000114961840154, 0.000773717300035, 0.000656808842905, 0.000119123877084, -0.00140968768392, -0.000924281775951, -0.000505618634634, 8.31024954095e-05, -0.000434722780483, 0.00982117652893, 0.00138411205262, 0.000137404233101, -0.00160746579058], [0.000381132442271, -0.000776670116466, 0.00121213926468, -0.000593333446886, 0.000951954105403, -0.000677602831274, 0.000334044772899, -0.000971392611973, 0.00267689418979, 0.00138411205262, 0.0097169727087, -0.00110864860471, 0.000875281868502], [0.000397209107177, 0.000755155691877, -0.00043954627472, -0.000652357470244, 7.87125827628e-05, -0.000544400769286, 0.00109805399552, -0.00121967517771, -0.000818174856249, 0.000137404233101, -0.00110864860471, 0.00948825012892, 0.000485850818222], [0.000258136249613, 0.000126002792967, -5.65530426684e-05, 0.000431942025898, 0.000261654698988, 0.00208439398557, -0.000574707752094, 0.000814451486804, -0.000247872114414, -0.00160746579058, 0.000875281868502, 0.000485850818222, 0.00965028163046]]
    },
    "melbands": {
        "dmean": [1.56307469297e-05, 0.000161259566084, 0.000887037895154, 0.000498797977343, 0.000209650825127, 0.00034743262222, 0.00028360329452, 0.000511839753017, 0.000524521805346, 0.000322367850458, 0.000132961591589, 9.22521721805e-05, 7.53341810196e-05, 5.40108958376e-05, 4.57020287286e-05, 4.22446937591e-05, 3.24201100739e-05, 2.1062021915e-05, 9.91141587292e-06, 6.80679522702e-06, 5.53999188924e-06, 5.87165095567e-06, 6.2658114075e-06, 6.95808557793e-06, 3.5974360344e-06, 3.14449152938e-06, 3.6847031879e-06, 3.46768683812e-06, 4.53446637039e-06, 4.22626408181e-06, 3.47866307493e-06, 2.28428029914e-06, 2.7590422178e-06, 2.5759068194e-06, 2.00513795789e-06, 1.57158672209e-06, 1.57572230819e-06, 1.44729381191e-06, 7.04858678091e-07, 2.96296093438e-07],
        "dmean2": [2.65134058282e-05, 0.00022630172316, 0.00125256751198, 0.000692987989169, 0.000303904875182, 0.000517730542924, 0.000424919911893, 0.000791742873844, 0.000785380776506, 0.000468867830932, 0.000195107742911, 0.000137221199111, 0.000107828367618, 7.82345014159e-05, 6.85147242621e-05, 6.31216462352e-05, 4.86833705509e-05, 3.19066202792e-05, 1.5534038539e-05, 1.06268516902e-05, 8.62653178046e-06, 9.18269506656e-06, 9.61411660683e-06, 1.10290975499e-05, 5.86971873417e-06, 4.99742100146e-06, 5.82535130889e-06, 5.38951599083e-06, 6.94630580256e-06, 6.47462502457e-06, 5.43486976312e-06, 3.45694616044e-06, 4.30576346844e-06, 4.00917815568e-06, 3.04367290482e-06, 2.34667709265e-06, 2.43859835791e-06, 2.23920142162e-06, 1.11917279355e-06, 4.68529663067e-07],
        "dvar": [7.64478924609e-10, 1.59154481594e-07, 1.47142918649e-06, 8.44349528961e-07, 1.65188168921e-07, 4.848746471e-07, 4.30702300491e-07, 8.68803567755e-07, 9.87243083728e-07, 4.02097668939e-07, 7.03194444895e-08, 4.80082142928e-08, 2.7748145115e-08, 2.42066597878e-08, 1.30413182475e-08, 9.15953712877e-09, 6.12811401624e-09, 4.20247925348e-09, 9.08987329851e-10, 4.86817697265e-10, 4.66726379766e-10, 4.33668712052e-10, 1.97063032559e-10, 2.55545473671e-10, 8.11045189342e-11, 5.92827384405e-11, 6.09087710823e-11, 4.58529290925e-11, 8.80114592317e-11, 1.07988160081e-10, 1.13970555216e-10, 5.07236926073e-11, 8.50660653029e-11, 7.47358355757e-11, 4.81471182368e-11, 3.22412478659e-11, 3.35366352744e-11, 2.76381625919e-11, 6.26666296979e-12, 1.21002513565e-12],
        "dvar2": [1.85199122704e-09, 2.49818015163e-07, 2.43093995778e-06, 1.46243894505e-06, 3.22715607126e-07, 1.05260676264e-06, 8.94174092991e-07, 1.7989996195e-06, 1.95436405193e-06, 7.53379367779e-07, 1.40566100981e-07, 1.05148579621e-07, 5.4813593664e-08, 5.34889075254e-08, 2.91059247814e-08, 1.93674338789e-08, 1.31890773858e-08, 9.15819775571e-09, 2.14212403371e-09, 1.10516240603e-09, 1.11116493784e-09, 9.92237736419e-10, 4.1135961304e-10, 6.31423024977e-10, 2.12388898135e-10, 1.46332515549e-10, 1.49913331748e-10, 1.1418545276e-10, 2.13101633562e-10, 2.5542515325e-10, 2.56902138451e-10, 1.02043679062e-10, 1.73442149531e-10, 1.55631563192e-10, 1.01119466966e-10, 6.31680263652e-11, 7.22305618095e-11, 5.88364842957e-11, 1.34372157498e-11, 2.7801075244e-12],
        "max": [0.000478919188026, 0.00823467597365, 0.0117458794266, 0.0127911539748, 0.00674888351932, 0.0104578696191, 0.0180683769286, 0.00895072054118, 0.0100554889068, 0.00960681773722, 0.00337213650346, 0.00408139638603, 0.00260212668218, 0.00363181647845, 0.00148482713848, 0.00118631508667, 0.000926953216549, 0.00106829672586, 0.000534925726242, 0.000329512171447, 0.000522119342349, 0.00037787653855, 0.000214364205021, 0.000214494124521, 0.000150424617459, 0.000103721809865, 0.000104805032606, 0.000102870319097, 0.000126256971271, 0.00014144142915, 0.000150102627231, 9.01574676391e-05, 0.00012442129082, 0.000105608727608, 0.000101440484286, 8.58491257532e-05, 8.60590516822e-05, 7.84647345426e-05, 3.46951273968e-05, 1.65132714756e-05],
        "mean": [1.728153984e-05, 0.000297506252537, 0.00197526416741, 0.000849625619594, 0.000331362563884, 0.000482657749671, 0.000331470393576, 0.000569931115024, 0.000561324995942, 0.000364281469956, 0.000147602375364, 9.65399303823e-05, 7.96156382421e-05, 5.65494556213e-05, 4.786057616e-05, 4.64847944386e-05, 3.63995350199e-05, 2.11523256439e-05, 9.94076890493e-06, 7.10706399332e-06, 5.62539571547e-06, 6.03656326348e-06, 6.87989904691e-06, 7.63243951951e-06, 3.73784041585e-06, 3.16851310345e-06, 3.85895555155e-06, 3.93187337977e-06, 5.07225331603e-06, 4.48031642009e-06, 3.4605716337e-06, 2.39008159042e-06, 2.81317102235e-06, 2.4918285817e-06, 1.91370600078e-06, 1.56410521868e-06, 1.4853749235e-06, 1.39495728035e-06, 7.08390984983e-07, 2.83966244297e-07],
        "median": [8.02476824902e-06, 2.11889710044e-05, 0.00142232514918, 0.000293783377856, 0.00011653151887, 0.000120012613479, 8.30279022921e-05, 7.21040705685e-05, 3.25803848682e-05, 1.71881783899e-05, 9.76784122031e-06, 5.39005486644e-06, 3.13139253194e-06, 1.85496310223e-06, 1.70968723978e-06, 2.00618615054e-06, 1.8982657366e-06, 1.52041343426e-06, 1.34897709358e-06, 9.06787420263e-07, 7.71080976847e-07, 8.9657009994e-07, 1.39872486216e-06, 1.68334372574e-06, 8.37468746795e-07, 6.94867935636e-07, 8.8345717586e-07, 1.00311217466e-06, 1.11288886728e-06, 7.19631430002e-07, 2.10797225009e-07, 5.6700908857e-08, 4.35293472378e-08, 2.57235104328e-08, 1.81506507602e-08, 1.78834351772e-08, 3.23877245023e-08, 9.20554299455e-08, 6.62777424054e-08, 2.23540013167e-08],
        "min": [6.94280032559e-24, 6.04717735204e-24, 2.7569219384e-24, 2.98955544163e-24, 2.85771173804e-24, 5.02122114631e-24, 1.92680518556e-24, 7.11111799922e-24, 3.37316055326e-24, 4.51451251549e-24, 5.47071211795e-24, 6.47904359334e-24, 5.82063858817e-24, 5.70601867636e-24, 3.39073913524e-24, 6.88000857526e-24, 4.20210111449e-24, 5.15580357776e-24, 1.01786375502e-23, 6.21540075679e-24, 5.54830763203e-24, 5.83767877258e-24, 8.58523397381e-24, 6.0318841001e-24, 7.02196488401e-24, 7.16294379411e-24, 4.96004419425e-24, 9.54965587349e-24, 6.95489435213e-24, 7.97047388151e-24, 9.95236778788e-24, 1.02458603322e-23, 7.83736859211e-24, 7.903662096e-24, 8.44254086897e-24, 8.33019366543e-24, 8.7894290414e-24, 6.65105905246e-24, 7.24812972782e-24, 6.65584822701e-24],
        "var": [9.1576302097e-10, 6.37407140403e-07, 4.51916412203e-06, 2.2038886982e-06, 3.46100193838e-07, 7.29955274892e-07, 5.82492873491e-07, 1.26734278183e-06, 1.38919642723e-06, 6.27665144748e-07, 1.07448620668e-07, 5.80820476159e-08, 4.01966460117e-08, 2.91178459122e-08, 1.79291852476e-08, 1.44498049082e-08, 8.98965968332e-09, 5.08887021411e-09, 9.83989556502e-10, 6.33937236039e-10, 4.9869086638e-10, 4.59220661497e-10, 2.64093968916e-10, 2.90994950358e-10, 7.33489241567e-11, 5.76474389058e-11, 6.41965994252e-11, 5.40907145463e-11, 1.04716020577e-10, 1.17807222311e-10, 1.28003274646e-10, 6.76046232884e-11, 1.06166193892e-10, 8.92775020578e-11, 5.97023055993e-11, 4.25334524545e-11, 3.89583608429e-11, 3.24726495693e-11, 7.43800333824e-12, 1.28041652801e-12]
    },
    "mfcc": {
        "mean": [-747.769165039, 131.650360107, 5.25489330292, 24.5823078156, -8.3442735672, -13.1362857819, 3.54691529274, -17.0038585663, -2.19685697556, -2.75471663475, -7.09852218628, 0.745365977287, -15.4742021561],
        "cov": [[11966.7929688, 557.935974121, -1974.41894531, -783.961669922, -1304.05615234, -1250.68835449, -23.5176563263, -855.854797363, -116.18346405, -268.8984375, -159.164001465, 27.0028953552, -693.399658203], [557.935974121, 5340.24462891, -653.274047852, -722.212341309, -642.093261719, -1078.82446289, 545.820373535, -717.354003906, -86.5665969849, -435.094970703, -256.017791748, -6.66630077362, -405.544891357], [-1974.41894531, -653.274047852, 1299.76965332, 416.175384521, 252.40222168, 399.290985107, -170.778961182, 265.29006958, -15.0427885056, 26.948261261, -51.0046386719, -53.8183097839, 182.059936523], [-783.961669922, -722.212341309, 416.175384521, 819.798461914, 324.054321289, 163.539077759, -235.92149353, 67.8782272339, -7.85269117355, 18.3487739563, -102.853408813, 3.49840784073, 96.9355926514], [-1304.05615234, -642.093261719, 252.40222168, 324.054321289, 584.105163574, 218.167373657, -217.503921509, 151.103042603, 11.5818986893, 73.3281860352, 6.75613832474, 50.3478469849, 116.148727417], [-1250.68835449, -1078.82446289, 399.290985107, 163.539077759, 218.167373657, 669.737487793, -53.1410064697, 266.424621582, 68.6435852051, 114.98311615, 178.053527832, -76.7943954468, 157.692626953], [-23.5176563263, 545.820373535, -170.778961182, -235.92149353, -217.503921509, -53.1410064697, 422.329101562, -13.8715982437, 2.95367574692, -10.4652347565, 80.896774292, -5.70005369186, -19.4326610565], [-855.854797363, -717.354003906, 265.29006958, 67.8782272339, 151.103042603, 266.424621582, -13.8715982437, 398.424102783, -3.95965504646, 73.0002365112, 170.588287354, -26.4071731567, 151.652053833], [-116.18346405, -86.5665969849, -15.0427885056, -7.85269117355, 11.5818986893, 68.6435852051, 2.95367574692, -3.95965504646, 198.744537354, 27.7056980133, 18.2367305756, -3.88245797157, 13.2001266479], [-268.8984375, -435.094970703, 26.948261261, 18.3487739563, 73.3281860352, 114.98311615, -10.4652347565, 73.0002365112, 27.7056980133, 204.544113159, 20.2590999603, -15.3047742844, 34.5149688721], [-159.164001465, -256.017791748, -51.0046386719, -102.853408813, 6.75613832474, 178.053527832, 80.896774292, 170.588287354, 18.2367305756, 20.2590999603, 324.116485596, -39.8489761353, 26.3749408722], [27.0028953552, -6.66630077362, -53.8183097839, 3.49840784073, 50.3478469849, -76.7943954468, -5.70005369186, -26.4071731567, -3.88245797157, -15.3047742844, -39.8489761353, 143.693206787, 11.5033941269], [-693.399658203, -405.544891357, 182.059936523, 96.9355926514, 116.148727417, 157.692626953, -19.4326610565, 151.652053833, 13.2001266479, 34.5149688721, 26.3749408722, 11.5033941269, 179.03314209]],
