{
"lowlevel": {
    "average_loudness": 0.970881223679,
    "barkbands_crest": {
        "dmean": 3.27432060242,
        "dmean2": 5.117166996,
        "dvar": 8.28095054626,
        "dvar2": 20.2930374146,
        "max": 24.392906189,
        "mean": 11.462023735,
        "median": 11.0393047333,
        "min": 2.37348484993,
        "var": 17.2474784851
    },
    "barkbands_flatness_db": {
        "dmean": 0.0498768649995,
        "dmean2": 0.073422908783,
        "dvar": 0.00304060336202,
        "dvar2": 0.00665824720636,
        "max": 0.543396294117,
        "mean": 0.206106081605,
        "median": 0.195280402899,
        "min": 0.0228594336659,
        "var": 0.00678784074262
    },
    "barkbands_kurtosis": {
        "dmean": 17.1239833832,
        "dmean2": 28.2270107269,
        "dvar": 942.728149414,
        "dvar2": 2215.98071289,
        "max": 328.492919922,
        "mean": 16.8244438171,
        "median": 3.83121490479,
        "min": -1.96719563007,
        "var": 1042.87854004
    },
    "barkbands_skewness": {
        "dmean": 1.6426576376,
        "dmean2": 2.44274878502,
        "dvar": 3.71945095062,
        "dvar2": 7.89349651337,
        "max": 14.3753910065,
        "mean": 2.20814538002,
        "median": 1.67511153221,
        "min": -5.75233793259,
        "var": 7.06018638611
    },
    "barkbands_spread": {
        "dmean": 13.1286029816,
        "dmean2": 21.5493659973,
        "dvar": 433.640258789,
        "dvar2": 1021.96984863,
        "max": 151.198654175,
        "mean": 23.1076755524,
        "median": 13.1372184753,
        "min": 0.890997290611,
        "var": 815.222106934
    },
    "dissonance": {
        "dmean": 0.0310983229429,
        "dmean2": 0.0479143261909,
        "dvar": 0.00123849639203,
        "dvar2": 0.00311825610697,
        "max": 0.500000059605,
        "mean": 0.431189954281,
        "median": 0.439214408398,
        "min": 0.166303053498,
        "var": 0.00317801325582
    },
    "dynamic_complexity": 4.07621765137,
    "erbbands_crest": {
        "dmean": 3.32282805443,
        "dmean2": 5.40151977539,
        "dvar": 8.0429315567,
        "dvar2": 21.0867805481,
        "max": 26.6324901581,
        "mean": 10.165977478,
        "median": 9.53370475769,
        "min": 2.79700899124,
        "var": 14.0814008713
    },
    "erbbands_flatness_db": {
        "dmean": 0.0344748012722,
        "dmean2": 0.051683280617,
        "dvar": 0.00128208671231,
        "dvar2": 0.00290332688019,
        "max": 0.350595116615,
        "mean": 0.199963539839,
        "median": 0.212085425854,
        "min": 0.0332893095911,
        "var": 0.00335002713837
    },
    "erbbands_kurtosis": {
        "dmean": 3.41960835457,
        "dmean2": 5.64699268341,
        "dvar": 42.4363174438,
        "dvar2": 108.248329163,
        "max": 127.578094482,
        "mean": 2.57729291916,
        "median": 0.696220159531,
        "min": -1.93155837059,
        "var": 42.7661819458
    },
    "erbbands_skewness": {
        "dmean": 0.84222984314,
        "dmean2": 1.2964887619,
        "dvar": 0.917838096619,
        "dvar2": 2.04253816605,
        "max": 7.66390037537,
        "mean": 0.474073201418,
        "median": 0.52437877655,
        "min": -5.12818336487,
        "var": 1.83295607567
    },
    "erbbands_spread": {
        "dmean": 16.4939308167,
        "dmean2": 26.7312469482,
        "dvar": 455.40512085,
        "dvar2": 1177.99438477,
        "max": 193.75390625,
        "mean": 34.6121101379,
        "median": 28.3564109802,
        "min": 2.32417345047,
        "var": 624.790893555
    },
    "hfc": {
        "dmean": 7.14101791382,
        "dmean2": 9.62962722778,
        "dvar": 70.1768722534,
        "dvar2": 116.657592773,
        "max": 92.1767883301,
        "mean": 14.0755567551,
        "median": 8.71737957001,
        "min": 1.71338658816e-08,
        "var": 205.728057861
    },
    "melbands_crest": {
        "dmean": 4.48399019241,
        "dmean2": 6.6236243248,
        "dvar": 17.2813434601,
        "dvar2": 35.8329086304,
        "max": 34.5114784241,
        "mean": 16.7265453339,
        "median": 16.2704124451,
        "min": 2.77864646912,
        "var": 41.8255805969
    },
    "melbands_flatness_db": {
        "dmean": 0.069552347064,
        "dmean2": 0.0989057570696,
        "dvar": 0.00555939879268,
        "dvar2": 0.0115077681839,
        "max": 0.715722382069,
        "mean": 0.293639093637,
        "median": 0.288353145123,
        "min": 0.0133040715009,
        "var": 0.0142878275365
    },
    "melbands_kurtosis": {
        "dmean": 24.8562927246,
        "dmean2": 41.3709564209,
        "dvar": 2230.82421875,
        "dvar2": 5681.99902344,
        "max": 616.25769043,
        "mean": 26.2513065338,
        "median": 8.93905639648,
        "min": -1.8834913969,
        "var": 2193.671875
    },
    "melbands_skewness": {
        "dmean": 1.7308473587,
        "dmean2": 2.62598347664,
        "dvar": 4.30891132355,
        "dvar2": 10.0216140747,
        "max": 18.1796150208,
        "mean": 3.05214476585,
        "median": 2.46095490456,
        "min": -3.06569576263,
        "var": 7.29179048538
    },
    "melbands_spread": {
        "dmean": 14.5725784302,
        "dmean2": 23.7034778595,
        "dvar": 781.903381348,
        "dvar2": 1829.03625488,
        "max": 230.005828857,
        "mean": 22.1685581207,
        "median": 12.9771385193,
        "min": 0.331061393023,
        "var": 1067.94567871
    },
    "pitch_salience": {
        "dmean": 0.10230858624,
        "dmean2": 0.152716398239,
        "dvar": 0.0109746875241,
        "dvar2": 0.0235134549439,
        "max": 0.866183400154,
        "mean": 0.55656516552,
        "median": 0.588129401207,
        "min": 0.0598676875234,
        "var": 0.0227272287011
    },
    "silence_rate_20dB": {
        "dmean": 0,
        "dmean2": 0,
        "dvar": 0,
        "dvar2": 0,
        "max": 1,
        "mean": 1,
        "median": 1,
        "min": 1,
        "var": 0
    },
    "silence_rate_30dB": {
        "dmean": 0.00226159067824,
        "dmean2": 0.00452488707379,
        "dvar": 0.00225645769387,
        "dvar2": 0.00525844655931,
        "max": 1,
        "mean": 0.998116075993,
        "median": 1,
        "min": 0,
        "var": 0.00188041164074
    },
    "silence_rate_60dB": {
        "dmean": 0.0919713526964,
        "dmean2": 0.184012070298,
        "dvar": 0.083511069417,
        "dvar2": 0.185600280762,
        "max": 1,
        "mean": 0.176337599754,
        "median": 0,
        "min": 0,
        "var": 0.145243540406
    },
    "spectral_centroid": {
        "dmean": 521.391052246,
        "dmean2": 784.900146484,
        "dvar": 527415.375,
        "dvar2": 961508.1875,
        "max": 5416.86816406,
        "mean": 1223.83081055,
        "median": 901.211791992,
        "min": 109.581787109,
        "var": 1242226.875
    },
    "spectral_complexity": {
        "dmean": 4.40784025192,
        "dmean2": 5.86274528503,
        "dvar": 19.4017448425,
        "dvar2": 32.2353973389,
        "max": 38,
        "mean": 10.7370004654,
        "median": 9,
        "min": 0,
        "var": 75.5437545776
    },
    "spectral_decrease": {
        "dmean": 2.4154227507e-09,
        "dmean2": 3.07906145025e-09,
        "dvar": 7.24441719906e-18,
        "dvar2": 1.10576685377e-17,
        "max": 2.55048521365e-12,
        "mean": -6.14535000665e-09,
        "median": -6.10163697345e-09,
        "min": -3.24652766892e-08,
        "var": 2.54440607529e-17
    },
    "spectral_energy": {
        "dmean": 0.00964073557407,
        "dmean2": 0.0122493710369,
        "dvar": 0.000114301030408,
        "dvar2": 0.000176339817699,
        "max": 0.129345268011,
        "mean": 0.0244706328958,
        "median": 0.0238052122295,
        "min": 1.58330195742e-12,
        "var": 0.000402422534535
    },
    "spectral_energyband_high": {
        "dmean": 0.000262912304606,
        "dmean2": 0.00038568265154,
        "dvar": 4.6234518436e-07,
        "dvar2": 8.4726411842e-07,
        "max": 0.0081451991573,
        "mean": 0.000364840467228,
        "median": 8.20029235911e-05,
        "min": 1.12076266236e-12,
        "var": 8.75738180639e-07
    },
    "spectral_energyband_low": {
        "dmean": 0.00399879971519,
        "dmean2": 0.00561236590147,
        "dvar": 2.64266254817e-05,
        "dvar2": 4.7183206334e-05,
        "max": 0.0464026741683,
        "mean": 0.00958181638271,
        "median": 0.00837817229331,
        "min": 1.19905848488e-14,
        "var": 7.27060978534e-05
    },
    "spectral_energyband_middle_high": {
        "dmean": 0.00218349392526,
        "dmean2": 0.00289843324572,
        "dvar": 1.15223974717e-05,
        "dvar2": 1.86710076377e-05,
        "max": 0.0515356622636,
        "mean": 0.00333017902449,
        "median": 0.000876197125763,
        "min": 2.83694210701e-13,
        "var": 2.79382620647e-05
    },
    "spectral_energyband_middle_low": {
        "dmean": 0.0060722688213,
        "dmean2": 0.00788557808846,
        "dvar": 5.59023828828e-05,
        "dvar2": 8.9959721663e-05,
        "max": 0.0944554358721,
        "mean": 0.0125657021999,
        "median": 0.00932490453124,
        "min": 2.57979367849e-14,
        "var": 0.000176684072358
    },
    "spectral_entropy": {
        "dmean": 0.433073490858,
        "dmean2": 0.640247941017,
        "dvar": 0.250163078308,
        "dvar2": 0.544638693333,
        "max": 8.77334785461,
        "mean": 7.03961229324,
        "median": 7.06832790375,
        "min": 4.368268013,
        "var": 0.583212971687
    },
    "spectral_flux": {
        "dmean": 0.0334506183863,
        "dmean2": 0.0522255413234,
        "dvar": 0.00099864799995,
        "dvar2": 0.00234682299197,
        "max": 0.295486062765,
        "mean": 0.0850485265255,
        "median": 0.081589601934,
        "min": 7.43587588659e-05,
        "var": 0.00249632168561
    },
    "spectral_kurtosis": {
        "dmean": 7.27342128754,
        "dmean2": 11.6950426102,
        "dvar": 116.519302368,
        "dvar2": 268.554351807,
        "max": 111.672401428,
        "mean": 11.4512701035,
        "median": 7.48866558075,
        "min": -0.904440164566,
        "var": 172.574493408
    },
    "spectral_rms": {
        "dmean": 0.00108761840966,
        "dmean2": 0.00134047423489,
        "dvar": 1.27986311327e-06,
        "dvar2": 1.90202513295e-06,
        "max": 0.0112334545702,
        "mean": 0.00427221786231,
        "median": 0.00481919012964,
        "min": 3.93024777168e-08,
        "var": 5.62196282772e-06
    },
    "spectral_rolloff": {
        "dmean": 1413.12548828,
        "dmean2": 2520.58325195,
        "dvar": 12537793,
        "dvar2": 29730338,
        "max": 19358.3496094,
        "mean": 2592.66015625,
        "median": 645.99609375,
        "min": 64.599609375,
        "var": 23477830
    },
    "spectral_skewness": {
        "dmean": 0.797185599804,
        "dmean2": 1.2146935463,
        "dvar": 0.838983952999,
        "dvar2": 1.90432596207,
        "max": 9.10235118866,
        "mean": 2.04783987999,
        "median": 1.7788875103,
        "min": -0.342268079519,
        "var": 1.79195129871
    },
    "spectral_spread": {
        "dmean": 855736.875,
        "dmean2": 1272566.625,
        "dvar": 1.04521190605e+12,
        "dvar2": 2.06815939789e+12,
        "max": 13523257,
        "mean": 3530849.25,
        "median": 2971882,
        "min": 1088229.375,
        "var": 2.5209101353e+12
    },
    "spectral_strongpeak": {
        "dmean": 0.608668148518,
        "dmean2": 1.01036608219,
        "dvar": 0.857419133186,
        "dvar2": 1.97736155987,
        "max": 7.49086999893,
        "mean": 1.00742447376,
        "median": 0.575628638268,
        "min": 2.21939262701e-06,
        "var": 1.23055672646
    },
    "zerocrossingrate": {
        "dmean": 0.0335410386324,
        "dmean2": 0.0385861881077,
        "dvar": 0.00271598133259,
        "dvar2": 0.00302026537247,
        "max": 0.73486328125,
        "mean": 0.0960241705179,
        "median": 0.04248046875,
        "min": 0.00439453125,
        "var": 0.0147933140397
    },
    "barkbands": {
        "dmean": [1.15164857561e-05, 0.000619179860223, 0.00311218481511, 0.0010807531653, 0.00128570036031, 0.000924545573071, 0.0017277036095, 0.00181136652827, 0.00183088704944, 0.00048139327555, 0.000314457691275, 0.000543229398318, 0.00062828999944, 0.000271284137852, 0.000136459435453, 0.000135123176733, 0.000238558990532, 0.000130985514261, 0.000184596763575, 9.67656160356e-05, 8.88640352059e-05, 0.000106504827272, 2.86426584353e-05, 1.82776620932e-05, 5.94870152781e-06, 2.72532884082e-06, 5.1375923249e-06],
        "dmean2": [1.86032957572e-05, 0.000883749278728, 0.00438388809562, 0.00156932452228, 0.00173350493424, 0.00130902789533, 0.00266626151279, 0.00278209731914, 0.00262388051488, 0.000674853334203, 0.000467653560918, 0.000839721993543, 0.000935300893616, 0.000423055782449, 0.000211150647374, 0.000202570066904, 0.000360141129931, 0.000193260581, 0.000268415256869, 0.000148481878568, 0.000133020410431, 0.000152597320266, 4.33827917732e-05, 2.72046490863e-05, 8.76749163581e-06, 4.00096450903e-06, 8.87081932888e-06],
        "dvar": [1.44989398265e-09, 1.44015018577e-06, 1.74623273779e-05, 4.77161393064e-06, 3.04322861666e-06, 5.08768061991e-06, 1.23101153804e-05, 1.3532309822e-05, 1.75438963197e-05, 1.99512578547e-06, 9.41550354128e-07, 2.05208721127e-06, 2.58696809396e-06, 5.47503304915e-07, 1.33895667886e-07, 1.20387667835e-07, 1.95914807932e-07, 6.71195081736e-08, 1.19931485187e-07, 3.40333414783e-08, 5.68867655204e-08, 1.34495067527e-07, 1.03897512815e-08, 2.65627186913e-09, 3.88166720988e-10, 1.22088214538e-10, 2.11431080976e-11],
        "dvar2": [3.250533398e-09, 3.12832798954e-06, 3.01754444081e-05, 9.25584481593e-06, 4.62494881504e-06, 8.74683246366e-06, 2.59252701653e-05, 2.86569775199e-05, 3.08838280034e-05, 3.4873239656e-06, 2.04870730158e-06, 4.60703631688e-06, 5.7011620811e-06, 1.2651768202e-06, 3.02416026443e-07, 2.65851099357e-07, 4.28100094041e-07, 1.45511577898e-07, 2.47750648441e-07, 7.46845643107e-08, 1.29115022673e-07, 2.57986926044e-07, 2.08936619117e-08, 5.28120347454e-09, 8.6037538205e-10, 2.37808550629e-10, 6.17247641888e-11],
        "max": [0.00108748837374, 0.0154446428642, 0.0390325896442, 0.0377787351608, 0.0232734717429, 0.0463636666536, 0.0491873472929, 0.0426808595657, 0.0586451403797, 0.0265346784145, 0.0164094232023, 0.0224777385592, 0.0229449756444, 0.00921098608524, 0.00495705986395, 0.00634540989995, 0.0061357812956, 0.0042659486644, 0.00717108603567, 0.00366314384155, 0.00349120562896, 0.00551777379587, 0.00146339496132, 0.000703183177393, 0.000451987085398, 0.000243361588218, 4.95139101986e-05],
        "mean": [1.20058584798e-05, 0.00110322434921, 0.00722275208682, 0.00165619968902, 0.00286343996413, 0.00139094830956, 0.00205152668059, 0.00202400027774, 0.00230781990103, 0.000546582741663, 0.000343955500284, 0.000549221294932, 0.000660213525407, 0.000275188620435, 0.000140054136864, 0.000159413495567, 0.000306115514832, 0.000169752180227, 0.000253059552051, 0.00012441110448, 0.000105231774796, 0.000123244361021, 3.21496845572e-05, 2.09126956179e-05, 6.76449826642e-06, 2.98808572552e-06, 1.95132743102e-05],
        "median": [2.76590299109e-06, 0.000274207326584, 0.00597548577935, 0.000305489986204, 0.00211620284244, 0.000554952770472, 0.000476103974506, 0.000133712368552, 7.22655240679e-05, 2.13085513678e-05, 1.7516038497e-05, 2.3236774723e-05, 2.61449076788e-05, 1.97398294404e-05, 1.36673525049e-05, 1.83804768312e-05, 5.51347984583e-05, 3.24086722685e-05, 3.58623437933e-05, 3.34959731845e-05, 1.56879650604e-05, 1.96637756744e-06, 1.13322710149e-06, 3.47021750713e-06, 1.11426845706e-06, 2.24045749064e-07, 1.95893699129e-05],
        "min": [7.5856848743e-15, 6.14280998843e-15, 1.66660974504e-15, 1.04636563425e-15, 1.70253389464e-15, 1.44839658777e-15, 5.12492117835e-15, 5.18661397603e-15, 4.11091432027e-15, 1.79586011182e-14, 7.74334481084e-15, 8.09528700042e-15, 2.45306247239e-14, 1.99832605839e-14, 7.38514558887e-15, 1.24848785485e-14, 1.0857656259e-14, 6.14438987428e-14, 9.07970869172e-14, 4.4747300483e-14, 8.2796311853e-14, 1.11146836635e-13, 1.11158403716e-13, 1.23420560881e-13, 1.56823081539e-13, 1.38349740193e-13, 4.3329473039e-13],
        "var": [1.72568359602e-09, 3.46647675542e-06, 4.86352219013e-05, 1.14320873763e-05, 1.09185230031e-05, 1.0868240679e-05, 1.83726988325e-05, 1.89561851585e-05, 3.25825421896e-05, 3.40034648616e-06, 1.22061794627e-06, 2.29334409596e-06, 3.49313631887e-06, 7.12676808234e-07, 1.69300392372e-07, 1.67969645304e-07, 3.2240376413e-07, 1.25380822169e-07, 2.59402384017e-07, 5.88807296253e-08, 8.04770010632e-08, 2.30547172464e-07, 1.44712464234e-08, 3.57424401187e-09, 4.56392396098e-10, 1.67619820801e-10, 2.54634178326e-11]
    },
    "erbbands": {
        "dmean": [0.00550800748169, 0.210883781314, 2.69876551628, 4.22280979156, 2.90523338318, 5.72635364532, 5.38132667542, 9.43946838379, 17.1111660004, 33.8076896667, 42.6609039307, 43.4312553406, 22.6325874329, 9.57138538361, 16.3349018097, 21.5344142914, 27.9955272675, 17.9840812683, 8.93607521057, 7.18346071243, 7.42227315903, 12.7237577438, 7.90238809586, 7.164457798, 9.16317176819, 4.68960809708, 4.17054224014, 3.06392765045, 4.21510028839, 1.96860074997, 0.718133151531, 0.41987490654, 0.298004031181, 0.0965379476547, 0.0296823848039, 0.0150691308081, 0.00484293838963, 0.00029978324892, 0.000237114931224, 0.000155340690981],
        "dmean2": [0.00868471991271, 0.290814757347, 3.76680517197, 5.96414136887, 4.07721424103, 7.75975227356, 7.53997850418, 13.2453098297, 26.0814266205, 51.8746986389, 63.7683525085, 61.3534889221, 31.0093383789, 13.2782745361, 23.9642448425, 32.7381973267, 41.9491653442, 27.3014202118, 13.5981140137, 10.6381149292, 10.6990385056, 18.8315811157, 11.5575780869, 10.105266571, 13.3869867325, 7.08584594727, 6.36650180817, 4.57883262634, 6.15050935745, 2.87676429749, 1.09586560726, 0.612768292427, 0.450728923082, 0.142459735274, 0.0433542318642, 0.022277424112, 0.00705034518614, 0.000434882036643, 0.000403914105846, 0.000267774390522],
        "dvar": [0.000302759930491, 0.133428916335, 13.414352417, 42.4297943115, 24.89935112, 63.6397247314, 143.003677368, 627.844848633, 1271.22229004, 4860.6171875, 7385.55810547, 10802.0185547, 3741.35986328, 623.155334473, 2157.75244141, 3241.75952148, 5385.71777344, 2107.77197266, 572.111450195, 291.422973633, 287.854156494, 529.037841797, 239.577880859, 169.645126343, 330.264862061, 81.2811050415, 105.107589722, 88.8794631958, 224.289321899, 45.1453170776, 6.09909200668, 1.61929190159, 0.67716562748, 0.0886873081326, 0.0114694284275, 0.00389955332503, 0.000442187563749, 1.68640099218e-06, 4.02934645649e-08, 1.95360296829e-08],
        "dvar2": [0.000745002762415, 0.271036416292, 22.6425552368, 80.5076065063, 47.1718826294, 97.8917999268, 236.127380371, 1183.45922852, 2787.5324707, 10357.9130859, 15179.5683594, 18974.4042969, 6547.5859375, 1176.4041748, 4585.07373047, 7422.046875, 12164.6699219, 4594.32226562, 1359.13256836, 601.216430664, 606.518676758, 1140.86779785, 533.319030762, 320.033569336, 685.289855957, 175.357574463, 244.874221802, 187.061416626, 453.125, 89.9739303589, 12.1432361603, 3.07863116264, 1.44822084904, 0.1937687397, 0.0247257836163, 0.00772932590917, 0.000891824020073, 3.47021500602e-06, 1.14384356209e-07, 5.70734961514e-08],
        "max": [0.352333039045, 4.6726269722, 32.0106239319, 84.7238311768, 114.895202637, 112.325126648, 253.888259888, 512.980163574, 579.419128418, 929.638183594, 958.56072998, 1803.26818848, 1078.82250977, 565.657104492, 893.072814941, 919.539001465, 1245.82727051, 565.817321777, 428.386383057, 261.564239502, 407.907012939, 299.124969482, 262.692993164, 228.06022644, 318.008880615, 182.391326904, 173.110183716, 136.413513184, 258.13104248, 115.851829529, 33.3649711609, 16.6638965607, 11.8221988678, 5.54222822189, 2.69927239418, 1.18535506725, 0.571068644524, 0.0396378263831, 0.00211686920375, 0.00157723750453],
        "mean": [0.00900849420577, 0.45802924037, 6.52469348907, 8.2206029892, 5.52797412872, 12.0031967163, 8.86103534698, 13.3474988937, 21.5904941559, 39.6490020752, 49.1787834167, 55.3049659729, 27.8727836609, 11.7173194885, 18.236530304, 22.3603992462, 29.8798503876, 19.1508331299, 9.44019317627, 8.14270210266, 9.66020774841, 16.693561554, 10.7366380692, 10.1727304459, 12.1205911636, 6.18534898758, 5.06472206116, 3.59622597694, 4.83911085129, 2.20435404778, 0.818347215652, 0.470667809248, 0.335642307997, 0.109311334789, 0.0337726399302, 0.0165372584015, 0.00522272568196, 0.000363100378308, 0.000911684415769, 0.000610639457591],
        "median": [0.00457541877404, 0.215845674276, 4.95652294159, 5.15527057648, 2.85016441345, 6.72602844238, 3.76407575607, 4.74331235886, 6.21502494812, 5.96473360062, 2.94249582291, 1.82112419605, 0.91681933403, 0.670847356319, 0.98017513752, 0.98837184906, 1.28352189064, 1.19486260414, 0.935422122478, 0.967582702637, 1.33184337616, 3.29390048981, 2.19803023338, 1.63333797455, 1.9679980278, 1.68879795074, 1.11451721191, 0.306513309479, 0.0916339606047, 0.0559294559062, 0.0299064405262, 0.0454508140683, 0.0658259093761, 0.020231096074, 0.00481760781258, 0.0013434815919, 0.000387327279896, 8.35745668155e-05, 0.000914269883651, 0.000599060440436],
        "min": [2.93985105357e-13, 1.0007089558e-12, 1.94207930987e-12, 2.94366505997e-12, 4.89164004441e-12, 5.65660625979e-12, 8.97744725781e-12, 1.29815923636e-11, 5.35828638404e-11, 9.3099777887e-11, 1.12517009598e-10, 7.60289955992e-11, 5.26353016728e-10, 4.22681334378e-10, 2.13868769916e-10, 4.83728779255e-10, 1.13123854728e-09, 6.34939878452e-10, 7.98844324024e-10, 5.68491143049e-10, 7.33159422062e-10, 7.33336724679e-10, 1.98239002991e-09, 5.24902521448e-09, 4.46033343593e-09, 2.25184759728e-09, 1.27441812658e-09, 5.22940224457e-09, 4.60237314925e-09, 2.26762120192e-09, 4.16048528962e-09, 3.2390734539e-09, 1.50038559354e-09, 9.7307606417e-10, 1.39037836799e-09, 4.92346441394e-10, 3.17504023073e-10, 1.32169067357e-10, 5.74353030414e-11, 7.19060748444e-12],
        "var": [0.000325188419083, 0.378706485033, 40.6689414978, 106.597541809, 75.3379058838, 235.278396606, 331.148925781, 1111.29199219, 1825.77734375, 7097.91259766, 11059.28125, 19805.2539062, 6925.65722656, 1028.27233887, 2914.92626953, 3609.01806641, 6891.11962891, 2952.39648438, 716.909912109, 421.408355713, 480.949554443, 909.689880371, 449.656188965, 414.880981445, 676.073852539, 145.019012451, 142.975372314, 137.037094116, 372.475463867, 68.6286621094, 9.01333808899, 2.30492973328, 0.84371393919, 0.105605870485, 0.0140759740025, 0.00508867576718, 0.00058958720183, 2.16418652599e-06, 5.9585367751e-08, 2.36308004276e-08]
    },
    "gfcc": {
        "mean": [-91.4632110596, 108.714195251, -91.8896102905, 24.3607616425, -34.005771637, -20.8607959747, -19.7531547546, -7.53213834763, -12.9255447388, -14.2194843292, -0.210461914539, -25.2199459076, -5.80414438248],
        "cov": [[11398.9833984, 1173.89770508, -3213.56201172, 167.197357178, -1321.72900391, -91.0865631104, -923.38494873, 858.716918945, -674.98425293, 22.2781028748, -280.508636475, -365.633911133, -450.908721924], [1173.89770508, 3970.89331055, 106.240013123, -1127.66296387, 412.21307373, -917.847045898, 38.1440925598, 95.5379333496, -338.243927002, -561.609008789, 280.77947998, -478.741241455, 41.7142105103], [-3213.56201172, 106.240013123, 1770.81396484, 266.567840576, 376.175537109, 23.0184955597, 203.609741211, -290.992645264, 148.006072998, -67.4470977783, 35.2218284607, 136.506530762, 120.311042786], [167.197357178, -1127.66296387, 266.567840576, 1124.00915527, 2.23825478554, 88.3123931885, -219.581420898, -108.633071899, 123.857460022, 184.385559082, -128.807022095, 152.494796753, 6.189204216], [-1321.72900391, 412.21307373, 376.175537109, 2.23825478554, 582.949707031, -157.943832397, -12.2462482452, -127.559928894, 79.1319351196, -24.1046619415, 85.7203674316, -65.1521377563, 87.0082778931], [-91.0865631104, -917.847045898, 23.0184955597, 88.3123931885, -157.943832397, 650.398254395, 175.137390137, -53.0412902832, 81.6697158813, 162.839019775, -122.466453552, 122.760093689, -58.5786323547], [-923.38494873, 38.1440925598, 203.609741211, -219.581420898, -12.2462482452, 175.137390137, 519.326965332, -33.2044143677, -20.9688529968, -19.7958316803, -4.00496768951, 53.8188476562, 23.7857284546], [858.716918945, 95.5379333496, -290.992645264, -108.633071899, -127.559928894, -53.0412902832, -33.2044143677, 278.391479492, -74.2465515137, -33.8235435486, 14.9625310898, -29.2114295959, -18.6269798279], [-674.98425293, -338.243927002, 148.006072998, 123.857460022, 79.1319351196, 81.6697158813, -20.9688529968, -74.2465515137, 232.148834229, 75.9656906128, -32.5746879578, 40.0427093506, 25.310546875], [22.2781028748, -561.609008789, -67.4470977783, 184.385559082, -24.1046619415, 162.839019775, -19.7958316803, -33.8235435486, 75.9656906128, 221.307006836, -57.8526916504, 27.3236160278, -16.4161663055], [-280.508636475, 280.77947998, 35.2218284607, -128.807022095, 85.7203674316, -122.466453552, -4.00496768951, 14.9625310898, -32.5746879578, -57.8526916504, 167.108520508, -32.2026519775, 9.10652160645], [-365.633911133, -478.741241455, 136.506530762, 152.494796753, -65.1521377563, 122.760093689, 53.8188476562, -29.2114295959, 40.0427093506, 27.3236160278, -32.2026519775, 184.178665161, 6.42031288147], [-450.908721924, 41.7142105103, 120.311042786, 6.189204216, 87.0082778931, -58.5786323547, 23.7857284546, -18.6269798279, 25.310546875, -16.4161663055, 9.10652160645, 6.42031288147, 123.729988098]],
        "icov": [[0.00178524991497, -0.00226381979883, 0.00246132281609, -0.00243815872818, 0.00231534615159, -0.00222868518904, 0.00208662427031, -0.00199230620638, 0.0018780012615, -0.00146595109254, 0.00147437676787, -0.000733680964913, 0.000964353850577], [-0.00226381979883, 0.0038142495323, -0.00331259518862, 0.00362042011693, -0.00322680431418, 0.00354394107126, -0.00275797233917, 0.00261656800285, -0.00190653209575, 0.00295681809075, -0.0016235987423, 0.00231657549739, -0.000843336398248], [0.00246132281609, -0.00331259518862, 0.00436676340178, -0.00373466033489, 0.00283927540295, -0.00327669037506, 0.00253930268809, -0.00218476797454, 0.00222735013813, -0.00161071657203, 0.00178753992077, -0.00173463404644, 0.000951435184106], [-0.00243815872818, 0.00362042011693, -0.00373466033489, 0.0051463865675, -0.00335090211593, 0.00369549798779, -0.00215598917566, 0.00293550314382, -0.00222709774971, 0.00151341373567, -0.00103773456067, 0.000639939680696, -0.00107000209391], [0.00231534615159, -0.00322680431418, 0.00283927540295, -0.00335090211593, 0.0059134340845, -0.00275059160776, 0.0027667991817, -0.00179402262438, 0.00156866456382, -0.00245425850153, 0.000735921377782, -0.000136277274578, -2.37178319367e-05], [-0.00222868518904, 0.00354394107126, -0.00327669037506, 0.00369549798779, -0.00275059160776, 0.00615535676479, -0.00349832326174, 0.00277814595029, -0.002438462805, 0.00103726284578, -0.00054018892115, 0.000816248240881, 0.000257529987721], [0.00208662427031, -0.00275797233917, 0.00253930268809, -0.00215598917566, 0.0027667991817, -0.00349832326174, 0.00525092147291, -0.00219201343134, 0.00275981961749, -0.00186029658653, 0.00182195648085, -0.00171354180202, 0.000374935072614], [-0.00199230620638, 0.00261656800285, -0.00218476797454, 0.00293550314382, -0.00179402262438, 0.00277814595029, -0.00219201343134, 0.0071431719698, -0.00142934557516, 0.00211516511627, -0.00202683266252, 0.00101420737337, -0.00142194773071], [0.0018780012615, -0.00190653209575, 0.00222735013813, -0.00222709774971, 0.00156866456382, -0.002438462805, 0.00275981961749, -0.00142934557516, 0.00815615896136, -0.00256983935833, 0.00228456826881, -0.000890206254553, 0.000297709659208], [-0.00146595109254, 0.00295681809075, -0.00161071657203, 0.00151341373567, -0.00245425850153, 0.00103726284578, -0.00186029658653, 0.00211516511627, -0.00256983935833, 0.00987187307328, -0.000624730950221, 0.00302881072275, -0.000231438185438], [0.00147437676787, -0.0016235987423, 0.00178753992077, -0.00103773456067, 0.000735921377782, -0.00054018892115, 0.00182195648085, -0.00202683266252, 0.00228456826881, -0.000624730950221, 0.0094497660175, -0.000800033856649, 0.00160135736223], [-0.000733680964913, 0.00231657549739, -0.00173463404644, 0.000639939680696, -0.000136277274578, 0.000816248240881, -0.00171354180202, 0.00101420737337, -0.000890206254553, 0.00302881072275, -0.000800033856649, 0.0104495994747, -0.000735084817279], [0.000964353850577, -0.000843336398248, 0.000951435184106, -0.00107000209391, -2.37178319367e-05, 0.000257529987721, 0.000374935072614, -0.00142194773071, 0.000297709659208, -0.000231438185438, 0.00160135736223, -0.000735084817279, 0.0106903417036]]
    },
    "melbands": {
        "dmean": [0.000100141645817, 0.00101446686313, 0.000634978117887, 0.000292949465802, 0.000199640810024, 0.000200232228963, 0.00028995165485, 0.00037273086491, 0.000357351062121, 0.000266612012638, 0.000108001077024, 3.90949535358e-05, 4.80735725432e-05, 6.0875339841e-05, 5.94599514443e-05, 6.39891513856e-05, 3.11663607135e-05, 1.56253481691e-05, 9.76515639195e-06, 1.00023107734e-05, 9.31649083213e-06, 1.37538690979e-05, 1.1706200894e-05, 5.30199349669e-06, 5.96521567786e-06, 7.77987042966e-06, 4.83794110551e-06, 2.86954400508e-06, 2.74329067906e-06, 2.24810696636e-06, 1.70917030573e-06, 2.46401828008e-06, 2.19496223508e-06, 7.67629103393e-07, 4.32153058227e-07, 3.22351809245e-07, 2.40846361521e-07, 2.36500227402e-07, 1.40347907518e-07, 6.33550243379e-08],
        "dmean2": [0.000147286744323, 0.00141398888081, 0.000899247010238, 0.000388593529351, 0.000275665428489, 0.000281009532046, 0.00044197315583, 0.00056764180772, 0.000537798798177, 0.000377970049158, 0.000149692597915, 5.59877698834e-05, 7.09840751369e-05, 9.25182030187e-05, 9.11535971682e-05, 9.54752467806e-05, 4.83199146402e-05, 2.48269043368e-05, 1.49475135913e-05, 1.49610541484e-05, 1.37975021062e-05, 2.07241137105e-05, 1.75242621481e-05, 7.72192106524e-06, 8.56291171658e-06, 1.13783798952e-05, 7.25094696463e-06, 4.38670122094e-06, 4.28283647125e-06, 3.39157054441e-06, 2.55899658441e-06, 3.58213310392e-06, 3.2404425383e-06, 1.15085219932e-06, 6.65272409606e-07, 4.81478650727e-07, 3.55897327609e-07, 3.6153670635e-07, 2.10932441291e-07, 9.58556469755e-08],
        "dvar": [4.65923655213e-08, 1.87846444533e-06, 9.14341796943e-07, 1.65743216485e-07, 1.37287941016e-07, 2.55748631162e-07, 3.50409521843e-07, 5.38154438345e-07, 5.37043774784e-07, 4.2945529799e-07, 8.99777532481e-08, 1.1817407497e-08, 1.96624707627e-08, 2.42630200376e-08, 2.50967850945e-08, 3.01622868903e-08, 7.13529280105e-09, 2.05943528897e-09, 6.46394271442e-10, 7.67748919994e-10, 5.06699293634e-10, 6.6145727784e-10, 6.48426035088e-10, 1.14905016058e-10, 1.33436428573e-10, 2.56996174341e-10, 9.73874106358e-11, 3.52348289434e-11, 4.56012241856e-11, 4.06864923697e-11, 3.28163607399e-11, 8.59788559793e-11, 5.80950149098e-11, 7.98091714244e-12, 2.42910075735e-12, 1.24473413347e-12, 5.03817040171e-13, 4.35664498184e-13, 1.67563784571e-13, 4.76446850993e-14],
        "dvar2": [1.08367146368e-07, 3.2058992474e-06, 1.75801335445e-06, 2.42454433419e-07, 2.22280107209e-07, 4.66625351692e-07, 7.50500703361e-07, 1.1547235772e-06, 1.10720839075e-06, 7.65122649682e-07, 1.57392761935e-07, 2.40114168548e-08, 4.15900487383e-08, 5.28403028e-08, 5.94764308914e-08, 6.8587212354e-08, 1.63101159245e-08, 4.96446750375e-09, 1.38773492697e-09, 1.74597214464e-09, 1.08689190981e-09, 1.41879041848e-09, 1.49166745622e-09, 2.47058457026e-10, 2.54131077293e-10, 5.48235623565e-10, 2.08795244983e-10, 7.70801131256e-11, 1.08760590811e-10, 9.38894031965e-11, 6.79061390452e-11, 1.76737499635e-10, 1.23574470101e-10, 1.69845439796e-11, 5.15075915947e-12, 2.51717049982e-12, 9.9292134844e-13, 9.69986244104e-13, 3.57127061213e-13, 1.10808335164e-13],
        "max": [0.00350157427602, 0.0118002835661, 0.0129539296031, 0.00577303487808, 0.00680067064241, 0.0101022245362, 0.00996343512088, 0.010014437139, 0.00821805559099, 0.0104999169707, 0.00524898059666, 0.00269179604948, 0.00233733467758, 0.00208914279938, 0.00262358528562, 0.00260040699504, 0.00102971226443, 0.000799820525572, 0.0003823490988, 0.000510752724949, 0.000523586408235, 0.000315985322231, 0.000542309309822, 0.000192659819731, 0.000189866914297, 0.00036931107752, 0.00017151463544, 0.000109595654067, 0.000122827390442, 0.000112265886855, 9.80909753707e-05, 0.000189638260053, 0.000135242036777, 4.47971178801e-05, 2.22698527068e-05, 1.4869719962e-05, 1.10176579255e-05, 9.38907123782e-06, 9.10406288313e-06, 5.27782913196e-06],
        "mean": [0.000170046056155, 0.0024724251125, 0.0013266078895, 0.000656441552565, 0.00036522524897, 0.000288117822492, 0.000364413048374, 0.000438578310423, 0.00040931487456, 0.000335620949045, 0.000130017739139, 4.50078005088e-05, 5.40454857401e-05, 6.24028543825e-05, 5.91074713157e-05, 6.56674601487e-05, 3.12289193971e-05, 1.5630865164e-05, 1.01354753497e-05, 1.10234459498e-05, 1.17049339678e-05, 1.75425666384e-05, 1.46490083353e-05, 6.85651457388e-06, 8.15318071545e-06, 1.01577616078e-05, 6.24166477792e-06, 3.53205518877e-06, 3.21069910569e-06, 2.56843190982e-06, 1.91752064893e-06, 2.79764230982e-06, 2.32377965403e-06, 8.28953318432e-07, 4.75041048276e-07, 3.41841825957e-07, 2.66067530674e-07, 2.60385007778e-07, 1.57365874998e-07, 6.93942538987e-08],
        "median": [4.78427391499e-05, 0.00191096263006, 0.000970805063844, 0.000404699356295, 0.000187155674212, 0.000110301829409, 0.000102725796751, 5.834181502e-05, 2.07174234674e-05, 1.00121469586e-05, 4.06563003708e-06, 2.50887160291e-06, 2.84832435682e-06, 2.87249963549e-06, 2.17233355215e-06, 2.82389783024e-06, 1.92702850654e-06, 1.32091099658e-06, 1.00184684015e-06, 1.29532782012e-06, 1.33868888952e-06, 3.12845759254e-06, 2.50749394581e-06, 1.31344859255e-06, 1.02736396457e-06, 1.25531619233e-06, 1.13933742796e-06, 9.31986278374e-07, 6.28772681921e-07, 3.27321345139e-07, 8.11920557453e-08, 3.78493538733e-08, 3.53799656239e-08, 2.36283241861e-08, 1.5884671356e-08, 1.23876517932e-08, 3.02581391054e-08, 4.77309640701e-08, 3.03165919036e-08, 1.0626145297e-08],
        "min": [2.52057671576e-15, 1.13002813724e-15, 5.66804908029e-16, 3.99175023124e-16, 2.92407737733e-16, 2.93895154058e-16, 8.95509595738e-16, 1.06006713332e-15, 8.4757991878e-16, 5.25891310852e-16, 2.70680643833e-15, 1.7774738641e-15, 8.81029249867e-16, 5.82557656205e-16, 2.44860729085e-15, 1.99193667711e-15, 1.22322261962e-15, 1.68138962294e-15, 6.96671575985e-16, 6.25957348021e-16, 9.55025836381e-16, 5.81159628325e-16, 1.2971468907e-15, 2.67958449347e-15, 4.57834013485e-15, 2.67835798977e-15, 2.69294643822e-15, 1.29749184487e-15, 7.48472087633e-16, 9.79793715033e-16, 3.90397146576e-15, 2.60291805911e-15, 1.8619130963e-15, 9.51491803167e-16, 2.51126295323e-15, 1.81667073725e-15, 2.07862075839e-15, 1.16189669309e-15, 5.83028024188e-16, 9.14163590577e-16],
        "var": [8.71464891361e-08, 5.74560408495e-06, 2.2928488761e-06, 6.71333282298e-07, 3.55300187493e-07, 4.83879830426e-07, 5.23262542629e-07, 8.01670182682e-07, 8.02881629625e-07, 7.69692235281e-07, 1.64234464251e-07, 1.74603034253e-08, 2.72242406396e-08, 2.9033721205e-08, 2.81930887525e-08, 3.72611133059e-08, 9.14399933549e-09, 2.35226971235e-09, 8.52196091472e-10, 9.4765983949e-10, 8.075741742e-10, 1.08220887807e-09, 1.00170816086e-09, 2.03847883018e-10, 3.08847503128e-10, 4.94590590705e-10, 1.83993389968e-10, 5.69805799766e-11, 5.92981566627e-11, 5.37330527295e-11, 4.97459434756e-11, 1.36089223224e-10, 8.51544737501e-11, 1.0400689858e-11, 3.38512811532e-12, 1.62205643882e-12, 6.81580443126e-13, 5.15627200225e-13, 2.04623969678e-13, 5.05939996116e-14]
    },
    "mfcc": {
        "mean": [-746.697937012, 148.533905029, 4.95095348358, 40.19090271, 7.47133255005, -7.11614084244, 5.8339972496, -5.50604724884, -3.56183433533, 0.208248853683, -1.60828197002, 6.47504425049, -4.89205694199],
        "cov": [[12357.4492188, 551.48626709, -2615.36376953, -238.355865479, -730.977783203, -1264.11865234, -173.001449585, -306.204315186, -209.654281616, -27.2514667511, -78.6108474731, 128.647155762, -285.874755859], [551.48626709, 4497.37011719, -365.749603271, -306.895080566, 87.9876251221, -1098.47277832, 452.752105713, -110.332939148, -255.111495972, -156.953262329, -325.604095459, 115.057373047, -24.2435112], [-2615.36376953, -365.749603271, 1422.46875, 262.326202393, 132.626739502, 495.321990967, -20.8727893829, 173.710830688, 94.4038238525, -59.9181404114, 7.66397714615, -13.5840044022, 92.5748596191], [-238.355865479, -306.895080566, 262.326202393, 866.493103027, 325.562469482, 13.2946014404, -127.169876099, -97.8353118896, -20.9275512695, -15.0524568558, -106.940811157, -28.6653842926, 81.1667709351], [-730.977783203, 87.9876251221, 132.626739502, 325.562469482, 645.803955078, 13.5222949982, -139.915359497, -136.538711548, -49.8759765625, 53.2850608826, -64.0062713623, -24.2075252533, 50.7569313049], [-1264.11865234, -1098.47277832, 495.321990967, 13.2946014404, 13.5222949982, 882.353759766, -54.7018165588, 72.4181442261, 200.217941284, 35.0982246399, 174.965942383, 11.9793338776, 1.69794750214], [-173.001449585, 452.752105713, -20.8727893829, -127.169876099, -139.915359497, -54.7018165588, 357.571136475, 80.0697937012, -3.93334007263, 0.464486181736, -10.1094379425, 50.0677490234, -8.08798408508], [-306.204315186, -110.332939148, 173.710830688, -97.8353118896, -136.538711548, 72.4181442261, 80.0697937012, 265.721252441, 41.4862136841, -39.4644432068, 43.244594574, -12.0966815948, 20.2025241852], [-209.654281616, -255.111495972, 94.4038238525, -20.9275512695, -49.8759765625, 200.217941284, -3.93334007263, 41.4862136841, 248.475082397, 24.6581497192, 46.801486969, 28.1711444855, 0.032404564321], [-27.2514667511, -156.953262329, -59.9181404114, -15.0524568558, 53.2850608826, 35.0982246399, 0.464486181736, -39.4644432068, 24.6581497192, 178.75302124, 35.485244751, -34.7071380615, -2.21105074883], [-78.6108474731, -325.604095459, 7.66397714615, -106.940811157, -64.0062713623, 174.965942383, -10.1094379425, 43.244594574, 46.801486969, 35.485244751, 211.287216187, 17.07538414, -39.0146141052], [128.647155762, 115.057373047, -13.5840044022, -28.6653842926, -24.2075252533, 11.9793338776, 50.0677490234, -12.0966815948, 28.1711444855, -34.7071380615, 17.07538414, 143.213821411, 3.38284444809], [-285.874755859, -24.2435112, 92.5748596191, 81.1667709351, 50.7569313049, 1.69794750214, -8.08798408508, 20.2025241852, 0.032404564321, -2.21105074883, -39.0146141052, 3.38284444809, 135.033508301]],
