{
"lowlevel": {
    "average_loudness": 0.974827170372,
    "barkbands_crest": {
        "dmean": 2.94016075134,
        "dmean2": 4.70647859573,
        "dvar": 7.75301265717,
        "dvar2": 19.1528396606,
        "max": 26.886713028,
        "mean": 10.226439476,
        "median": 9.5433883667,
        "min": 2.34986233711,
        "var": 15.9125976562
    },
    "barkbands_flatness_db": {
        "dmean": 0.0463317707181,
        "dmean2": 0.06753603369,
        "dvar": 0.00233397306874,
        "dvar2": 0.0049739270471,
        "max": 0.462960749865,
        "mean": 0.194801673293,
        "median": 0.182226747274,
        "min": 0.0232948791236,
        "var": 0.00588074373081
    },
    "barkbands_kurtosis": {
        "dmean": 13.0511045456,
        "dmean2": 21.3949813843,
        "dvar": 542.865661621,
        "dvar2": 1293.2010498,
        "max": 316.775421143,
        "mean": 13.9470911026,
        "median": 3.55696630478,
        "min": -1.9710944891,
        "var": 766.366088867
    },
    "barkbands_skewness": {
        "dmean": 1.42256426811,
        "dmean2": 2.1463932991,
        "dvar": 2.74411201477,
        "dvar2": 5.77297830582,
        "max": 14.5635404587,
        "mean": 1.77258443832,
        "median": 1.54562461376,
        "min": -17.7275161743,
        "var": 6.72805690765
    },
    "barkbands_spread": {
        "dmean": 12.9307165146,
        "dmean2": 21.1446475983,
        "dvar": 357.475006104,
        "dvar2": 809.08807373,
        "max": 149.480117798,
        "mean": 21.8958740234,
        "median": 13.7855415344,
        "min": 1.36333191395,
        "var": 561.709289551
    },
    "dissonance": {
        "dmean": 0.0291809290648,
        "dmean2": 0.0453193224967,
        "dvar": 0.000949904613663,
        "dvar2": 0.00218756892718,
        "max": 0.500000059605,
        "mean": 0.439011871815,
        "median": 0.449533075094,
        "min": 0.201805129647,
        "var": 0.00251877773553
    },
    "dynamic_complexity": 3.70655202866,
    "erbbands_crest": {
        "dmean": 3.04771256447,
        "dmean2": 4.97094869614,
        "dvar": 6.94458341599,
        "dvar2": 18.115568161,
        "max": 24.7507095337,
        "mean": 9.87304210663,
        "median": 9.18307876587,
        "min": 2.9931678772,
        "var": 12.6624155045
    },
    "erbbands_flatness_db": {
        "dmean": 0.0332180932164,
        "dmean2": 0.050456982106,
        "dvar": 0.000991168431938,
        "dvar2": 0.00224515260197,
        "max": 0.34889921546,
        "mean": 0.190607562661,
        "median": 0.199399828911,
        "min": 0.0167567543685,
        "var": 0.0024972925894
    },
    "erbbands_kurtosis": {
        "dmean": 3.19698023796,
        "dmean2": 5.1849770546,
        "dvar": 26.8732147217,
        "dvar2": 67.0089645386,
        "max": 54.7682418823,
        "mean": 2.4920065403,
        "median": 0.701454401016,
        "min": -1.87356078625,
        "var": 30.7787513733
    },
    "erbbands_skewness": {
        "dmean": 0.819233179092,
        "dmean2": 1.2568114996,
        "dvar": 0.869926333427,
        "dvar2": 1.8550593853,
        "max": 5.41251897812,
        "mean": 0.41447404027,
        "median": 0.469550460577,
        "min": -4.5266160965,
        "var": 1.7602865696
    },
    "erbbands_spread": {
        "dmean": 14.8753175735,
        "dmean2": 24.2554016113,
        "dvar": 314.798461914,
        "dvar2": 826.047668457,
        "max": 177.134765625,
        "mean": 33.2028198242,
        "median": 28.3160896301,
        "min": 2.47253704071,
        "var": 453.190124512
    },
    "hfc": {
        "dmean": 9.53853034973,
        "dmean2": 13.6764936447,
        "dvar": 106.038902283,
        "dvar2": 203.905807495,
        "max": 90.880279541,
        "mean": 16.7122249603,
        "median": 11.9629325867,
        "min": 1.13201705001e-16,
        "var": 242.724136353
    },
    "melbands_crest": {
        "dmean": 4.05337810516,
        "dmean2": 6.14906549454,
        "dvar": 13.8237733841,
        "dvar2": 31.0771713257,
        "max": 39.6120529175,
        "mean": 15.4376592636,
        "median": 15.0825719833,
        "min": 2.35740041733,
        "var": 29.8779354095
    },
    "melbands_flatness_db": {
        "dmean": 0.064989335835,
        "dmean2": 0.0920844003558,
        "dvar": 0.00439734663814,
        "dvar2": 0.00908116903156,
        "max": 0.616897165775,
        "mean": 0.278744250536,
        "median": 0.270875096321,
        "min": 0.00925331003964,
        "var": 0.011829989031
    },
    "melbands_kurtosis": {
        "dmean": 17.5249786377,
        "dmean2": 29.0389957428,
        "dvar": 2617.30859375,
        "dvar2": 6313.12353516,
        "max": 1999.75622559,
        "mean": 18.8799343109,
        "median": 7.79473257065,
        "min": -1.89676272869,
        "var": 2412.6340332
    },
    "melbands_skewness": {
        "dmean": 1.4632165432,
        "dmean2": 2.28499674797,
        "dvar": 2.97900056839,
        "dvar2": 7.08797645569,
        "max": 41.3102912903,
        "mean": 2.68904066086,
        "median": 2.30419683456,
        "min": -3.08567929268,
        "var": 4.76217556
    },
    "melbands_spread": {
        "dmean": 17.6137428284,
        "dmean2": 28.2343578339,
        "dvar": 1093.06738281,
        "dvar2": 2446.95410156,
        "max": 255.26965332,
        "mean": 26.1324748993,
        "median": 13.8775520325,
        "min": 0.392075419426,
        "var": 1529.74951172
    },
    "pitch_salience": {
        "dmean": 0.0904747992754,
        "dmean2": 0.139617875218,
        "dvar": 0.00828382000327,
        "dvar2": 0.0197547581047,
        "max": 0.88136279583,
        "mean": 0.59102845192,
        "median": 0.609055876732,
        "min": 0.111374139786,
        "var": 0.0155337071046
    },
    "silence_rate_20dB": {
        "dmean": 0,
        "dmean2": 0,
        "dvar": 0,
        "dvar2": 0,
        "max": 1,
        "mean": 1,
        "median": 1,
        "min": 1,
        "var": 0
    },
    "silence_rate_30dB": {
        "dmean": 0,
        "dmean2": 0,
        "dvar": 0,
        "dvar2": 0,
        "max": 1,
        "mean": 1,
        "median": 1,
        "min": 1,
        "var": 0
    },
    "silence_rate_60dB": {
        "dmean": 0.0776914507151,
        "dmean2": 0.155440419912,
        "dvar": 0.0716572850943,
        "dvar2": 0.162369206548,
        "max": 1,
        "mean": 0.139423072338,
        "median": 0,
        "min": 0,
        "var": 0.119984835386
    },
    "spectral_centroid": {
        "dmean": 554.527526855,
        "dmean2": 843.120849609,
        "dvar": 581026.875,
        "dvar2": 1055549.625,
        "max": 5141.38037109,
        "mean": 1289.07641602,
        "median": 893.008178711,
        "min": 125.194847107,
        "var": 1365375.625
    },
    "spectral_complexity": {
        "dmean": 4.93969678879,
        "dmean2": 6.78978538513,
        "dvar": 23.2508354187,
        "dvar2": 40.8567428589,
        "max": 41,
        "mean": 12.4056949615,
        "median": 12,
        "min": 0,
        "var": 74.7832260132
    },
    "spectral_decrease": {
        "dmean": 3.01644398348e-09,
        "dmean2": 4.06184463841e-09,
        "dvar": 1.01675932473e-17,
        "dvar2": 1.79877604127e-17,
        "max": 4.59373468084e-12,
        "mean": -7.07446234927e-09,
        "median": -7.14880954433e-09,
        "min": -2.50437501848e-08,
        "var": 2.99479020239e-17
    },
    "spectral_energy": {
        "dmean": 0.0120180509984,
        "dmean2": 0.0162153001875,
        "dvar": 0.000159903749591,
        "dvar2": 0.000288600713247,
        "max": 0.100171051919,
        "mean": 0.0282164774835,
        "median": 0.0280345436186,
        "min": 1.03042430127e-20,
        "var": 0.000464521668619
    },
    "spectral_energyband_high": {
        "dmean": 0.0004577038344,
        "dmean2": 0.000653218186926,
        "dvar": 1.44234570598e-06,
        "dvar2": 2.46027457251e-06,
        "max": 0.0107260951772,
        "mean": 0.000582067412324,
        "median": 8.73390963534e-05,
        "min": 7.70520598518e-21,
        "var": 2.56721932601e-06
    },
    "spectral_energyband_low": {
        "dmean": 0.00399775523692,
        "dmean2": 0.00577462418005,
        "dvar": 2.39005439653e-05,
        "dvar2": 4.41962220066e-05,
        "max": 0.0453131534159,
        "mean": 0.0104201724753,
        "median": 0.0105213597417,
        "min": 5.21130854102e-23,
        "var": 6.36103286524e-05
    },
    "spectral_energyband_middle_high": {
        "dmean": 0.00255957967602,
        "dmean2": 0.00365347159095,
        "dvar": 1.20406593851e-05,
        "dvar2": 2.28878398048e-05,
        "max": 0.0468352362514,
        "mean": 0.0035375629086,
        "median": 0.0012297576759,
        "min": 1.31339630629e-21,
        "var": 2.35265288211e-05
    },
    "spectral_energyband_middle_low": {
        "dmean": 0.00742785772309,
        "dmean2": 0.0103530259803,
        "dvar": 6.88900399837e-05,
        "dvar2": 0.000124650963699,
        "max": 0.0702022314072,
        "mean": 0.0144301392138,
        "median": 0.0129218641669,
        "min": 3.99643295959e-22,
        "var": 0.00017889776791
    },
    "spectral_entropy": {
        "dmean": 0.405175834894,
        "dmean2": 0.577620744705,
        "dvar": 0.191137999296,
        "dvar2": 0.394119769335,
        "max": 8.9263715744,
        "mean": 7.10601472855,
        "median": 7.11308860779,
        "min": 4.5200881958,
        "var": 0.523676812649
    },
    "spectral_flux": {
        "dmean": 0.037436094135,
        "dmean2": 0.0607979223132,
        "dvar": 0.0011652141111,
        "dvar2": 0.00290028564632,
        "max": 0.257271945477,
        "mean": 0.0935877487063,
        "median": 0.0904678404331,
        "min": 8.14025042928e-06,
        "var": 0.0025021743495
    },
    "spectral_kurtosis": {
        "dmean": 6.29963254929,
        "dmean2": 9.9674282074,
        "dvar": 76.2073135376,
        "dvar2": 176.576080322,
        "max": 98.9210968018,
        "mean": 10.5333776474,
        "median": 7.05179643631,
        "min": -0.580224275589,
        "var": 120.715209961
    },
    "spectral_rms": {
        "dmean": 0.00125351618044,
        "dmean2": 0.00163732550573,
        "dvar": 1.5916347138e-06,
        "dvar2": 2.66937513516e-06,
        "max": 0.00988573953509,
        "mean": 0.00466249557212,
        "median": 0.00522979674861,
        "min": 3.17063389432e-12,
        "var": 5.78935032536e-06
    },
    "spectral_rolloff": {
        "dmean": 1245.67419434,
        "dmean2": 2177.38574219,
        "dvar": 8092021.5,
        "dvar2": 18127614,
        "max": 19939.7460938,
        "mean": 2132.18774414,
        "median": 645.99609375,
        "min": 64.599609375,
        "var": 13861334
    },
    "spectral_skewness": {
        "dmean": 0.7278881073,
        "dmean2": 1.08954977989,
        "dvar": 0.610411465168,
        "dvar2": 1.35636234283,
        "max": 8.42580318451,
        "mean": 2.05530166626,
        "median": 1.83133089542,
        "min": -0.281893759966,
        "var": 1.4903897047
    },
    "spectral_spread": {
        "dmean": 840360.125,
        "dmean2": 1278799.25,
        "dvar": 1.27653065523e+12,
        "dvar2": 2.14919243366e+12,
        "max": 38589280,
        "mean": 3678552.5,
        "median": 3141762.5,
        "min": 934477.1875,
        "var": 5.25390420378e+12
    },
    "spectral_strongpeak": {
        "dmean": 0.558094203472,
        "dmean2": 0.949306964874,
        "dvar": 0.669629752636,
        "dvar2": 1.58261942863,
        "max": 6.1616563797,
        "mean": 0.841545760632,
        "median": 0.507872879505,
        "min": 0,
        "var": 0.876294732094
    },
    "zerocrossingrate": {
        "dmean": 0.0299343690276,
        "dmean2": 0.0336082801223,
        "dvar": 0.00179862999357,
        "dvar2": 0.00187288119923,
        "max": 0.861328125,
        "mean": 0.0869288668036,
        "median": 0.0419921875,
        "min": 0.00732421875,
        "var": 0.0128307128325
    },
    "barkbands": {
        "dmean": [1.06251663965e-05, 0.000975521747023, 0.00319962995127, 0.000766546581872, 0.0020855423063, 0.00111035979353, 0.00261589768343, 0.00235804985277, 0.00144367956091, 0.000418123992858, 0.000319793209201, 0.000609122973401, 0.000582051288802, 0.000394565868191, 0.000245753617492, 0.000265824142843, 0.000248023192398, 7.66857701819e-05, 0.000233976854361, 0.000154084264068, 0.00011932678899, 0.000135275811772, 0.000126821440062, 5.98152691964e-05, 1.03684333226e-05, 4.15809427068e-06, 6.60468458591e-06],
        "dmean2": [1.71653082361e-05, 0.00137114792597, 0.00460390467197, 0.00119749316946, 0.00271260063164, 0.00168980797753, 0.0040721129626, 0.00360288843513, 0.00215289159678, 0.000637411954813, 0.000485288124764, 0.000980014447123, 0.000889423885383, 0.000619871425442, 0.000386379630072, 0.000406725564972, 0.000385487277526, 0.000120628254081, 0.0003642149386, 0.000243887014221, 0.00018030150386, 0.000200076639885, 0.000189057725947, 8.72875971254e-05, 1.5393801732e-05, 6.10888309893e-06, 1.13855103336e-05],
        "dvar": [9.84473835786e-10, 1.80747258582e-06, 1.62665874086e-05, 2.05582796298e-06, 8.13423139334e-06, 4.241208444e-06, 2.12497488974e-05, 1.77612000698e-05, 1.02810899989e-05, 1.64666516866e-06, 5.66053302009e-07, 2.11177780329e-06, 2.04476100407e-06, 1.26021575397e-06, 4.19591486889e-07, 3.26709056253e-07, 1.73964679107e-07, 2.80105787454e-08, 1.57000258127e-07, 7.84890019645e-08, 1.26067376982e-07, 1.63013837096e-07, 1.64432222505e-07, 4.51052599715e-08, 9.00786445435e-10, 2.93526480899e-10, 3.70041913778e-11],
        "dvar2": [1.92981675085e-09, 3.33075490744e-06, 3.03910255752e-05, 4.52090034742e-06, 1.15182710942e-05, 9.15835153137e-06, 4.63433570985e-05, 3.90816603613e-05, 2.06383792829e-05, 3.80403230338e-06, 1.25162489439e-06, 5.19609420735e-06, 4.20902324549e-06, 2.6881048143e-06, 9.27696817143e-07, 7.58888631935e-07, 3.68725494582e-07, 6.30305905247e-08, 3.32073938125e-07, 1.77371532573e-07, 2.59385529944e-07, 3.03344904751e-07, 3.28120279391e-07, 8.98608973898e-08, 1.89593185596e-09, 5.66745816943e-10, 1.11650182155e-10],
        "max": [0.00129700929392, 0.0185059960932, 0.0385165959597, 0.0326293185353, 0.0336481593549, 0.0344277955592, 0.0559014379978, 0.0381412059069, 0.0487386696041, 0.0293577760458, 0.0110995806754, 0.01929025352, 0.0182645712048, 0.0154746966437, 0.00818816851825, 0.0070390147157, 0.00459296721965, 0.00271486467682, 0.00499660149217, 0.00318038812838, 0.00485620973632, 0.00483560143039, 0.00496496725827, 0.00358512089588, 0.000479758891743, 0.000406236795243, 6.75651390338e-05],
        "mean": [1.20721033454e-05, 0.00243682623841, 0.00732075888664, 0.00104598142207, 0.00455478392541, 0.00148059043568, 0.00297621591017, 0.00257451389916, 0.00158839486539, 0.000437086710008, 0.000338814221323, 0.00057567487238, 0.000577093276661, 0.000388735585148, 0.000243247282924, 0.000307027046802, 0.000292777316645, 8.60352083691e-05, 0.000277999439277, 0.000183326323167, 0.000133440786158, 0.000152884342242, 0.000132243687403, 6.18891790509e-05, 1.11958297566e-05, 4.60104729427e-06, 2.22865000978e-05],
        "median": [3.74635828848e-06, 0.00128615088761, 0.0065226261504, 0.000298700586427, 0.00265893759206, 0.000748531834688, 0.000720020732842, 0.00020157097606, 7.91146230767e-05, 2.92766926577e-05, 1.9353479729e-05, 2.34406707023e-05, 2.85911464744e-05, 2.90262396447e-05, 2.67781033472e-05, 4.99182933709e-05, 6.16084798821e-05, 2.14126048377e-05, 5.52333985979e-05, 3.75907948182e-05, 6.10482493357e-06, 8.22678521217e-06, 1.01971354525e-05, 5.13013674208e-06, 1.6007808199e-06, 7.1717767014e-07, 2.20327347051e-05],
        "min": [1.10139221308e-23, 9.31542808237e-24, 1.85549898338e-23, 4.05655564639e-23, 1.27548370167e-22, 6.387573357e-23, 3.60494839759e-24, 6.38750519942e-23, 8.18674293858e-23, 4.14368943544e-23, 3.14298056521e-23, 9.09444037491e-23, 1.90097933892e-22, 1.00119064336e-22, 6.70339855357e-23, 6.85990161519e-23, 1.65457238739e-22, 1.80987675909e-22, 2.48644060077e-22, 4.51176587537e-22, 3.09891170271e-22, 8.10863182501e-22, 4.61850872705e-22, 8.67997411749e-22, 1.08863683396e-21, 1.52546281732e-21, 2.49858082932e-21],
        "var": [2.59311372375e-09, 7.79580841481e-06, 4.36584414274e-05, 4.58123167846e-06, 3.18694910675e-05, 6.06445246376e-06, 3.04894510919e-05, 2.58102954831e-05, 1.49189208969e-05, 1.74503486505e-06, 7.58764940656e-07, 2.19006710722e-06, 2.67438690571e-06, 1.52293978317e-06, 4.97981488934e-07, 4.60779887135e-07, 2.77951841099e-07, 3.82859290937e-08, 2.4433140311e-07, 1.12058941681e-07, 1.85169412248e-07, 2.5831440098e-07, 2.23312341063e-07, 5.90973634473e-08, 1.18342668998e-09, 3.70238256719e-10, 4.29761642939e-11]
    },
    "erbbands": {
        "dmean": [0.00659096147865, 0.311365693808, 3.03319168091, 3.18712234497, 5.19817686081, 8.49129772186, 5.24271917343, 11.1488924026, 27.8500652313, 48.2202415466, 49.4051971436, 32.9563140869, 17.3525562286, 9.30586719513, 16.3025741577, 24.530374527, 24.5295238495, 24.2109909058, 13.3555612564, 14.3156204224, 13.9804582596, 13.3825006485, 4.93532037735, 6.68674468994, 14.3447599411, 6.67177534103, 5.12579965591, 4.46248960495, 4.82307577133, 4.87149095535, 3.32372951508, 1.50764679909, 0.919694781303, 0.207140117884, 0.0418327972293, 0.0236960686743, 0.00704221287742, 0.000365939427866, 0.00029995595105, 0.000200982758543],
        "dmean2": [0.0100958254188, 0.429129064083, 4.3082652092, 4.77470970154, 6.7359752655, 11.4201078415, 7.69328546524, 17.0403728485, 43.7628517151, 75.2835998535, 73.9929885864, 48.4712257385, 26.04845047, 13.1402826309, 24.7528877258, 38.6895027161, 37.4166374207, 36.3963890076, 20.6741447449, 22.052904129, 21.1819572449, 20.7118053436, 7.66863393784, 10.2655105591, 22.1609191895, 10.4492692947, 7.69662809372, 6.83279180527, 7.21918153763, 7.07503604889, 4.95147562027, 2.19424271584, 1.37260735035, 0.305835932493, 0.0614123009145, 0.0357309281826, 0.0101832393557, 0.000544423994143, 0.000515494612046, 0.000345750391716],
        "dvar": [0.000118721734907, 0.174181729555, 14.0710296631, 25.5009155273, 58.015422821, 177.642440796, 161.680023193, 420.057006836, 2550.48583984, 8152.13916016, 8301.04003906, 5375.79248047, 2593.86547852, 523.698852539, 1314.92041016, 3368.52270508, 3291.44506836, 4142.04345703, 1120.83520508, 1260.90856934, 689.407531738, 532.386291504, 96.359375, 159.680023193, 555.005432129, 135.958999634, 214.269012451, 176.659851074, 214.512435913, 215.623062134, 123.476158142, 29.2411460876, 12.1160936356, 0.407051324844, 0.0165649559349, 0.00870696641505, 0.000900403771084, 2.88537626147e-06, 6.99920974512e-08, 3.46640831594e-08],
        "dvar2": [0.000274955498753, 0.315719395876, 25.1839313507, 52.6201934814, 91.1645431519, 272.511322021, 367.468902588, 856.786193848, 5601.3671875, 18560.0253906, 17130.2695312, 10551.1601562, 5895.29003906, 1105.28955078, 2978.74584961, 8099.48046875, 6617.04882812, 8570.43652344, 2442.57006836, 2825.44140625, 1571.08508301, 1148.23986816, 207.15512085, 347.765594482, 1174.11560059, 309.112670898, 456.214599609, 361.857452393, 411.722473145, 423.033874512, 255.494934082, 58.0398712158, 25.5971698761, 0.842287838459, 0.0355047509074, 0.0172163508832, 0.00178461137693, 5.94115226704e-06, 2.07303159527e-07, 1.03449295352e-07],
        "max": [0.181947752833, 5.10393190384, 34.9037742615, 73.0864715576, 95.5673751831, 172.179382324, 418.909454346, 365.170471191, 595.530029297, 872.436096191, 944.934143066, 1405.87390137, 1141.63000488, 572.905639648, 475.169189453, 810.651916504, 683.739440918, 815.539733887, 459.543792725, 488.475769043, 400.124847412, 275.558990479, 158.944091797, 180.147186279, 240.798202515, 134.117218018, 233.945297241, 160.788726807, 187.940093994, 193.896453857, 150.725021362, 102.012321472, 74.756187439, 11.7187080383, 3.03836607933, 1.9970253706, 0.858347952366, 0.0506960488856, 0.00291185942478, 0.00207966892049],
        "mean": [0.0158425532281, 0.850958406925, 7.49174118042, 6.01162862778, 10.3665323257, 16.7497997284, 8.16648769379, 14.530790329, 32.5545730591, 55.0902481079, 56.1397399902, 37.3819007874, 18.3870811462, 10.892168045, 17.3519363403, 24.3448257446, 25.5294818878, 24.0546836853, 13.4521818161, 15.0794363022, 17.2083969116, 15.8797206879, 5.82325220108, 7.93811702728, 16.8326053619, 8.0918598175, 5.9195227623, 4.85966157913, 5.40439176559, 5.10297632217, 3.40584445, 1.55509960651, 0.934798359871, 0.219458222389, 0.046627946198, 0.0265542436391, 0.00744068203494, 0.000432282540714, 0.00103096140083, 0.000699725933373],
        "median": [0.0100048752502, 0.597596228123, 7.07402706146, 3.82471179962, 4.76209831238, 7.85044050217, 4.45792865753, 6.89758443832, 10.5497264862, 8.46227359772, 4.11802864075, 1.97723162174, 1.20417189598, 0.814827680588, 0.996231138706, 1.05222272873, 1.36520338058, 1.66401958466, 1.47863197327, 2.11204409599, 3.34600925446, 3.53645515442, 1.55712008476, 1.91903734207, 3.48927974701, 1.83768558502, 0.579795300961, 0.192530155182, 0.249174848199, 0.404348134995, 0.255908101797, 0.12611541152, 0.067542180419, 0.0251130126417, 0.00758922565728, 0.0045490404591, 0.000918894191273, 0.000111375651613, 0.00101777748205, 0.000679109012708],
        "min": [5.05653882769e-22, 1.60849975508e-21, 1.81751258429e-20, 8.69817572604e-20, 1.30209615074e-19, 6.00371462603e-19, 4.99350789524e-19, 6.46019217911e-19, 1.35365470606e-19, 5.40815285679e-19, 1.5692176635e-18, 2.25752023467e-18, 1.40157834543e-18, 1.27619472177e-18, 1.42655702858e-18, 4.52320267404e-18, 6.97261557594e-18, 7.26732100304e-18, 2.8726574399e-18, 4.1936795606e-18, 4.52381644206e-18, 9.13862854176e-18, 8.63912642988e-18, 1.33262758877e-17, 1.15562549607e-17, 1.92653838822e-17, 1.96786482793e-17, 1.34177298034e-17, 3.24674279953e-17, 1.85119282233e-17, 1.2191831592e-17, 1.59555811341e-17, 1.62816557316e-17, 1.11571742295e-17, 7.35778147483e-18, 6.24717859232e-18, 2.55726195093e-18, 1.41232673031e-18, 3.57055768432e-19, 3.403166766e-20],
        "var": [0.000336501892889, 0.709706366062, 39.6607971191, 60.6998901367, 197.41734314, 629.913635254, 236.716293335, 616.063476562, 3520.96191406, 11074.6728516, 12756.7041016, 8161.88964844, 2821.04589844, 743.736572266, 1696.86425781, 3736.67602539, 4523.3046875, 5276.66015625, 1377.70935059, 1596.1472168, 1113.80419922, 823.70098877, 145.147140503, 229.306137085, 883.770446777, 201.138504028, 323.293762207, 246.223907471, 332.245574951, 308.328430176, 159.841659546, 38.0871086121, 14.6776885986, 0.53594404459, 0.0206760503352, 0.010696916841, 0.00111410906538, 3.40194742421e-06, 9.4388973082e-08, 4.06666060826e-08]
    },
    "gfcc": {
        "mean": [-67.2545089722, 103.654136658, -86.426651001, 29.0510234833, -39.0747642517, -12.12682724, -27.0463752747, -8.2488193512, -4.0140709877, -12.9932165146, 0.0235357992351, -18.605846405, -11.6028232574],
        "cov": [[11585.6435547, 1598.25976562, -2494.01538086, 351.591033936, -1097.04968262, 168.822555542, -969.832702637, 567.522216797, -401.808410645, -17.9608535767, -290.3722229, -217.854217529, -745.604675293], [1598.25976562, 3764.7121582, 42.0098495483, -1299.37780762, 408.902282715, -470.778198242, -134.190460205, 25.2547092438, 10.3079242706, -633.452392578, 14.4922294617, -170.218566895, -163.970581055], [-2494.01538086, 42.0098495483, 1283.74621582, 144.797836304, 221.757537842, -38.0047721863, 159.011428833, -169.989395142, 56.2489585876, -61.423412323, 20.2805843353, 93.740776062, 203.394561768], [351.591033936, -1299.37780762, 144.797836304, 1256.5456543, -74.3504562378, -8.30470943451, -248.402511597, -79.4784011841, 2.1079120636, 255.159194946, -37.7492408752, 48.0413589478, 90.9345703125], [-1097.04968262, 408.902282715, 221.757537842, -74.3504562378, 554.913574219, -163.404266357, -115.695983887, -97.3747329712, 93.385383606, -48.5966911316, 37.0862350464, -61.1434860229, 95.3247528076], [168.822555542, -470.778198242, -38.0047721863, -8.30470943451, -163.404266357, 389.370666504, 139.38331604, 12.9429006577, -40.4807281494, 123.629081726, -17.2539577484, 10.2272195816, -28.827047348], [-969.832702637, -134.190460205, 159.011428833, -248.402511597, -115.695983887, 139.38331604, 512.750061035, 29.4505062103, -50.9731369019, 0.147587940097, 58.3342132568, 40.0409889221, 16.8710956573], [567.522216797, 25.2547092438, -169.989395142, -79.4784011841, -97.3747329712, 12.9429006577, 29.4505062103, 229.721374512, -31.7843952179, -35.4469642639, -0.577675879002, -4.44321918488, -49.0206718445], [-401.808410645, 10.3079242706, 56.2489585876, 2.1079120636, 93.385383606, -40.4807281494, -50.9731369019, -31.7843952179, 172.584518433, 3.90384054184, -10.7480897903, 14.2432079315, 48.2230911255], [-17.9608535767, -633.452392578, -61.423412323, 255.159194946, -48.5966911316, 123.629081726, 0.147587940097, -35.4469642639, 3.90384054184, 284.039581299, 19.4380149841, -25.5052623749, 20.4540042877], [-290.3722229, 14.4922294617, 20.2805843353, -37.7492408752, 37.0862350464, -17.2539577484, 58.3342132568, -0.577675879002, -10.7480897903, 19.4380149841, 119.463226318, -13.8606424332, 2.45882630348], [-217.854217529, -170.218566895, 93.740776062, 48.0413589478, -61.1434860229, 10.2272195816, 40.0409889221, -4.44321918488, 14.2432079315, -25.5052623749, -13.8606424332, 152.480789185, 20.7970561981], [-745.604675293, -163.970581055, 203.394561768, 90.9345703125, 95.3247528076, -28.827047348, 16.8710956573, -49.0206718445, 48.2230911255, 20.4540042877, 2.45882630348, 20.7970561981, 148.184295654]],
        "icov": [[0.00110247882549, -0.00145793997217, 0.00153648399282, -0.00156514521223, 0.00157797988504, -0.00136748736259, 0.00126746995375, -0.00121791788843, 0.00104325392749, -0.00090521335369, 0.000965757353697, -0.00041584027349, 0.000784964417107], [-0.00145793997217, 0.00274237198755, -0.00223648757674, 0.00273550581187, -0.00223855627701, 0.00234363577329, -0.00134335551411, 0.00179018371273, -0.00131687067915, 0.00214043655433, -0.00125020334963, 0.00124854512978, -0.00029045107658], [0.00153648399282, -0.00223648757674, 0.00344532052986, -0.00261153234169, 0.00185134564526, -0.00219033099711, 0.00117044569924, -0.00113953964319, 0.00149822398089, -0.000870702904649, 0.00127083982807, -0.00118817028124, -0.000219124747673], [-0.00156514521223, 0.00273550581187, -0.00261153234169, 0.00413660472259, -0.0019529662095, 0.00271838111803, -0.000702064891811, 0.00190519168973, -0.000986783998087, 0.000674429349601, -0.00113378418609, 0.000653175695334, -0.00115170120262], [0.00157797988504, -0.00223855627701, 0.00185134564526, -0.0019529662095, 0.00536596169695, -0.00140935380477, 0.00251900218427, -0.00110704358667, 0.00064650143031, -0.00130228430498, 0.000418038689531, 0.000596844241954, -0.000380285462597], [-0.00136748736259, 0.00234363577329, -0.00219033099711, 0.00271838111803, -0.00140935380477, 0.00597805064172, -0.00218190182932, 0.00165379350074, -0.000914677453693, -0.000339234480634, 6.23456580797e-05, 0.000822354457341, 0.000143991725054], [0.00126746995375, -0.00134335551411, 0.00117044569924, -0.000702064891811, 0.00251900218427, -0.00218190182932, 0.00483802007511, -0.00164406117983, 0.00191262399312, -0.000938411802053, -0.000410397100495, -0.000748499704059, 0.000194629305042], [-0.00121791788843, 0.00179018371273, -0.00113953964319, 0.00190519168973, -0.00110704358667, 0.00165379350074, -0.00164406117983, 0.00675541209057, -0.000939041026868, 0.00209207483567, -0.00128804321866, 0.000803558912594, -0.000371006171918], [0.00104325392749, -0.00131687067915, 0.00149822398089, -0.000986783998087, 0.00064650143031, -0.000914677453693, 0.00191262399312, -0.000939041026868, 0.00821425020695, -0.00156033528037, 0.00169521267526, -0.00152938487008, -0.00105226610322], [-0.00090521335369, 0.00214043655433, -0.000870702904649, 0.000674429349601, -0.00130228430498, -0.000339234480634, -0.000938411802053, 0.00209207483567, -0.00156033528037, 0.00810628104955, -0.00241549848579, 0.00261428882368, -0.000772278872319], [0.000965757353697, -0.00125020334963, 0.00127083982807, -0.00113378418609, 0.000418038689531, 6.23456580797e-05, -0.000410397100495, -0.00128804321866, 0.00169521267526, -0.00241549848579, 0.0108899408951, 3.20391991409e-05, 0.00138773967046], [-0.00041584027349, 0.00124854512978, -0.00118817028124, 0.000653175695334, 0.000596844241954, 0.000822354457341, -0.000748499704059, 0.000803558912594, -0.00152938487008, 0.00261428882368, 3.20391991409e-05, 0.00893399585038, -0.00047121202806], [0.000784964417107, -0.00029045107658, -0.000219124747673, -0.00115170120262, -0.000380285462597, 0.000143991725054, 0.000194629305042, -0.000371006171918, -0.00105226610322, -0.000772278872319, 0.00138773967046, -0.00047121202806, 0.0120039992034]]
    },
    "melbands": {
        "dmean": [0.000152129505295, 0.00114512164146, 0.000540433858987, 0.000535835395567, 0.000205019096029, 0.000245528266532, 0.000456796813523, 0.000523821334355, 0.00039947393816, 0.000186573844985, 8.2341961388e-05, 3.62065256923e-05, 4.7899200581e-05, 6.75994524499e-05, 6.38554411125e-05, 5.54905018362e-05, 4.4657906983e-05, 2.25981384574e-05, 1.9306959075e-05, 1.94756521523e-05, 1.69566374097e-05, 1.58519869728e-05, 7.26935286366e-06, 3.32193326358e-06, 5.34534046892e-06, 1.08607600851e-05, 9.10988001124e-06, 3.59117734661e-06, 3.1109250358e-06, 3.25482596963e-06, 2.5253525564e-06, 2.84296129394e-06, 2.69114116236e-06, 2.86389558823e-06, 2.18447166844e-06, 1.30238629481e-06, 7.87705971561e-07, 7.52110679514e-07, 3.60144440492e-07, 1.17551522294e-07],
        "dmean2": [0.000216912798351, 0.00162409432232, 0.000792414299212, 0.000690908636898, 0.000293025135761, 0.000374964351067, 0.000710667460226, 0.00081324292114, 0.000599356659222, 0.00027492819936, 0.000126026920043, 5.26258882019e-05, 7.22268960089e-05, 0.000107640873466, 0.000101788013126, 8.25339739094e-05, 6.85682316544e-05, 3.59004807251e-05, 3.04294662783e-05, 2.98644699797e-05, 2.58272939391e-05, 2.44796829065e-05, 1.14384602057e-05, 5.24793858858e-06, 8.27835083328e-06, 1.69373306562e-05, 1.3929191482e-05, 5.7115034906e-06, 4.7671246648e-06, 5.01015711052e-06, 3.88959824704e-06, 4.23434494223e-06, 3.95748065785e-06, 4.22768562203e-06, 3.39834673468e-06, 1.95064694708e-06, 1.16656383398e-06, 1.1301331142e-06, 5.45799139218e-07, 1.76470322799e-07],
        "dvar": [4.51565647097e-08, 1.97744179786e-06, 5.66221501686e-07, 5.78175161081e-07, 1.63840496725e-07, 1.91384771142e-07, 6.54346081319e-07, 8.82734696006e-07, 5.70409554257e-07, 1.7992431367e-07, 6.24988842901e-08, 8.46355252548e-09, 1.25136310203e-08, 2.60883350478e-08, 2.41807445178e-08, 1.93133296023e-08, 1.56605732826e-08, 3.94345711641e-09, 2.84455059507e-09, 2.18545737063e-09, 1.0101953718e-09, 7.4881023604e-10, 2.39275210756e-10, 5.557627622e-11, 1.19073639837e-10, 3.67914698707e-10, 2.51968612641e-10, 5.19500102658e-11, 7.97659577279e-11, 1.0177124421e-10, 6.17594586583e-11, 7.89276838331e-11, 6.75956374208e-11, 8.05538899473e-11, 5.8850396778e-11, 2.5468866599e-11, 8.20332864138e-12, 8.93320400291e-12, 1.58741639625e-12, 1.13600121877e-13],
        "dvar2": [8.79508448293e-08, 3.53295604327e-06, 1.14248223326e-06, 8.36006677218e-07, 3.43162156469e-07, 4.00497953024e-07, 1.40372264923e-06, 2.00611725631e-06, 1.1627131471e-06, 3.52448410013e-07, 1.44858773865e-07, 1.81091159845e-08, 2.79624305932e-08, 6.56663843301e-08, 5.43771676575e-08, 3.88976175714e-08, 3.31433085421e-08, 9.05559183195e-09, 6.53566267772e-09, 4.9799324664e-09, 2.36930164377e-09, 1.60794000337e-09, 5.19296161627e-10, 1.28310154168e-10, 2.65296257185e-10, 7.99496691073e-10, 5.51509060642e-10, 1.19949342126e-10, 1.74890407711e-10, 2.17047921303e-10, 1.33245844913e-10, 1.56961152409e-10, 1.37178837734e-10, 1.64364452604e-10, 1.30012570154e-10, 5.3723175214e-11, 1.68487706426e-11, 1.96925739604e-11, 3.4053992265e-12, 2.43285399422e-13],
        "max": [0.00354640185833, 0.0130050685257, 0.0111578693613, 0.00911166891456, 0.0111668873578, 0.00737379444763, 0.00844233762473, 0.00886355806142, 0.00740596046671, 0.00770709197968, 0.00559028517455, 0.0022538297344, 0.00177668582182, 0.00189493841026, 0.00156703649554, 0.00179854978342, 0.00151774066035, 0.000920934602618, 0.000697936629876, 0.000614767777734, 0.000518455868587, 0.000376166193746, 0.000224864372285, 0.000115353264846, 0.000160722556757, 0.000250981189311, 0.000177426045411, 9.33378832997e-05, 0.000130851913127, 0.000122120254673, 9.22123799683e-05, 0.000126286744489, 0.000112171699584, 0.000119517084386, 0.000118578180263, 0.000121996810776, 5.59822728974e-05, 7.1139249485e-05, 2.07252942346e-05, 6.77279149386e-06],
        "mean": [0.000374481780455, 0.0029855761677, 0.0011371599976, 0.00113108172081, 0.000350640359102, 0.000320304185152, 0.000537262007128, 0.000600595027208, 0.000451132742455, 0.000209536199691, 8.5077190306e-05, 4.14701717091e-05, 5.14449711773e-05, 6.33198942523e-05, 6.36208860669e-05, 5.48157659068e-05, 4.30923137174e-05, 2.1227333491e-05, 1.87499899766e-05, 2.10613688978e-05, 2.01753518922e-05, 1.83607971849e-05, 8.06277876109e-06, 3.66387666872e-06, 6.05519198871e-06, 1.25127789943e-05, 1.03145002868e-05, 4.16776538259e-06, 3.50321397491e-06, 3.53957034349e-06, 2.60121578322e-06, 3.13122563966e-06, 2.82839778265e-06, 2.88247633762e-06, 2.17344859266e-06, 1.29677528093e-06, 7.94728578057e-07, 7.42946724586e-07, 3.63347709254e-07, 1.25052082467e-07],
        "median": [0.000195198022993, 0.00290020415559, 0.000927627203055, 0.000613063923083, 0.000168816273799, 0.000156282374519, 0.000164787386893, 8.20695131551e-05, 2.74814447039e-05, 1.07244432002e-05, 5.46215505892e-06, 3.05497883346e-06, 2.96929829346e-06, 2.91294645649e-06, 2.47910361395e-06, 3.09638699036e-06, 2.78254719888e-06, 2.14050623981e-06, 2.11085966839e-06, 3.03596561935e-06, 3.44050431522e-06, 3.75126819563e-06, 1.68712631421e-06, 9.06574484816e-07, 1.28867122839e-06, 2.1986156753e-06, 1.8708957441e-06, 7.02689987975e-07, 2.84018085495e-07, 1.49602641386e-07, 5.85363615357e-08, 1.05556082985e-07, 1.83961759603e-07, 2.29159084597e-07, 1.50315742076e-07, 6.83122465261e-08, 6.90200607778e-08, 4.65075515876e-08, 2.51050842337e-08, 1.73166014861e-08],
        "min": [3.43846245899e-24, 6.3137176747e-24, 1.55238549143e-23, 2.41761886079e-23, 2.26015749094e-23, 1.31651339864e-23, 1.76547583348e-24, 7.18511867415e-24, 1.33641099503e-23, 1.33239869069e-23, 6.7190383521e-24, 5.19091419892e-24, 4.69678434967e-24, 7.59393558309e-24, 1.51070302783e-23, 1.73695496188e-23, 1.35706574011e-23, 4.42537991067e-24, 5.17837131053e-24, 5.53538924585e-24, 4.96564628997e-24, 8.63200632574e-24, 8.99621157277e-24, 8.33067802603e-24, 1.10438696574e-23, 1.02670720131e-23, 7.23263965508e-24, 1.47428226647e-23, 1.48812614427e-23, 7.50039640125e-24, 7.48943360125e-24, 1.80215068694e-23, 1.6110562324e-23, 8.90919705948e-24, 6.72423300116e-24, 7.93300377737e-24, 1.04967654317e-23, 1.13139724759e-23, 1.19552572272e-23, 8.42651358196e-24],
        "var": [1.92053875026e-07, 5.69471330891e-06, 1.39716576086e-06, 2.20782521865e-06, 3.28997344923e-07, 2.77982650232e-07, 9.49170384956e-07, 1.24481425701e-06, 8.6202754801e-07, 2.70011184966e-07, 6.50620890497e-08, 1.15469571682e-08, 1.65643729844e-08, 2.56509871122e-08, 2.96650419784e-08, 2.52713672211e-08, 1.89982234389e-08, 4.30996838219e-09, 3.15812553886e-09, 2.78834200174e-09, 1.57773816234e-09, 1.15275489154e-09, 3.35396072026e-10, 6.97973484565e-11, 1.59691523893e-10, 5.57216217612e-10, 3.68317404353e-10, 7.32027563566e-11, 1.16934434358e-10, 1.39885159012e-10, 7.77270817154e-11, 1.17732282257e-10, 9.61783361286e-11, 1.06627533192e-10, 6.89314716418e-11, 3.06628368529e-11, 1.00613840176e-11, 1.00815545148e-11, 1.93940046314e-12, 1.45413059848e-13]
    },
    "mfcc": {
        "mean": [-722.450561523, 142.888000488, 13.9443778992, 36.9681930542, 11.9346837997, 1.55353474617, -6.97556877136, 2.44963026047, -10.3895721436, 9.24049854279, -0.235954582691, 0.583366453648, 8.31145954132],
        "cov": [[11141.3388672, 461.611602783, -1599.71813965, -207.280380249, -336.750518799, -621.442871094, -448.491271973, 81.2804946899, -561.479492188, 379.728210449, -51.6748466492, -132.109008789, 235.521682739], [461.611602783, 4696.55029297, -354.37210083, -786.048400879, 264.352844238, -660.081054688, -92.6014175415, 399.145263672, -245.985015869, -24.232416153, -212.603286743, -282.889984131, 293.159881592], [-1599.71813965, -354.37210083, 1018.06280518, 250.576309204, -40.2521057129, 237.45199585, 98.9476623535, 17.035993576, 123.761421204, -99.8094787598, -58.8343963623, 47.8471832275, -23.4544582367], [-207.280380249, -786.048400879, 250.576309204, 889.301330566, 294.620788574, 78.2066192627, -132.004760742, -168.502853394, 9.00596046448, -36.0625267029, -62.7133674622, -8.91433143616, -31.8028469086], [-336.750518799, 264.352844238, -40.2521057129, 294.620788574, 662.144592285, -22.6702136993, -197.150024414, -134.044342041, -27.8620491028, 40.9337501526, -81.2897872925, -63.2730293274, -5.49278640747], [-621.442871094, -660.081054688, 237.45199585, 78.2066192627, -22.6702136993, 429.240478516, 61.1649169922, -133.238342285, 99.0815658569, -34.7512168884, 71.4494781494, 86.5112991333, -84.4826889038], [-448.491271973, -92.6014175415, 98.9476623535, -132.004760742, -197.150024414, 61.1649169922, 374.999450684, 29.1162052155, 29.2484283447, 38.3098220825, 65.1129379272, 81.5590515137, -25.2844982147], [81.2804946899, 399.145263672, 17.035993576, -168.502853394, -134.044342041, -133.238342285, 29.1162052155, 317.381835938, -16.8849811554, -40.6537628174, -21.8140964508, -49.5433998108, 48.346408844], [-561.479492188, -245.985015869, 123.761421204, 9.00596046448, -27.8620491028, 99.0815658569, 29.2484283447, -16.8849811554, 206.599700928, -15.7257471085, 11.2794799805, 57.8854751587, -43.0268440247], [379.728210449, -24.232416153, -99.8094787598, -36.0625267029, 40.9337501526, -34.7512168884, 38.3098220825, -40.6537628174, -15.7257471085, 205.817871094, 3.39300370216, 2.79493761063, 13.9400262833], [-51.6748466492, -212.603286743, -58.8343963623, -62.7133674622, -81.2897872925, 71.4494781494, 65.1129379272, -21.8140964508, 11.2794799805, 3.39300370216, 159.669464111, 43.6309623718, -45.6431350708], [-132.109008789, -282.889984131, 47.8471832275, -8.91433143616, -63.2730293274, 86.5112991333, 81.5590515137, -49.5433998108, 57.8854751587, 2.79493761063, 43.6309623718, 180.553359985, -3.88922357559], [235.521682739, 293.159881592, -23.4544582367, -31.8028469086, -5.49278640747, -84.4826889038, -25.2844982147, 48.346408844, -43.0268440247, 13.9400262833, -45.6431350708, -3.88922357559, 166.563446045]],
