{
"lowlevel": {
    "average_loudness": 0.969021677971,
    "barkbands_crest": {
        "dmean": 2.95057988167,
        "dmean2": 4.68466377258,
        "dvar": 6.90324497223,
        "dvar2": 17.0662612915,
        "max": 26.2193527222,
        "mean": 10.1908226013,
        "median": 9.50278282166,
        "min": 2.88413214684,
        "var": 15.314084053
    },
    "barkbands_flatness_db": {
        "dmean": 0.0455275215209,
        "dmean2": 0.0670556798577,
        "dvar": 0.00266221701168,
        "dvar2": 0.00614773901179,
        "max": 0.53491038084,
        "mean": 0.197881728411,
        "median": 0.189458101988,
        "min": 0.0248697828501,
        "var": 0.00580844003707
    },
    "barkbands_kurtosis": {
        "dmean": 11.4740037918,
        "dmean2": 18.8971729279,
        "dvar": 365.533630371,
        "dvar2": 867.031311035,
        "max": 200.126281738,
        "mean": 11.2648468018,
        "median": 3.2675178051,
        "min": -1.96074557304,
        "var": 418.643554688
    },
    "barkbands_skewness": {
        "dmean": 1.31768739223,
        "dmean2": 1.99598658085,
        "dvar": 2.21947288513,
        "dvar2": 4.91862869263,
        "max": 12.1452178955,
        "mean": 1.7526165247,
        "median": 1.46239995956,
        "min": -6.44001960754,
        "var": 4.58988952637
    },
    "barkbands_spread": {
        "dmean": 11.9210519791,
        "dmean2": 19.6155605316,
        "dvar": 355.454528809,
        "dvar2": 831.044799805,
        "max": 148.8853302,
        "mean": 20.5505905151,
        "median": 12.8162355423,
        "min": 1.45475363731,
        "var": 507.100280762
    },
    "dissonance": {
        "dmean": 0.0298104062676,
        "dmean2": 0.0457469299436,
        "dvar": 0.00109539541882,
        "dvar2": 0.00252430839464,
        "max": 0.500000059605,
        "mean": 0.426749020815,
        "median": 0.428592979908,
        "min": 0.168962657452,
        "var": 0.00293294130825
    },
    "dynamic_complexity": 3.51190924644,
    "erbbands_crest": {
        "dmean": 3.5151553154,
        "dmean2": 5.85614538193,
        "dvar": 9.63238048553,
        "dvar2": 25.2907409668,
        "max": 27.2546958923,
        "mean": 10.5080280304,
        "median": 9.67318058014,
        "min": 2.57948708534,
        "var": 15.7555093765
    },
    "erbbands_flatness_db": {
        "dmean": 0.0349425040185,
        "dmean2": 0.0533566884696,
        "dvar": 0.00131994311232,
        "dvar2": 0.00310494285077,
        "max": 0.402020871639,
        "mean": 0.205555394292,
        "median": 0.214203968644,
        "min": 0.0261055007577,
        "var": 0.00312933931127
    },
    "erbbands_kurtosis": {
        "dmean": 3.53882145882,
        "dmean2": 5.96846532822,
        "dvar": 55.3360214233,
        "dvar2": 144.083862305,
        "max": 118.978286743,
        "mean": 2.49367451668,
        "median": 0.540232777596,
        "min": -1.85887742043,
        "var": 49.1261940002
    },
    "erbbands_skewness": {
        "dmean": 0.824430406094,
        "dmean2": 1.28704404831,
        "dvar": 0.91536962986,
        "dvar2": 2.23591732979,
        "max": 7.54818964005,
        "mean": 0.489773750305,
        "median": 0.465843111277,
        "min": -5.27429866791,
        "var": 1.60893380642
    },
    "erbbands_spread": {
        "dmean": 13.6502103806,
        "dmean2": 22.2996063232,
        "dvar": 288.90914917,
        "dvar2": 760.72845459,
        "max": 193.240463257,
        "mean": 31.0911769867,
        "median": 25.9357662201,
        "min": 1.68620717525,
        "var": 418.495330811
    },
    "hfc": {
        "dmean": 8.71946144104,
        "dmean2": 12.3664712906,
        "dvar": 85.8108215332,
        "dvar2": 161.907775879,
        "max": 76.2616195679,
        "mean": 16.0342254639,
        "median": 11.6289539337,
        "min": 9.32961707889e-09,
        "var": 207.735687256
    },
    "melbands_crest": {
        "dmean": 3.91654539108,
        "dmean2": 6.00470733643,
        "dvar": 13.2235851288,
        "dvar2": 30.7957668304,
        "max": 30.3097419739,
        "mean": 13.5648488998,
        "median": 12.5249881744,
        "min": 2.67055249214,
        "var": 29.2188415527
    },
    "melbands_flatness_db": {
        "dmean": 0.0622434131801,
        "dmean2": 0.0887749120593,
        "dvar": 0.0046396930702,
        "dvar2": 0.0103163849562,
        "max": 0.700131058693,
        "mean": 0.278472721577,
        "median": 0.274893164635,
        "min": 0.0183285288513,
        "var": 0.0125384079292
    },
    "melbands_kurtosis": {
        "dmean": 13.1022367477,
        "dmean2": 21.6136398315,
        "dvar": 552.722229004,
        "dvar2": 1458.43017578,
        "max": 473.361785889,
        "mean": 14.8449640274,
        "median": 6.57971668243,
        "min": -1.8311214447,
        "var": 552.185974121
    },
    "melbands_skewness": {
        "dmean": 1.28996860981,
        "dmean2": 1.97557377815,
        "dvar": 2.05658078194,
        "dvar2": 5.09250116348,
        "max": 13.3419694901,
        "mean": 2.36931633949,
        "median": 2.05077147484,
        "min": -3.11647868156,
        "var": 3.71360588074
    },
    "melbands_spread": {
        "dmean": 14.2794389725,
        "dmean2": 23.1574954987,
        "dvar": 734.131896973,
        "dvar2": 1796.56750488,
        "max": 258.614532471,
        "mean": 23.7434158325,
        "median": 14.3558912277,
        "min": 0.479559957981,
        "var": 1057.19995117
    },
    "pitch_salience": {
        "dmean": 0.0857284069061,
        "dmean2": 0.132747352123,
        "dvar": 0.00769905466586,
        "dvar2": 0.0174839999527,
        "max": 0.894827902317,
        "mean": 0.644603967667,
        "median": 0.673547744751,
        "min": 0.144529923797,
        "var": 0.0149047439918
    },
    "silence_rate_20dB": {
        "dmean": 0,
        "dmean2": 0,
        "dvar": 0,
        "dvar2": 0,
        "max": 1,
        "mean": 1,
        "median": 1,
        "min": 1,
        "var": 0
    },
    "silence_rate_30dB": {
        "dmean": 0,
        "dmean2": 0,
        "dvar": 0,
        "dvar2": 0,
        "max": 1,
        "mean": 1,
        "median": 1,
        "min": 1,
        "var": 0
    },
    "silence_rate_60dB": {
        "dmean": 0.0821711272001,
        "dmean2": 0.16440422833,
        "dvar": 0.0754210501909,
        "dvar2": 0.17206788063,
        "max": 1,
        "mean": 0.142426520586,
        "median": 0,
        "min": 0,
        "var": 0.122140936553
    },
    "spectral_centroid": {
        "dmean": 474.547393799,
        "dmean2": 715.83984375,
        "dvar": 467109.28125,
        "dvar2": 857428.5625,
        "max": 7177.00341797,
        "mean": 1216.37207031,
        "median": 894.26940918,
        "min": 124.921279907,
        "var": 1165269.375
    },
    "spectral_complexity": {
        "dmean": 4.79909515381,
        "dmean2": 6.64630460739,
        "dvar": 21.8424358368,
        "dvar2": 37.3483505249,
        "max": 42,
        "mean": 12.4577999115,
        "median": 12,
        "min": 0,
        "var": 72.4109344482
    },
    "spectral_decrease": {
        "dmean": 2.72442668425e-09,
        "dmean2": 3.62001006948e-09,
        "dvar": 8.33228957192e-18,
        "dvar2": 1.39352619711e-17,
        "max": 4.30901104728e-12,
        "mean": -6.50002363045e-09,
        "median": -6.72300703997e-09,
        "min": -2.53968863717e-08,
        "var": 2.54637873561e-17
    },
    "spectral_energy": {
        "dmean": 0.010918783024,
        "dmean2": 0.0145660676062,
        "dvar": 0.000133262728923,
        "dvar2": 0.000224962757784,
        "max": 0.102693684399,
        "mean": 0.0259869042784,
        "median": 0.026455566287,
        "min": 1.49230877221e-12,
        "var": 0.000402311678044
    },
    "spectral_energyband_high": {
        "dmean": 0.000302813743474,
        "dmean2": 0.000431511929492,
        "dvar": 6.44380065751e-07,
        "dvar2": 1.16670707939e-06,
        "max": 0.0107691921294,
        "mean": 0.000379325210815,
        "median": 8.51456279634e-05,
        "min": 6.93402692035e-13,
        "var": 1.04727439521e-06
    },
    "spectral_energyband_low": {
        "dmean": 0.00283530098386,
        "dmean2": 0.00396218243986,
        "dvar": 1.46580432556e-05,
        "dvar2": 2.72390789178e-05,
        "max": 0.0430946387351,
        "mean": 0.0069399131462,
        "median": 0.00612807972357,
        "min": 1.51851018467e-14,
        "var": 3.7627400161e-05
    },
    "spectral_energyband_middle_high": {
        "dmean": 0.00261962087825,
        "dmean2": 0.00368394632824,
        "dvar": 1.06142852019e-05,
        "dvar2": 1.84247401194e-05,
        "max": 0.0423040427268,
        "mean": 0.00387968472205,
        "median": 0.0017995928647,
        "min": 6.49388529061e-13,
        "var": 2.47765601671e-05
    },
    "spectral_energyband_middle_low": {
        "dmean": 0.00739142810926,
        "dmean2": 0.0100299846381,
        "dvar": 6.59803117742e-05,
        "dvar2": 0.000112531612103,
        "max": 0.07435875386,
        "mean": 0.015820113942,
        "median": 0.015132474713,
        "min": 8.84596215722e-14,
        "var": 0.000189623286133
    },
    "spectral_entropy": {
        "dmean": 0.415958762169,
        "dmean2": 0.621368169785,
        "dvar": 0.24360601604,
        "dvar2": 0.555279076099,
        "max": 8.95109272003,
        "mean": 7.01098632812,
        "median": 6.99852323532,
        "min": 3.97940468788,
        "var": 0.577709972858
    },
    "spectral_flux": {
        "dmean": 0.036202557385,
        "dmean2": 0.0590258017182,
        "dvar": 0.0010477657197,
        "dvar2": 0.0026681246236,
        "max": 0.251473158598,
        "mean": 0.0895756483078,
        "median": 0.0879784449935,
        "min": 5.44500362594e-05,
        "var": 0.00235096807592
    },
    "spectral_kurtosis": {
        "dmean": 7.7140750885,
        "dmean2": 12.253704071,
        "dvar": 141.718261719,
        "dvar2": 321.453399658,
        "max": 149.602157593,
        "mean": 12.8796596527,
        "median": 8.59638977051,
        "min": -0.788053750992,
        "var": 211.110076904
    },
    "spectral_rms": {
        "dmean": 0.00119460315909,
        "dmean2": 0.00154434982687,
        "dvar": 1.42960186622e-06,
        "dvar2": 2.24323139264e-06,
        "max": 0.0100094433874,
        "mean": 0.00445708120242,
        "median": 0.0050803842023,
        "min": 3.81564007057e-08,
        "var": 5.48753041585e-06
    },
    "spectral_rolloff": {
        "dmean": 1363.66882324,
        "dmean2": 2401.88476562,
        "dvar": 10202505,
        "dvar2": 21964706,
        "max": 19466.015625,
        "mean": 2628.67651367,
        "median": 764.428710938,
        "min": 86.1328125,
        "var": 21932930
    },
    "spectral_skewness": {
        "dmean": 0.786740541458,
        "dmean2": 1.20896756649,
        "dvar": 0.886205434799,
        "dvar2": 1.97108495235,
        "max": 10.5813894272,
        "mean": 2.26359081268,
        "median": 1.98364830017,
        "min": -0.351316064596,
        "var": 1.8085091114
    },
    "spectral_spread": {
        "dmean": 860727.5,
        "dmean2": 1291201.75,
        "dvar": 1.32664367514e+12,
        "dvar2": 2.73254291866e+12,
        "max": 17986172,
        "mean": 3456762.5,
        "median": 2901039,
        "min": 1076812.75,
        "var": 3.05923883008e+12
    },
    "spectral_strongpeak": {
        "dmean": 0.686600208282,
        "dmean2": 1.12092208862,
        "dvar": 0.748453617096,
        "dvar2": 1.69944226742,
        "max": 5.47950935364,
        "mean": 1.17346656322,
        "median": 0.731024682522,
        "min": 0,
        "var": 1.23769080639
    },
    "zerocrossingrate": {
        "dmean": 0.0344934910536,
        "dmean2": 0.037415932864,
        "dvar": 0.00307711516507,
        "dvar2": 0.00292831659317,
        "max": 0.85791015625,
        "mean": 0.0992697477341,
        "median": 0.041015625,
        "min": 0.0087890625,
        "var": 0.0185639597476
    },
    "barkbands": {
        "dmean": [3.8266143747e-06, 0.000269271346042, 0.00228219525889, 0.00077571143629, 0.00228351331316, 0.00124225113541, 0.00208570389077, 0.0021810233593, 0.00186717708129, 0.000396555464249, 0.000269233918516, 0.000545707007404, 0.000647878914606, 0.000465384800918, 0.000304893415887, 0.000283138972009, 0.000233026454225, 9.18586083571e-05, 0.00017866800772, 0.000193804822629, 7.36055662856e-05, 8.25919269118e-05, 3.61021811841e-05, 3.96580289816e-05, 1.3575918274e-05, 5.79049856242e-06, 5.89219234826e-06],
        "dmean2": [6.48458080832e-06, 0.000388058368117, 0.00315819960088, 0.00113061652519, 0.00304079195485, 0.00182514381595, 0.00322847929783, 0.00328409625217, 0.00269247754477, 0.000560276617762, 0.000385411374737, 0.000810831552371, 0.000964880862739, 0.000731020700186, 0.000476685585454, 0.000435050518718, 0.0003548731911, 0.000137488008477, 0.0002685142681, 0.00029632699443, 0.000108569918666, 0.000121903285617, 5.43675560039e-05, 5.99874329055e-05, 2.05040469154e-05, 8.31648685562e-06, 1.01988807728e-05],
        "dvar": [1.14381330796e-10, 2.11907675407e-07, 9.18012574402e-06, 3.28543751493e-06, 8.77618640516e-06, 5.41579538549e-06, 1.39367521115e-05, 1.70180719579e-05, 1.47444052345e-05, 1.06851541659e-06, 4.61516322048e-07, 1.56979263011e-06, 2.01914735953e-06, 1.33375237965e-06, 5.16479701673e-07, 3.73673969989e-07, 1.4927765335e-07, 5.04819261948e-08, 1.62479778965e-07, 1.41288211353e-07, 6.39031227934e-08, 9.8219018696e-08, 1.57022359559e-08, 2.4421193956e-08, 3.06250935722e-09, 5.37409394763e-10, 2.65402595734e-11],
        "dvar2": [2.97223745616e-10, 4.19835828325e-07, 1.62082287716e-05, 6.64674826112e-06, 1.33707562782e-05, 1.04014625322e-05, 3.09238166665e-05, 3.53037321474e-05, 2.78836105281e-05, 2.39492032961e-06, 8.36885760691e-07, 3.33124717145e-06, 4.06351728088e-06, 2.98737859339e-06, 1.20703236917e-06, 8.47819364935e-07, 3.21490944089e-07, 1.07042758657e-07, 3.51874660964e-07, 3.06572388808e-07, 1.24931389678e-07, 1.95316133045e-07, 3.34928849099e-08, 5.63627331474e-08, 6.67118627007e-09, 1.06292397106e-09, 7.53184251079e-11],
        "max": [0.000281027168967, 0.0114662097767, 0.0299886837602, 0.036435842514, 0.035652294755, 0.0477150641382, 0.0577629283071, 0.0518330559134, 0.0391525626183, 0.0272975228727, 0.0186453722417, 0.0176505278796, 0.0244229920208, 0.0136787937954, 0.00802730955184, 0.00883216224611, 0.00669692270458, 0.004715598654, 0.00879092514515, 0.00489127309993, 0.00554400589317, 0.00650308886543, 0.00181276071817, 0.002856122097, 0.00140255049337, 0.000430809537647, 6.14890886936e-05],
        "mean": [3.7563377191e-06, 0.000612164323684, 0.00539997080341, 0.00119337125216, 0.00551834562793, 0.00183348054998, 0.0024901595898, 0.00241724285297, 0.00214994396083, 0.000478414585814, 0.00032567747985, 0.000616700970568, 0.00070502969902, 0.00045428914018, 0.000310062081553, 0.000326090870658, 0.000302513450151, 0.000108611449832, 0.000217460939893, 0.000237220941926, 8.02740469226e-05, 8.77596903592e-05, 3.60338453902e-05, 4.00406679546e-05, 1.40424217534e-05, 5.85043699175e-06, 2.24281866394e-05],
        "median": [1.04037439996e-06, 0.000261187058641, 0.00465629063547, 0.000232414138736, 0.00418719742447, 0.000946020940319, 0.000781671726145, 0.000253388134297, 0.000126336934045, 4.14530004491e-05, 2.88133978756e-05, 3.63260187441e-05, 4.09902349929e-05, 3.49573674612e-05, 3.74459850718e-05, 5.44005706615e-05, 9.04825355974e-05, 2.33621940424e-05, 4.49879880762e-05, 5.61057495361e-05, 6.6574639277e-06, 1.69437817021e-06, 1.48315405113e-06, 4.89553713123e-06, 2.03991839953e-06, 4.32284252838e-07, 2.23584484047e-05],
        "min": [9.80046236731e-16, 3.75496058265e-15, 6.00891694936e-15, 1.0450608647e-14, 1.36277411407e-14, 6.37203489165e-15, 1.81943930679e-14, 6.28118637289e-15, 2.11558692792e-14, 2.44994183361e-14, 6.03559018627e-14, 9.1730334266e-14, 5.7190234807e-14, 8.29265042052e-14, 1.01101839032e-13, 7.38925386807e-14, 6.22756512157e-14, 1.7595920245e-14, 2.3135746113e-14, 1.07995304865e-13, 1.68315949828e-13, 6.17314698166e-14, 2.81218800959e-14, 5.5994339482e-14, 8.62361194281e-14, 1.18420518617e-13, 1.43660569009e-13],
        "var": [1.10779961593e-10, 8.46856551107e-07, 2.52640511462e-05, 8.12757116364e-06, 3.56231357728e-05, 1.06334682641e-05, 1.96276851057e-05, 2.53485686699e-05, 2.33689061133e-05, 1.5004522993e-06, 8.77213494732e-07, 2.41150564761e-06, 3.06983679366e-06, 1.55579596139e-06, 6.30012152669e-07, 4.9116209766e-07, 2.62829644271e-07, 7.91224366026e-08, 2.72486062158e-07, 2.18520952444e-07, 8.86024906777e-08, 1.5705816736e-07, 1.88989517369e-08, 2.58151793275e-08, 3.49380391285e-09, 6.91593615709e-10, 3.29170822544e-11]
    },
    "erbbands": {
        "dmean": [0.00170654035173, 0.106292150915, 1.88533842564, 3.17930531502, 3.26049304008, 11.7842082977, 7.8767747879, 12.1336841583, 22.3503475189, 38.4721870422, 52.4060745239, 44.6268539429, 19.7198963165, 9.03602981567, 12.9100351334, 22.9806289673, 29.2136917114, 26.1559848785, 17.5756416321, 15.2112350464, 15.1019573212, 12.6065979004, 5.58126592636, 6.78708744049, 9.88108825684, 9.41058444977, 4.26219511032, 2.46750926971, 3.26693725586, 1.66641795635, 0.946649968624, 0.748264372349, 0.675433278084, 0.216600015759, 0.0733140408993, 0.0356307551265, 0.00913949962705, 0.000453690619906, 0.000270083430223, 0.000178478119778],
        "dmean2": [0.00249477149919, 0.146794676781, 2.59183335304, 4.48445558548, 4.45921468735, 15.8265991211, 11.1912612915, 17.9209384918, 33.9891319275, 59.807975769, 78.2780532837, 64.0134658813, 27.3209877014, 12.2910528183, 18.1784667969, 33.4420471191, 42.2149353027, 39.2948913574, 27.1443786621, 23.0367889404, 22.784444809, 18.829044342, 8.12137317657, 10.3771505356, 14.9483613968, 14.3782920837, 6.30195903778, 3.59138631821, 4.79825162888, 2.49064540863, 1.40341162682, 1.13340771198, 1.02815210819, 0.32857260108, 0.109540499747, 0.0512158535421, 0.0135949822143, 0.00065724918386, 0.000462672905996, 0.00030929670902],
        "dvar": [9.58525106398e-06, 0.0265994891524, 6.22696828842, 30.2138175964, 25.9899196625, 247.548583984, 309.053985596, 513.164367676, 1734.67175293, 5588.91162109, 9953.80957031, 8416.48242188, 2098.66577148, 343.44329834, 917.721740723, 2645.2590332, 3911.30371094, 3534.79541016, 1626.33447266, 1221.81213379, 890.45300293, 423.041503906, 141.762756348, 293.4112854, 365.268859863, 334.980621338, 188.531494141, 71.0289611816, 157.551803589, 36.5096359253, 10.9892930984, 8.38127708435, 7.05718326569, 0.855949759483, 0.077509790659, 0.0206129606813, 0.00150267628487, 4.22367475039e-06, 5.16602582934e-08, 2.48615990017e-08],
        "dvar2": [2.19515113713e-05, 0.0495084412396, 10.5945053101, 60.9993095398, 46.2657432556, 405.380706787, 530.891601562, 1045.85119629, 3937.31835938, 12884.3271484, 20465.4277344, 16093.0253906, 4071.58813477, 630.19152832, 1716.22827148, 5667.33398438, 7861.453125, 7538.12597656, 3817.70166016, 2732.70874023, 1972.9909668, 888.640930176, 282.817108154, 671.192687988, 771.162414551, 705.052856445, 392.211456299, 134.594894409, 316.268829346, 76.3584671021, 23.3405189514, 19.2186794281, 16.2221279144, 1.87569081783, 0.160568639636, 0.0423537939787, 0.00299724657089, 8.35006085254e-06, 1.41246488283e-07, 7.02653011331e-08],
        "max": [0.0708329156041, 3.39711117744, 27.4910984039, 97.8165664673, 84.5929107666, 181.066696167, 350.362731934, 457.620819092, 937.039428711, 871.372070312, 1023.28491211, 914.35369873, 1120.82324219, 488.219360352, 686.606506348, 631.784729004, 1165.57922363, 869.606384277, 412.726165771, 632.183410645, 526.24798584, 406.344818115, 285.121765137, 363.329589844, 398.936462402, 239.056304932, 302.182739258, 128.731933594, 298.599304199, 110.415885925, 45.7619285583, 44.425907135, 44.178401947, 25.1529521942, 5.71206331253, 3.04210305214, 0.716546475887, 0.0496454648674, 0.00261980830692, 0.00193066708744],
        "mean": [0.0042423303239, 0.286498576403, 4.78971290588, 6.22012710571, 7.51681280136, 25.4234619141, 13.8733482361, 17.4661617279, 28.2471561432, 43.4444732666, 59.6624794006, 51.4638404846, 24.3355522156, 11.9872341156, 15.6013641357, 26.6702079773, 32.0239448547, 27.32538414, 17.8451976776, 16.3184146881, 18.7915725708, 16.6058635712, 7.12112474442, 8.25911426544, 12.4294986725, 11.6359434128, 4.68714809418, 2.71563267708, 3.41661548615, 1.67389118671, 0.941630244255, 0.742143511772, 0.689128100872, 0.222194895148, 0.0766504779458, 0.0355493277311, 0.00930842384696, 0.000518069253303, 0.00104108371306, 0.000700818083715],
        "median": [0.00301099475473, 0.190665662289, 4.04173946381, 3.74763059616, 4.26473999023, 15.4420471191, 6.4498090744, 8.16638565063, 10.5049953461, 10.3348903656, 5.93177032471, 3.38146162033, 1.85291290283, 1.35977458954, 1.30482757092, 1.61796474457, 2.04254364967, 2.18618869781, 1.9532930851, 2.44822645187, 4.22147607803, 5.15460920334, 1.97091317177, 1.82482111454, 3.05152177811, 2.72388076782, 0.854085445404, 0.150826394558, 0.0672821179032, 0.0575282722712, 0.0392563790083, 0.0591058805585, 0.0958439335227, 0.0302076116204, 0.0112159568816, 0.00312267732807, 0.000631780130789, 0.000100977151305, 0.00104189617559, 0.00068503676448],
        "min": [1.03281329344e-13, 9.27167956126e-13, 5.52768638154e-12, 2.31409440221e-11, 4.87741999566e-11, 4.0989937139e-11, 2.49671845698e-11, 6.69796371144e-11, 2.00073943524e-10, 2.84711920706e-10, 1.37647782061e-10, 4.29458663076e-10, 9.08854491666e-10, 1.11934428393e-09, 2.99531377479e-09, 3.79096443126e-09, 2.62397503725e-09, 3.98946831126e-09, 4.47036363482e-09, 5.3232098729e-09, 4.26873603132e-09, 3.30469696053e-09, 1.28608834693e-09, 6.50060838492e-10, 2.38564190624e-09, 5.05286568142e-09, 7.97229038341e-09, 4.86725904025e-09, 2.53791077043e-09, 9.01925201191e-10, 8.74346040014e-10, 1.35613920094e-09, 8.08477562675e-10, 9.92925408561e-10, 4.98459273857e-10, 2.69572142386e-10, 2.99879621135e-10, 1.08482743622e-10, 1.63517723667e-11, 2.05152561605e-12],
        "var": [2.39903383772e-05, 0.107710815966, 19.1347103119, 71.1553421021, 102.162162781, 939.319885254, 703.780212402, 885.104736328, 2441.73632812, 6999.66308594, 15013.5693359, 13058.6982422, 3564.06518555, 730.406616211, 1540.46459961, 4058.96264648, 5871.97753906, 4679.38037109, 1978.14050293, 1577.60522461, 1300.08276367, 781.096862793, 266.862792969, 416.123596191, 651.15057373, 530.552062988, 241.287490845, 111.669273376, 253.787353516, 45.6418571472, 13.195356369, 8.75570964813, 7.60873937607, 0.958980500698, 0.0942582264543, 0.0256162360311, 0.00185668945778, 5.2000082178e-06, 7.65293819427e-08, 3.05771585829e-08]
    },
    "gfcc": {
        "mean": [-74.6681671143, 107.134368896, -94.2695007324, 15.6780834198, -35.0426254272, -22.3273391724, -33.8169364929, -7.01794147491, -16.7519874573, -13.2106294632, -1.73386597633, -28.2423839569, -2.88229012489],
        "cov": [[10440.3808594, 1789.38867188, -2843.33911133, 7.52773094177, -914.944702148, -58.8448295593, -754.715393066, 733.784240723, -584.295410156, 142.655105591, -170.291992188, -449.541992188, -306.340362549], [1789.38867188, 4389.36767578, -138.597946167, -1398.75817871, 442.467926025, -646.59576416, 43.4282341003, 14.9128961563, -206.944915771, -555.75592041, 222.579040527, -385.291534424, 52.4326400757], [-2843.33911133, -138.597946167, 1572.11425781, 306.964782715, 238.359786987, -6.39592409134, 130.219284058, -236.029922485, 132.063964844, -120.904579163, 13.727306366, 193.240524292, 70.5964660645], [7.52773094177, -1398.75817871, 306.964782715, 1235.47705078, -38.2312088013, -19.5191345215, -259.820678711, -60.0917015076, 87.6438369751, 144.451339722, -118.465934753, 163.936416626, -8.07398509979], [-914.944702148, 442.467926025, 238.359786987, -38.2312088013, 519.808105469, -113.621315002, -83.1368560791, -132.981994629, 91.7420349121, -45.3563575745, 22.5308532715, -66.3485641479, 74.9824676514], [-58.8448295593, -646.59576416, -6.39592409134, -19.5191345215, -113.621315002, 499.143859863, 123.287460327, -17.2621212006, 4.14518165588, 118.731636047, -63.0082855225, 43.6718444824, -57.5802116394], [-754.715393066, 43.4282341003, 130.219284058, -259.820678711, -83.1368560791, 123.287460327, 462.357147217, -13.8605794907, -69.6850738525, -46.9672966003, 20.6719398499, 75.3927459717, -18.3026313782], [733.784240723, 14.9128961563, -236.029922485, -60.0917015076, -132.981994629, -17.2621212006, -13.8605794907, 249.028839111, -61.7820510864, -0.451433330774, 2.66511297226, -36.0850486755, -4.6477689743], [-584.295410156, -206.944915771, 132.063964844, 87.6438369751, 91.7420349121, 4.14518165588, -69.6850738525, -61.7820510864, 186.551544189, 20.5174999237, -27.4136505127, 11.6142921448, 23.3504180908], [142.655105591, -555.75592041, -120.904579163, 144.451339722, -45.3563575745, 118.731636047, -46.9672966003, -0.451433330774, 20.5174999237, 246.604125977, -42.8574638367, -27.8162403107, -25.369890213], [-170.291992188, 222.579040527, 13.727306366, -118.465934753, 22.5308532715, -63.0082855225, 20.6719398499, 2.66511297226, -27.4136505127, -42.8574638367, 140.89414978, -14.5668478012, -4.8879327774], [-449.541992188, -385.291534424, 193.240524292, 163.936416626, -66.3485641479, 43.6718444824, 75.3927459717, -36.0850486755, 11.6142921448, -27.8162403107, -14.5668478012, 196.968902588, -17.5951251984], [-306.340362549, 52.4326400757, 70.5964660645, -8.07398509979, 74.9824676514, -57.5802116394, -18.3026313782, -4.6477689743, 23.3504180908, -25.369890213, -4.8879327774, -17.5951251984, 105.960388184]],
        "icov": [[0.00186419382226, -0.00234038266353, 0.00253138202243, -0.00254948739894, 0.00253137922846, -0.00219013215974, 0.00233431742527, -0.00182991230395, 0.00203633052297, -0.0014690621756, 0.00178952363785, -0.000665162107907, 0.00117992446758], [-0.00234038266353, 0.00383966299705, -0.00331676262431, 0.00399062409997, -0.00357028772123, 0.00353341340087, -0.00272103305906, 0.00253353803419, -0.00176135066431, 0.00313490605913, -0.00192344724201, 0.00196434580721, -0.000688433879986], [0.00253138202243, -0.00331676262431, 0.00447465293109, -0.00389372231439, 0.00317189190537, -0.00320591498166, 0.00273600732908, -0.00202127080411, 0.00224535958841, -0.00173085089773, 0.0020612149965, -0.00163371360395, 0.000993530731648], [-0.00254948739894, 0.00399062409997, -0.00389372231439, 0.00564648583531, -0.00365304457955, 0.0039968052879, -0.00204045185819, 0.00275019556284, -0.00196484522894, 0.00217958097346, -0.0013327030465, 0.000528334639966, -0.000814754806925], [0.00253137922846, -0.00357028772123, 0.00317189190537, -0.00365304457955, 0.00667125172913, -0.00299231079407, 0.0034388944041, -0.00121081178077, 0.00166674365755, -0.00229473318905, 0.00204213918187, -0.000173477325006, 3.61067104677e-05], [-0.00219013215974, 0.00353341340087, -0.00320591498166, 0.0039968052879, -0.00299231079407, 0.00613592518494, -0.003176569473, 0.00254693464376, -0.0019437179435, 0.00143707124516, -0.000706379185431, 0.00134144234471, 0.000337636884069], [0.00233431742527, -0.00272103305906, 0.00273600732908, -0.00204045185819, 0.0034388944041, -0.003176569473, 0.00644241832197, -0.00197198265232, 0.00390849588439, -0.00155039562378, 0.00238537811674, -0.00208314647898, 0.00151501060463], [-0.00182991230395, 0.00253353803419, -0.00202127080411, 0.00275019556284, -0.00121081178077, 0.00254693464376, -0.00197198265232, 0.00744074163958, -0.000863979046699, 0.00214370549656, -0.00162949995138, 0.00168655766174, -0.00185270421207], [0.00203633052297, -0.00176135066431, 0.00224535958841, -0.00196484522894, 0.00166674365755, -0.0019437179435, 0.00390849588439, -0.000863979046699, 0.0100056342781, -0.00110463402234, 0.0032853926532, -0.00042979218415, 0.00112536584493], [-0.0014690621756, 0.00313490605913, -0.00173085089773, 0.00217958097346, -0.00229473318905, 0.00143707124516, -0.00155039562378, 0.00214370549656, -0.00110463402234, 0.00894733890891, -0.000592820753809, 0.00391065562144, 0.000759544724133], [0.00178952363785, -0.00192344724201, 0.0020612149965, -0.0013327030465, 0.00204213918187, -0.000706379185431, 0.00238537811674, -0.00162949995138, 0.0032853926532, -0.000592820753809, 0.0105485422537, -0.000210136218811, 0.00274796271697], [-0.000665162107907, 0.00196434580721, -0.00163371360395, 0.000528334639966, -0.000173477325006, 0.00134144234471, -0.00208314647898, 0.00168655766174, -0.00042979218415, 0.00391065562144, -0.000210136218811, 0.0100093865767, 0.00148297206033], [0.00117992446758, -0.000688433879986, 0.000993530731648, -0.000814754806925, 3.61067104677e-05, 0.000337636884069, 0.00151501060463, -0.00185270421207, 0.00112536584493, 0.000759544724133, 0.00274796271697, 0.00148297206033, 0.0131106078625]]
    },
    "melbands": {
        "dmean": [3.93451919081e-05, 0.000700601143762, 0.000481888419017, 0.000531905854587, 0.000327068526531, 0.000260892149527, 0.000367589935195, 0.000417904404458, 0.000431993161328, 0.000265025912086, 9.30383830564e-05, 3.60695339623e-05, 3.93542686652e-05, 5.54678335902e-05, 6.84610931785e-05, 6.3931409386e-05, 4.79342816107e-05, 2.93062057608e-05, 2.27794917009e-05, 1.96978107851e-05, 1.82302956091e-05, 1.46510428749e-05, 7.77103559813e-06, 3.9897172428e-06, 5.69478515899e-06, 7.47135891288e-06, 7.92094942881e-06, 5.93474987909e-06, 2.83324334305e-06, 1.85377814432e-06, 1.42975693507e-06, 2.04388720704e-06, 1.41603652537e-06, 7.95742096216e-07, 5.80868857014e-07, 4.59777282913e-07, 4.69512428936e-07, 5.33768684363e-07, 3.29810632138e-07, 1.40077190736e-07],
        "dmean2": [5.72381468373e-05, 0.000964540813584, 0.00067716097692, 0.000705974118318, 0.00045285775559, 0.000388358108466, 0.000561106426176, 0.000644954619929, 0.000644541927613, 0.000382590253139, 0.000131280932692, 4.97861619806e-05, 5.56825980311e-05, 8.04560113465e-05, 0.000101600329799, 9.51695838012e-05, 7.3959796282e-05, 4.60972514702e-05, 3.53577488568e-05, 3.03695687762e-05, 2.73468704108e-05, 2.20049587369e-05, 1.1924199498e-05, 5.88622287978e-06, 8.81109644979e-06, 1.13853056973e-05, 1.21369521366e-05, 9.10497510631e-06, 4.32649130744e-06, 2.76959394796e-06, 2.11460996979e-06, 3.01151294479e-06, 2.12894019569e-06, 1.22454150642e-06, 8.65479250933e-07, 6.96325173521e-07, 7.31234422346e-07, 8.19221725123e-07, 5.17143519119e-07, 2.14839204205e-07],
        "dvar": [4.67948968463e-09, 8.49998059493e-07, 6.1310441879e-07, 5.18571312114e-07, 3.23278044334e-07, 2.34328197735e-07, 4.2946993517e-07, 6.15349335931e-07, 6.803441579e-07, 3.13663633733e-07, 5.08027397927e-08, 5.53137358139e-09, 9.54912504625e-09, 1.7213496406e-08, 2.40556961018e-08, 2.10374366816e-08, 1.32766135863e-08, 5.29777022251e-09, 3.03868308293e-09, 2.14071183002e-09, 1.24672372426e-09, 5.92297044744e-10, 2.79197470698e-10, 1.03954816977e-10, 2.32097868702e-10, 3.27929572386e-10, 2.15975209938e-10, 1.55626567189e-10, 9.13063513686e-11, 4.37092584349e-11, 2.9247142902e-11, 6.33185656684e-11, 3.33885141757e-11, 8.31363883985e-12, 4.17679389339e-12, 3.44747407705e-12, 3.45630056693e-12, 4.22733809763e-12, 1.99161325452e-12, 4.33205310816e-13],
        "dvar2": [9.76117764395e-09, 1.46130412304e-06, 1.23426320897e-06, 7.9981248291e-07, 5.1935768397e-07, 4.75283229662e-07, 9.50652065512e-07, 1.37266022193e-06, 1.40187216857e-06, 6.01610167905e-07, 9.97372495704e-08, 1.042817388e-08, 1.72164842382e-08, 3.6583255536e-08, 5.14149611774e-08, 4.03088726841e-08, 2.93745134883e-08, 1.2596713006e-08, 7.11844894141e-09, 4.81576600819e-09, 2.73804334761e-09, 1.24029575499e-09, 6.28737895081e-10, 2.21378193555e-10, 5.42421274563e-10, 7.30131621829e-10, 4.77240469365e-10, 3.29431898427e-10, 1.98977320731e-10, 8.46744896421e-11, 6.1299701426e-11, 1.27577587383e-10, 7.27718718618e-11, 1.79253487054e-11, 8.9585188226e-12, 7.96980016704e-12, 8.11779636567e-12, 9.82576867092e-12, 4.5034518649e-12, 1.02128678778e-12],
        "max": [0.00181798590347, 0.00998030975461, 0.0140412691981, 0.00811048224568, 0.0091817015782, 0.00936198607087, 0.0135042816401, 0.00900445133448, 0.00881573464721, 0.00642591388896, 0.0055071930401, 0.00194530596491, 0.00290704518557, 0.00201242277399, 0.0018325940473, 0.00297235045582, 0.00141226965934, 0.000813066551927, 0.000660972727928, 0.00081868970301, 0.000578057952225, 0.000414090260165, 0.00033661359339, 0.000245488627115, 0.000323113898048, 0.000429495703429, 0.000208473225939, 0.000187999961781, 0.000185902346857, 0.00015020162391, 9.92037166725e-05, 0.000203926043469, 9.38049488468e-05, 5.02556431456e-05, 2.7428903195e-05, 3.73014736397e-05, 3.36525881721e-05, 3.05894609482e-05, 2.81984684989e-05, 1.96045930352e-05],
        "mean": [8.78035207279e-05, 0.00178899848834, 0.00102028378751, 0.00127533113118, 0.000633430259768, 0.000378540251404, 0.00046563349315, 0.000481537077576, 0.000487055833219, 0.000304815970594, 0.000113578113087, 4.64366166852e-05, 4.73093605251e-05, 6.34995667497e-05, 7.48133825255e-05, 6.90116139594e-05, 4.78529109387e-05, 2.87356506306e-05, 2.30573696172e-05, 2.10334892472e-05, 2.24110190175e-05, 1.87616533367e-05, 9.45869760471e-06, 4.65130278826e-06, 6.64041908749e-06, 8.9680261226e-06, 9.73601436272e-06, 7.03691284798e-06, 2.95163385999e-06, 2.00227077585e-06, 1.46077616137e-06, 2.12206168726e-06, 1.39755638884e-06, 7.80506411502e-07, 5.67996039536e-07, 4.31848775406e-07, 4.62831224013e-07, 5.34374294148e-07, 3.36467479656e-07, 1.36650072591e-07],
        "median": [3.84244558518e-05, 0.00154074397869, 0.000740918505471, 0.00084037554916, 0.000342046259902, 0.000188071659068, 0.000167116566445, 0.000103798767668, 4.1020266508e-05, 1.84002092283e-05, 8.34228194435e-06, 5.36116112926e-06, 4.13037741964e-06, 3.7864897422e-06, 4.16256580138e-06, 4.11195924244e-06, 3.48826301888e-06, 2.68596818387e-06, 2.8512067729e-06, 3.03433944282e-06, 4.68849020763e-06, 5.2126506489e-06, 2.26894053412e-06, 9.18265982364e-07, 1.27142425299e-06, 1.71913256963e-06, 2.10044254345e-06, 1.46648403643e-06, 4.75475019357e-07, 1.34765514304e-07, 4.52738468937e-08, 3.36782832733e-08, 2.53791299087e-08, 2.74413558543e-08, 2.08109689481e-08, 1.45602543355e-08, 3.90887180401e-08, 6.91424304478e-08, 4.4979323377e-08, 1.5617505511e-08],
        "min": [1.01968430817e-15, 2.32608778667e-15, 4.83433212624e-15, 3.46831213956e-15, 9.85264489081e-16, 1.51468940963e-15, 3.29156876248e-15, 2.74204385597e-15, 1.20595722942e-15, 3.03364511246e-15, 4.41331355277e-15, 3.84676582512e-15, 9.14058240854e-15, 1.04229453979e-14, 8.08979653286e-15, 5.41579568057e-15, 7.77746583905e-15, 6.97913601571e-15, 7.70450326801e-15, 5.9674085233e-15, 4.86320620886e-15, 4.20581038597e-15, 1.17996877629e-15, 8.75620097466e-16, 4.05046099649e-16, 1.09490718663e-15, 3.01160510341e-15, 3.09058542003e-15, 5.18823646764e-15, 3.571627501e-15, 2.91277605199e-15, 1.68800240916e-15, 6.12922940331e-16, 4.62546957743e-16, 4.97931335598e-16, 5.59272402847e-16, 9.39282670265e-16, 4.72058820104e-16, 8.08715559001e-16, 8.08655790238e-16],
        "var": [1.74711995982e-08, 2.62303979071e-06, 1.48962760704e-06, 2.23775646191e-06, 8.61408352648e-07, 4.09164812254e-07, 6.25636346285e-07, 8.19169542865e-07, 1.00859949725e-06, 4.86705289404e-07, 8.33642417319e-08, 1.1243844078e-08, 1.70121872145e-08, 2.53344154544e-08, 3.34538867719e-08, 3.31408216425e-08, 1.60574273878e-08, 6.03169070246e-09, 3.58798613043e-09, 2.64867039412e-09, 1.86100057586e-09, 1.06866815397e-09, 4.36524899561e-10, 1.61986146718e-10, 3.06239422709e-10, 5.43281419851e-10, 3.4299335594e-10, 2.3192273102e-10, 1.0615491125e-10, 6.04562164219e-11, 4.17070475378e-11, 1.0543040746e-10, 4.08380655681e-11, 9.65859683899e-12, 4.9699185739e-12, 3.46927976798e-12, 3.48052598027e-12, 4.46182413932e-12, 2.17817083814e-12, 4.23287056447e-13]
    },
    "mfcc": {
        "mean": [-732.204711914, 153.249069214, 0.503723859787, 32.0337486267, 14.0344715118, -12.947010994, 1.19564020634, -13.1399259567, -6.80443143845, 4.18783807755, -9.44690513611, 0.900731265545, -1.35504472256],
        "cov": [[11078.7255859, 1163.61682129, -2278.1940918, -374.077484131, -432.478790283, -1063.49316406, 7.70185279846, -406.153137207, -198.973007202, 195.344985962, -129.567672729, 69.2835540771, -51.2181663513], [1163.61682129, 5079.12353516, -608.196166992, -728.973632812, 74.5199661255, -824.91027832, 343.506408691, -60.8430900574, -125.723449707, -203.689529419, -257.69241333, 129.583084106, 69.0932006836], [-2278.1940918, -608.196166992, 1310.62329102, 347.342926025, 70.1291656494, 360.590362549, -51.0273208618, 214.927322388, 22.6377620697, -98.079788208, 12.1940698624, -33.2243728638, 41.2488059998], [-374.077484131, -728.973632812, 347.342926025, 924.050048828, 285.557495117, 33.0996208191, -196.06463623, -14.3510160446, -41.8344726562, -28.1833896637, -94.9589233398, -60.200958252, 28.9244041443], [-432.478790283, 74.5199661255, 70.1291656494, 285.557495117, 647.235229492, 28.9180431366, -196.936798096, -134.061904907, -23.4680805206, 93.8395233154, -121.893539429, -18.5945568085, -0.775964558125], [-1063.49316406, -824.91027832, 360.590362549, 33.0996208191, 28.9180431366, 632.656311035, -21.7970142365, 37.1484985352, 91.9065246582, -1.9516851902, 136.937210083, -8.39150047302, -52.6228904724], [7.70185279846, 343.506408691, -51.0273208618, -196.06463623, -196.936798096, -21.7970142365, 346.383666992, 63.2732505798, 20.8805236816, -31.5313415527, 60.9337348938, 60.0674476624, -10.4507989883], [-406.153137207, -60.8430900574, 214.927322388, -14.3510160446, -134.061904907, 37.1484985352, 63.2732505798, 288.237426758, 9.23045921326, -111.374473572, 47.4208068848, -12.776266098, 4.60038995743], [-198.973007202, -125.723449707, 22.6377620697, -41.8344726562, -23.4680805206, 91.9065246582, 20.8805236816, 9.23045921326, 211.734420776, 10.269490242, 22.6829738617, 32.0457267761, -44.4588775635], [195.344985962, -203.689529419, -98.079788208, -28.1833896637, 93.8395233154, -1.9516851902, -31.5313415527, -111.374473572, 10.269490242, 245.351486206, -19.7035961151, -36.4294319153, 23.4479179382], [-129.567672729, -257.69241333, 12.1940698624, -94.9589233398, -121.893539429, 136.937210083, 60.9337348938, 47.4208068848, 22.6829738617, -19.7035961151, 229.665008545, 22.4621334076, -58.1028327942], [69.2835540771, 129.583084106, -33.2243728638, -60.200958252, -18.5945568085, -8.39150047302, 60.0674476624, -12.776266098, 32.0457267761, -36.4294319153, 22.4621334076, 130.715438843, -18.3932552338], [-51.2181663513, 69.0932006836, 41.2488059998, 28.9244041443, -0.775964558125, -52.6228904724, -10.4507989883, 4.60038995743, -44.4588775635, 23.4479179382, -58.1028327942, -18.3932552338, 163.529251099]],
