{
"lowlevel": {
    "average_loudness": 0.977284252644,
    "barkbands_crest": {
        "dmean": 3.63496828079,
        "dmean2": 5.86321306229,
        "dvar": 10.5592107773,
        "dvar2": 25.4801483154,
        "max": 25.9446907043,
        "mean": 11.3773641586,
        "median": 10.4647579193,
        "min": 2.64614725113,
        "var": 22.6843242645
    },
    "barkbands_flatness_db": {
        "dmean": 0.0430048853159,
        "dmean2": 0.0650649219751,
        "dvar": 0.00234058359638,
        "dvar2": 0.00504838814959,
        "max": 0.439245909452,
        "mean": 0.189978152514,
        "median": 0.18827585876,
        "min": 0.0146925542504,
        "var": 0.00545834004879
    },
    "barkbands_kurtosis": {
        "dmean": 19.5935096741,
        "dmean2": 31.7948207855,
        "dvar": 1433.87109375,
        "dvar2": 3024.33032227,
        "max": 462.253936768,
        "mean": 19.992433548,
        "median": 3.82786560059,
        "min": -1.96081709862,
        "var": 2060.25488281
    },
    "barkbands_skewness": {
        "dmean": 1.84921467304,
        "dmean2": 2.76254844666,
        "dvar": 4.54351043701,
        "dvar2": 9.32668113708,
        "max": 16.5853290558,
        "mean": 2.12469577789,
        "median": 1.46474635601,
        "min": -6.58043718338,
        "var": 9.75910949707
    },
    "barkbands_spread": {
        "dmean": 12.8043050766,
        "dmean2": 21.0726604462,
        "dvar": 358.694519043,
        "dvar2": 844.239685059,
        "max": 148.178268433,
        "mean": 21.4515762329,
        "median": 10.667760849,
        "min": 0.582744121552,
        "var": 673.973144531
    },
    "dissonance": {
        "dmean": 0.0509666390717,
        "dmean2": 0.0814327970147,
        "dvar": 0.00259538018145,
        "dvar2": 0.00606141751632,
        "max": 0.500000059605,
        "mean": 0.405251652002,
        "median": 0.413191199303,
        "min": 0.136188447475,
        "var": 0.00581341329962
    },
    "dynamic_complexity": 3.93063640594,
    "erbbands_crest": {
        "dmean": 3.65683341026,
        "dmean2": 6.02450275421,
        "dvar": 10.1882381439,
        "dvar2": 24.6092739105,
        "max": 27.5438041687,
        "mean": 10.9262361526,
        "median": 10.0679540634,
        "min": 2.36833429337,
        "var": 19.4007568359
    },
    "erbbands_flatness_db": {
        "dmean": 0.0339353904128,
        "dmean2": 0.0517059899867,
        "dvar": 0.00129120470956,
        "dvar2": 0.00269700679928,
        "max": 0.358742088079,
        "mean": 0.205813571811,
        "median": 0.216563165188,
        "min": 0.0202660877258,
        "var": 0.00342238205485
    },
    "erbbands_kurtosis": {
        "dmean": 3.8486123085,
        "dmean2": 6.44368982315,
        "dvar": 48.1189918518,
        "dvar2": 123.760848999,
        "max": 80.7432861328,
        "mean": 3.51467490196,
        "median": 1.23559570312,
        "min": -1.90589022636,
        "var": 52.1735534668
    },
    "erbbands_skewness": {
        "dmean": 0.922917664051,
        "dmean2": 1.45655632019,
        "dvar": 1.2562713623,
        "dvar2": 2.87615060806,
        "max": 7.41714811325,
        "mean": 0.539178371429,
        "median": 0.552362442017,
        "min": -6.61570262909,
        "var": 2.23247814178
    },
    "erbbands_spread": {
        "dmean": 13.5404939651,
        "dmean2": 22.33568573,
        "dvar": 303.067993164,
        "dvar2": 804.622924805,
        "max": 159.063858032,
        "mean": 28.1126499176,
        "median": 22.2229671478,
        "min": 2.32590508461,
        "var": 394.843536377
    },
    "hfc": {
        "dmean": 10.0142250061,
        "dmean2": 14.514547348,
        "dvar": 144.597091675,
        "dvar2": 272.069854736,
        "max": 107.356254578,
        "mean": 17.8946762085,
        "median": 11.7164802551,
        "min": 0.000212750281207,
        "var": 317.00567627
    },
    "melbands_crest": {
        "dmean": 4.74361371994,
        "dmean2": 7.39948511124,
        "dvar": 19.2805252075,
        "dvar2": 45.0828590393,
        "max": 33.0268516541,
        "mean": 15.6790151596,
        "median": 14.7418012619,
        "min": 2.81489849091,
        "var": 41.9591789246
    },
    "melbands_flatness_db": {
        "dmean": 0.0605938844383,
        "dmean2": 0.090114466846,
        "dvar": 0.00438090506941,
        "dvar2": 0.00954518280923,
        "max": 0.571962535381,
        "mean": 0.257790356874,
        "median": 0.257531791925,
        "min": 0.0192949492484,
        "var": 0.0108731249347
    },
    "melbands_kurtosis": {
        "dmean": 18.6916637421,
        "dmean2": 30.4990959167,
        "dvar": 965.992858887,
        "dvar2": 2255.0012207,
        "max": 281.450073242,
        "mean": 20.0044498444,
        "median": 5.23615169525,
        "min": -1.94776499271,
        "var": 1300.55603027
    },
    "melbands_skewness": {
        "dmean": 1.57090616226,
        "dmean2": 2.4488723278,
        "dvar": 2.91449975967,
        "dvar2": 6.7672328949,
        "max": 12.4263467789,
        "mean": 2.52353286743,
        "median": 1.86892902851,
        "min": -3.55648350716,
        "var": 5.40824842453
    },
    "melbands_spread": {
        "dmean": 18.9237117767,
        "dmean2": 30.7894248962,
        "dvar": 1240.97668457,
        "dvar2": 2827.50830078,
        "max": 303.461456299,
        "mean": 28.4932975769,
        "median": 14.1737413406,
        "min": 0.324664056301,
        "var": 1804.78930664
    },
    "pitch_salience": {
        "dmean": 0.112175367773,
        "dmean2": 0.173599243164,
        "dvar": 0.0122254090384,
        "dvar2": 0.0272964946926,
        "max": 0.968835651875,
        "mean": 0.584779858589,
        "median": 0.625476896763,
        "min": 0.115781381726,
        "var": 0.0259146187454
    },
    "silence_rate_20dB": {
        "dmean": 0,
        "dmean2": 0,
        "dvar": 0,
        "dvar2": 0,
        "max": 1,
        "mean": 1,
        "median": 1,
        "min": 1,
        "var": 0
    },
    "silence_rate_30dB": {
        "dmean": 0,
        "dmean2": 0,
        "dvar": 0,
        "dvar2": 0,
        "max": 1,
        "mean": 1,
        "median": 1,
        "min": 1,
        "var": 0
    },
    "silence_rate_60dB": {
        "dmean": 0.0853008404374,
        "dmean2": 0.170666664839,
        "dvar": 0.0780257731676,
        "dvar2": 0.175059229136,
        "max": 1,
        "mean": 0.171298056841,
        "median": 0,
        "min": 0,
        "var": 0.141957998276
    },
    "spectral_centroid": {
        "dmean": 549.469909668,
        "dmean2": 844.898071289,
        "dvar": 686403.75,
        "dvar2": 1317660.125,
        "max": 6202.77050781,
        "mean": 1274.15161133,
        "median": 785.073364258,
        "min": 174.940216064,
        "var": 1572780
    },
    "spectral_complexity": {
        "dmean": 3.77608537674,
        "dmean2": 5.49028587341,
        "dvar": 15.3566427231,
        "dvar2": 31.1925201416,
        "max": 36,
        "mean": 8.89493751526,
        "median": 8,
        "min": 0,
        "var": 44.2484130859
    },
    "spectral_decrease": {
        "dmean": 2.70513078604e-09,
        "dmean2": 3.8058862728e-09,
        "dvar": 8.40628749516e-18,
        "dvar2": 1.38629266809e-17,
        "max": 4.61655236608e-12,
        "mean": -6.21165652248e-09,
        "median": -6.51375353655e-09,
        "min": -2.32158168245e-08,
        "var": 2.45464821071e-17
    },
    "spectral_energy": {
        "dmean": 0.010774451308,
        "dmean2": 0.0152257746086,
        "dvar": 0.000132044471684,
        "dvar2": 0.000221269583562,
        "max": 0.0930820852518,
        "mean": 0.0250672977418,
        "median": 0.0256875436753,
        "min": 1.37266242817e-08,
        "var": 0.000382347207051
    },
    "spectral_energyband_high": {
        "dmean": 0.000663940387312,
        "dmean2": 0.00100096070673,
        "dvar": 2.80872336589e-06,
        "dvar2": 5.20794446857e-06,
        "max": 0.0138389887288,
        "mean": 0.000837569648866,
        "median": 0.000120822835015,
        "min": 1.13284821524e-08,
        "var": 4.56187126474e-06
    },
    "spectral_energyband_low": {
        "dmean": 0.000577241298743,
        "dmean2": 0.000847531482577,
        "dvar": 8.22211120521e-07,
        "dvar2": 1.71996384779e-06,
        "max": 0.0132409939542,
        "mean": 0.00114591093734,
        "median": 0.00034300686093,
        "min": 1.74329353037e-11,
        "var": 2.64739765043e-06
    },
    "spectral_energyband_middle_high": {
        "dmean": 0.00275641214103,
        "dmean2": 0.00380852259696,
        "dvar": 1.58860766533e-05,
        "dvar2": 2.54582555499e-05,
        "max": 0.0510601140559,
        "mean": 0.00399643974379,
        "median": 0.000917952798773,
        "min": 5.01240104978e-10,
        "var": 4.03779013141e-05
    },
    "spectral_energyband_middle_low": {
        "dmean": 0.00896127708256,
        "dmean2": 0.0129909161478,
        "dvar": 0.000100845012639,
        "dvar2": 0.000170158935362,
        "max": 0.0787976160645,
        "mean": 0.0202192105353,
        "median": 0.0225441996008,
        "min": 2.57488613764e-11,
        "var": 0.000266223854851
    },
    "spectral_entropy": {
        "dmean": 0.428311824799,
        "dmean2": 0.636618733406,
        "dvar": 0.231020063162,
        "dvar2": 0.458508431911,
        "max": 8.81640434265,
        "mean": 6.99261331558,
        "median": 6.93724298477,
        "min": 4.38559579849,
        "var": 0.626085877419
    },
    "spectral_flux": {
        "dmean": 0.0395864658058,
        "dmean2": 0.0655272901058,
        "dvar": 0.0011926330626,
        "dvar2": 0.00307317636907,
        "max": 0.268723368645,
        "mean": 0.0897042602301,
        "median": 0.0882642865181,
        "min": 0.000117160678201,
        "var": 0.00264129252173
    },
    "spectral_kurtosis": {
        "dmean": 4.86211681366,
        "dmean2": 7.79086923599,
        "dvar": 33.879283905,
        "dvar2": 79.9444122314,
        "max": 72.4461746216,
        "mean": 9.52880477905,
        "median": 7.13830947876,
        "min": -0.691108226776,
        "var": 68.8320999146
    },
    "spectral_rms": {
        "dmean": 0.00121429818682,
        "dmean2": 0.00167955306824,
        "dvar": 1.60766967383e-06,
        "dvar2": 2.55921941061e-06,
        "max": 0.00952952168882,
        "mean": 0.00433231331408,
        "median": 0.00500609818846,
        "min": 3.65948471881e-06,
        "var": 5.68692667002e-06
    },
    "spectral_rolloff": {
        "dmean": 1551.35375977,
        "dmean2": 2683.48828125,
        "dvar": 11810921,
        "dvar2": 26549854,
        "max": 19918.2128906,
        "mean": 2989.87963867,
        "median": 861.328125,
        "min": 150.732421875,
        "var": 24302734
    },
    "spectral_skewness": {
        "dmean": 0.634986817837,
        "dmean2": 0.987002134323,
        "dvar": 0.414366751909,
        "dvar2": 0.900511324406,
        "max": 6.67798757553,
        "mean": 2.03046607971,
        "median": 1.98053133488,
        "min": -0.737335383892,
        "var": 1.17548882961
    },
    "spectral_spread": {
        "dmean": 768387.3125,
        "dmean2": 1172331.125,
        "dvar": 836828397568,
        "dvar2": 1.80451658957e+12,
        "max": 12939806,
        "mean": 3789344.5,
        "median": 3502868.75,
        "min": 999611.9375,
        "var": 2.32972170035e+12
    },
    "spectral_strongpeak": {
        "dmean": 0.806880116463,
        "dmean2": 1.38213503361,
        "dvar": 1.35374164581,
        "dvar2": 3.43199634552,
        "max": 11.8420133591,
        "mean": 1.27439343929,
        "median": 0.897877693176,
        "min": 0,
        "var": 1.5390586853
    },
    "zerocrossingrate": {
        "dmean": 0.0382837802172,
        "dmean2": 0.0420855656266,
        "dvar": 0.00269400258549,
        "dvar2": 0.00272544543259,
        "max": 0.8447265625,
        "mean": 0.111592806876,
        "median": 0.04541015625,
        "min": 0.0078125,
        "var": 0.0193584542722
    },
    "barkbands": {
        "dmean": [1.85984972632e-05, 0.000107104839117, 6.85451814206e-05, 0.00204400648363, 0.00326426886022, 0.00160942052025, 0.00134040240664, 0.00141345954034, 0.00252881390043, 0.00112743221689, 0.000506063573994, 0.000504809373524, 0.000315639976179, 0.000341440201737, 0.000266782182734, 0.000159636096214, 0.000143568991916, 0.000116061397421, 8.01535934443e-05, 0.000224858929869, 0.00021489826031, 0.00013758080604, 0.00014279280731, 0.000160620358656, 2.72954312095e-05, 2.15858290176e-06, 6.57858663544e-06],
        "dmean2": [2.91314954666e-05, 0.000179358175956, 0.000121765973745, 0.00276308902539, 0.00482836505398, 0.0023912396282, 0.00208784942515, 0.00221155793406, 0.00378154567443, 0.00158912385814, 0.000724308425561, 0.000740927644074, 0.000466212630272, 0.000516569474712, 0.000406644743634, 0.000241054352955, 0.000214353291085, 0.000180834467756, 0.000135375041282, 0.000368286215235, 0.000346943736076, 0.000225357056479, 0.000233815881074, 0.000255054881563, 4.29480933235e-05, 3.36318294103e-06, 1.14467911771e-05],
        "dvar": [3.27992633053e-09, 9.22792509073e-08, 2.40556214948e-08, 9.28548706725e-06, 2.02654755412e-05, 8.07217566035e-06, 1.17871768452e-05, 8.12777579995e-06, 1.92771894945e-05, 5.02159900861e-06, 1.09676852844e-06, 1.17953038625e-06, 5.02230761867e-07, 5.54865209779e-07, 3.82110385999e-07, 1.45093551396e-07, 6.47338964654e-08, 6.76315039527e-08, 9.09548418804e-08, 3.98836760951e-07, 3.23877827668e-07, 2.70729628937e-07, 3.71319998749e-07, 4.60020515902e-07, 1.23771064509e-08, 1.09569284201e-10, 3.59011501083e-11],
        "dvar2": [6.45463238413e-09, 2.29680196639e-07, 6.77415243899e-08, 1.51205385919e-05, 3.86511383113e-05, 1.61070274771e-05, 2.54650058196e-05, 1.7640310034e-05, 3.89996093872e-05, 9.14780412131e-06, 2.09027552955e-06, 2.39493328991e-06, 9.01636951767e-07, 1.15222258046e-06, 8.41702672005e-07, 3.2102892078e-07, 1.32594237812e-07, 1.59464406124e-07, 2.43411818701e-07, 1.05505591819e-06, 7.97047960077e-07, 6.63891739805e-07, 9.17174702408e-07, 1.04371110865e-06, 2.96903586161e-08, 2.72095790343e-10, 1.03186161005e-10],
        "max": [0.00148930179421, 0.00492777721956, 0.00270350277424, 0.0328517518938, 0.042783793062, 0.0388371907175, 0.0514528900385, 0.0361520498991, 0.0489536523819, 0.038402993232, 0.0181440263987, 0.0159021764994, 0.0155511163175, 0.00941309984773, 0.00813660398126, 0.00549105741084, 0.00279871444218, 0.00310381921008, 0.00508721824735, 0.00998903997242, 0.00820536073297, 0.00952216051519, 0.00961759779602, 0.0107165658846, 0.00173924199771, 0.000279210478766, 7.97618486104e-05],
        "mean": [1.94857857423e-05, 0.000106163017335, 6.63862301735e-05, 0.00481443572789, 0.00616497267038, 0.00269842031412, 0.00154523376841, 0.00161478086375, 0.00294846156612, 0.0013568586437, 0.00059616175713, 0.000595415593125, 0.000378772558179, 0.000394028757, 0.000290998112177, 0.000177768975846, 0.000184018717846, 0.000132198954816, 7.45050347177e-05, 0.000221544061787, 0.000226399541134, 0.000136890303111, 0.000127166029415, 0.0001459455234, 2.50908633461e-05, 2.0971556296e-06, 2.31142512348e-05],
        "median": [3.14459975925e-06, 3.35611766786e-05, 1.44498662848e-05, 0.00214917445555, 0.00359937967733, 0.00119458243717, 0.000195895670913, 0.000165784178535, 0.000184790886124, 7.70569167798e-05, 4.9838272389e-05, 4.25105572504e-05, 2.35832540056e-05, 2.56011808233e-05, 2.81844822894e-05, 2.39850141952e-05, 4.04638594773e-05, 2.41216257564e-05, 1.04518649096e-05, 2.86119447992e-05, 3.35156655638e-05, 4.30951286035e-06, 3.78461481887e-06, 6.73279737384e-06, 2.29253282669e-06, 3.61655338565e-07, 2.31719677686e-05],
        "min": [1.76551850396e-12, 1.26854091467e-11, 1.22421094529e-12, 2.81504680677e-12, 5.67306293088e-13, 2.10170422732e-12, 2.78503132015e-12, 5.6681942126e-12, 7.33149305154e-12, 4.88711935503e-12, 2.45360437696e-12, 6.8422017184e-12, 4.11577577575e-11, 4.57124997577e-11, 3.63437127615e-11, 1.98860164446e-11, 2.834238573e-11, 7.00650301666e-11, 6.07006667153e-11, 1.10271909659e-10, 1.06923442322e-10, 1.62824892458e-11, 7.6630445045e-11, 6.76537090238e-11, 1.38053596332e-10, 2.90179213991e-10, 1.0578928844e-08],
        "var": [4.23755430745e-09, 8.56112976066e-08, 2.47905980189e-08, 3.59938312613e-05, 5.03124792886e-05, 1.52520251504e-05, 1.61555763043e-05, 1.29078262034e-05, 3.00865540339e-05, 9.50027333602e-06, 1.82951748684e-06, 1.88558578884e-06, 1.00708268747e-06, 8.84363885234e-07, 5.58417241336e-07, 2.16980126311e-07, 1.15813399759e-07, 8.95083900332e-08, 7.03951315018e-08, 3.54857263574e-07, 3.36142250035e-07, 2.74348849416e-07, 3.39659834481e-07, 4.68815301247e-07, 1.25339978396e-08, 9.95009977189e-11, 4.28467088198e-11]
    },
    "erbbands": {
        "dmean": [0.00442343577743, 0.0207175444812, 0.0825611129403, 2.71131849289, 13.8535718918, 8.26266002655, 3.18034720421, 18.6036624908, 21.5240535736, 20.097114563, 31.7237930298, 58.106590271, 44.1516075134, 29.5382614136, 21.129404068, 18.9642314911, 14.4969167709, 17.1908874512, 14.9553670883, 11.515007019, 7.39426183701, 8.01579093933, 7.01846790314, 3.69601488113, 5.24978399277, 10.4031438828, 10.4064559937, 7.40378952026, 5.05865049362, 4.56964826584, 3.98446011543, 3.79835128784, 2.16690564156, 0.518263280392, 0.0886474773288, 0.016576981172, 0.00330295553431, 0.000202389637707, 0.000303956097923, 0.000198070527404],
        "dmean2": [0.00733656110242, 0.0356520451605, 0.128428369761, 3.65882134438, 20.0684528351, 12.4181499481, 4.77883720398, 27.2544784546, 32.9770622253, 30.3660926819, 50.0566711426, 87.0290679932, 63.310874939, 40.8885421753, 30.1142349243, 27.923116684, 21.1631698608, 25.8641605377, 22.2979869843, 17.0240306854, 10.8418188095, 11.7818174362, 10.4732208252, 6.02206087112, 8.71999168396, 16.9341773987, 17.0392894745, 11.8090200424, 8.18991565704, 7.51858997345, 6.46909666061, 6.10297822952, 3.52650785446, 0.810854434967, 0.135759457946, 0.0253757815808, 0.00515500037, 0.000311999378027, 0.000522069167346, 0.000344492233125],
        "dvar": [0.000208988290979, 0.00277468864806, 0.0184789747, 16.6981639862, 323.738708496, 251.147399902, 41.504825592, 1082.22583008, 2649.13085938, 1955.36010742, 4484.58789062, 11433.3515625, 7605.24609375, 3106.62060547, 1859.49487305, 1711.09533691, 1048.7166748, 1313.08251953, 1112.96350098, 771.141662598, 228.26713562, 194.094009399, 223.447418213, 114.565048218, 470.579071045, 829.725219727, 717.739501953, 493.105804443, 355.078643799, 348.165374756, 321.272003174, 284.117584229, 85.8201065063, 4.32229614258, 0.130890294909, 0.00523243518546, 0.000257278210483, 7.11618156402e-07, 6.80755647409e-08, 3.32519860535e-08],
        "dvar2": [0.000519133813214, 0.00716678518802, 0.0475380904973, 28.432182312, 581.176147461, 508.45791626, 76.1175308228, 2151.02758789, 5623.84033203, 4407.75634766, 10007.1699219, 23615.421875, 14017.7431641, 5514.84326172, 3409.14868164, 3303.27075195, 1846.46765137, 2800.99609375, 2453.28198242, 1733.38208008, 491.971954346, 400.156097412, 507.044342041, 305.884490967, 1260.94555664, 2176.28466797, 1894.49853516, 1151.75427246, 866.037719727, 850.943969727, 809.017333984, 685.734191895, 198.36151123, 10.3888893127, 0.290470570326, 0.0122391516343, 0.000634276133496, 1.68424878666e-06, 1.91170542507e-07, 9.54304155698e-08],
        "max": [0.284247219563, 0.772722601891, 2.05070590973, 45.5791969299, 156.818206787, 214.300415039, 187.380569458, 501.98348999, 743.333190918, 968.948486328, 954.329467773, 1242.38549805, 1327.80822754, 706.09185791, 968.730773926, 678.303344727, 712.728088379, 490.79586792, 640.515563965, 379.756225586, 221.523910522, 163.992324829, 190.515380859, 181.985687256, 507.390258789, 362.137664795, 418.258300781, 272.903625488, 313.510192871, 396.131591797, 328.417755127, 287.493988037, 149.840011597, 32.938293457, 8.97058868408, 1.62608909607, 0.451138526201, 0.0210053604096, 0.00334242079407, 0.00247866939753],
        "mean": [0.0042623123154, 0.0224380996078, 0.168410018086, 6.63023471832, 30.0042552948, 13.6234874725, 5.27762031555, 30.7777729034, 27.3938808441, 24.877040863, 35.8955879211, 68.1541213989, 54.4111671448, 36.9976196289, 26.0016021729, 23.3292636871, 18.249797821, 20.182718277, 17.5306892395, 13.2161836624, 9.04267978668, 10.3902215958, 8.36048984528, 3.76606845856, 4.97954797745, 10.3108053207, 11.0020227432, 7.57500696182, 5.12526226044, 4.26906824112, 3.52476024628, 3.37134218216, 1.95493817329, 0.469975024462, 0.0886876434088, 0.016547486186, 0.00323507213034, 0.000263023714069, 0.00108218658715, 0.00071910728002],
        "median": [0.00121452391613, 0.0103694954887, 0.0919538512826, 3.41916751862, 26.6350917816, 3.96889519691, 2.41578006744, 13.1809120178, 6.80610990524, 6.78508377075, 5.15801000595, 4.73139667511, 3.47930240631, 2.65965366364, 2.41520476341, 1.75262665749, 1.20288896561, 1.34905600548, 1.54537832737, 1.48043704033, 1.52463328838, 2.38581681252, 1.62410378456, 0.714183628559, 0.63954180479, 1.34261739254, 1.88692331314, 0.694425165653, 0.175316110253, 0.16845010221, 0.106343574822, 0.156794920564, 0.0904189571738, 0.0317450650036, 0.0106226224452, 0.00278547685593, 0.000576970342081, 0.000101262587123, 0.00108596915379, 0.000698131974787],
        "min": [3.52967793882e-10, 2.3787252168e-09, 1.64874636166e-09, 7.523334844e-09, 3.45103190469e-09, 2.1025994279e-09, 1.60825475159e-09, 2.39994975004e-08, 3.55336453595e-08, 6.10496115883e-08, 1.18902526935e-07, 1.00464433217e-07, 2.77558029893e-07, 1.35844615556e-07, 1.07047071651e-07, 3.27769498654e-07, 1.80929021099e-06, 1.87046839528e-06, 3.03531373902e-06, 9.35909838518e-07, 1.09232826162e-06, 1.65708820532e-06, 2.89034301204e-06, 3.50321533915e-06, 5.07529784954e-06, 4.66020946988e-06, 5.39791199117e-06, 3.74963269678e-06, 7.33611500436e-07, 2.44701800511e-06, 1.57792487698e-06, 1.15346949769e-06, 1.27586531562e-06, 1.51569270201e-06, 9.15644704946e-07, 5.66092410281e-07, 7.62209651839e-07, 3.45059703477e-07, 8.06107891549e-07, 2.67309388846e-07],
        "var": [0.000184803997399, 0.00246789376251, 0.0397380851209, 64.4903869629, 848.084411621, 620.167297363, 89.9418411255, 2050.0769043, 3762.70239258, 2733.28515625, 6286.84863281, 17490.6035156, 13219.9189453, 5949.05761719, 3194.97607422, 2911.8059082, 2148.49389648, 2131.98046875, 1656.1484375, 1199.58605957, 375.020477295, 355.321746826, 334.40322876, 97.875579834, 370.197113037, 757.934570312, 666.592102051, 543.343261719, 370.04473877, 335.407867432, 284.623809814, 261.620635986, 86.2697601318, 4.37721586227, 0.159169241786, 0.00558443926275, 0.000234161620028, 7.04137391949e-07, 1.0018017349e-07, 3.94029733286e-08]
    },
    "gfcc": {
        "mean": [-75.137046814, 89.2607192993, -104.230064392, 8.18935012817, -58.4901275635, -17.4922714233, -28.9187736511, -16.8856296539, -17.4660949707, -20.255739212, -10.8648176193, -23.4655075073, 4.74322986603],
        "cov": [[8836.15625, 1529.53564453, -2380.62158203, -398.027954102, -1397.78747559, 74.2150268555, -876.413452148, 191.111755371, -525.854797363, -238.297454834, -376.77130127, -346.244445801, -295.878845215], [1529.53564453, 3194.06274414, -352.311737061, -1515.34655762, 187.094985962, -551.977966309, -323.833221436, -254.647735596, -230.515853882, -442.843170166, -86.296546936, -183.357299805, -130.336578369], [-2380.62158203, -352.311737061, 1396.50195312, 520.264648438, 211.011611938, -61.2215766907, 134.817810059, -72.4373245239, 114.340438843, 36.7702140808, 98.4872360229, 153.906326294, 40.5574111938], [-398.027954102, -1515.34655762, 520.264648438, 1389.10009766, -151.951431274, -1.99795746803, 10.2898721695, 64.5892333984, 49.1600189209, 179.470687866, 29.2582378387, 96.3990020752, 51.908782959], [-1397.78747559, 187.094985962, 211.011611938, -151.951431274, 571.378601074, -98.7029800415, 62.8443756104, -49.6955337524, 91.8343658447, 2.71348166466, 19.7408828735, 33.4877548218, 54.6605758667], [74.2150268555, -551.977966309, -61.2215766907, -1.99795746803, -98.7029800415, 537.898254395, 172.109329224, 50.1983947754, 91.4187164307, 65.1223678589, -9.15817928314, 29.5048217773, -34.058177948], [-876.413452148, -323.833221436, 134.817810059, 10.2898721695, 62.8443756104, 172.109329224, 347.822601318, -3.51063585281, 36.157283783, 46.2420959473, 66.4390029907, 38.464012146, 11.8675746918], [191.111755371, -254.647735596, -72.4373245239, 64.5892333984, -49.6955337524, 50.1983947754, -3.51063585281, 174.16293335, 29.1800746918, 45.77759552, 13.390042305, 22.7484359741, 15.126493454], [-525.854797363, -230.515853882, 114.340438843, 49.1600189209, 91.8343658447, 91.4187164307, 36.157283783, 29.1800746918, 191.844955444, 59.8658981323, 4.78597974777, 41.4810523987, 21.3453483582], [-238.297454834, -442.843170166, 36.7702140808, 179.470687866, 2.71348166466, 65.1223678589, 46.2420959473, 45.77759552, 59.8658981323, 177.240325928, 20.4310531616, 16.4097614288, 47.6060180664], [-376.77130127, -86.296546936, 98.4872360229, 29.2582378387, 19.7408828735, -9.15817928314, 66.4390029907, 13.390042305, 4.78597974777, 20.4310531616, 126.675643921, 35.1429824829, 12.3714818954], [-346.244445801, -183.357299805, 153.906326294, 96.3990020752, 33.4877548218, 29.5048217773, 38.464012146, 22.7484359741, 41.4810523987, 16.4097614288, 35.1429824829, 104.760414124, 11.7095003128], [-295.878845215, -130.336578369, 40.5574111938, 51.908782959, 54.6605758667, -34.058177948, 11.8675746918, 15.126493454, 21.3453483582, 47.6060180664, 12.3714818954, 11.7095003128, 103.714393616]],
        "icov": [[0.0028818580322, -0.00378821697086, 0.00407349551097, -0.00406420603395, 0.00391803169623, -0.00383131508715, 0.00318912696093, -0.00311186001636, 0.00265922723338, -0.00229462026618, 0.002123007318, -0.00154685124289, 0.00109525490552], [-0.00378821697086, 0.00670525757596, -0.00570532120764, 0.00704668834805, -0.00510722119361, 0.00626899627969, -0.00345932669006, 0.00491833593696, -0.00319994147867, 0.00441158236936, -0.00263041467406, 0.0027082785964, -0.000606072833762], [0.00407349551097, -0.00570532120764, 0.00699529470876, -0.00653325254098, 0.00524969259277, -0.00546881416813, 0.00407765200362, -0.00390415778384, 0.0032388838008, -0.00319281616248, 0.00255048787221, -0.00336936139502, 0.00140085536987], [-0.00406420603395, 0.00704668834805, -0.00653325254098, 0.00853172875941, -0.00501271151006, 0.00678649172187, -0.00367102609016, 0.0050153308548, -0.00331147527322, 0.00351078342646, -0.00251145847142, 0.00228948728181, -0.000784116680734], [0.00391803169623, -0.00510722119361, 0.00524969259277, -0.00501271151006, 0.00786195416003, -0.00441727461293, 0.00378605513833, -0.00366678484716, 0.0023143067956, -0.00311464234255, 0.00316110835411, -0.00250616157427, 0.000581983884331], [-0.00383131508715, 0.00626899627969, -0.00546881416813, 0.00678649172187, -0.00441727461293, 0.00902010686696, -0.00537014659494, 0.00438351603225, -0.00472194282338, 0.00330419908278, -0.00165419327095, 0.00185291422531, 0.000398588337703], [0.00318912696093, -0.00345932669006, 0.00407765200362, -0.00367102609016, 0.00378605513833, -0.00537014659494, 0.00817274767905, -0.00259429775178, 0.00367626850493, -0.0024936508853, 0.000405265484005, -0.00159691646695, 0.00119782192633], [-0.00311186001636, 0.00491833593696, -0.00390415778384, 0.0050153308548, -0.00366678484716, 0.00438351603225, -0.00259429775178, 0.0108825415373, -0.00353370350786, 0.00207002577372, -0.00304994336329, 0.000234920487856, -0.00148418347817], [0.00265922723338, -0.00319994147867, 0.0032388838008, -0.00331147527322, 0.0023143067956, -0.00472194282338, 0.00367626850493, -0.00353370350786, 0.0102262580767, -0.00382859469391, 0.00268204137683, -0.00297039444558, 0.000948351284023], [-0.00229462026618, 0.00441158236936, -0.00319281616248, 0.00351078342646, -0.00311464234255, 0.00330419908278, -0.0024936508853, 0.00207002577372, -0.00382859469391, 0.0118892425671, -0.0026116988156, 0.00304989353754, -0.00350290443748], [0.002123007318, -0.00263041467406, 0.00255048787221, -0.00251145847142, 0.00316110835411, -0.00165419327095, 0.000405265484005, -0.00304994336329, 0.00268204137683, -0.0026116988156, 0.0117896571755, -0.00375870848075, 0.000864667468704], [-0.00154685124289, 0.0027082785964, -0.00336936139502, 0.00228948728181, -0.00250616157427, 0.00185291422531, -0.00159691646695, 0.000234920487856, -0.00297039444558, 0.00304989353754, -0.00375870848075, 0.0148775959387, -0.000779922527727], [0.00109525490552, -0.000606072833762, 0.00140085536987, -0.000784116680734, 0.000581983884331, 0.000398588337703, 0.00119782192633, -0.00148418347817, 0.000948351284023, -0.00350290443748, 0.000864667468704, -0.000779922527727, 0.0131506081671]]
    },
    "melbands": {
        "dmean": [3.37523997587e-05, 2.83210592897e-05, 0.000863524677698, 0.000846026174258, 0.000139735537232, 0.000386621861253, 0.000313029042445, 0.000241392190219, 0.000263126828941, 0.000393554160837, 0.000220309259021, 0.000124605474412, 6.75200935802e-05, 5.9340531152e-05, 4.36866030213e-05, 2.9986458685e-05, 3.30690563715e-05, 2.58698892139e-05, 1.86052529898e-05, 1.29041900436e-05, 8.13875067252e-06, 8.52641733218e-06, 8.12354846857e-06, 5.0202284001e-06, 2.76057653537e-06, 3.38914946951e-06, 4.84213387608e-06, 7.83006362326e-06, 7.3320102274e-06, 5.53681320525e-06, 3.90499917557e-06, 3.01942804981e-06, 2.59706462202e-06, 2.73531577477e-06, 2.55869986177e-06, 1.88045567029e-06, 2.83456256511e-06, 1.88707201687e-06, 9.10349001515e-07, 2.7221906862e-07],
        "dmean2": [5.54061625735e-05, 4.95892818435e-05, 0.00118970300537, 0.0012473994866, 0.000210436686757, 0.000570900563616, 0.000480494461954, 0.000367423926946, 0.000417139817728, 0.000588653434534, 0.000316853256663, 0.000173060703673, 9.66872030403e-05, 8.6414263933e-05, 6.41211881884e-05, 4.44401157438e-05, 5.03319206473e-05, 3.89319720853e-05, 2.82675446215e-05, 1.91324215848e-05, 1.22595856737e-05, 1.27946505017e-05, 1.22477549667e-05, 7.87602130004e-06, 4.59982084067e-06, 5.76615366299e-06, 8.02210433903e-06, 1.27896582853e-05, 1.21850625874e-05, 9.00876693777e-06, 6.26828932582e-06, 4.91064020025e-06, 4.27061468145e-06, 4.59018201582e-06, 4.26692849942e-06, 3.04953141494e-06, 4.71359908261e-06, 3.10821269522e-06, 1.49627283008e-06, 4.28383941653e-07],
        "dvar": [1.02812629521e-08, 3.2761249269e-09, 1.39556595968e-06, 1.34191441248e-06, 8.45886773959e-08, 4.55337698213e-07, 5.60722526188e-07, 2.39985666894e-07, 3.05609148654e-07, 5.11972530148e-07, 1.90725529592e-07, 6.04513132885e-08, 1.88745552521e-08, 1.7467559843e-08, 9.32278076959e-09, 4.14221901224e-09, 5.29393417992e-09, 3.74718700513e-09, 2.08059591777e-09, 1.07823294737e-09, 3.02167429966e-10, 2.45003878296e-10, 2.52424497971e-10, 1.53745599585e-10, 7.8408855797e-11, 2.03851394098e-10, 4.59647181428e-10, 4.57887117111e-10, 4.09243611221e-10, 2.79747169873e-10, 1.67882457935e-10, 1.32274677322e-10, 9.68568142357e-11, 1.53715443152e-10, 1.50965379087e-10, 6.91756721349e-11, 2.01028915736e-10, 8.08906205907e-11, 2.04298938877e-11, 1.18088069705e-12],
        "dvar2": [2.51314240529e-08, 8.9824006011e-09, 2.34316667047e-06, 2.54677320299e-06, 1.59325821869e-07, 9.07895639557e-07, 1.19905848806e-06, 5.22918696788e-07, 6.78437686474e-07, 1.04740320239e-06, 3.50919918901e-07, 1.08695282108e-07, 3.47526309952e-08, 3.5676009702e-08, 1.89810034357e-08, 8.03541322369e-09, 1.14522249461e-08, 8.54199466715e-09, 4.77943018495e-09, 2.33729413601e-09, 6.77165767904e-10, 5.16604647949e-10, 5.48277423462e-10, 3.77251979655e-10, 2.11743386713e-10, 5.53462053965e-10, 1.20420562411e-09, 1.22043886108e-09, 1.12001374841e-09, 7.13824332976e-10, 3.92202659238e-10, 3.28055360654e-10, 2.43578046621e-10, 3.89231813447e-10, 3.95393773278e-10, 1.68526526068e-10, 5.10241571217e-10, 1.92552127021e-10, 5.34715362266e-11, 2.80301584894e-12],
        "max": [0.00185831880663, 0.000745129422285, 0.0111954025924, 0.0113826841116, 0.00815759971738, 0.00968569889665, 0.0113561330363, 0.0087634511292, 0.00771859521046, 0.00889667961746, 0.00685236509889, 0.00327711668797, 0.00236814282835, 0.00228874827735, 0.00160136714112, 0.00105934799649, 0.000967853469774, 0.00122939876746, 0.0006540507311, 0.000548865646124, 0.0002772360167, 0.000214857034734, 0.000170680286828, 0.000164187353221, 0.000163802265888, 0.000281478161924, 0.000588537892327, 0.000245792471105, 0.000397592055378, 0.000292514741886, 0.000164241573657, 0.000190650607692, 0.000181681694812, 0.000284098117845, 0.0002042096894, 0.000138011499075, 0.000246655516094, 0.000176036905032, 0.000101711812022, 1.50792093336e-05],
        "mean": [3.38871213899e-05, 2.8935559385e-05, 0.00208267755806, 0.00170692638494, 0.000211154067074, 0.000644915620796, 0.000395903305616, 0.000293281074846, 0.000288585288217, 0.000455311237602, 0.000266681658104, 0.000152970431373, 8.31712895888e-05, 7.00345917721e-05, 5.07704062329e-05, 3.58098950528e-05, 3.79851771868e-05, 2.91598971671e-05, 2.06018085009e-05, 1.44951454786e-05, 9.8180025816e-06, 1.09017519208e-05, 9.70357541519e-06, 5.5766308833e-06, 2.63546985479e-06, 3.02535045194e-06, 4.56878660771e-06, 7.57995530876e-06, 7.46433534005e-06, 5.6375438362e-06, 3.88682883568e-06, 2.97437486552e-06, 2.38788015849e-06, 2.4213272809e-06, 2.14616420635e-06, 1.64886375842e-06, 2.35268635151e-06, 1.62185926911e-06, 7.73722263148e-07, 2.45698032586e-07],
        "median": [9.9448925539e-06, 1.03993843368e-05, 0.00150449096691, 0.00124565407168, 6.97303476045e-05, 0.000312951102387, 9.22198159969e-05, 5.91652133153e-05, 2.96236921713e-05, 2.85832866211e-05, 1.59593764693e-05, 1.04064529296e-05, 7.42172915125e-06, 5.38067479283e-06, 3.37004007633e-06, 2.33149216911e-06, 2.42674059336e-06, 2.34214280681e-06, 2.08491906051e-06, 1.64239963851e-06, 1.63167555911e-06, 2.3663869797e-06, 1.78662105554e-06, 9.10790049602e-07, 4.39875947222e-07, 3.64318850643e-07, 4.87437148422e-07, 8.78888840816e-07, 1.23196264212e-06, 7.72031285123e-07, 1.7747107961e-07, 5.35014308412e-08, 8.87732269916e-08, 8.28749406878e-08, 5.65536595332e-08, 5.21045038226e-08, 1.04837461379e-07, 5.12004127984e-08, 3.55114622153e-08, 1.79332531047e-08],
        "min": [3.96443381595e-12, 1.71939350778e-12, 1.10673341151e-12, 1.85688622681e-13, 4.27280281469e-14, 5.49070283597e-13, 5.57125743109e-13, 7.90820534058e-13, 8.85056242704e-13, 8.56614421323e-13, 1.36650738468e-12, 5.03757246421e-13, 3.27889679384e-13, 6.00258666557e-13, 1.00848864849e-12, 4.34723264331e-12, 3.58131666683e-12, 5.26271734524e-12, 2.06377298063e-12, 1.50131751649e-12, 1.18632447615e-12, 1.73236143312e-12, 2.28585379791e-12, 2.7946985004e-12, 2.71303205596e-12, 2.84447053585e-12, 4.9134004157e-12, 2.34784284028e-12, 1.92703557104e-12, 2.09199541371e-12, 9.92422507021e-13, 2.72795349678e-13, 4.69294145645e-13, 1.57415129109e-12, 1.13295364843e-12, 3.19285993044e-13, 9.61758342237e-13, 1.03388651806e-12, 8.53442804708e-13, 1.41929079166e-12],
        "var": [9.77620651099e-09, 3.08535530458e-09, 4.88713112645e-06, 3.27729503624e-06, 1.96389834173e-07, 8.55433768265e-07, 7.92078083123e-07, 3.74462899799e-07, 4.20766895104e-07, 7.82755364526e-07, 3.3307077274e-07, 1.11657094237e-07, 3.25430065118e-08, 2.72642619592e-08, 1.56363650916e-08, 7.66753238679e-09, 8.22154078151e-09, 5.03420638509e-09, 2.94551583124e-09, 1.70954728151e-09, 4.3588138654e-10, 4.14505096913e-10, 4.1209402557e-10, 1.85145815346e-10, 6.19091028442e-11, 1.49199499977e-10, 3.76604303298e-10, 4.05290079275e-10, 3.4003058702e-10, 2.55425819384e-10, 1.82960507855e-10, 1.34188327117e-10, 9.09955721884e-11, 1.33121180745e-10, 1.21370066775e-10, 6.38569613853e-11, 1.6297700689e-10, 7.43324984898e-11, 1.6662525526e-11, 1.2106330478e-12]
    },
    "mfcc": {
        "mean": [-729.435546875, 132.502624512, 0.92332804203, 16.5066070557, -9.89175987244, -7.05660200119, -7.19631004333, -11.1348962784, -1.68937468529, -5.8693561554, -19.5490703583, 0.528809070587, -13.5583333969],
        "cov": [[10291.1025391, 481.191131592, -1532.25976562, -1039.98120117, -792.206115723, -736.076904297, -433.324401855, -244.318695068, -409.575958252, 104.530693054, -439.459869385, -29.1254825592, -478.60848999], [481.191131592, 4142.61865234, -867.963989258, -1007.70819092, 34.7336769104, -578.962341309, -207.434265137, -165.125701904, -282.911010742, -362.684356689, -294.604064941, 15.3204298019, -251.215682983], [-1532.25976562, -867.963989258, 1264.15979004, 550.96295166, 63.974105835, 244.679153442, 32.9307556152, 103.993965149, 40.2154312134, -44.0974731445, 94.4346923828, 41.6662979126, 126.113609314], [-1039.98120117, -1007.70819092, 550.96295166, 1085.06311035, 200.593963623, 12.600235939, 8.06947422028, -90.6133651733, 61.1598968506, -97.8391876221, 24.1112518311, 40.0715904236, 79.7008361816], [-792.206115723, 34.7336769104, 63.974105835, 200.593963623, 392.083648682, 9.07507991791, -72.3524398804, -18.3667507172, 62.1067733765, -42.5800819397, 26.4326591492, -7.23959302902, 28.7407245636], [-736.076904297, -578.962341309, 244.679153442, 12.600235939, 9.07507991791, 447.417022705, 82.3697052002, 115.440132141, 88.5005493164, 116.782966614, 117.433502197, -42.5425720215, 56.0046539307], [-433.324401855, -207.434265137, 32.9307556152, 8.06947422028, -72.3524398804, 82.3697052002, 257.545227051, 47.2857666016, 3.63768792152, 44.3737487793, 45.4023017883, -1.51522016525, 40.8523521423], [-244.318695068, -165.125701904, 103.993965149, -90.6133651733, -18.3667507172, 115.440132141, 47.2857666016, 229.411407471, 3.0947637558, 50.8138618469, 65.9430084229, -23.4342823029, 40.4948997498], [-409.575958252, -282.911010742, 40.2154312134, 61.1598968506, 62.1067733765, 88.5005493164, 3.63768792152, 3.0947637558, 182.044631958, 51.9617424011, 40.9582443237, 6.5131444931, 36.2266044617], [104.530693054, -362.684356689, -44.0974731445, -97.8391876221, -42.5800819397, 116.782966614, 44.3737487793, 50.8138618469, 51.9617424011, 224.956390381, 63.0229492188, -24.1943759918, 29.271944046], [-439.459869385, -294.604064941, 94.4346923828, 24.1112518311, 26.4326591492, 117.433502197, 45.4023017883, 65.9430084229, 40.9582443237, 63.0229492188, 161.204864502, -5.94749403, 49.3365364075], [-29.1254825592, 15.3204298019, 41.6662979126, 40.0715904236, -7.23959302902, -42.5425720215, -1.51522016525, -23.4342823029, 6.5131444931, -24.1943759918, -5.94749403, 123.540725708, 3.97951006889], [-478.60848999, -251.215682983, 126.113609314, 79.7008361816, 28.7407245636, 56.0046539307, 40.8523521423, 40.4948997498, 36.2266044617, 29.271944046, 49.3365364075, 3.97951006889, 136.652877808]],
