{
"lowlevel": {
    "average_loudness": 0.975577116013,
    "barkbands_crest": {
        "dmean": 2.9805393219,
        "dmean2": 4.8166885376,
        "dvar": 7.20933151245,
        "dvar2": 17.4049110413,
        "max": 26.2207679749,
        "mean": 10.0432310104,
        "median": 9.03377914429,
        "min": 2.70756411552,
        "var": 16.3098468781
    },
    "barkbands_flatness_db": {
        "dmean": 0.0396241433918,
        "dmean2": 0.0594906508923,
        "dvar": 0.00172724516597,
        "dvar2": 0.00393293751404,
        "max": 0.446159273386,
        "mean": 0.175864845514,
        "median": 0.166480004787,
        "min": 0.0250763706863,
        "var": 0.00384451076388
    },
    "barkbands_kurtosis": {
        "dmean": 7.83470392227,
        "dmean2": 12.4781904221,
        "dvar": 161.307159424,
        "dvar2": 346.457794189,
        "max": 143.319793701,
        "mean": 7.7784485817,
        "median": 2.28400325775,
        "min": -1.97986412048,
        "var": 222.429229736
    },
    "barkbands_skewness": {
        "dmean": 1.13918912411,
        "dmean2": 1.72769737244,
        "dvar": 1.43819284439,
        "dvar2": 3.00698208809,
        "max": 10.0393018723,
        "mean": 1.41527724266,
        "median": 1.26889872551,
        "min": -6.08714342117,
        "var": 3.4004919529
    },
    "barkbands_spread": {
        "dmean": 14.4601297379,
        "dmean2": 23.5480918884,
        "dvar": 415.101196289,
        "dvar2": 1025.57531738,
        "max": 153.439437866,
        "mean": 28.1224021912,
        "median": 15.6759243011,
        "min": 1.42917084694,
        "var": 930.186584473
    },
    "dissonance": {
        "dmean": 0.0242201108485,
        "dmean2": 0.0381343588233,
        "dvar": 0.000768303754739,
        "dvar2": 0.00188671913929,
        "max": 0.500000178814,
        "mean": 0.448060125113,
        "median": 0.455793082714,
        "min": 0.20506028831,
        "var": 0.00189623481128
    },
    "dynamic_complexity": 4.92259979248,
    "erbbands_crest": {
        "dmean": 2.9060997963,
        "dmean2": 4.89178848267,
        "dvar": 6.75444316864,
        "dvar2": 18.2994422913,
        "max": 26.0445652008,
        "mean": 9.38595199585,
        "median": 8.84285736084,
        "min": 2.48335599899,
        "var": 10.7923192978
    },
    "erbbands_flatness_db": {
        "dmean": 0.0349141806364,
        "dmean2": 0.0531163550913,
        "dvar": 0.00125489535276,
        "dvar2": 0.00280231586657,
        "max": 0.362581670284,
        "mean": 0.190360710025,
        "median": 0.206701934338,
        "min": 0.0231447238475,
        "var": 0.00333649036475
    },
    "erbbands_kurtosis": {
        "dmean": 2.56679773331,
        "dmean2": 4.09896087646,
        "dvar": 14.2377166748,
        "dvar2": 34.6661376953,
        "max": 38.4638977051,
        "mean": 1.87389075756,
        "median": 0.40945315361,
        "min": -1.86659526825,
        "var": 18.7279911041
    },
    "erbbands_skewness": {
        "dmean": 0.728583157063,
        "dmean2": 1.13026094437,
        "dvar": 0.608123660088,
        "dvar2": 1.35622119904,
        "max": 4.48808288574,
        "mean": 0.39070764184,
        "median": 0.427001357079,
        "min": -5.03978824615,
        "var": 1.40020000935
    },
    "erbbands_spread": {
        "dmean": 14.9130334854,
        "dmean2": 24.2568092346,
        "dvar": 351.673339844,
        "dvar2": 869.261169434,
        "max": 179.986038208,
        "mean": 32.9734115601,
        "median": 26.8981571198,
        "min": 3.08714580536,
        "var": 496.73550415
    },
    "hfc": {
        "dmean": 8.60291099548,
        "dmean2": 12.3236303329,
        "dvar": 91.8137435913,
        "dvar2": 161.89213562,
        "max": 82.6576919556,
        "mean": 14.7952823639,
        "median": 9.0150680542,
        "min": 5.77940663788e-05,
        "var": 224.256103516
    },
    "melbands_crest": {
        "dmean": 4.1264500618,
        "dmean2": 6.68364334106,
        "dvar": 13.205573082,
        "dvar2": 31.583190918,
        "max": 32.0498313904,
        "mean": 13.1069173813,
        "median": 12.111743927,
        "min": 3.68499827385,
        "var": 25.5892219543
    },
    "melbands_flatness_db": {
        "dmean": 0.0577818267047,
        "dmean2": 0.0832841172814,
        "dvar": 0.00326899765059,
        "dvar2": 0.00702328700572,
        "max": 0.606070578098,
        "mean": 0.254558742046,
        "median": 0.250656187534,
        "min": 0.0223010350019,
        "var": 0.00902235414833
    },
    "melbands_kurtosis": {
        "dmean": 13.4328746796,
        "dmean2": 22.6369495392,
        "dvar": 1258.13061523,
        "dvar2": 3369.04272461,
        "max": 844.001037598,
        "mean": 14.0371980667,
        "median": 5.68323755264,
        "min": -1.84459471703,
        "var": 1074.63647461
    },
    "melbands_skewness": {
        "dmean": 1.27819299698,
        "dmean2": 2.00177788734,
        "dvar": 2.32513022423,
        "dvar2": 5.53213214874,
        "max": 18.5358085632,
        "mean": 2.3288295269,
        "median": 1.94719934464,
        "min": -2.32426953316,
        "var": 3.76562380791
    },
    "melbands_spread": {
        "dmean": 17.5139560699,
        "dmean2": 27.9750595093,
        "dvar": 990.947631836,
        "dvar2": 2149.31542969,
        "max": 259.301696777,
        "mean": 28.3505516052,
        "median": 16.5101661682,
        "min": 0.299105793238,
        "var": 1452.55554199
    },
    "pitch_salience": {
        "dmean": 0.0873541682959,
        "dmean2": 0.13936367631,
        "dvar": 0.00921559613198,
        "dvar2": 0.0203914549202,
        "max": 0.891143739223,
        "mean": 0.656159758568,
        "median": 0.710885047913,
        "min": 0.0588538125157,
        "var": 0.0246419422328
    },
    "silence_rate_20dB": {
        "dmean": 0,
        "dmean2": 0,
        "dvar": 0,
        "dvar2": 0,
        "max": 1,
        "mean": 1,
        "median": 1,
        "min": 1,
        "var": 0
    },
    "silence_rate_30dB": {
        "dmean": 0,
        "dmean2": 0,
        "dvar": 0,
        "dvar2": 0,
        "max": 1,
        "mean": 1,
        "median": 1,
        "min": 1,
        "var": 0
    },
    "silence_rate_60dB": {
        "dmean": 0.109957709908,
        "dmean2": 0.219999998808,
        "dvar": 0.0978653356433,
        "dvar2": 0.205446526408,
        "max": 1,
        "mean": 0.215603381395,
        "median": 0,
        "min": 0,
        "var": 0.169114068151
    },
    "spectral_centroid": {
        "dmean": 521.979370117,
        "dmean2": 797.680541992,
        "dvar": 465302.5,
        "dvar2": 888712.75,
        "max": 5582.42041016,
        "mean": 1400.2767334,
        "median": 1094.00561523,
        "min": 145.122238159,
        "var": 1118200.375
    },
    "spectral_complexity": {
        "dmean": 5.48712015152,
        "dmean2": 7.34692287445,
        "dvar": 30.7066459656,
        "dvar2": 50.2902526855,
        "max": 43,
        "mean": 12.9369716644,
        "median": 11,
        "min": 0,
        "var": 104.779457092
    },
    "spectral_decrease": {
        "dmean": 2.39448860739e-09,
        "dmean2": 3.24839155574e-09,
        "dvar": 7.15925647345e-18,
        "dvar2": 1.14417524844e-17,
        "max": 4.41728424672e-12,
        "mean": -4.89102447432e-09,
        "median": -3.97178201439e-09,
        "min": -2.4821039446e-08,
        "var": 2.09633706128e-17
    },
    "spectral_energy": {
        "dmean": 0.0097053963691,
        "dmean2": 0.0132295209914,
        "dvar": 0.000118134295917,
        "dvar2": 0.00018974946579,
        "max": 0.101177595556,
        "mean": 0.019801825285,
        "median": 0.0156477130949,
        "min": 3.90679932849e-09,
        "var": 0.000341252482031
    },
    "spectral_energyband_high": {
        "dmean": 0.000277412269497,
        "dmean2": 0.000411225366406,
        "dvar": 4.0832443915e-07,
        "dvar2": 7.3070259532e-07,
        "max": 0.00802476238459,
        "mean": 0.000357873883331,
        "median": 8.63339810167e-05,
        "min": 2.9561317838e-09,
        "var": 6.68232928547e-07
    },
    "spectral_energyband_low": {
        "dmean": 0.00126059574541,
        "dmean2": 0.00181326514576,
        "dvar": 2.44378929892e-06,
        "dvar2": 4.73471800433e-06,
        "max": 0.0174880046397,
        "mean": 0.00288221170194,
        "median": 0.00252300594002,
        "min": 1.37944544676e-10,
        "var": 6.58344697513e-06
    },
    "spectral_energyband_middle_high": {
        "dmean": 0.00284553761594,
        "dmean2": 0.0040825298056,
        "dvar": 1.41915352287e-05,
        "dvar2": 2.51002256846e-05,
        "max": 0.0323386825621,
        "mean": 0.00411234609783,
        "median": 0.00132494932041,
        "min": 3.16850129467e-10,
        "var": 2.94267374557e-05
    },
    "spectral_energyband_middle_low": {
        "dmean": 0.00655486155301,
        "dmean2": 0.00912267249078,
        "dvar": 5.74750520173e-05,
        "dvar2": 9.20632010093e-05,
        "max": 0.0675670653582,
        "mean": 0.0127113498747,
        "median": 0.00976921804249,
        "min": 1.88678517254e-10,
        "var": 0.000164178796695
    },
    "spectral_entropy": {
        "dmean": 0.358178883791,
        "dmean2": 0.534532785416,
        "dvar": 0.166065424681,
        "dvar2": 0.347788959742,
        "max": 8.8701581955,
        "mean": 7.23802280426,
        "median": 7.19149208069,
        "min": 4.58556556702,
        "var": 0.44039657712
    },
    "spectral_flux": {
        "dmean": 0.0346367023885,
        "dmean2": 0.0567206926644,
        "dvar": 0.00110092503019,
        "dvar2": 0.00248987763189,
        "max": 0.289507836103,
        "mean": 0.084441460669,
        "median": 0.080169595778,
        "min": 6.2504397647e-05,
        "var": 0.0027216845192
    },
    "spectral_kurtosis": {
        "dmean": 5.8113617897,
        "dmean2": 9.35731887817,
        "dvar": 59.9047737122,
        "dvar2": 142.832809448,
        "max": 91.3513946533,
        "mean": 10.488576889,
        "median": 7.79085969925,
        "min": -1.00123333931,
        "var": 97.5267715454
    },
    "spectral_rms": {
        "dmean": 0.00115164415911,
        "dmean2": 0.0015086614294,
        "dvar": 1.33131936764e-06,
        "dvar2": 1.93096616385e-06,
        "max": 0.0099352831021,
        "mean": 0.00374083220959,
        "median": 0.00390718039125,
        "min": 1.95230927602e-06,
        "var": 5.32500916961e-06
    },
    "spectral_rolloff": {
        "dmean": 1404.74169922,
        "dmean2": 2493.60546875,
        "dvar": 10784319,
        "dvar2": 23670768,
        "max": 19207.6171875,
        "mean": 3493.90966797,
        "median": 1162.79296875,
        "min": 64.599609375,
        "var": 31402606
    },
    "spectral_skewness": {
        "dmean": 0.671109557152,
        "dmean2": 1.03258144855,
        "dvar": 0.516485095024,
        "dvar2": 1.19635426998,
        "max": 8.22190952301,
        "mean": 1.97229480743,
        "median": 1.75914311409,
        "min": -0.141230463982,
        "var": 1.19144427776
    },
    "spectral_spread": {
        "dmean": 951153.875,
        "dmean2": 1445091.25,
        "dvar": 1.81162357555e+12,
        "dvar2": 3.46177693286e+12,
        "max": 16414115,
        "mean": 3668317.5,
        "median": 2933545.75,
        "min": 933605.5,
        "var": 3.99758589952e+12
    },
    "spectral_strongpeak": {
        "dmean": 0.675709009171,
        "dmean2": 1.09781014919,
        "dvar": 0.703934073448,
        "dvar2": 1.62339293957,
        "max": 5.57912302017,
        "mean": 1.16977500916,
        "median": 0.774752855301,
        "min": 0,
        "var": 1.32358050346
    },
    "zerocrossingrate": {
        "dmean": 0.0367731526494,
        "dmean2": 0.0402028262615,
        "dvar": 0.00294823292643,
        "dvar2": 0.00297439028509,
        "max": 0.8427734375,
        "mean": 0.126799061894,
        "median": 0.05078125,
        "min": 0.0087890625,
        "var": 0.0280955508351
    },
    "barkbands": {
        "dmean": [2.72670058621e-06, 0.000389542721678, 0.000910543836653, 0.000314529985189, 0.00149513629731, 0.00132672733162, 0.00240405229852, 0.00246760877781, 0.00136222096626, 0.00047726862249, 0.000544083421119, 0.000723090255633, 0.00050367397489, 0.000454997381894, 0.000287082279101, 0.00021414613002, 0.000244637543801, 0.00010090352589, 0.000280133273918, 0.000136278642458, 7.23893681425e-05, 6.09445050941e-05, 4.78958099848e-05, 3.21214210999e-05, 8.1041471276e-06, 5.3723460951e-06, 5.95441588302e-06],
        "dmean2": [4.56459656561e-06, 0.000557136605494, 0.00131994090043, 0.000478458125144, 0.00193118676543, 0.00197702087462, 0.00377697497606, 0.00371614121832, 0.00200806488283, 0.000706607359461, 0.000831785961054, 0.00115662266035, 0.000781303737313, 0.000710776424967, 0.000447289756266, 0.000329307717038, 0.000368913519196, 0.000151778658619, 0.000418665673351, 0.000203919247724, 0.000109593340312, 9.18542500585e-05, 7.2602815635e-05, 5.00057140016e-05, 1.25614169519e-05, 8.33597550809e-06, 1.02617595985e-05],
        "dvar": [6.7706083795e-11, 3.1163548897e-07, 1.508925493e-06, 3.40852494674e-07, 4.74777516501e-06, 4.94055439049e-06, 1.5767156583e-05, 1.86725992535e-05, 1.11815879791e-05, 1.36866719913e-06, 1.8925564973e-06, 2.98173085866e-06, 1.38255131787e-06, 1.39663802656e-06, 7.1122690315e-07, 2.02736515575e-07, 1.5913447271e-07, 3.29233103002e-08, 2.13722344711e-07, 5.6904166712e-08, 2.76604659177e-08, 4.4126387877e-08, 3.49225359741e-08, 1.64465951968e-08, 9.68870317308e-10, 2.46007686444e-10, 2.8924003817e-11],
        "dvar2": [1.55484736197e-10, 6.12007283962e-07, 2.88364344669e-06, 6.97327095622e-07, 7.04487138137e-06, 1.02171397884e-05, 3.3880063711e-05, 3.78431977879e-05, 2.16666485358e-05, 2.88812407234e-06, 4.32215074397e-06, 6.90539445714e-06, 2.95875292977e-06, 3.07418326884e-06, 1.61075502092e-06, 4.50427307896e-07, 3.06266400685e-07, 7.1672559443e-08, 4.4054795012e-07, 1.23198901747e-07, 5.56249482031e-08, 8.05569442264e-08, 7.24738953295e-08, 3.72441313345e-08, 2.35472419341e-09, 5.41115541264e-10, 8.25210663691e-11],
        "max": [0.000252093625022, 0.0129554281011, 0.014365978539, 0.0107652042061, 0.0249405018985, 0.0306695010513, 0.0453420616686, 0.0364960134029, 0.0458029806614, 0.020556718111, 0.0175332706422, 0.0199434459209, 0.0147789558396, 0.0148866195232, 0.0110127525404, 0.0061903456226, 0.00474953977391, 0.00235979259014, 0.00596385588869, 0.00291308504529, 0.00236041052267, 0.00309315067716, 0.00371251045726, 0.00291858217679, 0.000594856392127, 0.000321243191138, 6.09689850535e-05],
        "mean": [2.86467206934e-06, 0.000869845913257, 0.00182172481436, 0.000459638569737, 0.00312511785887, 0.00198747357354, 0.00271518458612, 0.00275357835926, 0.00152249354869, 0.000556587008759, 0.000558253319468, 0.000710214255378, 0.000552585406695, 0.000433999783127, 0.000280909211142, 0.000236587584368, 0.000309628405375, 0.000119390919281, 0.000349615496816, 0.000169329781784, 8.41807705001e-05, 6.65791303618e-05, 4.85696182295e-05, 3.09823080897e-05, 7.93778144725e-06, 5.64896799915e-06, 2.29137967835e-05],
        "median": [1.22554683912e-06, 0.000500093912706, 0.0014040407259, 0.000114945345558, 0.0019890035037, 0.00122334575281, 0.000700535718352, 0.000172104293597, 6.56135234749e-05, 4.49818035122e-05, 3.65803571185e-05, 3.08348644467e-05, 2.07876419154e-05, 2.43976046477e-05, 2.75239108305e-05, 2.85244932456e-05, 6.43949460937e-05, 2.51454039244e-05, 6.46667831461e-05, 3.56818782166e-05, 1.42982353282e-05, 3.62109358321e-06, 1.68785186361e-06, 1.6489511836e-06, 9.21105026919e-07, 1.04859236671e-06, 2.31634658121e-05],
        "min": [1.09418485557e-12, 1.0359731302e-11, 8.70792465912e-11, 7.06959213392e-11, 8.03552710482e-11, 1.01076673073e-11, 1.39332347743e-11, 3.58276559462e-12, 8.24812093625e-12, 4.05295458653e-12, 5.38599980587e-13, 3.02036997843e-12, 2.40368575738e-11, 7.32348487409e-11, 1.82188465703e-11, 5.22294082983e-11, 2.06967117056e-11, 2.05136810316e-11, 7.48792902683e-11, 4.97348481843e-11, 2.77251069325e-11, 1.50261001558e-11, 7.75945974141e-11, 9.47792122563e-11, 8.53048257032e-11, 2.59685412063e-10, 2.45839881785e-09],
        "var": [7.09263689447e-11, 1.4045106127e-06, 3.69691974811e-06, 7.79609138135e-07, 1.66183544934e-05, 8.34611728351e-06, 2.27203072427e-05, 2.83983008558e-05, 1.7530621335e-05, 1.99866690309e-06, 2.18709510591e-06, 3.34257765644e-06, 2.22132825911e-06, 1.63253560004e-06, 8.09122809642e-07, 2.68969500894e-07, 2.90808770842e-07, 5.0291731668e-08, 3.83572995588e-07, 9.52797876153e-08, 4.13298479884e-08, 6.59227623601e-08, 4.28518269757e-08, 1.72941767573e-08, 9.62281920813e-10, 2.97374208591e-10, 3.54198927133e-11]
    },
    "erbbands": {
        "dmean": [0.00289469049312, 0.122241429985, 0.924516499043, 0.894342303276, 3.29371356964, 5.96832942963, 5.72001457214, 13.3765735626, 28.2498016357, 47.9422492981, 48.0190734863, 32.3389129639, 13.790596962, 17.7030315399, 24.2046356201, 27.7478370667, 21.5627651215, 23.9174938202, 19.6644554138, 12.3145933151, 11.6725769043, 13.4620771408, 5.57966184616, 11.4425964355, 13.0052757263, 5.93816518784, 4.6311583519, 2.03887081146, 2.00934529305, 1.97868645191, 1.28965461254, 0.798185169697, 0.455905675888, 0.123848512769, 0.0466925390065, 0.0339324735105, 0.00769520783797, 0.00037329364568, 0.000276883569313, 0.000179953771294],
        "dmean2": [0.00432744668797, 0.173981264234, 1.33900284767, 1.32163107395, 4.34616327286, 7.69243526459, 7.90458965302, 20.1953449249, 43.4037437439, 74.1898422241, 70.4057235718, 47.3692092896, 20.1802806854, 26.3447628021, 36.3513946533, 43.4253807068, 32.382358551, 36.4141311646, 30.4713993073, 18.5559387207, 17.4034233093, 20.1452064514, 8.14139461517, 16.8281574249, 19.6115188599, 8.81536006927, 6.90806722641, 3.02823853493, 3.02610516548, 2.97556877136, 1.99525952339, 1.2398006916, 0.699291586876, 0.185434535146, 0.0746102556586, 0.0541724935174, 0.011723536998, 0.000574212695938, 0.00047152818297, 0.00030997855356],
        "dvar": [2.32239290199e-05, 0.0280053522438, 1.43498158455, 2.55729985237, 22.83452034, 108.741508484, 141.708206177, 555.540649414, 2650.75292969, 7049.62792969, 7405.64990234, 6341.01367188, 935.467041016, 2193.18310547, 3154.45874023, 4175.25048828, 2189.71923828, 3362.88623047, 3123.36621094, 978.646850586, 466.604858398, 510.210296631, 89.1547698975, 424.732177734, 488.946075439, 105.749160767, 84.3536224365, 34.3026428223, 47.7777557373, 53.1778526306, 26.3768863678, 11.5139522552, 2.69792413712, 0.201164975762, 0.0363084711134, 0.0121501442045, 0.000547656964045, 1.46109016441e-06, 5.6741868093e-08, 2.66294311047e-08],
        "dvar2": [4.86595854454e-05, 0.0548080727458, 2.69366240501, 5.1520857811, 36.3662528992, 172.851516724, 236.975509644, 1155.9519043, 5650.93554688, 15394.9726562, 14548.1259766, 12413.9746094, 1918.60095215, 4559.50976562, 6983.56689453, 9497.02441406, 4596.91210938, 7040.54833984, 7312.12792969, 2126.91088867, 1006.72546387, 986.193725586, 177.340911865, 881.260742188, 1017.58050537, 218.487045288, 172.605010986, 64.0249176025, 87.5757293701, 99.0387878418, 58.5265274048, 26.6416282654, 5.80943632126, 0.456963628531, 0.0949517115951, 0.0296439565718, 0.00112799776252, 3.0822793633e-06, 1.59552726586e-07, 7.55842393119e-08],
        "max": [0.163790002465, 3.50922322273, 13.3402433395, 34.092212677, 54.7551498413, 144.405883789, 303.927825928, 393.153961182, 635.039733887, 984.214477539, 936.458068848, 1126.3581543, 561.620239258, 829.445983887, 695.250366211, 708.961364746, 512.214294434, 697.408508301, 733.4375, 381.119445801, 252.099700928, 278.53717041, 116.847541809, 234.823104858, 351.531768799, 146.976455688, 142.878677368, 102.701309204, 94.9770278931, 121.159996033, 96.5022964478, 76.0647735596, 32.8043861389, 8.18988132477, 5.67398929596, 2.42705416679, 0.535029232502, 0.0236212015152, 0.00279781688005, 0.00187934481073],
        "mean": [0.00645506149158, 0.284552246332, 1.97175252438, 1.74123716354, 6.64325809479, 11.2277708054, 10.1254014969, 18.4486961365, 33.5061149597, 53.9301605225, 55.20362854, 36.0706100464, 16.8165359497, 20.3049621582, 25.862695694, 28.2186355591, 24.3573551178, 24.9068984985, 18.6002826691, 13.021771431, 13.9948673248, 17.2422370911, 7.10824775696, 13.9286022186, 16.1678104401, 7.61073827744, 5.54496002197, 2.28484463692, 2.20931100845, 2.10381269455, 1.27138757706, 0.756128072739, 0.441220223904, 0.119189172983, 0.0459505543113, 0.0348200649023, 0.00805496424437, 0.000442450371338, 0.00107212015428, 0.000706748222001],
        "median": [0.003489658935, 0.191862776875, 1.6846985817, 1.15200388432, 3.54111337662, 4.4971036911, 6.49263286591, 9.060962677, 11.4158802032, 7.6337223053, 3.23634886742, 1.75199604034, 1.32909679413, 1.5868332386, 1.69395709038, 1.32152581215, 1.11593198776, 1.24820065498, 1.59563076496, 1.5993694067, 2.22582268715, 3.64647364616, 1.65288436413, 2.52941298485, 2.82769823074, 1.75921106339, 1.12755608559, 0.305008769035, 0.134572118521, 0.0871127992868, 0.03809857741, 0.0263967476785, 0.0289107002318, 0.0119403321296, 0.0065675964579, 0.00607786513865, 0.0012802137062, 0.00012445844186, 0.00108018401079, 0.000694804475643],
        "min": [3.2002936412e-10, 3.66600239055e-09, 7.15723800226e-08, 2.02995835252e-07, 3.33749596848e-07, 2.03399196153e-07, 6.7064696907e-08, 8.55999218174e-08, 1.94194868186e-07, 1.17794286325e-07, 1.23526092466e-07, 2.18359545556e-07, 1.35299359272e-07, 6.77749412148e-08, 3.01873264164e-08, 2.27664500585e-07, 1.20233005418e-06, 3.95899542127e-06, 1.55201860252e-06, 1.40368535995e-06, 2.64343952949e-06, 1.38990844789e-06, 1.16138653539e-06, 1.74712340595e-06, 4.50557035947e-06, 2.391311682e-06, 1.65174458289e-06, 6.62873674173e-07, 5.09709877861e-07, 8.89475870736e-07, 2.41663792622e-06, 2.21458049054e-06, 1.72330214809e-06, 1.00923080026e-06, 5.54882319648e-07, 6.58962619582e-07, 6.12872895545e-07, 3.53581214085e-07, 3.07108706465e-07, 4.95938650147e-08],
        "var": [0.000141230819281, 0.114746890962, 3.58265757561, 5.48360013962, 76.9328308105, 337.554595947, 285.013275146, 902.711669922, 3642.54833984, 9970.17871094, 11400.4814453, 9520.17871094, 1526.2722168, 2943.37231445, 3997.95849609, 4880.93408203, 3628.91918945, 4792.96533203, 3289.19726562, 1215.23413086, 712.301757812, 938.772888184, 157.442092896, 696.251159668, 876.463989258, 184.687637329, 132.680496216, 51.3145713806, 70.9573822021, 73.8254928589, 30.0764560699, 11.8230714798, 3.0576775074, 0.217425435781, 0.032112531364, 0.0122185619548, 0.000708860869054, 1.83174256563e-06, 8.54498978242e-08, 3.25704085924e-08]
    },
    "gfcc": {
        "mean": [-86.6652069092, 97.6109771729, -96.0533218384, 17.7518119812, -34.4502983093, -25.5738277435, -22.2857379913, -7.0571231842, -13.1284017563, -5.81011199951, -1.24116063118, -14.7742166519, -4.82135677338],
        "cov": [[12798.4453125, 2695.44775391, -3077.76708984, -391.282440186, -1416.67358398, -633.27722168, -1104.53027344, 643.197631836, -1085.46008301, 230.610443115, -524.601379395, -41.8789482117, -561.542602539], [2695.44775391, 4009.35522461, -503.366882324, -1382.22875977, 149.373443604, -890.983276367, -29.0037899017, -64.1137695312, -493.582275391, -407.985137939, -52.6369552612, -82.5001831055, 31.187122345], [-3077.76708984, -503.366882324, 1432.89758301, 348.147338867, 188.674133301, 181.200408936, 194.783538818, -182.71522522, 219.890716553, -121.871887207, 98.0191040039, 93.5196914673, 168.575698853], [-391.282440186, -1382.22875977, 348.147338867, 1185.18505859, 28.2749156952, 84.6771469116, -234.569702148, -68.7792053223, 151.426956177, 128.919830322, 40.250289917, 25.3510227203, 36.4021492004], [-1416.67358398, 149.373443604, 188.674133301, 28.2749156952, 643.314025879, -88.9202957153, -56.3667945862, -140.412475586, 114.490661621, -27.7536487579, 99.7507171631, -69.458190918, 94.0489959717], [-633.27722168, -890.983276367, 181.200408936, 84.6771469116, -88.9202957153, 549.321289062, 121.033584595, 11.3109493256, 139.910964966, 91.513671875, -3.09608674049, 46.6080169678, -50.1725730896], [-1104.53027344, -29.0037899017, 194.783538818, -234.569702148, -56.3667945862, 121.033584595, 544.275268555, 48.4767875671, 13.6916341782, -73.8491516113, 15.0179347992, 57.7415466309, 29.5931167603], [643.197631836, -64.1137695312, -182.71522522, -68.7792053223, -140.412475586, 11.3109493256, 48.4767875671, 238.388259888, -59.0927047729, 29.3389263153, -38.6713218689, 7.42317867279, -58.9817504883], [-1085.46008301, -493.582275391, 219.890716553, 151.426956177, 114.490661621, 139.910964966, 13.6916341782, -59.0927047729, 263.255371094, 52.6557159424, 48.9696769714, -18.6830711365, 19.3105716705], [230.610443115, -407.985137939, -121.871887207, 128.919830322, -27.7536487579, 91.513671875, -73.8491516113, 29.3389263153, 52.6557159424, 196.509033203, -5.93918895721, -32.6132888794, -53.9916572571], [-524.601379395, -52.6369552612, 98.0191040039, 40.250289917, 99.7507171631, -3.09608674049, 15.0179347992, -38.6713218689, 48.9696769714, -5.93918895721, 122.569526672, -17.1890792847, 3.46321344376], [-41.8789482117, -82.5001831055, 93.5196914673, 25.3510227203, -69.458190918, 46.6080169678, 57.7415466309, 7.42317867279, -18.6830711365, -32.6132888794, -17.1890792847, 123.307273865, 13.7054185867], [-561.542602539, 31.187122345, 168.575698853, 36.4021492004, 94.0489959717, -50.1725730896, 29.5931167603, -58.9817504883, 19.3105716705, -53.9916572571, 3.46321344376, 13.7054185867, 142.386474609]],
        "icov": [[0.00284324889071, -0.00361492461525, 0.00395782245323, -0.00397943099961, 0.00385702773929, -0.0034509783145, 0.00352217606269, -0.00322440010495, 0.00300053576939, -0.00246914755553, 0.00250470405445, -0.00160352699459, 0.0012553994311], [-0.00361492461525, 0.00567748118192, -0.00515416497365, 0.0061328294687, -0.0050467713736, 0.00560586201027, -0.00421122461557, 0.00466431956738, -0.00301711796783, 0.00400889245793, -0.00294281938113, 0.00225996412337, -0.00106622162275], [0.00395782245323, -0.00515416497365, 0.00676150806248, -0.00600489228964, 0.0053163128905, -0.00525307515636, 0.00453779473901, -0.00414797384292, 0.00349635072052, -0.00274244858883, 0.00302268425003, -0.00276961852796, 0.000922860112041], [-0.00397943099961, 0.0061328294687, -0.00600489228964, 0.00786876585335, -0.00536364875734, 0.00608894182369, -0.00402701413259, 0.00502742547542, -0.00374437472783, 0.00343440938741, -0.00359742552973, 0.00196850532666, -0.00162367615849], [0.00385702773929, -0.0050467713736, 0.0053163128905, -0.00536364875734, 0.00761766871437, -0.0045459009707, 0.00498979492113, -0.00383140635677, 0.00325003755279, -0.00344120431691, 0.00205917004496, -0.00127478863578, 0.0004631789634], [-0.0034509783145, 0.00560586201027, -0.00525307515636, 0.00608894182369, -0.0045459009707, 0.00838266219944, -0.00455199507996, 0.00469300383702, -0.00407811347395, 0.00275971880183, -0.00228633545339, 0.00120058190078, 0.00021090968221], [0.00352217606269, -0.00421122461557, 0.00453779473901, -0.00402701413259, 0.00498979492113, -0.00455199507996, 0.00708920462057, -0.00467991409823, 0.00374097935855, -0.00232248497196, 0.00244668126106, -0.00255437800661, 0.00095673679607], [-0.00322440010495, 0.00466431956738, -0.00414797384292, 0.00502742547542, -0.00383140635677, 0.00469300383702, -0.00467991409823, 0.00965148676187, -0.00245467200875, 0.0026455335319, -0.00191478792112, 0.00184970977716, 0.000247261341428], [0.00300053576939, -0.00301711796783, 0.00349635072052, -0.00374437472783, 0.00325003755279, -0.00407811347395, 0.00374097935855, -0.00245467200875, 0.00997616350651, -0.00335636409, 0.00175970233977, -0.00038902729284, 0.00130309874658], [-0.00246914755553, 0.00400889245793, -0.00274244858883, 0.00343440938741, -0.00344120431691, 0.00275971880183, -0.00232248497196, 0.0026455335319, -0.00335636409, 0.010960130021, -0.00149019435048, 0.00324540003203, 0.000911989016458], [0.00250470405445, -0.00294281938113, 0.00302268425003, -0.00359742552973, 0.00205917004496, -0.00228633545339, 0.00244668126106, -0.00191478792112, 0.00175970233977, -0.00149019435048, 0.0128184333444, -0.000386878265999, 0.00331796053797], [-0.00160352699459, 0.00225996412337, -0.00276961852796, 0.00196850532666, -0.00127478863578, 0.00120058190078, -0.00255437800661, 0.00184970977716, -0.00038902729284, 0.00324540003203, -0.000386878265999, 0.011576297693, -0.00130250584334], [0.0012553994311, -0.00106622162275, 0.000922860112041, -0.00162367615849, 0.0004631789634, 0.00021090968221, 0.00095673679607, 0.000247261341428, 0.00130309874658, 0.000911989016458, 0.00331796053797, -0.00130250584334, 0.0114159323275]]
    },
    "melbands": {
        "dmean": [6.27298140898e-05, 0.000366000866052, 0.000188252364751, 0.000363579427358, 0.000196816879907, 0.000291362957796, 0.000442528311396, 0.000533662736416, 0.00038091983879, 0.000180287854164, 6.6267522925e-05, 7.02656252543e-05, 7.77223831392e-05, 8.80954321474e-05, 5.41837398487e-05, 5.2026422054e-05, 4.40896874352e-05, 3.49720103259e-05, 1.90998653125e-05, 1.5121112483e-05, 1.40356924021e-05, 1.55032066687e-05, 8.08672393759e-06, 4.26513224738e-06, 1.01445430118e-05, 1.05626477307e-05, 6.92247886036e-06, 3.80213737117e-06, 3.60793910659e-06, 1.70248608811e-06, 1.05101014469e-06, 1.11586030016e-06, 1.30286196054e-06, 1.06024992874e-06, 8.54478514611e-07, 5.26622500274e-07, 4.86095018459e-07, 3.65044911632e-07, 1.92479390648e-07, 7.33301845912e-08],
        "dmean2": [9.04378612177e-05, 0.000527932250407, 0.000272191944532, 0.000467497564387, 0.00026746164076, 0.000437515293015, 0.000682381505612, 0.000812740297988, 0.000548436713871, 0.0002644918859, 9.88210376818e-05, 0.000104252525489, 0.000117365416372, 0.000139002120704, 8.37265906739e-05, 7.87298122304e-05, 6.85273189447e-05, 5.55083497602e-05, 2.9845017707e-05, 2.28233511734e-05, 2.11195711017e-05, 2.33096761804e-05, 1.2228725609e-05, 6.38548635834e-06, 1.5057858036e-05, 1.59800674737e-05, 1.05509689092e-05, 5.69994517718e-06, 5.37442201676e-06, 2.59079297393e-06, 1.56577993948e-06, 1.68686244706e-06, 1.96440055333e-06, 1.61130856213e-06, 1.32962111365e-06, 7.97428469923e-07, 7.62150534683e-07, 5.6011901961e-07, 2.97892654544e-07, 1.11840343209e-07],
        "dvar": [8.89840112706e-09, 2.103124217e-07, 7.2854881239e-08, 3.09980151769e-07, 1.44765536447e-07, 2.46434581186e-07, 5.84056522257e-07, 8.43355849156e-07, 4.84159443204e-07, 2.05136998943e-07, 2.3095998003e-08, 3.52517375291e-08, 3.70810973038e-08, 4.53928450384e-08, 1.48845531456e-08, 1.62464282027e-08, 1.29125474757e-08, 1.08494129236e-08, 3.15888271096e-09, 1.27839083763e-09, 6.86888823598e-10, 6.86649792581e-10, 2.39169462013e-10, 6.27429982969e-11, 3.66702473942e-10, 3.48126444338e-10, 1.49403961425e-10, 5.56652085537e-11, 5.55179305306e-11, 1.97119161272e-11, 1.18876896174e-11, 1.48168300546e-11, 2.39305467803e-11, 1.71114841047e-11, 1.2220366212e-11, 5.57430143711e-12, 4.22255806709e-12, 1.86842403528e-12, 5.61710508835e-13, 7.07981782466e-14],
        "dvar2": [1.73332033171e-08, 4.01109360837e-07, 1.39201560501e-07, 4.60882716879e-07, 2.36764833517e-07, 5.10233462592e-07, 1.24543043967e-06, 1.79252731414e-06, 9.29699126573e-07, 4.02793034482e-07, 4.91078502307e-08, 7.22773734196e-08, 8.3111636684e-08, 1.04045028593e-07, 3.2731321653e-08, 3.4703695917e-08, 2.78389222785e-08, 2.61489692122e-08, 7.11563741262e-09, 2.82057044387e-09, 1.47800327532e-09, 1.33061983654e-09, 4.60030374905e-10, 1.38330499833e-10, 7.67817032177e-10, 7.26093907222e-10, 3.17173370901e-10, 1.16564619068e-10, 1.14294261555e-10, 4.18012360837e-11, 2.28295177901e-11, 2.76628806667e-11, 4.72917364991e-11, 3.25248820932e-11, 2.77283924988e-11, 1.30351467467e-11, 9.93247498138e-12, 4.12023973967e-12, 1.30234289065e-12, 1.61148641631e-13],
        "max": [0.00263260584325, 0.00520032830536, 0.00467494595796, 0.00706640025601, 0.0089089339599, 0.0075228982605, 0.0100665902719, 0.00975375901908, 0.00863972958177, 0.00606022821739, 0.00278666359372, 0.00321269175038, 0.00261901970953, 0.00269576651044, 0.00133376510348, 0.00160902517382, 0.00136316369753, 0.00131131289527, 0.000705621903762, 0.000468638609163, 0.000244896655204, 0.000360931939213, 0.000253250880633, 0.000111700537673, 0.000224847099162, 0.000297345221043, 0.000165083707543, 0.000109288332169, 0.000140994001413, 7.89262048784e-05, 6.41001606709e-05, 5.16866493854e-05, 8.34552192828e-05, 7.35710636945e-05, 6.90843808115e-05, 5.22785376234e-05, 4.46300182375e-05, 3.04671266349e-05, 1.71349365701e-05, 5.21792208019e-06],
        "mean": [0.000141593409353, 0.000815319537651, 0.00040869883378, 0.00073823868297, 0.000366414373275, 0.000417258357629, 0.000521469395608, 0.000609205395449, 0.000440708681708, 0.000199643400265, 7.86081291153e-05, 8.04218580015e-05, 8.14301529317e-05, 8.60216459841e-05, 5.60512671655e-05, 5.66453381907e-05, 4.3748634198e-05, 3.13163654937e-05, 1.89162001334e-05, 1.6013495042e-05, 1.66152094607e-05, 1.94896965695e-05, 9.80117602012e-06, 5.0087874115e-06, 1.19521291708e-05, 1.30220732899e-05, 8.23400387162e-06, 4.57633859696e-06, 4.21029153586e-06, 1.87491514225e-06, 1.12028340027e-06, 1.19983656077e-06, 1.35578864047e-06, 1.10175471946e-06, 8.23288871743e-07, 4.89657338676e-07, 4.48051082458e-07, 3.49499430286e-07, 1.83044505775e-07, 6.99051838637e-08],
        "median": [7.62829586165e-05, 0.00071991054574, 0.000323970627505, 0.000413189700339, 0.000231563753914, 0.000221515394514, 0.000173095060745, 6.81724050082e-05, 2.20735018956e-05, 9.48320848693e-06, 6.35079049971e-06, 6.25763823336e-06, 5.43257010577e-06, 3.88389071304e-06, 2.27617692872e-06, 2.11579208553e-06, 2.0413178845e-06, 2.44220404966e-06, 1.99438227355e-06, 1.90608989215e-06, 2.34963613366e-06, 3.74813453163e-06, 1.9222679839e-06, 9.8892621736e-07, 1.85989347301e-06, 2.10089206121e-06, 1.30320631797e-06, 8.10175208699e-07, 7.66454490986e-07, 2.59273633674e-07, 9.31804891025e-08, 6.42189377231e-08, 4.31702460446e-08, 4.39884146886e-08, 2.19726139505e-08, 8.20973067306e-09, 1.63124518338e-08, 2.13643893687e-08, 1.29973676266e-08, 7.14375936184e-09],
        "min": [2.51502291215e-12, 2.64869289696e-11, 3.87689706727e-11, 2.2062360619e-11, 2.55658038142e-12, 1.99758655797e-12, 2.9187670076e-12, 1.07900114624e-12, 1.16824573019e-12, 1.24124961611e-12, 6.28892066461e-13, 2.91262294231e-13, 7.30413315551e-14, 2.3640529638e-13, 1.43510301299e-12, 3.03335481733e-12, 8.16032571377e-12, 2.61338455217e-12, 1.13596339366e-12, 3.47332015579e-12, 2.59338687678e-12, 1.5206159899e-12, 1.12854907711e-12, 7.57799910062e-13, 1.36323049203e-12, 3.15487501575e-12, 2.85528176623e-12, 1.39595876091e-12, 1.11505574739e-12, 4.55427199859e-13, 4.34714628661e-13, 2.53615759036e-13, 3.72957036348e-13, 4.86557137896e-13, 1.06336163833e-12, 1.78561408281e-12, 1.33703367388e-12, 1.3129678551e-12, 8.73039000034e-13, 8.22308692493e-13],
        "var": [4.78646455804e-08, 5.48302011794e-07, 1.96053690615e-07, 1.04876369278e-06, 3.35731925816e-07, 4.09277987501e-07, 8.2974918314e-07, 1.25598228351e-06, 7.75469573e-07, 3.0763467862e-07, 3.53461580005e-08, 4.82241908628e-08, 4.43041265896e-08, 5.17977589709e-08, 1.96188683077e-08, 2.58368029193e-08, 1.67184381894e-08, 1.04932711409e-08, 3.58718099669e-09, 1.59869317784e-09, 1.04879183116e-09, 1.23792387452e-09, 4.17937628949e-10, 9.35635666166e-11, 5.72244585051e-10, 6.25951901423e-10, 2.53747994838e-10, 8.7524258674e-11, 8.45428241303e-11, 2.68059272696e-11, 1.66525283146e-11, 2.13721852715e-11, 3.19664537896e-11, 2.25591836878e-11, 1.3515138661e-11, 5.64939588166e-12, 4.19698997778e-12, 2.02530223495e-12, 5.81214492767e-13, 7.5259995447e-14]
    },
    "mfcc": {
        "mean": [-744.861694336, 146.64390564, -4.2550868988, 40.8512458801, 3.41365146637, -6.40892601013, 0.191772788763, -6.9327044487, -5.28529644012, 1.90239048004, -2.35602831841, 2.36735725403, 3.54569363594],
        "cov": [[13998.9462891, 2252.21459961, -2453.56494141, -149.586486816, -1026.38952637, -1321.70336914, -388.096832275, -496.553009033, -511.894500732, -115.208526611, -359.705749512, 66.3338775635, -39.2938804626], [2252.21459961, 4879.91699219, -958.759887695, -518.723144531, -344.214874268, -869.003479004, 181.748641968, -109.155807495, -131.032531738, -504.849273682, -321.233795166, -30.4712848663, 48.3615188599], [-2453.56494141, -958.759887695, 1371.42163086, 174.720733643, 77.8662338257, 373.941436768, 1.81455934048, 195.655426025, 92.3881835938, -3.7718436718, -0.863123297691, -17.2141971588, 22.7957191467], [-149.586486816, -518.723144531, 174.720733643, 793.036743164, 282.112304688, -24.468963623, -77.667930603, -99.96824646, -77.6604919434, 38.8915672302, -98.8216934204, -98.2044372559, 5.20976257324], [-1026.38952637, -344.214874268, 77.8662338257, 282.112304688, 752.32220459, 156.249588013, -153.069747925, -150.95513916, -85.732635498, 95.101776123, 8.8134098053, -87.5512695312, -9.25962924957], [-1321.70336914, -869.003479004, 373.941436768, -24.468963623, 156.249588013, 504.016998291, -13.6943798065, 47.2617835999, 69.7581863403, 52.5630760193, 116.924545288, 14.966345787, -13.7020282745], [-388.096832275, 181.748641968, 1.81455934048, -77.667930603, -153.069747925, -13.6943798065, 272.024932861, 103.966285706, 53.9682388306, -37.3727760315, 25.4021167755, 52.7914428711, -19.3736190796], [-496.553009033, -109.155807495, 195.655426025, -99.96824646, -150.95513916, 47.2617835999, 103.966285706, 267.684509277, 71.5464172363, -48.0736846924, 53.0265808105, 21.0152702332, -14.392250061], [-511.894500732, -131.032531738, 92.3881835938, -77.6604919434, -85.732635498, 69.7581863403, 53.9682388306, 71.5464172363, 191.409744263, -0.149096682668, 20.6621837616, 32.2514724731, -24.2883396149], [-115.208526611, -504.849273682, -3.7718436718, 38.8915672302, 95.101776123, 52.5630760193, -37.3727760315, -48.0736846924, -0.149096682668, 219.26550293, 78.0980300903, -3.84282970428, -12.855345726], [-359.705749512, -321.233795166, -0.863123297691, -98.8216934204, 8.8134098053, 116.924545288, 25.4021167755, 53.0265808105, 20.6621837616, 78.0980300903, 248.125869751, 55.2212371826, -47.1409568787], [66.3338775635, -30.4712848663, -17.2141971588, -98.2044372559, -87.5512695312, 14.966345787, 52.7914428711, 21.0152702332, 32.2514724731, -3.84282970428, 55.2212371826, 153.816452026, -10.7223434448], [-39.2938804626, 48.3615188599, 22.7957191467, 5.20976257324, -9.25962924957, -13.7020282745, -19.3736190796, -14.392250061, -24.2883396149, -12.855345726, -47.1409568787, -10.7223434448, 119.315658569]],
