{
"lowlevel": {
    "average_loudness": 0.977417886257,
    "barkbands_crest": {
        "dmean": 4.11091375351,
        "dmean2": 6.63113164902,
        "dvar": 12.8620414734,
        "dvar2": 31.1379070282,
        "max": 26.2225036621,
        "mean": 12.7639408112,
        "median": 12.0766487122,
        "min": 2.25053477287,
        "var": 27.8351078033
    },
    "barkbands_flatness_db": {
        "dmean": 0.051544200629,
        "dmean2": 0.077871657908,
        "dvar": 0.00280176149681,
        "dvar2": 0.00631771981716,
        "max": 0.476868510246,
        "mean": 0.204487666488,
        "median": 0.200882002711,
        "min": 0.0136292641982,
        "var": 0.00678792921826
    },
    "barkbands_kurtosis": {
        "dmean": 20.2696838379,
        "dmean2": 32.2011451721,
        "dvar": 1487.27819824,
        "dvar2": 3445.9519043,
        "max": 545.301940918,
        "mean": 19.9694480896,
        "median": 5.56564617157,
        "min": -1.97544646263,
        "var": 1681.00097656
    },
    "barkbands_skewness": {
        "dmean": 1.8433419466,
        "dmean2": 2.73159050941,
        "dvar": 4.39960622787,
        "dvar2": 9.5001039505,
        "max": 20.7022953033,
        "mean": 2.28314471245,
        "median": 1.82016253471,
        "min": -6.63821840286,
        "var": 9.09960746765
    },
    "barkbands_spread": {
        "dmean": 13.8246822357,
        "dmean2": 22.5286808014,
        "dvar": 406.813873291,
        "dvar2": 939.996582031,
        "max": 152.398880005,
        "mean": 19.8462429047,
        "median": 10.3937015533,
        "min": 0.613344907761,
        "var": 620.82824707
    },
    "dissonance": {
        "dmean": 0.0505856536329,
        "dmean2": 0.0791795104742,
        "dvar": 0.00256105419248,
        "dvar2": 0.00575302448124,
        "max": 0.500000059605,
        "mean": 0.402875095606,
        "median": 0.412104725838,
        "min": 0.0774595364928,
        "var": 0.00632161973044
    },
    "dynamic_complexity": 3.48459601402,
    "erbbands_crest": {
        "dmean": 4.27624511719,
        "dmean2": 6.98208999634,
        "dvar": 12.6065740585,
        "dvar2": 31.8520431519,
        "max": 28.7600727081,
        "mean": 12.3768749237,
        "median": 11.4971370697,
        "min": 2.64879441261,
        "var": 25.9522609711
    },
    "erbbands_flatness_db": {
        "dmean": 0.0409158580005,
        "dmean2": 0.0602395758033,
        "dvar": 0.00156788539607,
        "dvar2": 0.0033334933687,
        "max": 0.411874324083,
        "mean": 0.220491111279,
        "median": 0.230115950108,
        "min": 0.0297363922,
        "var": 0.00410743011162
    },
    "erbbands_kurtosis": {
        "dmean": 4.11956501007,
        "dmean2": 6.77756404877,
        "dvar": 38.4892578125,
        "dvar2": 99.3218078613,
        "max": 66.9805526733,
        "mean": 3.68615436554,
        "median": 1.56828260422,
        "min": -1.86739957333,
        "var": 43.724899292
    },
    "erbbands_skewness": {
        "dmean": 0.967298150063,
        "dmean2": 1.52712333202,
        "dvar": 1.01462984085,
        "dvar2": 2.35886025429,
        "max": 6.41923666,
        "mean": 0.643826723099,
        "median": 0.771358251572,
        "min": -5.71575069427,
        "var": 2.08933639526
    },
    "erbbands_spread": {
        "dmean": 16.2205791473,
        "dmean2": 26.5450935364,
        "dvar": 416.280487061,
        "dvar2": 1042.10083008,
        "max": 164.939300537,
        "mean": 28.5849170685,
        "median": 21.019487381,
        "min": 2.27753853798,
        "var": 528.616760254
    },
    "hfc": {
        "dmean": 8.89028263092,
        "dmean2": 12.748383522,
        "dvar": 93.3390960693,
        "dvar2": 172.33039856,
        "max": 81.8259811401,
        "mean": 16.1150341034,
        "median": 10.9256916046,
        "min": 1.20647442245e-16,
        "var": 224.435165405
    },
    "melbands_crest": {
        "dmean": 5.41948890686,
        "dmean2": 8.72942352295,
        "dvar": 22.4708518982,
        "dvar2": 53.446231842,
        "max": 34.6767997742,
        "mean": 16.6614208221,
        "median": 15.9113674164,
        "min": 1.6652572155,
        "var": 47.0185775757
    },
    "melbands_flatness_db": {
        "dmean": 0.0684282258153,
        "dmean2": 0.100382514298,
        "dvar": 0.0050390753895,
        "dvar2": 0.0114475842565,
        "max": 0.622342765331,
        "mean": 0.266133606434,
        "median": 0.26487159729,
        "min": 0.00371724762954,
        "var": 0.0126509359106
    },
    "melbands_kurtosis": {
        "dmean": 20.5345897675,
        "dmean2": 34.8479194641,
        "dvar": 1616.77929688,
        "dvar2": 4204.50537109,
        "max": 461.614624023,
        "mean": 20.5589504242,
        "median": 7.2506608963,
        "min": -1.93803179264,
        "var": 1473.07983398
    },
    "melbands_skewness": {
        "dmean": 1.68127703667,
        "dmean2": 2.60561275482,
        "dvar": 4.08223009109,
        "dvar2": 9.82391548157,
        "max": 16.9739379883,
        "mean": 2.59396004677,
        "median": 2.00010538101,
        "min": -3.10437178612,
        "var": 6.37579441071
    },
    "melbands_spread": {
        "dmean": 19.2892150879,
        "dmean2": 32.0190849304,
        "dvar": 1132.67565918,
        "dvar2": 2727.15991211,
        "max": 262.525604248,
        "mean": 26.8341369629,
        "median": 11.7446994781,
        "min": 0.420781582594,
        "var": 1562.0501709
    },
    "pitch_salience": {
        "dmean": 0.124370768666,
        "dmean2": 0.195036232471,
        "dvar": 0.0133620938286,
        "dvar2": 0.0299603678286,
        "max": 0.892639100552,
        "mean": 0.554111719131,
        "median": 0.579493403435,
        "min": 0.0918442457914,
        "var": 0.0273865051568
    },
    "silence_rate_20dB": {
        "dmean": 0,
        "dmean2": 0,
        "dvar": 0,
        "dvar2": 0,
        "max": 1,
        "mean": 1,
        "median": 1,
        "min": 1,
        "var": 0
    },
    "silence_rate_30dB": {
        "dmean": 0.000739918614272,
        "dmean2": 0.00148038484622,
        "dvar": 0.000739397306461,
        "dvar2": 0.00221848976798,
        "max": 1,
        "mean": 0.999630153179,
        "median": 1,
        "min": 0,
        "var": 0.000369676243281
    },
    "silence_rate_60dB": {
        "dmean": 0.0976692587137,
        "dmean2": 0.19541080296,
        "dvar": 0.0881281122565,
        "dvar2": 0.1957154423,
        "max": 1,
        "mean": 0.175295859575,
        "median": 0,
        "min": 0,
        "var": 0.144569054246
    },
    "spectral_centroid": {
        "dmean": 560.602722168,
        "dmean2": 863.200866699,
        "dvar": 645442.4375,
        "dvar2": 1195752.375,
        "max": 10907.6113281,
        "mean": 1266.95068359,
        "median": 836.069519043,
        "min": 140.321304321,
        "var": 1455926.625
    },
    "spectral_complexity": {
        "dmean": 3.4650387764,
        "dmean2": 4.91191720963,
        "dvar": 12.0659923553,
        "dvar2": 22.3343105316,
        "max": 32,
        "mean": 8.08764839172,
        "median": 7,
        "min": 0,
        "var": 34.9215240479
    },
    "spectral_decrease": {
        "dmean": 2.69769118155e-09,
        "dmean2": 3.7711829215e-09,
        "dvar": 9.3597976124e-18,
        "dvar2": 1.63429117647e-17,
        "max": 3.15170350755e-12,
        "mean": -5.63396795883e-09,
        "median": -5.01424546329e-09,
        "min": -3.02062446167e-08,
        "var": 2.39681835973e-17
    },
    "spectral_energy": {
        "dmean": 0.0108036408201,
        "dmean2": 0.0151315517724,
        "dvar": 0.000149583764141,
        "dvar2": 0.000262178567937,
        "max": 0.121427223086,
        "mean": 0.0227255448699,
        "median": 0.0198784433305,
        "min": 1.06881452898e-20,
        "var": 0.00038089643931
    },
    "spectral_energyband_high": {
        "dmean": 0.000383992737625,
        "dmean2": 0.00056566222338,
        "dvar": 8.65472657097e-07,
        "dvar2": 1.57656211286e-06,
        "max": 0.00991725362837,
        "mean": 0.000494597945362,
        "median": 0.000108205276774,
        "min": 8.24419816479e-21,
        "var": 1.50015955569e-06
    },
    "spectral_energyband_low": {
        "dmean": 0.000297835184028,
        "dmean2": 0.000475453329273,
        "dvar": 3.72126294224e-07,
        "dvar2": 8.07032563443e-07,
        "max": 0.0131689729169,
        "mean": 0.000355056545231,
        "median": 7.17968359822e-05,
        "min": 3.49601033534e-23,
        "var": 8.33621356833e-07
    },
    "spectral_energyband_middle_high": {
        "dmean": 0.00243820273317,
        "dmean2": 0.00334186828695,
        "dvar": 1.54639965331e-05,
        "dvar2": 2.45685732807e-05,
        "max": 0.0561416335404,
        "mean": 0.00331274815835,
        "median": 0.000896674755495,
        "min": 1.41644299752e-21,
        "var": 3.27180277964e-05
    },
    "spectral_energyband_middle_low": {
        "dmean": 0.00939697492868,
        "dmean2": 0.0134777994826,
        "dvar": 0.000115646835184,
        "dvar2": 0.000209668447496,
        "max": 0.113766990602,
        "mean": 0.0189760327339,
        "median": 0.0176411904395,
        "min": 2.25529526786e-22,
        "var": 0.00028099809424
    },
    "spectral_entropy": {
        "dmean": 0.505280613899,
        "dmean2": 0.738054931164,
        "dvar": 0.291033506393,
        "dvar2": 0.595109283924,
        "max": 9.81579685211,
        "mean": 6.90320682526,
        "median": 6.86073875427,
        "min": 4.09211874008,
        "var": 0.792040467262
    },
    "spectral_flux": {
        "dmean": 0.0413112305105,
        "dmean2": 0.0677253454924,
        "dvar": 0.00136027752887,
        "dvar2": 0.00333876884542,
        "max": 0.323803842068,
        "mean": 0.0911441519856,
        "median": 0.0854742527008,
        "min": 9.75785610535e-07,
        "var": 0.00289834942669
    },
    "spectral_kurtosis": {
        "dmean": 6.80872154236,
        "dmean2": 10.7489318848,
        "dvar": 104.971664429,
        "dvar2": 247.588363647,
        "max": 108.109725952,
        "mean": 10.5882167816,
        "median": 6.8433175087,
        "min": -1.22164905071,
        "var": 149.871444702
    },
    "spectral_rms": {
        "dmean": 0.00122252199799,
        "dmean2": 0.00165242247749,
        "dvar": 1.60420745487e-06,
        "dvar2": 2.53761936619e-06,
        "max": 0.0108841899782,
        "mean": 0.00411085225642,
        "median": 0.00440381653607,
        "min": 3.22915760971e-12,
        "var": 5.27218116986e-06
    },
    "spectral_rolloff": {
        "dmean": 1653.38439941,
        "dmean2": 2964.00708008,
        "dvar": 12855488,
        "dvar2": 30842952,
        "max": 21382.4707031,
        "mean": 2390.87084961,
        "median": 699.829101562,
        "min": 64.599609375,
        "var": 15378305
    },
    "spectral_skewness": {
        "dmean": 0.778768956661,
        "dmean2": 1.1798235178,
        "dvar": 0.762548387051,
        "dvar2": 1.72209715843,
        "max": 9.38475513458,
        "mean": 2.07855677605,
        "median": 1.84005177021,
        "min": -0.20405420661,
        "var": 1.60900068283
    },
    "spectral_spread": {
        "dmean": 933259.5,
        "dmean2": 1374507.125,
        "dvar": 1.66873320653e+12,
        "dvar2": 2.59893126758e+12,
        "max": 41825964,
        "mean": 3740041.5,
        "median": 3333696.75,
        "min": 978652.3125,
        "var": 3.27727081062e+12
    },
    "spectral_strongpeak": {
        "dmean": 0.884088277817,
        "dmean2": 1.42972052097,
        "dvar": 1.06262302399,
        "dvar2": 2.48602390289,
        "max": 9.26133441925,
        "mean": 1.31908786297,
        "median": 0.916160225868,
        "min": 2.34784036657e-09,
        "var": 1.56846666336
    },
    "zerocrossingrate": {
        "dmean": 0.0360871106386,
        "dmean2": 0.042405474931,
        "dvar": 0.00243212352507,
        "dvar2": 0.00293896370567,
        "max": 0.71826171875,
        "mean": 0.0943193584681,
        "median": 0.04736328125,
        "min": 0.0087890625,
        "var": 0.00986530631781
    },
    "barkbands": {
        "dmean": [9.91603519651e-06, 9.22322142287e-05, 5.62954628549e-05, 0.000805363117252, 0.00366850360297, 0.000803374627139, 0.00219464534894, 0.00312993396074, 0.00303487642668, 0.000818567292299, 0.000361226237146, 0.000276340782875, 0.000251127727097, 0.000458043330582, 0.000389612512663, 0.000167868740391, 0.000121301185573, 0.000246065028477, 0.000144025325426, 9.58601885941e-05, 0.000103664926428, 0.000143037977978, 7.5573923823e-05, 5.47531381017e-05, 8.39241056383e-06, 1.32932439101e-06, 5.87084605286e-06],
        "dmean2": [1.60569506988e-05, 0.00015303476539, 9.91180713754e-05, 0.00116751110181, 0.00538654997945, 0.00119913299568, 0.00348753039725, 0.0048153270036, 0.0048068203032, 0.00122170266695, 0.000533570128027, 0.000402170262532, 0.00036645604996, 0.000679988937918, 0.000599946710281, 0.00025613309117, 0.000184612741577, 0.000375434261514, 0.000227498356253, 0.000151360945893, 0.000159857809194, 0.000216519780224, 0.000114581976959, 8.42179360916e-05, 1.29003083202e-05, 1.95966640604e-06, 1.01478935903e-05],
        "dvar": [6.77109701641e-10, 6.2443533011e-08, 2.46630875722e-08, 1.99806549972e-06, 2.534012674e-05, 2.53401185546e-06, 2.45684350375e-05, 4.00327808165e-05, 4.27666891483e-05, 4.29397505286e-06, 1.06682102796e-06, 6.44240174097e-07, 4.31130331435e-07, 1.21251946439e-06, 7.85518238899e-07, 1.91962016061e-07, 1.0292261976e-07, 2.13945668293e-07, 8.51162056392e-08, 5.88023354453e-08, 6.74798528166e-08, 2.06224399335e-07, 4.70708378941e-08, 2.90262960334e-08, 7.16093906394e-10, 1.79401112022e-11, 2.72867527185e-11],
        "dvar2": [1.57621493635e-09, 1.50034949797e-07, 6.62647607896e-08, 3.91157436752e-06, 4.36819027527e-05, 5.27834981767e-06, 5.94773518969e-05, 8.57624181663e-05, 9.90458574961e-05, 8.84995188244e-06, 2.0047164071e-06, 1.20902348044e-06, 9.07137291506e-07, 2.51945289165e-06, 1.71255180703e-06, 4.15773314444e-07, 2.4278631372e-07, 4.68423706934e-07, 2.04432353712e-07, 1.36315719601e-07, 1.48265371536e-07, 4.06576901923e-07, 9.76129470587e-08, 6.83738150542e-08, 1.55131485435e-09, 2.95059428279e-11, 8.01080105028e-11],
        "max": [0.000506707991008, 0.00590034434572, 0.0024860650301, 0.0197163298726, 0.0519822351635, 0.0238345358521, 0.0855311229825, 0.0995096862316, 0.0670742318034, 0.0353572368622, 0.0254540592432, 0.01596756652, 0.0103721944615, 0.0194315426052, 0.0094200707972, 0.00859369058162, 0.00562515622005, 0.00848649907857, 0.00467647239566, 0.0032334390562, 0.00401864945889, 0.0064453962259, 0.00292601343244, 0.0028308192268, 0.00101545918733, 0.000170189567143, 5.49078504264e-05],
        "mean": [9.94892161543e-06, 8.9344837761e-05, 4.49054787168e-05, 0.00137090322096, 0.00740657700226, 0.00105004385114, 0.00231031281874, 0.00339370849542, 0.00302590779029, 0.00084711459931, 0.000379742210498, 0.000307170819724, 0.000292071345029, 0.000500795897096, 0.000396721326979, 0.000179870330612, 0.000128436251543, 0.00028557801852, 0.000163522927323, 0.000103335012682, 0.000114493712317, 0.000152755412273, 8.05351155577e-05, 5.93019722146e-05, 9.47253829509e-06, 1.69188399468e-06, 2.13292478293e-05],
        "median": [2.5832762276e-06, 2.21246082219e-05, 4.50764400739e-06, 0.000211952428799, 0.00549588399008, 0.000135709298775, 0.00034550591954, 0.000249430275289, 0.000155551519128, 3.93965565308e-05, 1.75023633346e-05, 1.45902758959e-05, 1.45761132444e-05, 2.69300089712e-05, 3.30685797962e-05, 2.32407037402e-05, 2.82497094304e-05, 6.56033080304e-05, 4.48984865216e-05, 1.87213918252e-05, 2.11588940147e-05, 6.6657712523e-06, 1.00923007267e-05, 1.05706803879e-05, 1.55335578711e-06, 4.15016330635e-07, 2.14783976844e-05],
        "min": [1.86582122832e-23, 1.4591134179e-23, 9.77614651685e-24, 1.92682084445e-23, 4.35532693236e-23, 2.53590555585e-23, 5.34844159643e-23, 1.64377029414e-23, 6.65864174125e-23, 4.4327905489e-23, 6.30472592255e-23, 9.79537989235e-23, 1.40471918656e-22, 4.70483775176e-23, 9.14807912994e-23, 1.74104555278e-22, 1.68665592839e-22, 2.04430110279e-22, 2.90026819641e-22, 2.5339964178e-22, 3.68015325292e-22, 5.73614666272e-22, 6.1466108079e-22, 9.675390867e-22, 1.24662550368e-21, 2.00799386167e-21, 2.50173183007e-21],
        "var": [7.47631956344e-10, 6.23371789743e-08, 2.36579058566e-08, 6.17223849986e-06, 6.56469419482e-05, 4.43173439635e-06, 2.89795898425e-05, 5.40569708392e-05, 5.12875703862e-05, 5.61131446375e-06, 1.63786251051e-06, 9.86364739219e-07, 6.59817487758e-07, 1.73209377863e-06, 1.02625540421e-06, 2.8484933523e-07, 1.08615552108e-07, 3.00265043052e-07, 1.09470192911e-07, 6.70517934509e-08, 8.96679850371e-08, 2.97756969303e-07, 6.45131521537e-08, 3.22117799101e-08, 9.24735232832e-10, 2.94248826693e-11, 3.28393562343e-11]
    },
    "erbbands": {
        "dmean": [0.00350901740603, 0.0185470022261, 0.0578385554254, 1.12253570557, 10.4277296066, 12.6941213608, 3.61577558517, 7.85439872742, 26.4815769196, 35.8657264709, 83.1715316772, 68.5790863037, 33.9910125732, 15.6048021317, 12.7085037231, 11.9829587936, 11.4339618683, 19.5805168152, 21.1564311981, 16.6176757812, 8.58278369904, 6.92239665985, 11.6244211197, 11.4140396118, 5.04135036469, 4.69835948944, 3.95437860489, 4.56065368652, 4.92230939865, 3.71259474754, 2.04853105545, 1.61773920059, 0.634304881096, 0.156261309981, 0.0345366187394, 0.0085829095915, 0.00232155178674, 0.00012445737957, 0.000276350911008, 0.000177208974492],
        "dmean2": [0.00581599120051, 0.0318302810192, 0.0960923433304, 1.61714589596, 14.6341075897, 18.8642940521, 5.57938289642, 11.6485910416, 41.1087837219, 56.1553878784, 126.504165649, 106.20085907, 49.8414039612, 22.3282985687, 18.3214015961, 17.0497512817, 16.1569004059, 28.1888580322, 31.0963096619, 25.5721740723, 12.4249134064, 10.2857313156, 17.5134773254, 17.4192314148, 7.86885023117, 7.37825584412, 6.08578205109, 7.00370883942, 7.3727722168, 5.70537042618, 3.14132618904, 2.47930145264, 0.984293401241, 0.23940217495, 0.0520461127162, 0.0127492109314, 0.00343097280711, 0.000185712007806, 0.000468527752673, 0.000305444118567],
        "dvar": [9.24565829337e-05, 0.00273447623476, 0.0162812508643, 4.03001213074, 224.768569946, 454.249725342, 122.960136414, 232.021408081, 3131.72729492, 9256.39355469, 23186.5429688, 23366.7011719, 5485.515625, 1413.70825195, 1241.6784668, 1225.15332031, 861.625427246, 2191.62719727, 1989.59008789, 1517.65673828, 501.221435547, 273.306518555, 588.220458984, 391.598236084, 141.542663574, 149.362258911, 84.360458374, 154.196517944, 233.03225708, 170.444625854, 32.4022636414, 22.1131420135, 4.28363609314, 0.226684346795, 0.014433581382, 0.00109953829087, 3.30724833475e-05, 8.85837820874e-08, 5.39195710303e-08, 2.49755167658e-08],
        "dvar2": [0.000209407677175, 0.00711988750845, 0.0425368957222, 7.68797254562, 375.574462891, 894.121459961, 253.759094238, 488.390136719, 7490.54541016, 21529.0253906, 46500.1992188, 53676.4453125, 11003.6484375, 2673.92333984, 2112.08154297, 2326.26879883, 1744.40600586, 4320.68798828, 4107.60742188, 3408.0847168, 980.475219727, 612.608764648, 1300.6817627, 851.44140625, 338.558624268, 355.728210449, 192.309020996, 319.831359863, 464.94619751, 353.495788574, 67.5216064453, 51.4610977173, 10.0498437881, 0.505190551281, 0.0286026392132, 0.00184961990453, 5.7330380514e-05, 1.72574090129e-07, 1.54303720024e-07, 7.39327603583e-08],
        "max": [0.187080308795, 1.23932027817, 2.14057564735, 37.0459365845, 159.814056396, 258.354156494, 266.838867188, 216.881607056, 910.651733398, 1802.41003418, 1566.14660645, 1802.12695312, 1208.07702637, 571.103759766, 944.333251953, 721.301391602, 577.567321777, 686.234619141, 438.001342773, 450.53427124, 572.041564941, 250.294921875, 543.996032715, 241.070678711, 220.339004517, 162.693847656, 135.380859375, 156.137817383, 162.700637817, 210.714813232, 76.1456604004, 71.9350204468, 38.9672088623, 15.6480398178, 5.21166372299, 1.5157917738, 0.126020044088, 0.00455814227462, 0.00233418261632, 0.0016760568833],
        "mean": [0.00348384981044, 0.017776498571, 0.0742436498404, 2.16490840912, 22.7615833282, 21.0317630768, 5.09478998184, 10.9431934357, 30.3395633698, 40.1434059143, 92.7423400879, 70.3682250977, 37.58543396, 17.4499740601, 14.2100753784, 13.3202419281, 13.6338443756, 22.1844749451, 23.2699985504, 17.6314849854, 9.65940189362, 7.81543254852, 13.4361953735, 13.6811580658, 5.80025053024, 5.01375675201, 4.34780693054, 5.05507659912, 5.22456693649, 3.86725926399, 2.22084593773, 1.73664653301, 0.674150884151, 0.173344939947, 0.0399019047618, 0.0107701830566, 0.00289095216431, 0.000200912429136, 0.000994912465103, 0.000662924081553],
        "median": [0.000916459248401, 0.00508614676073, 0.0294808372855, 0.775642991066, 15.4497089386, 9.13415431976, 1.26493632793, 2.53582453728, 8.34427928925, 6.94567298889, 12.5839195251, 5.91538000107, 1.98365354538, 1.20633590221, 0.846978664398, 0.680895090103, 0.767427325249, 1.20172822475, 1.68016111851, 1.92634046078, 1.45974063873, 1.795976758, 3.04974293709, 3.65618777275, 1.60502326488, 0.934156656265, 0.935807347298, 0.699910759926, 0.266729086637, 0.168300241232, 0.320939898491, 0.308303177357, 0.103286810219, 0.0276384260505, 0.00763126648962, 0.00243752007373, 0.00065752340015, 9.25740969251e-05, 0.000996131682768, 0.000655161798932],
        "min": [5.90275459078e-22, 2.72659692141e-21, 1.05588862022e-20, 4.02306205628e-20, 7.01052694362e-20, 1.83800320516e-19, 1.6230642004e-19, 2.1300720199e-19, 4.65368607297e-19, 8.8618195808e-19, 4.7464104347e-19, 1.30202167864e-18, 1.19173720308e-18, 2.0591062823e-18, 2.87538051847e-18, 4.4038897289e-18, 4.78313260101e-18, 4.15156324612e-18, 4.69714345402e-18, 6.86502584803e-18, 8.85725478459e-18, 1.04457228021e-17, 8.47376723517e-18, 1.60925804415e-17, 1.24107565217e-17, 1.34327067356e-17, 1.7942897445e-17, 1.31743699585e-17, 2.10086719863e-17, 1.41676517468e-17, 1.87282392622e-17, 2.08704517603e-17, 1.69106918459e-17, 1.39310880178e-17, 7.47361405754e-18, 6.29545450723e-18, 3.86345996108e-18, 1.36695742467e-18, 3.10092899347e-19, 4.37987093715e-20],
        "var": [9.90403132164e-05, 0.00233710510656, 0.0219280347228, 12.9710407257, 664.736206055, 968.827758789, 299.550628662, 410.906494141, 3887.39941406, 12183.5986328, 33345.7109375, 28852.6367188, 8019.98730469, 2175.66430664, 2126.3762207, 1843.77050781, 1421.29797363, 3338.09033203, 2938.19482422, 1971.5144043, 772.656738281, 333.527923584, 780.651733398, 590.37512207, 166.282104492, 161.864425659, 108.441833496, 215.738647461, 335.753204346, 221.264190674, 45.1557159424, 25.4643096924, 4.76593208313, 0.287276774645, 0.0200503952801, 0.0017149677733, 5.69341245864e-05, 1.41088690953e-07, 7.90085508129e-08, 3.0135279161e-08]
    },
    "gfcc": {
        "mean": [-83.7222671509, 82.9991607666, -109.181144714, 12.3401441574, -61.3378715515, -26.1781330109, -34.1224861145, -13.332242012, -7.87373828888, -24.0670890808, -6.93274450302, -26.3636569977, -6.4759478569],
        "cov": [[8756.92871094, 348.696746826, -2798.67993164, -311.914611816, -1374.12841797, 73.0204544067, -928.866638184, 404.802429199, -346.670379639, -103.195800781, -350.683746338, -316.369873047, -285.967590332], [348.696746826, 3139.67822266, -32.4989204407, -1688.45446777, -6.51586866379, -716.559997559, -66.3912582397, -298.407958984, -181.891479492, -482.472442627, 94.469367981, -287.041351318, -109.811691284], [-2798.67993164, -32.4989204407, 1779.99328613, 489.965087891, 262.171051025, -75.7049255371, 104.762580872, -104.570503235, 151.939285278, -41.2538833618, 101.408317566, 154.719116211, 26.4218540192], [-311.914611816, -1688.45446777, 489.965087891, 1489.4387207, 29.7152404785, 179.27130127, -83.7474594116, 145.833435059, 133.779983521, 186.24369812, -80.3071899414, 167.390823364, 46.712387085], [-1374.12841797, -6.51586866379, 262.171051025, 29.7152404785, 588.519226074, 87.6252593994, 199.093276978, -43.3466491699, 86.4065170288, 24.9108810425, 13.5547571182, 35.725643158, 79.3938827515], [73.0204544067, -716.559997559, -75.7049255371, 179.27130127, 87.6252593994, 610.533691406, 192.991287231, 57.4736099243, 50.8464889526, 163.189285278, -5.96525144577, 64.5923538208, -17.72905159], [-928.866638184, -66.3912582397, 104.762580872, -83.7474594116, 199.093276978, 192.991287231, 479.554656982, -72.0961227417, -30.7242965698, 66.0019378662, 61.9274940491, 35.4486427307, 23.1986236572], [404.802429199, -298.407958984, -104.570503235, 145.833435059, -43.3466491699, 57.4736099243, -72.0961227417, 253.279129028, 65.8962249756, 12.923743248, -17.2716732025, 41.1257667542, 25.8508224487], [-346.670379639, -181.891479492, 151.939285278, 133.779983521, 86.4065170288, 50.8464889526, -30.7242965698, 65.8962249756, 193.602401733, 56.6134033203, 11.45789814, 46.1699295044, 41.5737266541], [-103.195800781, -482.472442627, -41.2538833618, 186.24369812, 24.9108810425, 163.189285278, 66.0019378662, 12.923743248, 56.6134033203, 211.875686646, 15.5084352493, 42.9108161926, 28.1589603424], [-350.683746338, 94.469367981, 101.408317566, -80.3071899414, 13.5547571182, -5.96525144577, 61.9274940491, -17.2716732025, 11.45789814, 15.5084352493, 160.388046265, 24.469039917, -13.5402574539], [-316.369873047, -287.041351318, 154.719116211, 167.390823364, 35.725643158, 64.5923538208, 35.4486427307, 41.1257667542, 46.1699295044, 42.9108161926, 24.469039917, 126.134407043, 39.3137931824], [-285.967590332, -109.811691284, 26.4218540192, 46.712387085, 79.3938827515, -17.72905159, 23.1986236572, 25.8508224487, 41.5737266541, 28.1589603424, -13.5402574539, 39.3137931824, 131.636001587]],
        "icov": [[0.00121998135, -0.00162315485068, 0.00177844800055, -0.00169907032978, 0.0016864228528, -0.00166218914092, 0.00130786863156, -0.00120927568059, 0.00095389346825, -0.000781897222623, 0.000939044810366, -0.000562313187402, 0.00043873154209], [-0.00162315485068, 0.00427623093128, -0.0027841811534, 0.0042325775139, -0.00245875562541, 0.00347317312844, -0.00172523991205, 0.00221200031228, -0.00172661908437, 0.00283681717701, -0.00140145805199, 0.00204697111621, 0.000101318219095], [0.00177844800055, -0.0027841811534, 0.00361175765283, -0.00324229639955, 0.00229957234114, -0.00246636243537, 0.00169286818709, -0.00118247559294, 0.000713350891601, -0.000719795643818, 0.000931900576688, -0.00192121590953, 0.000779626483563], [-0.00169907032978, 0.0042325775139, -0.00324229639955, 0.00532628316432, -0.00255831400864, 0.00343451206572, -0.0014824551763, 0.00173078442458, -0.00157634809148, 0.00171086844057, -0.000590614916291, 0.00112486281432, 0.000262572721113], [0.0016864228528, -0.00245875562541, 0.00229957234114, -0.00255831400864, 0.00482890382409, -0.00266061723232, 0.00084632600192, -0.00124899193179, 0.000178328235052, -0.000748048303649, 0.00151043420192, -0.00051124842139, -0.000704156409483], [-0.00166218914092, 0.00347317312844, -0.00246636243537, 0.00343451206572, -0.00266061723232, 0.00573582947254, -0.00282998965122, 0.00139480317011, -0.00196237745695, 0.000555970298592, -0.000596818455961, 0.000555696780793, 0.00143818685319], [0.00130786863156, -0.00172523991205, 0.00169286818709, -0.0014824551763, 0.00084632600192, -0.00282998965122, 0.00486920820549, -0.000796849897597, 0.00254587060772, -0.00149744655937, 2.46526542469e-05, -0.00102513597813, -0.000179950788151], [-0.00120927568059, 0.00221200031228, -0.00118247559294, 0.00173078442458, -0.00124899193179, 0.00139480317011, -0.000796849897597, 0.00701437331736, -0.00306056346744, 0.00273761013523, -0.00116442725994, -0.000532082573045, -0.00103440042585], [0.00095389346825, -0.00172661908437, 0.000713350891601, -0.00157634809148, 0.000178328235052, -0.00196237745695, 0.00254587060772, -0.00306056346744, 0.0090369656682, -0.00314052239992, 0.000192205712665, -0.00104082119651, -0.0010230531916], [-0.000781897222623, 0.00283681717701, -0.000719795643818, 0.00171086844057, -0.000748048303649, 0.000555970298592, -0.00149744655937, 0.00273761013523, -0.00314052239992, 0.0100533105433, -0.00213180389255, 0.00109409051947, -0.00124715920538], [0.000939044810366, -0.00140145805199, 0.000931900576688, -0.000590614916291, 0.00151043420192, -0.000596818455961, 2.46526542469e-05, -0.00116442725994, 0.000192205712665, -0.00213180389255, 0.00873129069805, -0.00267296331003, 0.00221810559742], [-0.000562313187402, 0.00204697111621, -0.00192121590953, 0.00112486281432, -0.00051124842139, 0.000555696780793, -0.00102513597813, -0.000532082573045, -0.00104082119651, 0.00109409051947, -0.00267296331003, 0.0138816423714, -0.00318527384661], [0.00043873154209, 0.000101318219095, 0.000779626483563, 0.000262572721113, -0.000704156409483, 0.00143818685319, -0.000179950788151, -0.00103440042585, -0.0010230531916, -0.00124715920538, 0.00221810559742, -0.00318527384661, 0.0110072642565]]
    },
    "melbands": {
        "dmean": [2.78382085526e-05, 2.36206924455e-05, 0.000429617444752, 0.000924885098357, 0.000190928214579, 0.000188406760572, 0.000418095034547, 0.000439465104137, 0.000720283773262, 0.00039414560888, 0.000163527598488, 6.51015943731e-05, 4.82436589664e-05, 3.22925734508e-05, 2.47935386142e-05, 2.79486084764e-05, 3.96637697122e-05, 3.78097465727e-05, 2.90105872409e-05, 1.43431861943e-05, 9.74096656137e-06, 7.01857970853e-06, 8.13138285594e-06, 1.34139418151e-05, 9.46387353906e-06, 4.11047722082e-06, 3.19071841659e-06, 3.18704587698e-06, 2.52186850958e-06, 2.42429405262e-06, 2.93060475087e-06, 2.84128645944e-06, 2.95947756968e-06, 1.73046475993e-06, 1.14414126529e-06, 1.19971218737e-06, 9.33204489684e-07, 5.14768032644e-07, 2.31164520414e-07, 1.01508796035e-07],
        "dmean2": [4.58221766166e-05, 4.0768602048e-05, 0.000595071353018, 0.00134856603108, 0.000294118741294, 0.00027888911427, 0.000654229079373, 0.000678552489262, 0.00110520294402, 0.00061452598311, 0.000241519053816, 9.48032466113e-05, 6.93961628713e-05, 4.62936841359e-05, 3.5152399505e-05, 4.0785944293e-05, 5.76925158384e-05, 5.65367554373e-05, 4.53693610325e-05, 2.23327097046e-05, 1.44724026541e-05, 1.06028992377e-05, 1.24371681522e-05, 2.06412696571e-05, 1.45702379086e-05, 6.5154740696e-06, 5.07159256813e-06, 5.01859904034e-06, 3.97209851144e-06, 3.75338913727e-06, 4.52778476756e-06, 4.27541090176e-06, 4.53048232885e-06, 2.65931362264e-06, 1.77553147296e-06, 1.85943520137e-06, 1.46723027683e-06, 8.086096841e-07, 3.57042665655e-07, 1.58277828177e-07],
        "dvar": [5.66811753089e-09, 3.10953685023e-09, 4.0140136548e-07, 1.66787867784e-06, 2.19362235043e-07, 1.35946550017e-07, 7.62105685226e-07, 1.11407700842e-06, 1.70329781213e-06, 7.83219547884e-07, 1.40986045949e-07, 2.81238339284e-08, 1.98511749261e-08, 9.7904546692e-09, 4.17173717793e-09, 5.97443516881e-09, 1.0434560771e-08, 7.22081727744e-09, 4.99981656077e-09, 1.24274479596e-09, 7.85260245717e-10, 3.21748239163e-10, 4.68184879754e-10, 6.78330724924e-10, 2.97055241516e-10, 1.0445572185e-10, 6.99371116575e-11, 7.26258775341e-11, 3.42420050647e-11, 3.83451881358e-11, 7.28630211722e-11, 8.08252353934e-11, 1.10747543081e-10, 3.60892739304e-11, 1.07224810628e-11, 1.03020925124e-11, 9.29137669581e-12, 3.0929284741e-12, 4.59765634852e-13, 1.29815524107e-13],
        "dvar2": [1.3162366308e-08, 8.13158784752e-09, 6.9534502245e-07, 2.8328568078e-06, 4.54090383073e-07, 2.91979773692e-07, 1.82007659077e-06, 2.56440785051e-06, 3.48650746673e-06, 1.78663640327e-06, 2.84081608015e-07, 5.67074280866e-08, 3.38282895029e-08, 1.8766332488e-08, 7.89455700811e-09, 1.34431923371e-08, 2.1271057804e-08, 1.54166190924e-08, 1.10103597351e-08, 2.90678014991e-09, 1.50852974556e-09, 7.4744133105e-10, 1.1258165511e-09, 1.49774670444e-09, 6.51654452621e-10, 2.65960975465e-10, 1.5872156367e-10, 1.77705059001e-10, 8.13585865345e-11, 8.49644105072e-11, 1.53909746059e-10, 1.67853772548e-10, 2.35643143887e-10, 7.77808928376e-11, 2.27547650861e-11, 2.27672412173e-11, 2.29710105104e-11, 7.45826057164e-12, 1.01349928883e-12, 3.14780861967e-13],
        "max": [0.00169618346263, 0.000856916245539, 0.00665177498013, 0.0146437510848, 0.00879265833646, 0.00523677701131, 0.0131010049954, 0.0228335615247, 0.0129931429401, 0.00975284539163, 0.00621991418302, 0.00295162713155, 0.00413197744638, 0.00230432697572, 0.00146526400931, 0.00126870465465, 0.00167154928204, 0.000998787116259, 0.00101216812618, 0.000548147188965, 0.000762964191381, 0.000259388616541, 0.000471851177281, 0.000498223525938, 0.0002135734685, 0.000209509511478, 0.000117736206448, 0.00012165561202, 7.47566227801e-05, 0.000115708717203, 0.000122100158478, 0.000112826652185, 0.000176678004209, 9.94027868728e-05, 4.51494488516e-05, 4.61554918729e-05, 5.13076447533e-05, 3.39222497132e-05, 1.33590156111e-05, 1.37052738864e-05],
        "mean": [2.74857902696e-05, 2.20878919208e-05, 0.000924363557715, 0.00187422451563, 0.00026121220435, 0.000254466518527, 0.00047077194904, 0.000475834065583, 0.00078570417827, 0.000399532495067, 0.000177021036507, 6.96502393112e-05, 5.19209243066e-05, 3.54052026523e-05, 2.91056385322e-05, 3.116249718e-05, 4.33925160905e-05, 3.96487448597e-05, 2.97129263345e-05, 1.49624565893e-05, 1.06537272586e-05, 7.3954038271e-06, 8.98116468306e-06, 1.53068376676e-05, 1.09790935312e-05, 4.51779396826e-06, 3.49220795215e-06, 3.25459859596e-06, 2.64422010332e-06, 2.63175343207e-06, 3.13924351758e-06, 2.94894744002e-06, 2.9595464639e-06, 1.73274338522e-06, 1.21212485737e-06, 1.27540715766e-06, 9.73763121692e-07, 5.24515598954e-07, 2.45420125111e-07, 1.1007156786e-07],
        "median": [7.06396349415e-06, 4.22808898293e-06, 0.000395338283852, 0.0013737375848, 3.12103729811e-05, 4.66537603643e-05, 0.000122113677207, 5.84444278502e-05, 8.22209913167e-05, 2.2456590159e-05, 7.74505315349e-06, 4.4793696361e-06, 2.80114772977e-06, 1.75089326149e-06, 1.55220391207e-06, 1.57807721735e-06, 2.08089363696e-06, 2.33461241805e-06, 2.54116571341e-06, 1.78298603259e-06, 1.49247762238e-06, 1.57848717208e-06, 1.80663619176e-06, 3.24578422806e-06, 2.72065517493e-06, 1.18645050406e-06, 6.76012746226e-07, 5.04638364873e-07, 4.98940664784e-07, 4.77708283597e-07, 3.32378931489e-07, 1.42478995713e-07, 5.94148872324e-08, 8.24488068929e-08, 1.54200762381e-07, 2.17616133114e-07, 1.59389315968e-07, 7.01089959421e-08, 2.93712467681e-08, 1.60417243933e-08],
        "min": [4.42576329707e-24, 4.63798975754e-24, 7.12299193356e-24, 1.01513879279e-23, 6.27875299279e-24, 5.18556769414e-24, 8.49417023749e-24, 8.62225837154e-24, 3.39726893138e-24, 9.63198534186e-24, 6.17397964281e-24, 8.21669945814e-24, 8.71362029727e-24, 1.1259776154e-23, 8.52955617112e-24, 1.52469347599e-23, 6.52556429864e-24, 7.13038987113e-24, 6.79823604268e-24, 1.29260696891e-23, 9.10463813761e-24, 1.10544443378e-23, 8.37209795672e-24, 8.44282407003e-24, 1.35759317251e-23, 1.12283771233e-23, 7.14502087434e-24, 9.00824801246e-24, 1.15956849603e-23, 8.78909140894e-24, 7.50724292505e-24, 1.34493148167e-23, 8.75709126632e-24, 7.16234189324e-24, 9.78306719357e-24, 1.19163048535e-23, 1.4131546971e-23, 1.15029646161e-23, 1.38456543127e-23, 1.03953415852e-23],
        "var": [5.94266280629e-09, 3.22416249254e-09, 1.3993394532e-06, 4.33636660091e-06, 5.21825938904e-07, 2.30110217103e-07, 9.35431103244e-07, 1.48132437516e-06, 2.38236930272e-06, 9.7819884104e-07, 2.01404120048e-07, 3.91017280776e-08, 3.35847616384e-08, 1.42951561699e-08, 7.0278631803e-09, 8.00480215446e-09, 1.47766723302e-08, 9.81146719425e-09, 6.34337293803e-09, 1.62279367721e-09, 1.18812015781e-09, 3.52939538706e-10, 5.39978561864e-10, 9.0043472678e-10, 4.3356371271e-10, 1.13227295595e-10, 8.12813844009e-11, 7.47518644206e-11, 4.07154310267e-11, 4.97310005676e-11, 9.69596139488e-11, 1.10491865657e-10, 1.40672001825e-10, 4.42772797593e-11, 1.44472498201e-11, 1.31216339877e-11, 9.34730938484e-12, 3.22080860246e-12, 5.80559092554e-13, 1.41642679031e-13]
    },
    "mfcc": {
        "mean": [-734.783081055, 120.705688477, -1.32713186741, 21.7282543182, -7.2436876297, -15.9892578125, -17.2542438507, -5.43888664246, -11.0889101028, 3.13792872429, -6.28197956085, -2.95796895027, -20.2899532318],
        "cov": [[9358.33105469, -460.216522217, -2074.34472656, -877.321777344, -709.448181152, -714.289978027, -489.17855835, -144.150100708, -304.433013916, 401.683624268, -258.830963135, -58.0153999329, -609.814575195], [-460.216522217, 4103.24951172, -480.164733887, -1072.03515625, -316.517425537, -672.841552734, -24.9443035126, -172.896286011, -369.741546631, -229.58442688, -167.950302124, 42.825881958, -501.224334717], [-2074.34472656, -480.164733887, 1558.9263916, 571.639038086, 267.955627441, 163.63571167, -73.4829025269, 96.4604873657, 18.0391731262, -170.041534424, 86.5946121216, 42.0308303833, 278.553863525], [-877.321777344, -1072.03515625, 571.639038086, 973.79486084, 287.791290283, 75.8446807861, -72.8611984253, -0.194143638015, 147.174560547, -124.62928009, 25.6046867371, 7.7624464035, 210.170013428], [-709.448181152, -316.517425537, 267.955627441, 287.791290283, 501.855499268, 54.2540740967, -108.730484009, 62.7239341736, 113.790107727, -6.85820245743, 10.9408607483, -11.3361949921, 121.248924255], [-714.289978027, -672.841552734, 163.63571167, 75.8446807861, 54.2540740967, 632.657897949, 224.242431641, 80.2089080811, 109.412376404, 115.69039917, 116.134460449, -62.2953491211, 155.962051392], [-489.17855835, -24.9443035126, -73.4829025269, -72.8611984253, -108.730484009, 224.242431641, 362.182617188, 77.4406967163, 18.1455974579, 55.9836769104, 45.9780578613, -14.520403862, 39.641368866], [-144.150100708, -172.896286011, 96.4604873657, -0.194143638015, 62.7239341736, 80.2089080811, 77.4406967163, 221.054122925, 54.9503669739, 44.22681427, 16.4001941681, 4.45233726501, 76.4759674072], [-304.433013916, -369.741546631, 18.0391731262, 147.174560547, 113.790107727, 109.412376404, 18.1455974579, 54.9503669739, 258.232635498, 37.9127655029, -5.28610658646, -3.09533524513, 68.473449707], [401.683624268, -229.58442688, -170.041534424, -124.62928009, -6.85820245743, 115.69039917, 55.9836769104, 44.22681427, 37.9127655029, 224.379577637, 36.5671081543, -22.3704032898, 14.4933547974], [-258.830963135, -167.950302124, 86.5946121216, 25.6046867371, 10.9408607483, 116.134460449, 45.9780578613, 16.4001941681, -5.28610658646, 36.5671081543, 144.15625, 17.5812492371, 54.627040863], [-58.0153999329, 42.825881958, 42.0308303833, 7.7624464035, -11.3361949921, -62.2953491211, -14.520403862, 4.45233726501, -3.09533524513, -22.3704032898, 17.5812492371, 138.387817383, 16.2913417816], [-609.814575195, -501.224334717, 278.553863525, 210.170013428, 121.248924255, 155.962051392, 39.641368866, 76.4759674072, 68.473449707, 14.4933547974, 54.627040863, 16.2913417816, 235.855255127]],
