{
"lowlevel": {
    "average_loudness": 0.975479424,
    "barkbands_crest": {
        "dmean": 3.08181715012,
        "dmean2": 5.02234554291,
        "dvar": 7.79241132736,
        "dvar2": 18.7077503204,
        "max": 26.3659629822,
        "mean": 10.3378038406,
        "median": 9.23931598663,
        "min": 2.53620529175,
        "var": 18.1991825104
    },
    "barkbands_flatness_db": {
        "dmean": 0.0401613824069,
        "dmean2": 0.0593024678528,
        "dvar": 0.00172666320577,
        "dvar2": 0.00398281961679,
        "max": 0.420289725065,
        "mean": 0.181197166443,
        "median": 0.171348869801,
        "min": 0.029217896983,
        "var": 0.00393868377432
    },
    "barkbands_kurtosis": {
        "dmean": 8.852684021,
        "dmean2": 14.1056842804,
        "dvar": 205.510894775,
        "dvar2": 454.738037109,
        "max": 151.73248291,
        "mean": 9.13219451904,
        "median": 3.0993309021,
        "min": -1.98603069782,
        "var": 261.459472656
    },
    "barkbands_skewness": {
        "dmean": 1.20426309109,
        "dmean2": 1.82587039471,
        "dvar": 1.7106552124,
        "dvar2": 3.71602201462,
        "max": 11.2324151993,
        "mean": 1.56154930592,
        "median": 1.31101739407,
        "min": -7.083527565,
        "var": 3.65858721733
    },
    "barkbands_spread": {
        "dmean": 13.2030792236,
        "dmean2": 21.2392635345,
        "dvar": 362.980682373,
        "dvar2": 838.613891602,
        "max": 152.804077148,
        "mean": 24.6066627502,
        "median": 14.1628303528,
        "min": 1.33140230179,
        "var": 733.585754395
    },
    "dissonance": {
        "dmean": 0.028291432187,
        "dmean2": 0.0447809174657,
        "dvar": 0.000988584477454,
        "dvar2": 0.00254867994227,
        "max": 0.500000119209,
        "mean": 0.442219525576,
        "median": 0.452101677656,
        "min": 0.18889015913,
        "var": 0.00236922106706
    },
    "dynamic_complexity": 4.5237326622,
    "erbbands_crest": {
        "dmean": 3.09103536606,
        "dmean2": 5.2220697403,
        "dvar": 7.20466852188,
        "dvar2": 19.1478729248,
        "max": 27.400056839,
        "mean": 9.74915790558,
        "median": 9.09986972809,
        "min": 2.80078053474,
        "var": 12.3516283035
    },
    "erbbands_flatness_db": {
        "dmean": 0.0343676507473,
        "dmean2": 0.0517314039171,
        "dvar": 0.00116520130541,
        "dvar2": 0.00257371808402,
        "max": 0.38714748621,
        "mean": 0.193130508065,
        "median": 0.206022083759,
        "min": 0.0213004425168,
        "var": 0.00330484402366
    },
    "erbbands_kurtosis": {
        "dmean": 2.88309597969,
        "dmean2": 4.61135196686,
        "dvar": 21.4236488342,
        "dvar2": 48.1154518127,
        "max": 82.924697876,
        "mean": 2.37857580185,
        "median": 0.774688243866,
        "min": -1.86588716507,
        "var": 29.4124679565
    },
    "erbbands_skewness": {
        "dmean": 0.771258533001,
        "dmean2": 1.19186449051,
        "dvar": 0.685715615749,
        "dvar2": 1.56436693668,
        "max": 7.53892278671,
        "mean": 0.598100423813,
        "median": 0.616938948631,
        "min": -3.53748321533,
        "var": 1.46196973324
    },
    "erbbands_spread": {
        "dmean": 14.060921669,
        "dmean2": 22.4272022247,
        "dvar": 293.91595459,
        "dvar2": 730.91796875,
        "max": 188.077270508,
        "mean": 31.3488616943,
        "median": 25.1060428619,
        "min": 2.26215267181,
        "var": 471.031677246
    },
    "hfc": {
        "dmean": 8.7805185318,
        "dmean2": 12.6397361755,
        "dvar": 91.8232116699,
        "dvar2": 159.354400635,
        "max": 90.8867950439,
        "mean": 14.9835939407,
        "median": 9.25877475739,
        "min": 2.61409095401e-05,
        "var": 223.940002441
    },
    "melbands_crest": {
        "dmean": 4.10181331635,
        "dmean2": 6.75028848648,
        "dvar": 13.0179634094,
        "dvar2": 31.1462459564,
        "max": 35.2303619385,
        "mean": 12.9518318176,
        "median": 11.991859436,
        "min": 3.32976102829,
        "var": 24.1384143829
    },
    "melbands_flatness_db": {
        "dmean": 0.0579989217222,
        "dmean2": 0.0831464603543,
        "dvar": 0.00337999034673,
        "dvar2": 0.00746634695679,
        "max": 0.572931170464,
        "mean": 0.262976318598,
        "median": 0.258271038532,
        "min": 0.0220236573368,
        "var": 0.0092236623168
    },
    "melbands_kurtosis": {
        "dmean": 12.6881542206,
        "dmean2": 21.1762294769,
        "dvar": 767.123657227,
        "dvar2": 1841.01281738,
        "max": 722.858032227,
        "mean": 14.3312988281,
        "median": 5.86346244812,
        "min": -1.84815621376,
        "var": 1179.11193848
    },
    "melbands_skewness": {
        "dmean": 1.23805558681,
        "dmean2": 1.92337143421,
        "dvar": 1.90430164337,
        "dvar2": 4.49130249023,
        "max": 22.8519325256,
        "mean": 2.25542926788,
        "median": 1.86866497993,
        "min": -2.5080537796,
        "var": 3.74164223671
    },
    "melbands_spread": {
        "dmean": 15.7543811798,
        "dmean2": 25.7150363922,
        "dvar": 857.181396484,
        "dvar2": 1987.77636719,
        "max": 222.682800293,
        "mean": 24.9128761292,
        "median": 14.7898368835,
        "min": 0.600415170193,
        "var": 1129.92248535
    },
    "pitch_salience": {
        "dmean": 0.0878334268928,
        "dmean2": 0.142173558474,
        "dvar": 0.00969588663429,
        "dvar2": 0.0216348860413,
        "max": 0.910620510578,
        "mean": 0.655020236969,
        "median": 0.70547825098,
        "min": 0.0756033957005,
        "var": 0.0235671978444
    },
    "silence_rate_20dB": {
        "dmean": 0,
        "dmean2": 0,
        "dvar": 0,
        "dvar2": 0,
        "max": 1,
        "mean": 1,
        "median": 1,
        "min": 1,
        "var": 0
    },
    "silence_rate_30dB": {
        "dmean": 0.000755857909098,
        "dmean2": 0.00151228730101,
        "dvar": 0.000755299581215,
        "dvar2": 0.00226619490422,
        "max": 1,
        "mean": 0.999622225761,
        "median": 1,
        "min": 0,
        "var": 0.000377631105948
    },
    "silence_rate_60dB": {
        "dmean": 0.102040819824,
        "dmean2": 0.204158782959,
        "dvar": 0.0916270315647,
        "dvar2": 0.194239228964,
        "max": 1,
        "mean": 0.191537588835,
        "median": 0,
        "min": 0,
        "var": 0.154849767685
    },
    "spectral_centroid": {
        "dmean": 507.827911377,
        "dmean2": 777.131408691,
        "dvar": 445552.65625,
        "dvar2": 891300.75,
        "max": 4765.90332031,
        "mean": 1288.91308594,
        "median": 984.79510498,
        "min": 160.826721191,
        "var": 981782.4375
    },
    "spectral_complexity": {
        "dmean": 5.39304590225,
        "dmean2": 7.39206027985,
        "dvar": 29.0837974548,
        "dvar2": 49.4807090759,
        "max": 43,
        "mean": 12.8738193512,
        "median": 11,
        "min": 0,
        "var": 95.8034896851
    },
    "spectral_decrease": {
        "dmean": 2.49635379035e-09,
        "dmean2": 3.42118555707e-09,
        "dvar": 7.39244282403e-18,
        "dvar2": 1.18207955924e-17,
        "max": 4.73113215271e-12,
        "mean": -5.21925702657e-09,
        "median": -4.50356463233e-09,
        "min": -2.68840931739e-08,
        "var": 2.17694217238e-17
    },
    "spectral_energy": {
        "dmean": 0.0101120201871,
        "dmean2": 0.0139058642089,
        "dvar": 0.000121137905808,
        "dvar2": 0.000194525026018,
        "max": 0.109710492194,
        "mean": 0.0210577342659,
        "median": 0.017679374665,
        "min": 1.76709746835e-09,
        "var": 0.000353047304088
    },
    "spectral_energyband_high": {
        "dmean": 0.000260161556071,
        "dmean2": 0.000393180671381,
        "dvar": 4.20342587404e-07,
        "dvar2": 7.98997746188e-07,
        "max": 0.0075364052318,
        "mean": 0.000321910600178,
        "median": 8.16737083369e-05,
        "min": 1.43343348302e-09,
        "var": 6.3142408635e-07
    },
    "spectral_energyband_low": {
        "dmean": 0.00139881717041,
        "dmean2": 0.00201615644619,
        "dvar": 3.06355605062e-06,
        "dvar2": 6.37323773844e-06,
        "max": 0.0177666228265,
        "mean": 0.00323947845027,
        "median": 0.00289225601591,
        "min": 2.70252787163e-13,
        "var": 7.3971632446e-06
    },
    "spectral_energyband_middle_high": {
        "dmean": 0.00287343515083,
        "dmean2": 0.00413261447102,
        "dvar": 1.34920173878e-05,
        "dvar2": 2.32850634347e-05,
        "max": 0.0386460870504,
        "mean": 0.00408026529476,
        "median": 0.00151390070096,
        "min": 1.31893093669e-10,
        "var": 2.81255870505e-05
    },
    "spectral_energyband_middle_low": {
        "dmean": 0.0069704069756,
        "dmean2": 0.00973455887288,
        "dvar": 6.32310038782e-05,
        "dvar2": 0.000102777594293,
        "max": 0.0855256393552,
        "mean": 0.0137371355668,
        "median": 0.0109468223527,
        "min": 3.37436745212e-11,
        "var": 0.00017935912183
    },
    "spectral_entropy": {
        "dmean": 0.365489393473,
        "dmean2": 0.539348840714,
        "dvar": 0.163293883204,
        "dvar2": 0.344484329224,
        "max": 8.80085468292,
        "mean": 7.1642408371,
        "median": 7.1447429657,
        "min": 4.88360691071,
        "var": 0.442358642817
    },
    "spectral_flux": {
        "dmean": 0.0353255942464,
        "dmean2": 0.0565118342638,
        "dvar": 0.00108412583359,
        "dvar2": 0.00246113003232,
        "max": 0.306129097939,
        "mean": 0.0887358039618,
        "median": 0.0862706452608,
        "min": 7.80340051278e-05,
        "var": 0.0026777384337
    },
    "spectral_kurtosis": {
        "dmean": 5.56717300415,
        "dmean2": 8.82686328888,
        "dvar": 49.7460327148,
        "dvar2": 111.491859436,
        "max": 90.8807830811,
        "mean": 10.7136859894,
        "median": 7.9856595993,
        "min": -0.928367137909,
        "var": 96.5983123779
    },
    "spectral_rms": {
        "dmean": 0.00117262650747,
        "dmean2": 0.00154246261809,
        "dvar": 1.32815966936e-06,
        "dvar2": 2.0019663225e-06,
        "max": 0.0103457542136,
        "mean": 0.00390602368861,
        "median": 0.00415309146047,
        "min": 1.31301089823e-06,
        "var": 5.28710097569e-06
    },
    "spectral_rolloff": {
        "dmean": 1401.84692383,
        "dmean2": 2541.64624023,
        "dvar": 11897796,
        "dvar2": 26279394,
        "max": 20391.9433594,
        "mean": 3126.33227539,
        "median": 1033.59375,
        "min": 86.1328125,
        "var": 28759478
    },
    "spectral_skewness": {
        "dmean": 0.656509935856,
        "dmean2": 0.994706511497,
        "dvar": 0.440157681704,
        "dvar2": 0.958435177803,
        "max": 8.18823051453,
        "mean": 2.05818414688,
        "median": 1.85732018948,
        "min": 0.041169218719,
        "var": 1.20863366127
    },
    "spectral_spread": {
        "dmean": 918940.5625,
        "dmean2": 1376063.25,
        "dvar": 1.58033720115e+12,
        "dvar2": 3.18612150682e+12,
        "max": 17304978,
        "mean": 3635595.25,
        "median": 2944159.25,
        "min": 1035535.375,
        "var": 3.65190342246e+12
    },
    "spectral_strongpeak": {
        "dmean": 0.686557412148,
        "dmean2": 1.11012434959,
        "dvar": 0.719843864441,
        "dvar2": 1.69351959229,
        "max": 5.90225934982,
        "mean": 1.18803215027,
        "median": 0.794409632683,
        "min": 0,
        "var": 1.3525249958
    },
    "zerocrossingrate": {
        "dmean": 0.0353762172163,
        "dmean2": 0.0383019261062,
        "dvar": 0.00323051470332,
        "dvar2": 0.00323064485565,
        "max": 0.85400390625,
        "mean": 0.118878312409,
        "median": 0.0478515625,
        "min": 0.013671875,
        "var": 0.0282716546208
    },
    "barkbands": {
        "dmean": [3.47958439306e-06, 0.000444801349659, 0.00100491091143, 0.00034965161467, 0.00163321883883, 0.00146711652633, 0.00237534241751, 0.00258170301095, 0.00180817698129, 0.000563280482311, 0.000633909541648, 0.000764058670029, 0.000473578693345, 0.000387531879824, 0.000209864010685, 0.000173476320924, 0.000230112927966, 0.000110955174023, 0.000306652218569, 0.000149228071677, 7.07762665115e-05, 6.5107109549e-05, 4.23975398007e-05, 2.56599778368e-05, 7.41112353353e-06, 5.47884565094e-06, 6.39430527372e-06],
        "dmean2": [5.72442877456e-06, 0.000635123229586, 0.00146295176819, 0.000503141374793, 0.00214472715743, 0.00219810893759, 0.00377994775772, 0.00396886002272, 0.00261974334717, 0.000844695139676, 0.000954875780735, 0.00119467847981, 0.00074479210889, 0.000618255813606, 0.000339528633049, 0.000266008224571, 0.000353622162947, 0.000170657251147, 0.000462606083602, 0.000230330551858, 0.000107535219286, 9.55696450546e-05, 6.4815976657e-05, 4.07795560022e-05, 1.1540964806e-05, 8.56405040395e-06, 1.10513919935e-05],
        "dvar": [2.22191084975e-10, 4.78867605125e-07, 1.90717264559e-06, 3.04559677033e-07, 5.68248788113e-06, 7.24974097466e-06, 1.66636709764e-05, 1.82972707989e-05, 1.57375288836e-05, 1.66067081864e-06, 2.41895327235e-06, 2.64927280114e-06, 1.16550313578e-06, 1.26948634716e-06, 4.62699290438e-07, 1.9728578593e-07, 1.55473557584e-07, 3.95831918354e-08, 2.38163877953e-07, 8.65893738933e-08, 3.0890909386e-08, 6.05833179179e-08, 2.64502482139e-08, 1.03338280155e-08, 4.80938788794e-10, 2.26138330284e-10, 3.24896325121e-11],
        "dvar2": [5.02476116271e-10, 9.67076061897e-07, 3.81865265808e-06, 5.86516705425e-07, 8.48776835483e-06, 1.36132739499e-05, 3.6212233681e-05, 3.87495274481e-05, 2.9667340641e-05, 3.55246083927e-06, 5.46666751688e-06, 6.01678539169e-06, 2.47096977546e-06, 2.85879855255e-06, 1.03326715362e-06, 4.17331136759e-07, 3.1307001791e-07, 9.0022858501e-08, 4.72622161851e-07, 1.94128247699e-07, 6.52493099551e-08, 1.14185738198e-07, 5.18477847322e-08, 2.27295160471e-08, 1.04957398328e-09, 5.1485388175e-10, 9.62377746938e-11],
        "max": [0.000573872413952, 0.0124563667923, 0.0146403871477, 0.00997816678137, 0.0279847420752, 0.0450871922076, 0.0426630973816, 0.0377410389483, 0.0594743266702, 0.0177351161838, 0.0335457883775, 0.0177072882652, 0.0132843609899, 0.0139949899167, 0.00944349169731, 0.00806938391179, 0.00502886390314, 0.00290973857045, 0.0046411016956, 0.00494431424886, 0.00318777537905, 0.00377587089315, 0.00216112402268, 0.00212409859523, 0.000329076137859, 0.000297509512166, 6.4469219069e-05],
        "mean": [3.43392707691e-06, 0.00100625515915, 0.00199780869298, 0.00052933441475, 0.0033917312976, 0.0021984456107, 0.00273468135856, 0.0027177289594, 0.00198119436391, 0.000642983592115, 0.000656859891023, 0.000749648781493, 0.000487961078761, 0.000354188785423, 0.000207924109418, 0.000189034428331, 0.000281139044091, 0.000126624232507, 0.000376104726456, 0.00017641003069, 7.80920599937e-05, 6.61089507048e-05, 4.27903942182e-05, 2.45038172579e-05, 7.45911347622e-06, 5.63854246138e-06, 2.36267678702e-05],
        "median": [1.05125332084e-06, 0.000515342864674, 0.00164081936236, 0.000159911636729, 0.00215645274147, 0.00126049027313, 0.000782142335083, 0.000246307550697, 0.000110339868115, 7.11234970368e-05, 6.0125021264e-05, 4.49743638455e-05, 2.33797618421e-05, 2.26642550842e-05, 2.1050514988e-05, 2.35242114286e-05, 5.95850324316e-05, 2.87537259283e-05, 6.57437703921e-05, 3.25395158143e-05, 1.28672681967e-05, 3.31006594934e-06, 1.71273984506e-06, 1.58238526637e-06, 1.14728402423e-06, 1.0839778497e-06, 2.37496842601e-05],
        "min": [3.83420346254e-13, 3.07708401131e-14, 1.40128980332e-14, 2.94279249406e-13, 3.11129507574e-12, 1.04522709932e-11, 1.1396129266e-12, 1.29735360909e-12, 5.83861951842e-12, 9.18568715015e-13, 3.97382344045e-12, 3.28809657453e-12, 2.08458020268e-13, 3.39018266585e-12, 2.1572119091e-11, 2.84057985467e-11, 1.77215239011e-11, 5.44445001235e-12, 2.18034548749e-11, 1.92563812118e-11, 1.73425232508e-11, 5.67108408844e-11, 1.90820657886e-11, 3.40888775541e-11, 6.50876436081e-11, 6.38288519261e-11, 1.11471676334e-09],
        "var": [2.298811419e-10, 1.75153877535e-06, 4.07341167374e-06, 8.08636741567e-07, 1.85338813026e-05, 1.29156323965e-05, 2.35082079598e-05, 2.47140014835e-05, 2.47447260335e-05, 2.28602834795e-06, 2.82762562165e-06, 3.26886652147e-06, 1.70797738974e-06, 1.37985273341e-06, 5.37187474947e-07, 2.59837349859e-07, 2.57920817148e-07, 5.58048256494e-08, 4.24852061087e-07, 1.30532612275e-07, 4.16196783704e-08, 8.68803908816e-08, 3.58339633522e-08, 1.18625207435e-08, 5.38782629622e-10, 2.51111964555e-10, 3.96148114312e-11]
    },
    "erbbands": {
        "dmean": [0.00382136367261, 0.137788295746, 1.02348232269, 0.988967180252, 3.39712905884, 6.46115589142, 7.15528392792, 14.716258049, 30.6222457886, 45.4583587646, 52.9162597656, 43.4510002136, 17.9534244537, 20.6426773071, 27.33568573, 28.6898384094, 21.2249488831, 21.3127098083, 14.2458133698, 8.91993331909, 9.45808792114, 12.7575893402, 6.01853084564, 12.8869075775, 14.5687503815, 6.42807769775, 4.42444133759, 1.95523953438, 2.23519206047, 1.9773542881, 1.05554664135, 0.660840213299, 0.353486180305, 0.105005301535, 0.0468575358391, 0.0344166271389, 0.00786243844777, 0.000406744249631, 0.000295948178973, 0.000192688428797],
        "dmean2": [0.00566602824256, 0.195593610406, 1.480722785, 1.42678618431, 4.64493465424, 8.59442520142, 9.88903236389, 22.3005104065, 47.2525978088, 69.9922103882, 80.1134033203, 62.7425346375, 25.7277908325, 29.9864368439, 41.1710128784, 45.1358680725, 32.4867324829, 33.1832313538, 22.5692653656, 13.3481292725, 14.0985279083, 19.4803924561, 9.11373806, 19.2274665833, 22.2061386108, 9.79062271118, 6.84878444672, 2.94445252419, 3.29919695854, 2.92594528198, 1.61696207523, 1.03486526012, 0.559620738029, 0.163101509213, 0.073254480958, 0.0547120943666, 0.0123138977215, 0.000628734764177, 0.000503465475049, 0.000333192932885],
        "dvar": [0.000184584161616, 0.0377253480256, 1.83836746216, 2.5648651123, 24.7122554779, 129.254776001, 254.209869385, 815.019836426, 3067.07714844, 5705.85546875, 8225.13964844, 9544.72949219, 1631.85314941, 2456.23999023, 3442.43530273, 3925.61157227, 2152.6875, 3153.30297852, 1875.13269043, 609.129943848, 386.841430664, 485.34765625, 105.942626953, 495.279846191, 643.276855469, 171.685852051, 99.4830856323, 38.1547164917, 76.5149917603, 56.6271858215, 17.3978481293, 8.51371002197, 1.53115308285, 0.113101579249, 0.0176387559623, 0.00915131531656, 0.000516692816745, 1.54286612997e-06, 6.28788754398e-08, 2.99326217146e-08],
        "dvar2": [0.000428273313446, 0.0753419473767, 3.64705562592, 5.31349420547, 40.7931900024, 203.855575562, 451.506225586, 1584.09814453, 6721.80126953, 12333.2412109, 17021.1464844, 18605.953125, 3057.6184082, 5198.97851562, 7651.2890625, 8904.58496094, 4514.86132812, 6896.56933594, 4136.32861328, 1212.87036133, 807.853393555, 996.354919434, 230.704330444, 987.501525879, 1354.03039551, 387.976470947, 220.905075073, 78.2816009521, 153.075698853, 107.662712097, 33.1162033081, 18.0111293793, 3.39658045769, 0.249617815018, 0.0387091673911, 0.0221041571349, 0.00110045343172, 3.4303538996e-06, 1.82865719012e-07, 8.83495445692e-08],
        "max": [0.519002318382, 2.90761113167, 13.5872097015, 26.7737560272, 61.4014511108, 169.765609741, 316.743164062, 493.086517334, 617.315063477, 813.533081055, 919.424133301, 1363.18798828, 800.456115723, 1008.98248291, 693.438232422, 679.520690918, 604.988647461, 844.318908691, 584.6171875, 455.665740967, 238.927230835, 304.308685303, 156.122528076, 287.048736572, 333.690002441, 251.505599976, 182.711715698, 171.239486694, 161.457885742, 106.038169861, 62.2913894653, 68.3156509399, 24.3239765167, 5.91770505905, 2.28674316406, 2.26089119911, 0.533701837063, 0.024907194078, 0.00271644699387, 0.00200716755353],
        "mean": [0.00761064188555, 0.325166583061, 2.16684818268, 1.98140192032, 6.83730697632, 11.8458099365, 12.5017166138, 20.312040329, 35.5619392395, 51.130317688, 57.7076530457, 48.1539001465, 21.3665466309, 23.4921646118, 28.8830776215, 29.3111839294, 22.6398468018, 20.7335166931, 13.9023256302, 9.80725479126, 11.0902233124, 15.5504598618, 7.4035692215, 15.3725147247, 17.6693267822, 7.73195266724, 5.04767370224, 2.02840209007, 2.20619130135, 2.0523121357, 1.07477474213, 0.62824100256, 0.339580506086, 0.102413915098, 0.0477624088526, 0.0344839766622, 0.00816479045898, 0.000468909798656, 0.00110120349564, 0.000729861203581],
        "median": [0.00355457374826, 0.202718198299, 1.82310450077, 1.38744568825, 3.37574744225, 5.12900733948, 6.84345531464, 9.3877954483, 12.0853738785, 10.2800188065, 4.67570590973, 2.64470863342, 2.09715652466, 2.6169219017, 2.71093583107, 1.98707973957, 1.27875161171, 1.25712835789, 1.28895843029, 1.16784787178, 1.70903170109, 3.39156842232, 1.76311814785, 2.87555766106, 2.74453783035, 1.56048500538, 1.03254544735, 0.271002233028, 0.121119745076, 0.0873424932361, 0.038650047034, 0.0225138030946, 0.030570557341, 0.0131315262988, 0.00764287309721, 0.00623618066311, 0.00142899167258, 0.000138330418849, 0.00109547551256, 0.000717885326594],
        "min": [2.84775501791e-12, 3.72156168729e-12, 1.7216691614e-11, 4.68840410939e-10, 1.5246691687e-09, 9.41521616227e-09, 6.5535232352e-08, 8.12183458265e-08, 3.42080461735e-08, 8.88618068018e-09, 6.61732997287e-08, 1.34873829438e-07, 4.5804849691e-08, 6.2011977775e-08, 2.21780609877e-07, 7.51206243876e-08, 1.44581004946e-08, 1.02325508067e-07, 7.4948962947e-07, 1.32507398121e-06, 2.44435864261e-06, 8.29083603548e-07, 3.03700147697e-07, 8.72354519288e-07, 1.03179161215e-06, 9.97618712972e-07, 6.04802778525e-07, 1.30854846248e-06, 2.34472963712e-06, 4.06819111731e-07, 6.74505542975e-07, 7.10789379355e-07, 6.33545823803e-07, 7.09397738774e-07, 4.5284750172e-07, 1.39670873978e-07, 1.60623272905e-07, 9.59169952353e-08, 1.19359128803e-07, 2.39511610545e-08],
        "var": [0.000271216384135, 0.141986191273, 4.17853832245, 5.89342164993, 82.7004852295, 357.265167236, 544.639892578, 1323.93762207, 4111.35791016, 8172.24023438, 11675.6279297, 14679.8710938, 2577.33203125, 3336.00756836, 4305.22070312, 4859.99414062, 3293.875, 3869.23461914, 2088.74243164, 926.026000977, 578.819824219, 789.976623535, 172.287612915, 837.072998047, 1091.94177246, 248.901184082, 135.50177002, 49.7332000732, 100.95400238, 80.8070526123, 24.1416702271, 10.2221298218, 1.71437633038, 0.123698867857, 0.0199953988194, 0.00925276614726, 0.000619491562247, 1.73087335043e-06, 9.36552595476e-08, 3.64034313804e-08]
    },
    "gfcc": {
        "mean": [-83.2707748413, 101.386489868, -93.0427856445, 13.6899347305, -38.0988998413, -26.4384174347, -20.1139698029, -5.13309288025, -16.520772934, -8.14738559723, -1.50634050369, -13.4790754318, -6.00622844696],
        "cov": [[12865.015625, 2454.19970703, -3036.61279297, -304.980499268, -1284.0177002, -529.558044434, -1002.02001953, 774.308044434, -1083.21374512, 258.680633545, -485.163543701, -83.6429748535, -636.962036133], [2454.19970703, 3554.71459961, -317.293151855, -1151.64892578, 71.1283721924, -733.27154541, 70.9827270508, -26.8712768555, -440.220275879, -344.664245605, -45.5451164246, -92.05909729, 48.0643157959], [-3036.61279297, -317.293151855, 1513.73754883, 333.042999268, 145.339172363, 128.97543335, 165.70425415, -213.289993286, 242.191040039, -111.550735474, 87.032409668, 96.2002182007, 189.181945801], [-304.980499268, -1151.64892578, 333.042999268, 1119.92993164, 60.8980522156, 45.623500824, -226.900680542, -86.3469009399, 142.184387207, 144.368560791, 34.8152885437, 14.689666748, 47.7171363831], [-1284.0177002, 71.1283721924, 145.339172363, 60.8980522156, 621.136474609, -32.4948043823, -53.5881576538, -153.466430664, 108.307411194, 17.4622516632, 76.1919708252, -73.913192749, 98.2436447144], [-529.558044434, -733.27154541, 128.97543335, 45.623500824, -32.4948043823, 523.37310791, 97.3453369141, 2.08135342598, 132.870376587, 65.6187667847, -6.54380273819, 56.5060310364, -53.9300613403], [-1002.02001953, 70.9827270508, 165.70425415, -226.900680542, -53.5881576538, 97.3453369141, 526.987854004, 41.0906524658, 3.27222251892, -104.84185791, 22.1665382385, 57.7908744812, 39.2310295105], [774.308044434, -26.8712768555, -213.289993286, -86.3469009399, -153.466430664, 2.08135342598, 41.0906524658, 281.718017578, -67.2554702759, 8.23984909058, -35.9254570007, 4.3005232811, -74.5892105103], [-1083.21374512, -440.220275879, 242.191040039, 142.184387207, 108.307411194, 132.870376587, 3.27222251892, -67.2554702759, 266.853027344, 45.0554389954, 46.2050437927, -5.86320018768, 20.1652088165], [258.680633545, -344.664245605, -111.550735474, 144.368560791, 17.4622516632, 65.6187667847, -104.84185791, 8.23984909058, 45.0554389954, 193.226150513, -0.423239827156, -27.8926391602, -55.7773933411], [-485.163543701, -45.5451164246, 87.032409668, 34.8152885437, 76.1919708252, -6.54380273819, 22.1665382385, -35.9254570007, 46.2050437927, -0.423239827156, 122.895446777, -24.2767429352, 0.81971514225], [-83.6429748535, -92.05909729, 96.2002182007, 14.689666748, -73.913192749, 56.5060310364, 57.7908744812, 4.3005232811, -5.86320018768, -27.8926391602, -24.2767429352, 130.131652832, 10.2686023712], [-636.962036133, 48.0643157959, 189.181945801, 47.7171363831, 98.2436447144, -53.9300613403, 39.2310295105, -74.5892105103, 20.1652088165, -55.7773933411, 0.81971514225, 10.2686023712, 162.626419067]],
        "icov": [[0.0020841951482, -0.00266162399203, 0.00282784109004, -0.00287060951814, 0.00286485021934, -0.00248540169559, 0.00262778555043, -0.00228689424694, 0.00236625992693, -0.00191665126476, 0.00194935873151, -0.000741880096029, 0.00135108281393], [-0.00266162399203, 0.00424088584259, -0.00375530123711, 0.00440421327949, -0.00384563533589, 0.00405745627359, -0.00326407654211, 0.0032602774445, -0.00233847787604, 0.00304393004626, -0.00224585761316, 0.00120110192802, -0.00138108932879], [0.00282784109004, -0.00375530123711, 0.00497910985723, -0.00430633779615, 0.00396133773029, -0.00365396332927, 0.00333722657524, -0.00276825623587, 0.00238666310906, -0.00205520354211, 0.00217682542279, -0.00159871194046, 0.00106675701682], [-0.00287060951814, 0.00440421327949, -0.00430633779615, 0.00587620260194, -0.00397258345038, 0.00422912370414, -0.00299101183191, 0.00340336281806, -0.00291046337225, 0.00216877600178, -0.00280091678724, 0.000891666510142, -0.00211231270805], [0.00286485021934, -0.00384563533589, 0.00396133773029, -0.00397258345038, 0.00630270829424, -0.00360412779264, 0.00378230260685, -0.0025088165421, 0.0025555214379, -0.00309508852661, 0.00169940770138, -7.91358907009e-05, 0.000467022415251], [-0.00248540169559, 0.00405745627359, -0.00365396332927, 0.00422912370414, -0.00360412779264, 0.00662955222651, -0.00366386491805, 0.00319183873944, -0.00340849673375, 0.00203044805676, -0.00142546801362, 0.000114632763143, -8.1517820945e-05], [0.00262778555043, -0.00326407654211, 0.00333722657524, -0.00299101183191, 0.00378230260685, -0.00366386491805, 0.00604740856215, -0.00348906964064, 0.00307728815824, -0.00153203052469, 0.00152209366206, -0.00155556108803, 0.000876923790202], [-0.00228689424694, 0.0032602774445, -0.00276825623587, 0.00340336281806, -0.0025088165421, 0.00319183873944, -0.00348906964064, 0.00752618024126, -0.00199522520415, 0.00233666412532, -0.00128489476629, 0.00114786881022, 0.000151475876919], [0.00236625992693, -0.00233847787604, 0.00238666310906, -0.00291046337225, 0.0025555214379, -0.00340849673375, 0.00307728815824, -0.00199522520415, 0.0091264443472, -0.00276516308077, 0.00125056132674, -1.4307787751e-05, 0.00161966541782], [-0.00191665126476, 0.00304393004626, -0.00205520354211, 0.00216877600178, -0.00309508852661, 0.00203044805676, -0.00153203052469, 0.00233666412532, -0.00276516308077, 0.0102548077703, -0.00116172351409, 0.00193123391364, 0.0010761898011], [0.00194935873151, -0.00224585761316, 0.00217682542279, -0.00280091678724, 0.00169940770138, -0.00142546801362, 0.00152209366206, -0.00128489476629, 0.00125056132674, -0.00116172351409, 0.0121992332861, 0.00113309407607, 0.00344601855613], [-0.000741880096029, 0.00120110192802, -0.00159871194046, 0.000891666510142, -7.91358907009e-05, 0.000114632763143, -0.00155556108803, 0.00114786881022, -1.4307787751e-05, 0.00193123391364, 0.00113309407607, 0.0103744156659, -0.000671662972309], [0.00135108281393, -0.00138108932879, 0.00106675701682, -0.00211231270805, 0.000467022415251, -8.1517820945e-05, 0.000876923790202, 0.000151475876919, 0.00161966541782, 0.0010761898011, 0.00344601855613, -0.000671662972309, 0.0109699759632]]
    },
    "melbands": {
        "dmean": [7.40557879908e-05, 0.000405103724916, 0.000204836454941, 0.000386278057704, 0.00024182011839, 0.000323409010889, 0.000465889985207, 0.000519158551469, 0.000434515008237, 0.000249201781116, 8.58365820022e-05, 8.3300517872e-05, 8.7246975454e-05, 9.34911950026e-05, 5.60571024835e-05, 4.70948798466e-05, 3.97077637899e-05, 2.49460899795e-05, 1.41181326399e-05, 1.19206979434e-05, 1.16449291454e-05, 1.43272282003e-05, 8.78158061823e-06, 4.61933814222e-06, 1.14980739454e-05, 1.16674591482e-05, 8.19357774162e-06, 3.69205508832e-06, 3.34582887263e-06, 1.65974472566e-06, 1.00513216239e-06, 1.19885362437e-06, 1.43158388255e-06, 1.03828392639e-06, 6.79197626141e-07, 4.54179996723e-07, 3.85169556694e-07, 2.78215651406e-07, 1.53034150685e-07, 6.73545770269e-08],
        "dmean2": [0.000107220432255, 0.000583742221352, 0.000293258985039, 0.00050864595687, 0.000327507994371, 0.000490086560603, 0.000723604287487, 0.000795905012637, 0.000652138201986, 0.0003588302352, 0.000125228063553, 0.000122202880448, 0.000131884720759, 0.000146495935041, 8.76910780789e-05, 7.34433997422e-05, 6.29380228929e-05, 4.03508711315e-05, 2.19579778786e-05, 1.80044316949e-05, 1.7375617972e-05, 2.18436525756e-05, 1.3777445929e-05, 7.09228015694e-06, 1.72763138835e-05, 1.77675665327e-05, 1.25676197058e-05, 5.68301811654e-06, 5.2391205827e-06, 2.54114002018e-06, 1.54627957727e-06, 1.81679604339e-06, 2.06495246857e-06, 1.56111366323e-06, 1.04736659523e-06, 7.06465129952e-07, 6.20164371412e-07, 4.41267275164e-07, 2.41454330308e-07, 1.05288691543e-07],
        "dvar": [2.0784938215e-08, 2.67578286639e-07, 7.18251484955e-08, 3.42006245546e-07, 2.51971727039e-07, 3.59470959665e-07, 6.69758037475e-07, 7.0343810421e-07, 5.72450176151e-07, 3.24347041669e-07, 3.99962374331e-08, 4.04160154233e-08, 3.90836625286e-08, 4.3917868453e-08, 1.51602002063e-08, 1.19803793552e-08, 1.29328308063e-08, 6.21799989275e-09, 2.02818717376e-09, 1.27488553048e-09, 5.76037550992e-10, 6.41089292763e-10, 2.99919117319e-10, 7.05344463392e-11, 4.36178204666e-10, 4.12561207419e-10, 2.65275079681e-10, 7.14724668338e-11, 6.01656433008e-11, 2.0502688089e-11, 1.3987406719e-11, 2.3080783812e-11, 3.37263168781e-11, 1.65928278062e-11, 7.60408402911e-12, 4.54838207029e-12, 2.82288276955e-12, 9.96143488877e-13, 2.66354538252e-13, 4.81017813471e-14],
        "dvar2": [4.45278303118e-08, 5.37356356745e-07, 1.35933106549e-07, 5.49262892946e-07, 4.1725283495e-07, 6.89812623023e-07, 1.45285468989e-06, 1.50494054196e-06, 1.15474267659e-06, 6.31542491192e-07, 7.85591183217e-08, 8.72884697856e-08, 8.74681873597e-08, 1.00795908509e-07, 3.25950040292e-08, 2.62190269495e-08, 2.89348331961e-08, 1.41877638526e-08, 4.57005766563e-09, 2.69255329144e-09, 1.22894794341e-09, 1.33414890247e-09, 6.58793630759e-10, 1.48569684333e-10, 8.8187329661e-10, 8.39885438975e-10, 5.79173209392e-10, 1.65189528722e-10, 1.36057998201e-10, 4.5101200552e-11, 2.98997597514e-11, 4.73792463596e-11, 6.47041933921e-11, 3.51129576803e-11, 1.52230728023e-11, 9.19745529737e-12, 6.17586407362e-12, 2.2808577943e-12, 6.06976329007e-13, 1.08827701083e-13],
        "max": [0.0039632790722, 0.00543100200593, 0.00376202980988, 0.00711747724563, 0.00936023145914, 0.00999370589852, 0.00958187039942, 0.00899231713265, 0.00712088961154, 0.0073447083123, 0.00387309188955, 0.00370922451839, 0.00286497967318, 0.00250148843043, 0.00136635883246, 0.00169253116474, 0.0017044582637, 0.00102623587009, 0.000676892348565, 0.000751848565415, 0.00025958934566, 0.000324762047967, 0.000251238700002, 0.000135123351356, 0.000281398533843, 0.000180257484317, 0.000273908284726, 0.000153411368956, 0.000146442936966, 8.1288140791e-05, 0.000113961214083, 9.94028669083e-05, 8.84462351678e-05, 6.02095351496e-05, 4.70165941806e-05, 4.81810820929e-05, 3.40243495884e-05, 1.94472468138e-05, 8.03840976005e-06, 3.78878144147e-06],
        "mean": [0.00016453875287, 0.000904804386664, 0.000453810585896, 0.000746491015889, 0.000450611754786, 0.0004581954272, 0.000547295145225, 0.00057487108279, 0.000474442174891, 0.000273480545729, 9.89226537058e-05, 9.30315654841e-05, 9.22035178519e-05, 9.13159237825e-05, 5.84598128626e-05, 4.7096858907e-05, 3.70630514226e-05, 2.30162822845e-05, 1.41187110785e-05, 1.25990145534e-05, 1.31642291308e-05, 1.70182847796e-05, 1.03312468127e-05, 5.28080545337e-06, 1.32563800435e-05, 1.39167441375e-05, 9.68951553659e-06, 4.14213764088e-06, 3.70062139154e-06, 1.7469121758e-06, 9.73210944721e-07, 1.16578439702e-06, 1.42782266721e-06, 1.03902266346e-06, 6.7176841867e-07, 4.35044285041e-07, 3.61165319873e-07, 2.63165190972e-07, 1.44980376149e-07, 6.45734701266e-08],
        "median": [8.01940841484e-05, 0.000783904921263, 0.000353880168404, 0.000429069623351, 0.000241708767135, 0.000235592902754, 0.000184116885066, 9.75968723651e-05, 3.3388765587e-05, 1.49458310261e-05, 9.60345005296e-06, 1.01378118416e-05, 8.77979164216e-06, 5.91940715822e-06, 3.06574429487e-06, 2.26670317716e-06, 2.08285450753e-06, 2.00001795747e-06, 1.44872069541e-06, 1.45732224155e-06, 1.83691474831e-06, 3.37720530297e-06, 1.99896840058e-06, 1.07598975774e-06, 2.22998755817e-06, 1.92366474039e-06, 1.35270749979e-06, 6.84192059452e-07, 6.32991316252e-07, 2.33954054352e-07, 8.04577524605e-08, 5.74221559191e-08, 4.02079649575e-08, 4.47739409992e-08, 2.23752500972e-08, 7.5396409116e-09, 1.37549402979e-08, 2.33000339023e-08, 1.4207891752e-08, 7.92650034498e-09],
        "min": [3.53494665451e-14, 4.94449130213e-15, 1.19428121906e-13, 2.26448918753e-13, 1.94562465097e-12, 1.81321190701e-12, 4.38330470011e-13, 8.77212324589e-14, 7.33920628264e-13, 7.87319211562e-13, 1.92811451484e-13, 2.06706383238e-13, 6.56240524161e-13, 4.84159695842e-13, 3.51921623624e-14, 2.39037610506e-14, 1.63931409137e-13, 1.04158359455e-12, 1.7090112962e-12, 1.22009314544e-12, 3.74256051497e-12, 1.00905113258e-12, 3.39435239898e-13, 2.09755037775e-13, 7.64065568627e-13, 8.01617615603e-13, 7.69580905079e-13, 1.76106199935e-13, 1.6755948842e-13, 3.1487976831e-13, 1.04402803677e-12, 1.25148448462e-12, 1.94117901549e-13, 1.93926729601e-13, 4.2219054858e-13, 3.26504963474e-13, 3.32621896606e-13, 3.50428318091e-13, 5.22248531313e-13, 5.14279157454e-13],
        "var": [5.95981362039e-08, 6.55208850731e-07, 2.08976302929e-07, 1.01211583114e-06, 6.20118100869e-07, 6.02945760875e-07, 9.32336376991e-07, 1.01537921182e-06, 8.46463933613e-07, 4.97521853049e-07, 5.86562478588e-08, 5.36641806548e-08, 4.79346127236e-08, 5.0951658892e-08, 2.17065423413e-08, 1.63661333374e-08, 1.48662353538e-08, 6.32367980202e-09, 2.42013675766e-09, 1.66166846949e-09, 8.42340197593e-10, 9.94257343123e-10, 4.61946675356e-10, 1.04307687487e-10, 7.0281419573e-10, 6.8194744296e-10, 4.42359510133e-10, 9.41103237007e-11, 8.19355763793e-11, 2.523458352e-11, 1.67755236785e-11, 2.91979704303e-11, 4.68081615135e-11, 2.09210131857e-11, 9.84873467502e-12, 5.72392437267e-12, 3.24939749587e-12, 1.0659028998e-12, 2.80533571633e-13, 4.97790624368e-14]
    },
    "mfcc": {
        "mean": [-743.268554688, 152.359512329, -1.11373865604, 38.7817115784, -0.982326984406, -9.94199943542, 2.63010859489, -4.25719308853, -6.51813650131, -0.517824530602, -1.55248904228, 0.687158942223, 2.92407798767],
        "cov": [[13885.1083984, 1983.36071777, -2527.14428711, -116.452331543, -950.752563477, -1307.46875, -224.01121521, -398.637084961, -480.428344727, -77.5769119263, -222.965209961, 64.8829269409, -52.2569961548], [1983.36071777, 4287.86474609, -717.671508789, -448.058013916, -387.030059814, -746.183837891, 226.817626953, -66.0045623779, -77.5684432983, -409.393371582, -277.819488525, -66.6654815674, 62.5674362183], [-2527.14428711, -717.671508789, 1440.23193359, 205.93901062, 71.3650512695, 332.906280518, -48.5405578613, 180.223968506, 89.1930541992, -15.1355876923, -17.9758300781, -7.89385795593, 40.6414680481], [-116.452331543, -448.058013916, 205.93901062, 808.53503418, 259.437896729, -1.39235758781, -68.4227981567, -142.139083862, -49.3845939636, 43.9093589783, -100.359153748, -64.9385681152, 12.7425327301], [-950.752563477, -387.030059814, 71.3650512695, 259.437896729, 728.386169434, 199.340652466, -146.353317261, -176.840499878, -53.9296875, 118.461082458, -6.22078895569, -47.2081604004, 7.64335823059], [-1307.46875, -746.183837891, 332.906280518, -1.39235758781, 199.340652466, 545.186462402, -24.8555755615, 28.6445941925, 66.5675354004, 37.1892166138, 101.480796814, 25.4493331909, -9.17402839661], [-224.01121521, 226.817626953, -48.5405578613, -68.4227981567, -146.353317261, -24.8555755615, 284.490325928, 102.498687744, 48.6359138489, -33.2959136963, 19.251247406, 44.5093994141, -19.1735610962], [-398.637084961, -66.0045623779, 180.223968506, -142.139083862, -176.840499878, 28.6445941925, 102.498687744, 299.231750488, 82.3238449097, -49.9268226624, 70.0369796753, 20.0375041962, -15.4533424377], [-480.428344727, -77.5684432983, 89.1930541992, -49.3845939636, -53.9296875, 66.5675354004, 48.6359138489, 82.3238449097, 193.15272522, -15.7827701569, 12.2417411804, 20.5197200775, -24.5667285919], [-77.5769119263, -409.393371582, -15.1355876923, 43.9093589783, 118.461082458, 37.1892166138, -33.2959136963, -49.9268226624, -15.7827701569, 215.443786621, 64.584777832, 6.64964056015, -13.0674514771], [-222.965209961, -277.819488525, -17.9758300781, -100.359153748, -6.22078895569, 101.480796814, 19.251247406, 70.0369796753, 12.2417411804, 64.584777832, 258.649200439, 60.0149154663, -54.2331466675], [64.8829269409, -66.6654815674, -7.89385795593, -64.9385681152, -47.2081604004, 25.4493331909, 44.5093994141, 20.0375041962, 20.5197200775, 6.64964056015, 60.0149154663, 153.093948364, -14.3390569687], [-52.2569961548, 62.5674362183, 40.6414680481, 12.7425327301, 7.64335823059, -9.17402839661, -19.1735610962, -15.4533424377, -24.5667285919, -13.0674514771, -54.2331466675, -14.3390569687, 138.996948242]],
