{
"lowlevel": {
    "average_loudness": 0.971918702126,
    "barkbands_crest": {
        "dmean": 2.86392259598,
        "dmean2": 4.54901266098,
        "dvar": 6.73592710495,
        "dvar2": 15.6687955856,
        "max": 25.697019577,
        "mean": 9.54751396179,
        "median": 8.82096099854,
        "min": 2.73321056366,
        "var": 13.0082902908
    },
    "barkbands_flatness_db": {
        "dmean": 0.0461023077369,
        "dmean2": 0.0666251331568,
        "dvar": 0.00212201289833,
        "dvar2": 0.00450531719252,
        "max": 0.48375171423,
        "mean": 0.193788677454,
        "median": 0.185161799192,
        "min": 0.023954609409,
        "var": 0.00561781926081
    },
    "barkbands_kurtosis": {
        "dmean": 11.5734434128,
        "dmean2": 18.78556633,
        "dvar": 362.791625977,
        "dvar2": 828.007995605,
        "max": 217.929367065,
        "mean": 11.8263883591,
        "median": 3.0667052269,
        "min": -1.95333993435,
        "var": 460.630828857
    },
    "barkbands_skewness": {
        "dmean": 1.34154379368,
        "dmean2": 2.00286316872,
        "dvar": 2.24851059914,
        "dvar2": 4.58459472656,
        "max": 13.7159547806,
        "mean": 1.73148179054,
        "median": 1.46063244343,
        "min": -5.62909984589,
        "var": 4.56514596939
    },
    "barkbands_spread": {
        "dmean": 13.4862823486,
        "dmean2": 21.8266124725,
        "dvar": 358.79864502,
        "dvar2": 837.373474121,
        "max": 149.767929077,
        "mean": 22.8948574066,
        "median": 14.1809635162,
        "min": 1.27461409569,
        "var": 596.044067383
    },
    "dissonance": {
        "dmean": 0.0276651475579,
        "dmean2": 0.0428670793772,
        "dvar": 0.00090949528385,
        "dvar2": 0.00214483193122,
        "max": 0.500000059605,
        "mean": 0.443904697895,
        "median": 0.452757120132,
        "min": 0.203476160765,
        "var": 0.00221118004993
    },
    "dynamic_complexity": 3.66988825798,
    "erbbands_crest": {
        "dmean": 2.99242186546,
        "dmean2": 4.98971557617,
        "dvar": 6.78952455521,
        "dvar2": 17.3274593353,
        "max": 25.1318073273,
        "mean": 9.76585197449,
        "median": 9.10810184479,
        "min": 2.88506817818,
        "var": 12.516664505
    },
    "erbbands_flatness_db": {
        "dmean": 0.0347215533257,
        "dmean2": 0.0521330498159,
        "dvar": 0.00112361542415,
        "dvar2": 0.00250257574953,
        "max": 0.389469444752,
        "mean": 0.196928799152,
        "median": 0.206313982606,
        "min": 0.0408655256033,
        "var": 0.00267428695224
    },
    "erbbands_kurtosis": {
        "dmean": 3.26955795288,
        "dmean2": 5.30709791183,
        "dvar": 27.8296127319,
        "dvar2": 67.2426986694,
        "max": 57.9685401917,
        "mean": 2.79168152809,
        "median": 0.789516925812,
        "min": -1.85266792774,
        "var": 34.4158859253
    },
    "erbbands_skewness": {
        "dmean": 0.83089530468,
        "dmean2": 1.29776740074,
        "dvar": 0.883014142513,
        "dvar2": 1.93861615658,
        "max": 5.68993234634,
        "mean": 0.417942047119,
        "median": 0.491924792528,
        "min": -4.73872709274,
        "var": 1.83671784401
    },
    "erbbands_spread": {
        "dmean": 14.0669984818,
        "dmean2": 22.9430160522,
        "dvar": 279.799713135,
        "dvar2": 714.840637207,
        "max": 160.577850342,
        "mean": 31.3194618225,
        "median": 26.9791412354,
        "min": 1.78642690182,
        "var": 391.882019043
    },
    "hfc": {
        "dmean": 10.0518598557,
        "dmean2": 14.7076225281,
        "dvar": 122.970909119,
        "dvar2": 240.601501465,
        "max": 81.7809371948,
        "mean": 17.0908985138,
        "median": 11.5250797272,
        "min": 4.58047361462e-05,
        "var": 262.026031494
    },
    "melbands_crest": {
        "dmean": 4.00580787659,
        "dmean2": 6.15890073776,
        "dvar": 13.781920433,
        "dvar2": 30.291015625,
        "max": 33.3050117493,
        "mean": 14.4070339203,
        "median": 13.8942489624,
        "min": 2.70122289658,
        "var": 26.1925983429
    },
    "melbands_flatness_db": {
        "dmean": 0.0644163712859,
        "dmean2": 0.0899626389146,
        "dvar": 0.00407379353419,
        "dvar2": 0.00829447247088,
        "max": 0.647123873234,
        "mean": 0.281980901957,
        "median": 0.274337887764,
        "min": 0.0179690048099,
        "var": 0.0123570971191
    },
    "melbands_kurtosis": {
        "dmean": 14.8673534393,
        "dmean2": 25.0501728058,
        "dvar": 622.861450195,
        "dvar2": 1604.9119873,
        "max": 252.629821777,
        "mean": 16.3277778625,
        "median": 6.86795711517,
        "min": -1.89587080479,
        "var": 615.581970215
    },
    "melbands_skewness": {
        "dmean": 1.40406703949,
        "dmean2": 2.16793560982,
        "dvar": 2.28678655624,
        "dvar2": 5.39590120316,
        "max": 14.0303668976,
        "mean": 2.49999237061,
        "median": 2.14205813408,
        "min": -2.72031450272,
        "var": 3.80053305626
    },
    "melbands_spread": {
        "dmean": 18.8139629364,
        "dmean2": 30.2770690918,
        "dvar": 1230.53918457,
        "dvar2": 2758.40185547,
        "max": 256.692352295,
        "mean": 27.8791503906,
        "median": 14.5456085205,
        "min": 0.429933339357,
        "var": 1787.60131836
    },
    "pitch_salience": {
        "dmean": 0.0859077721834,
        "dmean2": 0.131862953305,
        "dvar": 0.00748702930287,
        "dvar2": 0.0171723049134,
        "max": 0.876431822777,
        "mean": 0.616340637207,
        "median": 0.637269198895,
        "min": 0.0999848842621,
        "var": 0.0135087659582
    },
    "silence_rate_20dB": {
        "dmean": 0,
        "dmean2": 0,
        "dvar": 0,
        "dvar2": 0,
        "max": 1,
        "mean": 1,
        "median": 1,
        "min": 1,
        "var": 0
    },
    "silence_rate_30dB": {
        "dmean": 0,
        "dmean2": 0,
        "dvar": 0,
        "dvar2": 0,
        "max": 1,
        "mean": 1,
        "median": 1,
        "min": 1,
        "var": 0
    },
    "silence_rate_60dB": {
        "dmean": 0.0863363370299,
        "dmean2": 0.172737509012,
        "dvar": 0.0788848549128,
        "dvar2": 0.172941058874,
        "max": 1,
        "mean": 0.15009380877,
        "median": 0,
        "min": 0,
        "var": 0.127562999725
    },
    "spectral_centroid": {
        "dmean": 568.920776367,
        "dmean2": 858.377868652,
        "dvar": 616755.0625,
        "dvar2": 1074390,
        "max": 11265.0009766,
        "mean": 1335.18505859,
        "median": 911.864440918,
        "min": 120.702026367,
        "var": 1498398.5
    },
    "spectral_complexity": {
        "dmean": 5.19969987869,
        "dmean2": 7.17161083221,
        "dvar": 25.6265659332,
        "dvar2": 44.6730232239,
        "max": 39,
        "mean": 12.6630392075,
        "median": 12,
        "min": 0,
        "var": 82.5648956299
    },
    "spectral_decrease": {
        "dmean": 2.95416624496e-09,
        "dmean2": 3.9747076741e-09,
        "dvar": 1.02083815233e-17,
        "dvar2": 1.75314611171e-17,
        "max": 1.285711663e-12,
        "mean": -6.91707624512e-09,
        "median": -6.9554020321e-09,
        "min": -2.45583251512e-08,
        "var": 2.96884386268e-17
    },
    "spectral_energy": {
        "dmean": 0.0118020717055,
        "dmean2": 0.0159690007567,
        "dvar": 0.000161384828971,
        "dvar2": 0.00028212936013,
        "max": 0.0974801629782,
        "mean": 0.0276568327099,
        "median": 0.0272998474538,
        "min": 2.94167601389e-09,
        "var": 0.000460581941297
    },
    "spectral_energyband_high": {
        "dmean": 0.000496459309943,
        "dmean2": 0.000723413191736,
        "dvar": 1.86509157629e-06,
        "dvar2": 3.31642718265e-06,
        "max": 0.0110231954604,
        "mean": 0.000627871660981,
        "median": 7.30545798433e-05,
        "min": 2.5731072828e-09,
        "var": 3.15985698762e-06
    },
    "spectral_energyband_low": {
        "dmean": 0.00343515630811,
        "dmean2": 0.00483158463612,
        "dvar": 1.74947581399e-05,
        "dvar2": 3.23178974213e-05,
        "max": 0.0468725897372,
        "mean": 0.00897683110088,
        "median": 0.0092369094491,
        "min": 2.45873980897e-12,
        "var": 4.58073118352e-05
    },
    "spectral_energyband_middle_high": {
        "dmean": 0.00279241753742,
        "dmean2": 0.00405597127974,
        "dvar": 1.3817522813e-05,
        "dvar2": 2.66225670202e-05,
        "max": 0.0458801388741,
        "mean": 0.00375845190138,
        "median": 0.00131712912116,
        "min": 1.39176392633e-10,
        "var": 2.56290495599e-05
    },
    "spectral_energyband_middle_low": {
        "dmean": 0.00739708309993,
        "dmean2": 0.0103988172486,
        "dvar": 6.95585549693e-05,
        "dvar2": 0.000120337906992,
        "max": 0.0802926123142,
        "mean": 0.0148294288665,
        "median": 0.0134020205587,
        "min": 9.7621260034e-12,
        "var": 0.00018285481201
    },
    "spectral_entropy": {
        "dmean": 0.398819983006,
        "dmean2": 0.566921651363,
        "dvar": 0.183712035418,
        "dvar2": 0.370600372553,
        "max": 9.79601573944,
        "mean": 7.07718753815,
        "median": 7.10099601746,
        "min": 4.30742359161,
        "var": 0.544602274895
    },
    "spectral_flux": {
        "dmean": 0.0370668284595,
        "dmean2": 0.0599155463278,
        "dvar": 0.00121925747953,
        "dvar2": 0.00290773785673,
        "max": 0.271863490343,
        "mean": 0.0940394029021,
        "median": 0.0904693976045,
        "min": 5.42372181371e-05,
        "var": 0.00255580199882
    },
    "spectral_kurtosis": {
        "dmean": 6.8951587677,
        "dmean2": 10.8471946716,
        "dvar": 92.4516143799,
        "dvar2": 202.691238403,
        "max": 114.964019775,
        "mean": 11.4317951202,
        "median": 7.28344345093,
        "min": -1.19621455669,
        "var": 162.133117676
    },
    "spectral_rms": {
        "dmean": 0.00124421506189,
        "dmean2": 0.00161898997612,
        "dvar": 1.6159418692e-06,
        "dvar2": 2.61982563643e-06,
        "max": 0.00975205656141,
        "mean": 0.00460143620148,
        "median": 0.00516081368551,
        "min": 1.69408610873e-06,
        "var": 5.80913410886e-06
    },
    "spectral_rolloff": {
        "dmean": 1354.23962402,
        "dmean2": 2373.21899414,
        "dvar": 9584760,
        "dvar2": 22537270,
        "max": 19444.4824219,
        "mean": 2158.36889648,
        "median": 732.12890625,
        "min": 64.599609375,
        "var": 12813491
    },
    "spectral_skewness": {
        "dmean": 0.777535200119,
        "dmean2": 1.16980421543,
        "dvar": 0.674854278564,
        "dvar2": 1.45298016071,
        "max": 8.97575283051,
        "mean": 2.06620883942,
        "median": 1.78384315968,
        "min": -0.278953015804,
        "var": 1.76560616493
    },
    "spectral_spread": {
        "dmean": 819029.8125,
        "dmean2": 1241596.25,
        "dvar": 1.2447425495e+12,
        "dvar2": 2.11807607194e+12,
        "max": 40476252,
        "mean": 3381326.5,
        "median": 2958657.5,
        "min": 940506.875,
        "var": 2.36911670067e+12
    },
    "spectral_strongpeak": {
        "dmean": 0.626503050327,
        "dmean2": 1.05959904194,
        "dvar": 0.833926796913,
        "dvar2": 2.04197835922,
        "max": 7.53605365753,
        "mean": 0.825235724449,
        "median": 0.483004420996,
        "min": 0,
        "var": 0.883797645569
    },
    "zerocrossingrate": {
        "dmean": 0.0300621055067,
        "dmean2": 0.0333778634667,
        "dvar": 0.00156025274191,
        "dvar2": 0.00165197160095,
        "max": 0.560546875,
        "mean": 0.0840871632099,
        "median": 0.04150390625,
        "min": 0.01025390625,
        "var": 0.00750240450725
    },
    "barkbands": {
        "dmean": [1.04963446574e-05, 0.00108961120714, 0.00259335199371, 0.000743205891922, 0.00233975495212, 0.00109850580338, 0.00260750181042, 0.0024584280327, 0.00130749889649, 0.000432382104918, 0.000466047407826, 0.000718950177543, 0.000645592226647, 0.00038831908023, 0.000188428224646, 0.000193403699086, 0.000244525348535, 9.07428038772e-05, 0.000308357150061, 0.000162680807989, 0.000133738387376, 0.000138165298267, 0.000143880912219, 6.59450088278e-05, 9.76758747129e-06, 3.32837339556e-06, 6.46450735076e-06],
        "dmean2": [1.78746704478e-05, 0.00150006986223, 0.00367075484246, 0.00113086681813, 0.00315124681219, 0.00168715976179, 0.00417922390625, 0.00374925252981, 0.00196485943161, 0.000669802597258, 0.000723572215065, 0.00116736930795, 0.00100854213815, 0.000615009048488, 0.000292587734293, 0.000292004668154, 0.00037533880095, 0.000141979719047, 0.0004645640729, 0.000253326608799, 0.000199073241674, 0.000206254524528, 0.000214351792238, 0.000100406061392, 1.40710408232e-05, 4.8245187827e-06, 1.11180206659e-05],
        "dvar": [9.22309839613e-10, 1.96232417693e-06, 1.11185836431e-05, 1.67957227859e-06, 9.86862960417e-06, 3.53654536411e-06, 2.21080172196e-05, 1.92602547031e-05, 7.57296766096e-06, 1.09356733446e-06, 1.27772739233e-06, 2.56775388152e-06, 2.23834172175e-06, 1.19927722153e-06, 2.93694171205e-07, 1.84889884736e-07, 1.80945690431e-07, 3.94168182538e-08, 2.438540605e-07, 7.34242746603e-08, 1.58674637873e-07, 1.87124996387e-07, 2.14774857454e-07, 5.69498936898e-08, 9.14070097391e-10, 9.51727377463e-11, 3.49717858839e-11],
        "dvar2": [2.28234253719e-09, 3.5012931221e-06, 2.12439335883e-05, 3.28814599015e-06, 1.4548123545e-05, 7.77786226536e-06, 5.15136343893e-05, 4.00654134864e-05, 1.48375484059e-05, 2.48898481914e-06, 2.94796745948e-06, 6.06814273851e-06, 4.86373210151e-06, 2.71634371529e-06, 6.44085787371e-07, 4.05346781918e-07, 3.73699378997e-07, 9.09764636958e-08, 5.02525722368e-07, 1.66055755813e-07, 3.15393378969e-07, 3.84828268807e-07, 4.10755490066e-07, 1.24149593717e-07, 1.79493819807e-09, 1.96110822026e-10, 1.01065253388e-10],
        "max": [0.000658431614283, 0.0187574047595, 0.0382482036948, 0.0252672266215, 0.0322168469429, 0.030146131292, 0.0551213771105, 0.038525197655, 0.0318275801837, 0.0178519450128, 0.020622484386, 0.014366206713, 0.0177355185151, 0.0150231458247, 0.00757886189967, 0.0056032333523, 0.0052775782533, 0.00357967265882, 0.00382393668406, 0.00296357483603, 0.0052245547995, 0.00565154384822, 0.00532667711377, 0.00422597071156, 0.000521167705301, 0.000183989162906, 6.59833240206e-05],
        "mean": [1.05465287561e-05, 0.00288714049384, 0.00563356932253, 0.00113451876678, 0.00505881197751, 0.00153970776591, 0.00286551588215, 0.00267020333558, 0.00139068218414, 0.000465752294986, 0.000470605184091, 0.000673675967846, 0.000600119121373, 0.000355558411684, 0.000184583710507, 0.000216223837924, 0.000286487716949, 9.79801261565e-05, 0.000359456142178, 0.000191674218513, 0.000150610096171, 0.000153940942255, 0.00015492203238, 6.73237154842e-05, 1.0919133274e-05, 3.80738219974e-06, 2.25141939154e-05],
        "median": [4.03803005611e-06, 0.00213521276601, 0.00505042914301, 0.000363807019312, 0.00331551930867, 0.000825013790745, 0.000649734982289, 0.000184266740689, 5.98525548412e-05, 3.25068722304e-05, 2.82439268631e-05, 3.03405322484e-05, 3.05725952785e-05, 2.10450452869e-05, 2.0873711037e-05, 3.41739032592e-05, 4.92457584187e-05, 2.36371361098e-05, 5.97490470682e-05, 4.10406610172e-05, 5.34125229024e-06, 5.37909818377e-06, 7.41089888834e-06, 3.32080685439e-06, 1.03831848719e-06, 4.91617129228e-07, 2.21749469347e-05],
        "min": [9.22386624545e-14, 1.72940546432e-12, 2.70260159738e-13, 5.59929544137e-13, 7.14211892752e-13, 1.82750906422e-12, 5.21473315918e-12, 5.47259611759e-13, 5.6770630948e-13, 7.73166686924e-13, 2.68886865898e-12, 8.80531064729e-12, 7.64710430395e-12, 8.12056498434e-12, 4.6063326764e-12, 2.27828849536e-11, 2.91401659747e-11, 1.1187824972e-11, 3.00630839667e-11, 1.00856697993e-10, 4.3369030589e-11, 6.91599208458e-11, 5.64448730811e-11, 6.31931937334e-11, 5.8064851538e-11, 3.46278533625e-10, 2.03269201471e-09],
        "var": [9.72661617915e-10, 8.2795841081e-06, 2.66070837824e-05, 4.4027929107e-06, 3.67762404494e-05, 5.31783734914e-06, 2.75333150057e-05, 2.81598877336e-05, 1.12659363367e-05, 1.34503295612e-06, 1.49558911744e-06, 2.79618848253e-06, 2.68389726443e-06, 1.31737999709e-06, 3.57675759233e-07, 2.3672664895e-07, 2.88516559976e-07, 4.77412420707e-08, 4.01208524181e-07, 1.12472861247e-07, 2.33750128587e-07, 2.73319869848e-07, 3.04675552343e-07, 7.11567054168e-08, 1.32175859147e-09, 1.33361710564e-10, 4.04332886617e-11]
    },
    "erbbands": {
        "dmean": [0.00734482007101, 0.33899050951, 2.65257334709, 2.32668662071, 6.8567070961, 7.81294441223, 5.12344264984, 10.8696947098, 28.7161407471, 47.4096794128, 51.6322021484, 28.3658618927, 15.2835493088, 13.9729404449, 21.5040168762, 28.0708522797, 28.2332172394, 25.7493877411, 10.8479404449, 10.3803415298, 10.5357847214, 13.3454494476, 5.78324127197, 7.82976198196, 18.8718738556, 7.27871751785, 5.71999406815, 4.54035234451, 4.89967727661, 5.33011674881, 3.63555932045, 1.63246405125, 1.02623105049, 0.212529614568, 0.0367525145411, 0.0189419649541, 0.00564949959517, 0.000288836599793, 0.00029770648689, 0.000195712593268],
        "dmean2": [0.0109423398972, 0.46364697814, 3.6925880909, 3.50595402718, 8.94792556763, 10.8116121292, 7.51741027832, 16.946554184, 45.9199638367, 73.0546188354, 77.9092330933, 42.1895370483, 22.5574150085, 20.5818023682, 33.4704971313, 44.3731384277, 43.4617004395, 40.1070709229, 16.5541496277, 15.8023347855, 15.5593452454, 20.260099411, 8.8094329834, 11.837313652, 28.7548141479, 11.2922592163, 8.44133758545, 6.87864208221, 7.40465974808, 7.83087444305, 5.38714551926, 2.52413606644, 1.57524740696, 0.314351648092, 0.052228435874, 0.0273170508444, 0.00825499743223, 0.000427364371717, 0.000507390126586, 0.000336399039952],
        "dvar": [0.000127732680994, 0.184784039855, 10.718755722, 15.3063764572, 88.5733795166, 152.968414307, 129.737945557, 368.671600342, 2910.58007812, 7177.49121094, 8906.24902344, 3400.15698242, 1270.90844727, 1127.30578613, 2247.86352539, 3630.62158203, 4013.60107422, 4281.24267578, 912.600402832, 695.602355957, 413.281951904, 551.365966797, 132.582855225, 205.756515503, 965.362121582, 140.851135254, 278.729125977, 179.824157715, 252.298538208, 290.863586426, 141.458679199, 32.2932548523, 16.3719959259, 0.543692648411, 0.0107506876811, 0.00268262578174, 0.000328928086674, 9.62714466368e-07, 6.71516460216e-08, 3.26651594662e-08],
        "dvar2": [0.000267824711045, 0.321037620306, 19.3257083893, 31.3342914581, 130.362731934, 248.069259644, 241.862823486, 832.421508789, 6834.29492188, 15595.3105469, 17880.6757812, 6497.15576172, 2638.42407227, 2373.88208008, 5256.38671875, 8413.79589844, 8602.6328125, 9805.43554688, 1905.93640137, 1561.64050293, 886.240356445, 1126.99023438, 300.339874268, 437.79788208, 2021.42419434, 325.2628479, 579.367492676, 347.570587158, 553.77331543, 579.867797852, 270.619171143, 66.1477279663, 37.0938835144, 1.14631056786, 0.02014314197, 0.00533894868568, 0.000704394420609, 2.12263148569e-06, 1.92282044509e-07, 9.41368938356e-08],
        "max": [0.248655408621, 5.63459062576, 31.3134460449, 63.085357666, 112.159965515, 164.481491089, 256.104919434, 324.459655762, 752.964660645, 918.88482666, 911.11541748, 620.024780273, 640.832763672, 719.682006836, 455.526641846, 573.800109863, 722.100341797, 835.887084961, 553.839294434, 443.275512695, 308.026550293, 309.181945801, 176.122207642, 160.7605896, 285.432373047, 122.336212158, 263.000823975, 130.039215088, 243.298858643, 233.570465088, 141.654495239, 71.834236145, 79.8364868164, 13.8421964645, 1.58549821377, 0.80374455452, 0.403961360455, 0.0250263083726, 0.0027737217024, 0.00205250526778],
        "mean": [0.0179931800812, 0.94514977932, 6.37769412994, 4.5005531311, 15.0613479614, 14.4646368027, 8.20626068115, 14.2313203812, 32.3362770081, 53.6823768616, 57.4329490662, 31.6008148193, 17.1024017334, 16.3833789825, 21.6913661957, 27.0568122864, 26.9924926758, 23.2314529419, 11.1107339859, 10.8828344345, 12.4959878922, 15.820309639, 6.54694223404, 9.06334400177, 21.9033336639, 8.8461971283, 6.59479570389, 5.17397165298, 5.3422665596, 5.82905626297, 3.88446116447, 1.70854139328, 1.03238618374, 0.229341462255, 0.0423451736569, 0.021798375994, 0.00632908660918, 0.000368599226931, 0.00104866584297, 0.000705018697772],
        "median": [0.0133544160053, 0.797062933445, 6.11796617508, 3.33357071877, 8.46275997162, 7.26603651047, 4.6732416153, 7.0402841568, 10.4933271408, 7.26227855682, 3.47808504105, 1.51779305935, 1.19604790211, 1.1435239315, 1.34951853752, 1.33059442043, 1.4479932785, 1.40760707855, 1.10208332539, 1.6340367794, 2.21441793442, 2.92429089546, 1.5724375248, 1.7356095314, 3.81746411324, 2.10573911667, 0.565857648849, 0.159519448876, 0.167478889227, 0.286189049482, 0.186629623175, 0.0853819549084, 0.0450695455074, 0.0167805813253, 0.0051941042766, 0.00294645992108, 0.000673024915159, 0.000107293875772, 0.00103012414183, 0.000684850791004],
        "min": [3.77786586736e-11, 4.18094336929e-10, 4.97294039281e-10, 1.30319044445e-09, 1.46340994878e-09, 3.57996365885e-09, 2.85608425799e-09, 2.09600781176e-08, 7.55994307156e-08, 4.45869545729e-08, 7.41158645567e-09, 9.35258448465e-09, 3.04427061337e-08, 5.94878422078e-08, 2.00317813892e-07, 3.08974136942e-07, 3.79322784738e-07, 4.37922182073e-07, 1.97718932782e-07, 1.06355184926e-06, 1.1680889429e-06, 1.38213465561e-06, 4.80918686208e-07, 1.18344144084e-06, 2.03087211048e-06, 5.94986704527e-06, 2.45325327342e-06, 2.07728362511e-06, 2.1310320335e-06, 1.25282167573e-06, 2.02138926397e-06, 1.40641816415e-06, 9.27628832414e-07, 5.12339681791e-07, 5.53581514851e-07, 9.41499706641e-07, 6.95574556175e-07, 4.91461946694e-07, 2.42419105234e-07, 3.67502188681e-08],
        "var": [0.000331495946739, 0.74767935276, 28.8582763672, 33.3189544678, 357.952423096, 466.270019531, 223.964324951, 522.410400391, 3516.74926758, 10391.53125, 13374.5126953, 5224.83056641, 1746.65686035, 1611.09790039, 2683.26977539, 4189.99462891, 4972.58447266, 4699.33496094, 1190.55529785, 860.940979004, 592.929016113, 896.676269531, 178.008590698, 308.723419189, 1525.7689209, 218.596786499, 400.812561035, 271.505187988, 346.348358154, 417.97756958, 196.051803589, 42.2089157104, 19.2843227386, 0.714992582798, 0.0166697669774, 0.00392561545596, 0.000435177062172, 1.17693571156e-06, 9.25829866105e-08, 3.74459716568e-08]
    },
    "gfcc": {
        "mean": [-68.0060958862, 108.668365479, -87.5455932617, 28.3256092072, -38.2750167847, -13.5527057648, -21.4471588135, -8.15349197388, -6.82140159607, -14.4285163879, 3.90266537666, -17.2854652405, -11.4105577469],
        "cov": [[8496.82714844, 882.955444336, -2329.31494141, 210.678909302, -861.800109863, 49.331111908, -779.042785645, 602.498046875, -352.204711914, -72.3494110107, -168.65802002, -203.829345703, -599.718261719], [882.955444336, 4131.12402344, 75.0689544678, -1497.35424805, 637.474365234, -721.160583496, -122.605430603, 1.23231697083, -34.3356399536, -754.083068848, 49.6738853455, -225.017410278, -120.562568665], [-2329.31494141, 75.0689544678, 1340.5579834, 142.287704468, 151.6353302, -21.544095993, 161.429534912, -171.484710693, 77.3522109985, -61.8490562439, -16.5471191406, 109.830673218, 177.968780518], [210.678909302, -1497.35424805, 142.287704468, 1241.64343262, -115.083908081, 45.5253639221, -236.025344849, -67.0063934326, 28.5312728882, 267.719421387, -29.5645771027, 66.9362716675, 65.0458145142], [-861.800109863, 637.474365234, 151.6353302, -115.083908081, 607.725036621, -225.308349609, -138.479507446, -117.715713501, 65.3315124512, -70.727897644, 44.3406600952, -74.3273391724, 69.953338623], [49.331111908, -721.160583496, -21.544095993, 45.5253639221, -225.308349609, 450.845306396, 156.749404907, 12.3838443756, -25.5610256195, 160.130813599, -26.8851470947, 30.0295810699, -20.8843746185], [-779.042785645, -122.605430603, 161.429534912, -236.025344849, -138.479507446, 156.749404907, 467.505828857, 41.2309188843, -51.8664360046, 8.01713180542, 38.20545578, 31.8422431946, 21.7655620575], [602.498046875, 1.23231697083, -171.484710693, -67.0063934326, -117.715713501, 12.3838443756, 41.2309188843, 228.972625732, -41.6927070618, -31.3663845062, -3.77597117424, -2.37670850754, -50.8331871033], [-352.204711914, -34.3356399536, 77.3522109985, 28.5312728882, 65.3315124512, -25.5610256195, -51.8664360046, -41.6927070618, 149.875228882, 11.6579704285, -16.1276893616, 21.7528839111, 33.784488678], [-72.3494110107, -754.083068848, -61.8490562439, 267.719421387, -70.727897644, 160.130813599, 8.01713180542, -31.3663845062, 11.6579704285, 293.127746582, 13.4826641083, -13.6351509094, 11.8998498917], [-168.65802002, 49.6738853455, -16.5471191406, -29.5645771027, 44.3406600952, -26.8851470947, 38.20545578, -3.77597117424, -16.1276893616, 13.4826641083, 118.014572144, -21.5144023895, -2.55501055717], [-203.829345703, -225.017410278, 109.830673218, 66.9362716675, -74.3273391724, 30.0295810699, 31.8422431946, -2.37670850754, 21.7528839111, -13.6351509094, -21.5144023895, 165.075088501, 24.5392684937], [-599.718261719, -120.562568665, 177.968780518, 65.0458145142, 69.953338623, -20.8843746185, 21.7655620575, -50.8331871033, 33.784488678, 11.8998498917, -2.55501055717, 24.5392684937, 129.558609009]],
        "icov": [[0.00272490875795, -0.00348713877611, 0.00372533570044, -0.00380050973035, 0.00370140955783, -0.00325464829803, 0.00306330109015, -0.00339885847643, 0.00255974452011, -0.00213566864841, 0.00211242795922, -0.00118100689724, 0.0015818256652], [-0.00348713877611, 0.00576161267236, -0.00509678712115, 0.00605201534927, -0.00509869353846, 0.00521348370239, -0.00345834041946, 0.00462891673669, -0.00295995268971, 0.00426803622395, -0.00269152293913, 0.00251146219671, -0.000975803937763], [0.00372533570044, -0.00509678712115, 0.00632757553831, -0.00578937027603, 0.00488912221044, -0.0047778529115, 0.00342630362138, -0.00411809142679, 0.00315720238723, -0.00272860075347, 0.00309493183158, -0.00225080759265, 0.0010294620879], [-0.00380050973035, 0.00605201534927, -0.00578937027603, 0.0078029865399, -0.0050352383405, 0.00576353585348, -0.00285944691859, 0.00497641693801, -0.00290808221325, 0.00295049720444, -0.0029432780575, 0.00206417427398, -0.00180647696834], [0.00370140955783, -0.00509869353846, 0.00488912221044, -0.0050352383405, 0.00798207428306, -0.00384902744554, 0.00483122561127, -0.00384150189348, 0.00285905739293, -0.00335548492149, 0.00194257963449, -0.000789061421528, 0.000702216930222], [-0.00325464829803, 0.00521348370239, -0.0047778529115, 0.00576353585348, -0.00384902744554, 0.00858795829117, -0.00423388043419, 0.00461850501597, -0.00257083680481, 0.00159482937306, -0.00135170551948, 0.00187376595568, -0.000416275172029], [0.00306330109015, -0.00345834041946, 0.00342630362138, -0.00285944691859, 0.00483122561127, -0.00423388043419, 0.00739948870614, -0.00432109646499, 0.00397342722863, -0.00228868518025, 0.00086569954874, -0.00133008800913, 0.000904191925656], [-0.00339885847643, 0.00462891673669, -0.00411809142679, 0.00497641693801, -0.00384150189348, 0.00461850501597, -0.00432109646499, 0.01004523132, -0.00259957253002, 0.00372477527708, -0.00240912497975, 0.00170071877073, -0.000815174193121], [0.00255974452011, -0.00295995268971, 0.00315720238723, -0.00290808221325, 0.00285905739293, -0.00257083680481, 0.00397342722863, -0.00259957253002, 0.0106213763356, -0.00263257022016, 0.0029599298723, -0.00215150159784, 0.000509963545483], [-0.00213566864841, 0.00426803622395, -0.00272860075347, 0.00295049720444, -0.00335548492149, 0.00159482937306, -0.00228868518025, 0.00372477527708, -0.00263257022016, 0.00979406386614, -0.00288629624993, 0.00336893624626, -0.00064070080407], [0.00211242795922, -0.00269152293913, 0.00309493183158, -0.0029432780575, 0.00194257963449, -0.00135170551948, 0.00086569954874, -0.00240912497975, 0.0029599298723, -0.00288629624993, 0.0116285663098, -0.000408996565966, 0.0019425987266], [-0.00118100689724, 0.00251146219671, -0.00225080759265, 0.00206417427398, -0.000789061421528, 0.00187376595568, -0.00133008800913, 0.00170071877073, -0.00215150159784, 0.00336893624626, -0.000408996565966, 0.00891067180783, -0.00089960283367], [0.0015818256652, -0.000975803937763, 0.0010294620879, -0.00180647696834, 0.000702216930222, -0.000416275172029, 0.000904191925656, -0.000815174193121, 0.000509963545483, -0.00064070080407, 0.0019425987266, -0.00089960283367, 0.0128420339897]]
    },
    "melbands": {
        "dmean": [0.000170621889993, 0.00102458044421, 0.0004710748035, 0.000599529535975, 0.000181885625352, 0.000239422530285, 0.000471345352707, 0.000518605462275, 0.000411229353631, 0.000159971343237, 7.34479326638e-05, 5.46925039089e-05, 6.624263915e-05, 8.15296880319e-05, 7.03373807482e-05, 6.37085759081e-05, 4.61299823655e-05, 1.83063912118e-05, 1.41933633131e-05, 1.43967617987e-05, 1.242297094e-05, 1.5666231775e-05, 8.10610526969e-06, 3.85694329452e-06, 6.16585111857e-06, 1.39887042678e-05, 1.10268465505e-05, 3.75222793991e-06, 3.26532995132e-06, 3.88504167859e-06, 2.38601774072e-06, 2.79593427877e-06, 2.7739952202e-06, 3.25911764776e-06, 2.32285424318e-06, 1.49722370679e-06, 8.29067289487e-07, 8.44268299716e-07, 3.88799605844e-07, 1.14037668197e-07],
        "dmean2": [0.000238412671024, 0.00142254191451, 0.000675443094224, 0.000809606281109, 0.000261378590949, 0.000371225265553, 0.000756189809181, 0.00079512380762, 0.000620598089881, 0.000237327738432, 0.000110548753582, 8.08921904536e-05, 0.00010233248031, 0.000132453802507, 0.000110105254862, 9.88965475699e-05, 7.35164285288e-05, 2.85122332571e-05, 2.21900245378e-05, 2.21516984311e-05, 1.88916328625e-05, 2.40754889091e-05, 1.25087681226e-05, 6.04278875471e-06, 9.46152704273e-06, 2.11751103052e-05, 1.69870036189e-05, 5.98705400989e-06, 4.93106335853e-06, 5.78532353757e-06, 3.62858918379e-06, 4.28158864452e-06, 4.22397488364e-06, 4.8324927775e-06, 3.47775494447e-06, 2.28489534493e-06, 1.28726480852e-06, 1.31291710659e-06, 5.84560893913e-07, 1.69026037611e-07],
        "dvar": [4.94604073253e-08, 1.57001272783e-06, 4.01774883585e-07, 6.73694614761e-07, 1.38678970529e-07, 1.6920392909e-07, 7.61809189953e-07, 8.37818333821e-07, 5.83510427532e-07, 1.13992037143e-07, 3.10146148763e-08, 1.73650995805e-08, 2.20166906928e-08, 3.59048009102e-08, 2.63058232974e-08, 2.44179272357e-08, 1.56947272956e-08, 3.06050829124e-09, 1.64105040668e-09, 1.31305888385e-09, 5.69733038525e-10, 7.78172748461e-10, 2.8968707988e-10, 9.26239501764e-11, 1.60547672379e-10, 5.61332758053e-10, 3.53882034787e-10, 5.40285177708e-11, 9.06930849864e-11, 1.42127670744e-10, 5.24310872496e-11, 8.24891474571e-11, 8.38987698759e-11, 1.18532059168e-10, 5.97620911091e-11, 2.92553134495e-11, 8.35694968088e-12, 1.18718351122e-11, 2.28155992363e-12, 1.34279319977e-13],
        "dvar2": [9.26562933046e-08, 2.79071673503e-06, 7.46594764678e-07, 1.01552404885e-06, 2.44181819653e-07, 3.80520816634e-07, 1.7961156118e-06, 1.81084624273e-06, 1.16199919376e-06, 2.15842220541e-07, 6.53954828067e-08, 3.65966990046e-08, 5.09272233273e-08, 8.69349818799e-08, 5.98728604473e-08, 5.45949987441e-08, 3.64022447741e-08, 6.79534206682e-09, 3.65179264605e-09, 2.926478615e-09, 1.23852084144e-09, 1.5976391321e-09, 6.48639308931e-10, 2.26757682076e-10, 3.53444745693e-10, 1.16996645705e-09, 7.51417483791e-10, 1.30044280899e-10, 1.94550320298e-10, 2.88509161006e-10, 1.05877966117e-10, 1.82927284431e-10, 1.78695253039e-10, 2.47340259385e-10, 1.19142057331e-10, 5.90265614164e-11, 1.80192128579e-11, 2.76128061388e-11, 5.10667723386e-12, 2.83658947026e-13],
        "max": [0.00295764231123, 0.0120295211673, 0.00909247901291, 0.00902322866023, 0.00778630655259, 0.00663028843701, 0.0121285598725, 0.00906854309142, 0.00699385395274, 0.00380928721279, 0.00313836359419, 0.00266363681294, 0.00176827504765, 0.00215799850412, 0.00166706554592, 0.00212742178701, 0.00141943641938, 0.00115218386054, 0.000569138908759, 0.000474498840049, 0.000371592439478, 0.000308232643874, 0.000211512917303, 0.000236640160438, 0.000153324159328, 0.000207821052754, 0.000183148818905, 8.49470015964e-05, 0.00015214762243, 0.000167733058333, 7.44477656553e-05, 0.000133773573907, 0.000116520932352, 0.000148599516251, 0.000103561709693, 7.00980090187e-05, 3.97712319682e-05, 6.67033091304e-05, 3.31236842612e-05, 7.02127363184e-06],
        "mean": [0.000445072597358, 0.00264273979701, 0.00107770727482, 0.00126511242706, 0.000305611232761, 0.000321690167766, 0.000525935494807, 0.000591283896938, 0.000454568013083, 0.000176021843799, 8.05000818218e-05, 6.32899609627e-05, 6.72827518429e-05, 7.62324707466e-05, 6.48559434921e-05, 5.87935683143e-05, 4.06362814829e-05, 1.7563932488e-05, 1.38940513352e-05, 1.54895660671e-05, 1.43528841363e-05, 1.81663654075e-05, 8.94756794878e-06, 4.08701362176e-06, 6.78476908433e-06, 1.60523668455e-05, 1.25843462229e-05, 4.34609364675e-06, 3.70983138964e-06, 4.22386074206e-06, 2.60395040641e-06, 2.97795418192e-06, 2.99743646792e-06, 3.41692611983e-06, 2.41459474637e-06, 1.52863105995e-06, 8.43806674311e-07, 8.31474210372e-07, 3.92418058937e-07, 1.24495031173e-07],
        "median": [0.000318721926305, 0.00269492832012, 0.000942155602388, 0.00076911773067, 0.000162483804161, 0.000166661062394, 0.000160782234161, 6.93365655025e-05, 2.21760565182e-05, 8.18380794954e-06, 5.39369284525e-06, 4.29501824328e-06, 4.07557263316e-06, 3.65403934666e-06, 2.8408039725e-06, 3.20584149449e-06, 2.3088339276e-06, 1.47086723246e-06, 1.5993695115e-06, 2.23560391532e-06, 2.06560139304e-06, 2.82571022581e-06, 1.70534542576e-06, 9.28584199755e-07, 1.13815974601e-06, 2.33970467889e-06, 2.45302112489e-06, 7.86372027051e-07, 2.58914639062e-07, 1.21328255887e-07, 5.18772331759e-08, 6.88777532787e-08, 1.20833476558e-07, 1.69274315454e-07, 1.16716606158e-07, 5.13045428363e-08, 4.68229934825e-08, 3.11039087819e-08, 1.61675970389e-08, 1.100503777e-08],
        "min": [4.33664145176e-13, 3.84443291004e-13, 2.02493498857e-13, 2.07241938454e-13, 9.73889141532e-14, 4.93487846073e-13, 1.12737662088e-12, 3.89488978179e-13, 4.1277104754e-14, 7.17791508197e-14, 1.47345243645e-13, 2.11321750571e-13, 5.10516433815e-13, 9.45804307269e-13, 8.93477566238e-13, 6.96517659087e-13, 8.74576723976e-13, 2.75839193067e-13, 6.3098717874e-13, 1.93299044306e-12, 1.40440426215e-12, 1.72968811583e-12, 5.22304855616e-13, 4.56188147153e-13, 9.96405865802e-13, 1.07731944025e-12, 1.33502432199e-12, 5.1444291535e-12, 1.43905959198e-12, 9.57160240823e-13, 1.5304116481e-12, 1.25588330967e-12, 1.18195871927e-12, 5.00750211695e-13, 1.07044202061e-12, 1.06373384493e-12, 8.5137241224e-13, 7.06209884408e-13, 5.24507358119e-13, 3.74143099315e-13],
        "var": [1.98820941932e-07, 4.46392641607e-06, 1.12454847567e-06, 2.49942036135e-06, 2.80922193951e-07, 2.47560052458e-07, 9.16357294045e-07, 1.22323206142e-06, 8.7714579422e-07, 1.76226777171e-07, 4.12972340769e-08, 2.47690632449e-08, 2.67574851165e-08, 3.75720432544e-08, 2.95119857441e-08, 2.84386931781e-08, 1.63625148986e-08, 3.57751850366e-09, 1.93275462301e-09, 1.59020896451e-09, 8.04453004211e-10, 1.2322109999e-09, 3.92010035544e-10, 9.56549839337e-11, 2.19014820169e-10, 8.94381735339e-10, 5.34343125302e-10, 7.70247754467e-11, 1.26414420598e-10, 1.99631158826e-10, 7.44204420311e-11, 1.11529195601e-10, 1.13760126319e-10, 1.57825641445e-10, 7.85765064126e-11, 3.79780165649e-11, 1.03143960387e-11, 1.33608193953e-11, 2.67637062686e-12, 1.80500105422e-13]
    },
    "mfcc": {
        "mean": [-724.86920166, 148.320678711, 12.8568792343, 38.3316879272, 8.7587928772, 0.853260755539, -1.21932792664, 5.35725593567, -13.06483078, 8.81477165222, -0.661297261715, 2.04179954529, 9.2709903717],
        "cov": [[9696.92382812, 7.89590787888, -1823.05102539, -171.077209473, -315.698150635, -700.6875, -326.942077637, 108.460113525, -531.171325684, 418.264678955, -77.8336639404, -71.4758529663, 208.88067627], [7.89590787888, 5213.06591797, -553.221191406, -715.113708496, 370.083862305, -834.985351562, -56.2996368408, 406.243713379, -303.682128906, -0.222718700767, -333.462860107, -364.206634521, 347.1277771], [-1823.05102539, -553.221191406, 1191.71630859, 203.976425171, -98.3457794189, 276.650115967, 65.7707443237, 37.9643821716, 167.280487061, -111.442062378, -37.979801178, 65.9112319946, -31.1662883759], [-171.077209473, -715.113708496, 203.976425171, 833.654174805, 306.05279541, 48.7835578918, -148.402206421, -156.438140869, -19.5313053131, -41.0538711548, -44.1790809631, -30.7603874207, -23.4701480865], [-315.698150635, 370.083862305, -98.3457794189, 306.05279541, 650.579101562, -37.8482704163, -183.147583008, -132.93850708, -60.3212394714, 7.76607275009, -66.7564163208, -67.7705535889, -4.73648881912], [-700.6875, -834.985351562, 276.650115967, 48.7835578918, -37.8482704163, 457.02532959, 47.9183311462, -140.372146606, 125.072906494, -63.7524795532, 100.221038818, 112.649047852, -101.350708008], [-326.942077637, -56.2996368408, 65.7707443237, -148.402206421, -183.147583008, 47.9183311462, 351.050140381, 27.7397499084, 23.6543102264, 56.0984764099, 50.2588157654, 65.8894271851, -21.023191452], [108.460113525, 406.243713379, 37.9643821716, -156.438140869, -132.93850708, -140.372146606, 27.7397499084, 313.370483398, -20.1182060242, -17.5639877319, -41.2897567749, -73.0905685425, 70.3093032837], [-531.171325684, -303.682128906, 167.280487061, -19.5313053131, -60.3212394714, 125.072906494, 23.6543102264, -20.1182060242, 204.828857422, -32.5578117371, 21.883852005, 53.1989440918, -47.0208816528], [418.264678955, -0.222718700767, -111.442062378, -41.0538711548, 7.76607275009, -63.7524795532, 56.0984764099, -17.5639877319, -32.5578117371, 206.567138672, -5.32040786743, -3.81949567795, 18.5164356232], [-77.8336639404, -333.462860107, -37.979801178, -44.1790809631, -66.7564163208, 100.221038818, 50.2588157654, -41.2897567749, 21.883852005, -5.32040786743, 178.635635376, 50.8166542053, -66.6969451904], [-71.4758529663, -364.206634521, 65.9112319946, -30.7603874207, -67.7705535889, 112.649047852, 65.8894271851, -73.0905685425, 53.1989440918, -3.81949567795, 50.8166542053, 193.970916748, -23.0455856323], [208.88067627, 347.1277771, -31.1662883759, -23.4701480865, -4.73648881912, -101.350708008, -21.023191452, 70.3093032837, -47.0208816528, 18.5164356232, -66.6969451904, -23.0455856323, 172.504364014]],
