{
"lowlevel": {
    "average_loudness": 0.96544367075,
    "barkbands_crest": {
        "dmean": 4.40037250519,
        "dmean2": 7.23651981354,
        "dvar": 14.6666975021,
        "dvar2": 34.7407913208,
        "max": 26.8125610352,
        "mean": 13.6523094177,
        "median": 12.6185798645,
        "min": 2.72907948494,
        "var": 34.6506538391
    },
    "barkbands_flatness_db": {
        "dmean": 0.0559769682586,
        "dmean2": 0.0851607173681,
        "dvar": 0.00319993193261,
        "dvar2": 0.00719171809033,
        "max": 0.487079650164,
        "mean": 0.217150479555,
        "median": 0.2116843611,
        "min": 0.0223171059042,
        "var": 0.00770171778277
    },
    "barkbands_kurtosis": {
        "dmean": 38.6518211365,
        "dmean2": 62.8944473267,
        "dvar": 6479.078125,
        "dvar2": 14566.1650391,
        "max": 1061.6751709,
        "mean": 36.2246170044,
        "median": 5.88870429993,
        "min": -1.95741844177,
        "var": 7296.58837891
    },
    "barkbands_skewness": {
        "dmean": 2.57507181168,
        "dmean2": 3.89140248299,
        "dvar": 9.74502563477,
        "dvar2": 19.4022865295,
        "max": 30.860710144,
        "mean": 2.99152255058,
        "median": 1.86881625652,
        "min": -6.86710929871,
        "var": 18.7457027435
    },
    "barkbands_spread": {
        "dmean": 14.4628582001,
        "dmean2": 24.1602954865,
        "dvar": 447.389129639,
        "dvar2": 1034.00280762,
        "max": 148.403701782,
        "mean": 21.7706813812,
        "median": 10.0182638168,
        "min": 0.382203549147,
        "var": 795.655395508
    },
    "dissonance": {
        "dmean": 0.0528340600431,
        "dmean2": 0.0834873244166,
        "dvar": 0.00275718420744,
        "dvar2": 0.00648521631956,
        "max": 0.499957591295,
        "mean": 0.403957188129,
        "median": 0.412602990866,
        "min": 0.0641688928008,
        "var": 0.0060894144699
    },
    "dynamic_complexity": 3.90904593468,
    "erbbands_crest": {
        "dmean": 4.46134662628,
        "dmean2": 7.38930988312,
        "dvar": 14.2590284348,
        "dvar2": 35.1356239319,
        "max": 29.35222435,
        "mean": 12.82259655,
        "median": 11.7035131454,
        "min": 2.61726713181,
        "var": 28.8939266205
    },
    "erbbands_flatness_db": {
        "dmean": 0.0464512854815,
        "dmean2": 0.0720790550113,
        "dvar": 0.00197193771601,
        "dvar2": 0.00429173000157,
        "max": 0.440875440836,
        "mean": 0.221481859684,
        "median": 0.233620345592,
        "min": 0.0303663741797,
        "var": 0.00454498361796
    },
    "erbbands_kurtosis": {
        "dmean": 6.73130321503,
        "dmean2": 11.2654428482,
        "dvar": 228.025131226,
        "dvar2": 602.535827637,
        "max": 307.961639404,
        "mean": 5.76406669617,
        "median": 1.76605176926,
        "min": -1.87645220757,
        "var": 189.85697937
    },
    "erbbands_skewness": {
        "dmean": 1.17270112038,
        "dmean2": 1.82378971577,
        "dvar": 1.90022015572,
        "dvar2": 4.11947393417,
        "max": 13.9585437775,
        "mean": 0.83444750309,
        "median": 0.810587584972,
        "min": -5.08316278458,
        "var": 3.46736502647
    },
    "erbbands_spread": {
        "dmean": 17.1639213562,
        "dmean2": 28.9236965179,
        "dvar": 450.747161865,
        "dvar2": 1167.4519043,
        "max": 170.300598145,
        "mean": 28.8990917206,
        "median": 20.5998287201,
        "min": 0.902926385403,
        "var": 544.842102051
    },
    "hfc": {
        "dmean": 10.4791889191,
        "dmean2": 15.3100748062,
        "dvar": 132.145004272,
        "dvar2": 247.352142334,
        "max": 79.3233032227,
        "mean": 16.4911289215,
        "median": 10.4014015198,
        "min": 1.25469839041e-16,
        "var": 269.600952148
    },
    "melbands_crest": {
        "dmean": 5.61941862106,
        "dmean2": 9.00030231476,
        "dvar": 23.7794933319,
        "dvar2": 54.941204071,
        "max": 34.2611083984,
        "mean": 17.8256664276,
        "median": 17.5197601318,
        "min": 2.02443552017,
        "var": 53.8969764709
    },
    "melbands_flatness_db": {
        "dmean": 0.0729755237699,
        "dmean2": 0.107647843659,
        "dvar": 0.00548445433378,
        "dvar2": 0.0117818247527,
        "max": 0.625470221043,
        "mean": 0.286241054535,
        "median": 0.285093337297,
        "min": 0.00421893922612,
        "var": 0.0143591435626
    },
    "melbands_kurtosis": {
        "dmean": 31.6396560669,
        "dmean2": 53.0719261169,
        "dvar": 3101.94824219,
        "dvar2": 7702.29101562,
        "max": 559.269104004,
        "mean": 32.7503204346,
        "median": 9.08442783356,
        "min": -1.91517996788,
        "var": 3493.66943359
    },
    "melbands_skewness": {
        "dmean": 2.10464954376,
        "dmean2": 3.36252689362,
        "dvar": 5.38320350647,
        "dvar2": 12.5571947098,
        "max": 18.5932540894,
        "mean": 3.17334198952,
        "median": 2.41867113113,
        "min": -4.06350946426,
        "var": 9.35783958435
    },
    "melbands_spread": {
        "dmean": 19.9784355164,
        "dmean2": 33.7488212585,
        "dvar": 1323.2244873,
        "dvar2": 3072.54150391,
        "max": 269.823577881,
        "mean": 27.4025726318,
        "median": 11.6907510757,
        "min": 0.225987941027,
        "var": 1783.28186035
    },
    "pitch_salience": {
        "dmean": 0.142154976726,
        "dmean2": 0.229013979435,
        "dvar": 0.0180506724864,
        "dvar2": 0.0377132557333,
        "max": 0.92015260458,
        "mean": 0.513099133968,
        "median": 0.548448204994,
        "min": 0.0409466587007,
        "var": 0.0382191166282
    },
    "silence_rate_20dB": {
        "dmean": 0,
        "dmean2": 0,
        "dvar": 0,
        "dvar2": 0,
        "max": 1,
        "mean": 1,
        "median": 1,
        "min": 1,
        "var": 0
    },
    "silence_rate_30dB": {
        "dmean": 0,
        "dmean2": 0,
        "dvar": 0,
        "dvar2": 0,
        "max": 1,
        "mean": 1,
        "median": 1,
        "min": 1,
        "var": 0
    },
    "silence_rate_60dB": {
        "dmean": 0.0819295570254,
        "dmean2": 0.163921862841,
        "dvar": 0.0752180069685,
        "dvar2": 0.168452233076,
        "max": 1,
        "mean": 0.163413703442,
        "median": 0,
        "min": 0,
        "var": 0.13670937717
    },
    "spectral_centroid": {
        "dmean": 605.549438477,
        "dmean2": 913.815124512,
        "dvar": 750718.875,
        "dvar2": 1264435.625,
        "max": 11101.7158203,
        "mean": 1307.81884766,
        "median": 814.139648438,
        "min": 170.713821411,
        "var": 1689674.125
    },
    "spectral_complexity": {
        "dmean": 3.62710571289,
        "dmean2": 5.16813468933,
        "dvar": 14.6459445953,
        "dvar2": 26.9235153198,
        "max": 39,
        "mean": 7.5782623291,
        "median": 7,
        "min": 0,
        "var": 37.8002128601
    },
    "spectral_decrease": {
        "dmean": 2.7369322364e-09,
        "dmean2": 3.83295306605e-09,
        "dvar": 8.68007352457e-18,
        "dvar2": 1.55998339137e-17,
        "max": 3.07439859161e-12,
        "mean": -5.55360379906e-09,
        "median": -4.96185892374e-09,
        "min": -2.33707257991e-08,
        "var": 2.21601404862e-17
    },
    "spectral_energy": {
        "dmean": 0.0109430523589,
        "dmean2": 0.0153789091855,
        "dvar": 0.000137586670462,
        "dvar2": 0.000251155463047,
        "max": 0.095264904201,
        "mean": 0.02245638147,
        "median": 0.0195811912417,
        "min": 1.07383060392e-20,
        "var": 0.000346596731106
    },
    "spectral_energyband_high": {
        "dmean": 0.000696556468029,
        "dmean2": 0.00102118274663,
        "dvar": 2.18402624341e-06,
        "dvar2": 4.11510882259e-06,
        "max": 0.0147126438096,
        "mean": 0.000782658054959,
        "median": 0.000105644634459,
        "min": 7.85843877028e-21,
        "var": 3.19052469422e-06
    },
    "spectral_energyband_low": {
        "dmean": 0.000243535105255,
        "dmean2": 0.000368929817341,
        "dvar": 3.58593069905e-07,
        "dvar2": 7.01461374319e-07,
        "max": 0.0168970283121,
        "mean": 0.000368193926988,
        "median": 6.76500712871e-05,
        "min": 6.29416023513e-23,
        "var": 9.90425860437e-07
    },
    "spectral_energyband_middle_high": {
        "dmean": 0.00276137003675,
        "dmean2": 0.00399025296792,
        "dvar": 2.19703488256e-05,
        "dvar2": 4.0119910409e-05,
        "max": 0.0571287572384,
        "mean": 0.00318112899549,
        "median": 0.000671300920658,
        "min": 1.30470464945e-21,
        "var": 3.56065138476e-05
    },
    "spectral_energyband_middle_low": {
        "dmean": 0.0092989616096,
        "dmean2": 0.0132942274213,
        "dvar": 0.000104208178527,
        "dvar2": 0.000186901990674,
        "max": 0.0768805742264,
        "mean": 0.0185946952552,
        "median": 0.0171322487295,
        "min": 2.61774163906e-22,
        "var": 0.000263591355179
    },
    "spectral_entropy": {
        "dmean": 0.57935500145,
        "dmean2": 0.868296384811,
        "dvar": 0.387042820454,
        "dvar2": 0.806647837162,
        "max": 9.80661582947,
        "mean": 6.85863780975,
        "median": 6.85260629654,
        "min": 3.78834652901,
        "var": 0.954714655876
    },
    "spectral_flux": {
        "dmean": 0.0405315980315,
        "dmean2": 0.0682025924325,
        "dvar": 0.00134433014318,
        "dvar2": 0.00330356764607,
        "max": 0.284263908863,
        "mean": 0.0925697684288,
        "median": 0.0888423249125,
        "min": 3.67282154912e-05,
        "var": 0.0028755676467
    },
    "spectral_kurtosis": {
        "dmean": 7.17255687714,
        "dmean2": 11.4982776642,
        "dvar": 109.236946106,
        "dvar2": 263.279388428,
        "max": 126.64781189,
        "mean": 10.8329668045,
        "median": 7.16303634644,
        "min": -1.25613188744,
        "var": 153.108978271
    },
    "spectral_rms": {
        "dmean": 0.00125367229339,
        "dmean2": 0.00169428018853,
        "dvar": 1.53784424128e-06,
        "dvar2": 2.68375970336e-06,
        "max": 0.00964061077684,
        "mean": 0.00408837664872,
        "median": 0.00437076669186,
        "min": 3.23672620824e-12,
        "var": 5.19380682817e-06
    },
    "spectral_rolloff": {
        "dmean": 1774.94433594,
        "dmean2": 3132.97851562,
        "dvar": 14135813,
        "dvar2": 32816346,
        "max": 20241.2109375,
        "mean": 3034.95092773,
        "median": 753.662109375,
        "min": 86.1328125,
        "var": 25311768
    },
    "spectral_skewness": {
        "dmean": 0.832554280758,
        "dmean2": 1.26664412022,
        "dvar": 0.789946913719,
        "dvar2": 1.79636406898,
        "max": 9.47493076324,
        "mean": 2.06828117371,
        "median": 1.7983995676,
        "min": -0.203455582261,
        "var": 1.71588659286
    },
    "spectral_spread": {
        "dmean": 1118984.5,
        "dmean2": 1719449.125,
        "dvar": 2.45292702106e+12,
        "dvar2": 3.93955141222e+12,
        "max": 47755300,
        "mean": 4021853.5,
        "median": 3506941.25,
        "min": 1095395.375,
        "var": 4.53188098458e+12
    },
    "spectral_strongpeak": {
        "dmean": 0.841776669025,
        "dmean2": 1.38524484634,
        "dvar": 1.04094922543,
        "dvar2": 2.60568523407,
        "max": 6.79466724396,
        "mean": 1.29101109505,
        "median": 0.959670424461,
        "min": 0,
        "var": 1.35825610161
    },
    "zerocrossingrate": {
        "dmean": 0.0394180566072,
        "dmean2": 0.0447743237019,
        "dvar": 0.0025459008757,
        "dvar2": 0.0029018856585,
        "max": 0.71484375,
        "mean": 0.105777077377,
        "median": 0.046875,
        "min": 0.0087890625,
        "var": 0.0133979646489
    },
    "barkbands": {
        "dmean": [6.28053294349e-06, 6.42931918264e-05, 3.67096290574e-05, 0.000797939253971, 0.00464109238237, 0.000795954139903, 0.00236732885242, 0.00180492899381, 0.00263742427342, 0.00105420430191, 0.000416693801526, 0.000389931665268, 0.000460718350951, 0.000382955739042, 0.000210102967685, 0.000102553000033, 8.26802279335e-05, 0.000227769720368, 0.000167002304806, 0.000200276335818, 0.000242481051828, 0.000135548878461, 0.000128592524561, 0.000106813335151, 2.83544650301e-05, 1.72210529854e-05, 5.82796155868e-06],
        "dmean2": [1.01290779639e-05, 0.000105875587906, 6.37366174487e-05, 0.00113437580876, 0.00671334145591, 0.00121517735533, 0.00379586801864, 0.00284405821003, 0.00426406366751, 0.0016341812443, 0.000647045439109, 0.000595605757553, 0.00073202943895, 0.00060144579038, 0.000327971065417, 0.000162400596309, 0.000126234837808, 0.000346501969034, 0.000265927665168, 0.000319194601616, 0.000378257158445, 0.000209229401662, 0.000191709565115, 0.000159026109031, 4.28075545642e-05, 2.69975680567e-05, 1.00745855889e-05],
        "dvar": [7.94467380771e-10, 1.12317245282e-07, 1.48588812365e-08, 2.06638083e-06, 4.00338904001e-05, 2.94808205581e-06, 2.87439979729e-05, 1.83582851605e-05, 3.16744990414e-05, 7.87187400419e-06, 1.85399471775e-06, 8.92771481631e-07, 1.45950230035e-06, 1.06215895812e-06, 4.70951903253e-07, 1.28707569047e-07, 8.41295317855e-08, 2.02602279842e-07, 1.90278498735e-07, 2.24071328603e-07, 3.7712314338e-07, 1.70987192405e-07, 1.65943916386e-07, 1.05858831034e-07, 6.79167344586e-09, 4.2043715176e-09, 3.01679410619e-11],
        "dvar2": [1.57339496987e-09, 2.61406000845e-07, 4.01074835565e-08, 3.6697338146e-06, 6.8501351052e-05, 6.10247843724e-06, 6.36761251371e-05, 4.0485538193e-05, 6.8302397267e-05, 1.72062245838e-05, 4.03164676754e-06, 1.93973073692e-06, 3.34296782967e-06, 2.20470110435e-06, 1.03428953935e-06, 2.86600709387e-07, 1.77416680458e-07, 4.49839774319e-07, 4.68319313995e-07, 5.3963327673e-07, 8.91048841822e-07, 3.91244839193e-07, 3.38735077321e-07, 2.05024079492e-07, 1.34921540607e-08, 9.65520374763e-09, 8.92816237608e-11],
        "max": [0.00111517857295, 0.0134833185002, 0.00313291465864, 0.0246305707842, 0.0539203174412, 0.0273587908596, 0.0607252195477, 0.0606026761234, 0.0507556274533, 0.0332721918821, 0.0234306324273, 0.0127537902445, 0.0189422871917, 0.0140179088339, 0.0141170099378, 0.00584370503202, 0.00651872577146, 0.00536757707596, 0.0072416216135, 0.0078337052837, 0.011207094416, 0.00539074046537, 0.00523175438866, 0.00372152798809, 0.00138269632589, 0.00102682947181, 7.4067771493e-05],
        "mean": [6.90899787514e-06, 6.46108819637e-05, 3.57922799594e-05, 0.00150110269897, 0.00923817791045, 0.000968304870185, 0.00232146610506, 0.00172356958501, 0.00242298399098, 0.000964942213614, 0.000380706216674, 0.000388123764424, 0.000429507112131, 0.000376065669116, 0.00019401931786, 9.53917042352e-05, 8.01647620392e-05, 0.000235333209275, 0.000175114531885, 0.000200803697226, 0.00023716132273, 0.000120874698041, 0.000122723009554, 0.000105824205093, 2.90318985208e-05, 1.58382772497e-05, 2.18377081183e-05],
        "median": [2.47514367402e-06, 2.40131394094e-05, 4.77797584608e-06, 0.000157448681421, 0.00534930313006, 0.000106613675598, 0.000231772370171, 0.000104894839751, 7.90489357314e-05, 2.39321652771e-05, 1.8903392629e-05, 2.72813576885e-05, 1.81630330189e-05, 1.45127223732e-05, 1.38605846587e-05, 7.78351477493e-06, 1.09601460281e-05, 3.14620010613e-05, 2.33470527746e-05, 2.82208347926e-05, 2.54978403973e-05, 2.62245362137e-06, 1.02270291791e-06, 2.91616606773e-06, 1.70313558101e-06, 8.77489469531e-07, 2.19018183998e-05],
        "min": [1.96548938607e-23, 2.74244685355e-23, 9.91106934177e-24, 3.2656137261e-23, 3.52055274474e-23, 5.86272273974e-23, 1.37269938553e-23, 2.39935830855e-23, 7.41901403928e-23, 5.74609628133e-23, 3.30057635696e-23, 4.00325263056e-23, 1.58248438461e-22, 1.0020508804e-22, 1.38029693646e-22, 9.90715327847e-23, 1.48625963626e-22, 1.69190456709e-22, 2.16737930744e-22, 3.13641755803e-22, 5.2507147307e-22, 5.07516402299e-22, 5.93550153224e-22, 6.92404345363e-22, 1.2923899375e-21, 1.8868476468e-21, 2.47312099362e-21],
        "var": [9.83856107695e-10, 1.09254564507e-07, 1.80647301562e-08, 7.70141286921e-06, 0.000121863260574, 4.87198349219e-06, 3.31035589625e-05, 2.23897986871e-05, 3.71476198779e-05, 8.83277425601e-06, 2.00555450647e-06, 1.05752940271e-06, 1.53194059749e-06, 1.3360503317e-06, 5.51035327589e-07, 1.40287028216e-07, 9.52796384013e-08, 2.55849414543e-07, 2.01144089829e-07, 2.32975267522e-07, 3.80838855563e-07, 1.80381476866e-07, 2.01001611799e-07, 1.39364615848e-07, 8.73043060068e-09, 4.17419565579e-09, 3.45520521916e-11]
    },
    "erbbands": {
        "dmean": [0.00237562111579, 0.0129894865677, 0.041187942028, 1.09298479557, 12.0089616776, 17.2252635956, 6.72267770767, 7.73368263245, 29.1152648926, 32.4046783447, 46.5047454834, 59.7195205688, 43.1582527161, 21.4262275696, 15.5633125305, 16.1637477875, 20.7766628265, 19.4210548401, 15.1730041504, 7.72145557404, 4.92609739304, 4.94588947296, 10.1876783371, 11.4649095535, 7.31127357483, 9.44030284882, 11.2438373566, 7.84390258789, 4.53795909882, 4.48767948151, 3.78108334541, 2.637114048, 1.49876618385, 0.399126082659, 0.183874100447, 0.108841642737, 0.0245137494057, 0.00134680082556, 0.000282852735836, 0.000175887151272],
        "dmean2": [0.00393317919225, 0.0224747117609, 0.0663565099239, 1.51308166981, 16.3186283112, 24.9593105316, 9.75206184387, 11.6343355179, 45.9701538086, 50.6301841736, 73.4168777466, 95.6954650879, 66.8451156616, 32.6153717041, 23.4373703003, 24.5093822479, 32.5432243347, 29.9807300568, 23.3153839111, 11.8500442505, 7.46991491318, 7.40242767334, 15.3871107101, 17.4455490112, 11.7480392456, 15.0035934448, 17.7608547211, 12.3872623444, 7.09014797211, 6.88400411606, 5.70570611954, 3.97571635246, 2.23935842514, 0.607392013073, 0.277531385422, 0.170855015516, 0.0391723178327, 0.0021773155313, 0.000477141962619, 0.000304496497847],
        "dvar": [0.000150714331539, 0.00482814293355, 0.0136961517856, 3.71387457848, 269.911834717, 755.59362793, 493.487609863, 245.524353027, 4340.90820312, 6410.48632812, 10876.2910156, 18023.5996094, 10497.7763672, 3899.02685547, 1842.93225098, 1555.83178711, 3041.66235352, 2407.83789062, 1872.17382812, 534.338989258, 248.409881592, 266.82119751, 495.104553223, 522.696044922, 473.026641846, 562.341125488, 756.622253418, 425.028411865, 193.819061279, 194.374725342, 151.9375, 68.3691482544, 20.4271793365, 1.27716243267, 0.315312683582, 0.151962816715, 0.010017384775, 4.71245730296e-05, 6.72489761655e-08, 2.80201284397e-08],
        "dvar2": [0.000305685767671, 0.012494860217, 0.0365744233131, 6.47137117386, 437.035339355, 1385.0982666, 907.362487793, 507.795623779, 10152.3642578, 13995.3476562, 24285.7285156, 39284.2890625, 22557.1386719, 8394.0703125, 3967.42236328, 3333.92114258, 6915.80175781, 4991.60107422, 3876.00415039, 1162.38427734, 504.113616943, 566.243896484, 1084.56945801, 1165.37561035, 1204.77954102, 1375.3425293, 1876.49353027, 959.383789062, 446.306396484, 419.796142578, 322.71496582, 129.441940308, 41.3020057678, 2.55573678017, 0.647514283657, 0.336945027113, 0.0244436003268, 0.000124563914142, 1.88296326087e-07, 8.24717716341e-08],
        "max": [0.463304311037, 2.68864798546, 2.69626903534, 40.6298294067, 194.281005859, 304.090454102, 410.461608887, 195.641479492, 838.282897949, 1283.43945312, 1291.66174316, 1372.02282715, 1038.28588867, 1075.84008789, 1243.52038574, 515.228393555, 957.789794922, 623.27557373, 897.707824707, 466.804321289, 313.759979248, 402.056243896, 294.805389404, 328.006347656, 360.466247559, 486.291229248, 511.610046387, 285.183013916, 184.519760132, 183.397506714, 154.735961914, 95.2004089355, 44.9860534668, 17.0239887238, 9.59900856018, 6.0371222496, 1.84731316566, 0.156971946359, 0.00343272206374, 0.00228530238383],
        "mean": [0.00257348176092, 0.0131573071703, 0.0687775537372, 2.3629963398, 23.7461299896, 30.5120429993, 9.87424850464, 10.020359993, 29.4376468658, 32.531791687, 46.827205658, 55.1201133728, 40.557598114, 20.3046321869, 15.1916437149, 16.330909729, 19.938703537, 19.1014900208, 14.9199342728, 7.38696479797, 4.86230230331, 4.96174383163, 10.5658483505, 12.6686410904, 7.36067390442, 9.54671287537, 11.0901679993, 7.51615667343, 4.10252761841, 4.20592212677, 3.5261182785, 2.59052371979, 1.46559977531, 0.4072727561, 0.181735605001, 0.102120824158, 0.0221049096435, 0.00119282107335, 0.00105719116982, 0.00067777489312],
        "median": [0.00102264015004, 0.00533788278699, 0.0259558465332, 0.794874608517, 14.9778995514, 9.10390663147, 1.56665492058, 2.19853258133, 5.03994941711, 3.95378470421, 4.35327720642, 2.41954016685, 1.02403438091, 0.955220639706, 1.08302152157, 1.204169631, 0.993050396442, 0.819060087204, 0.895468711853, 0.643603801727, 0.457938104868, 0.718822956085, 1.48353242874, 1.75590968132, 1.09506821632, 1.32781600952, 1.47275471687, 0.651099860668, 0.151628926396, 0.0448058694601, 0.0322846621275, 0.0439097397029, 0.0509791783988, 0.0205049254, 0.0112299965695, 0.00626584514976, 0.00110508024227, 0.000111416171421, 0.00106388051063, 0.000661855330691],
        "min": [6.33091547352e-22, 6.78210392552e-21, 1.06235605786e-20, 7.24272882003e-20, 1.21859381887e-19, 8.80254653229e-20, 1.95099917876e-19, 5.36971377373e-19, 3.26665307823e-19, 2.33097040925e-19, 7.46615082047e-19, 1.49296381194e-18, 2.2482307896e-18, 1.21053870821e-18, 1.72854536738e-18, 1.95605177889e-18, 6.90048584011e-18, 4.8450921512e-18, 8.84765618077e-18, 5.13257256924e-18, 5.72090105761e-18, 8.37040109146e-18, 8.63241551357e-18, 1.15289034065e-17, 1.34800744062e-17, 1.21935496462e-17, 1.52806695831e-17, 2.73757276609e-17, 1.72321044534e-17, 1.57457618087e-17, 1.86709851289e-17, 1.24111064191e-17, 1.40060719403e-17, 1.30797049277e-17, 1.03458581139e-17, 5.69626306947e-18, 3.87407971938e-18, 1.50527918709e-18, 3.28417069566e-19, 3.71453887432e-20],
        "var": [0.00017255046987, 0.00387101084925, 0.020514395088, 15.2871417999, 822.983093262, 2327.49804688, 1174.51647949, 420.263427734, 4649.82470703, 7803.75878906, 13243.5449219, 20744.1542969, 12305.7080078, 4271.97607422, 2162.7800293, 1869.57897949, 3249.9621582, 2981.3503418, 2459.52172852, 650.128112793, 313.768676758, 306.78213501, 609.828674316, 745.208435059, 410.85559082, 563.131958008, 725.501647949, 449.72052002, 200.688812256, 224.430328369, 173.175613403, 90.8008728027, 25.5066127777, 1.65446507931, 0.380191773176, 0.158624783158, 0.00901882071048, 3.49085494236e-05, 9.43282785215e-08, 3.18044044434e-08]
    },
    "gfcc": {
        "mean": [-93.4422302246, 80.2631530762, -98.1492996216, 7.21177816391, -55.6412467957, -27.8988208771, -27.4804039001, -14.8422489166, -28.4117660522, -12.7715377808, -7.81736469269, -23.5773677826, -2.90202617645],
        "cov": [[8864.75585938, 153.523071289, -2587.28417969, -184.926727295, -1586.15429688, -261.451568604, -679.832885742, 503.509155273, -915.240905762, 308.46206665, -448.355010986, -172.225784302, -327.051391602], [153.523071289, 3965.07080078, -407.558868408, -1834.1920166, 342.620056152, -1087.2355957, 295.467559814, -297.255523682, -387.824401855, -357.610168457, 146.813781738, -421.916717529, -45.1745452881], [-2587.28417969, -407.558868408, 1842.43457031, 525.270263672, 163.722900391, 216.029998779, -111.054603577, -195.459121704, 269.803100586, -139.26399231, 33.859413147, 198.251312256, -21.5276107788], [-184.926727295, -1834.1920166, 525.270263672, 1435.17175293, -100.115386963, 296.102783203, -269.096221924, 71.7216262817, 233.351531982, 45.4885368347, -90.3835906982, 171.854934692, 51.4479522705], [-1586.15429688, 342.620056152, 163.722900391, -100.115386963, 683.298400879, -0.616271793842, 179.493164062, -81.3152084351, 211.719467163, -76.3539733887, 68.6368713379, -38.2020950317, 102.406333923], [-261.451568604, -1087.2355957, 216.029998779, 296.102783203, -0.616271793842, 700.595825195, 100.466499329, 42.1405296326, 130.228805542, 121.729255676, -30.0945720673, 144.289794922, -58.2794189453], [-679.832885742, 295.467559814, -111.054603577, -269.096221924, 179.493164062, 100.466499329, 513.110046387, -43.4534301758, -25.2361106873, 5.13604688644, 100.805046082, -45.4384078979, -31.4559993744], [503.509155273, -297.255523682, -195.459121704, 71.7216262817, -81.3152084351, 42.1405296326, -43.4534301758, 231.318481445, 25.2233295441, 63.8909187317, -4.82512235641, 42.0180625916, -1.82249689102], [-915.240905762, -387.824401855, 269.803100586, 233.351531982, 211.719467163, 130.228805542, -25.2361106873, 25.2233295441, 330.36618042, 34.9290275574, 18.2883338928, 72.7166671753, 81.1491699219], [308.46206665, -357.610168457, -139.26399231, 45.4885368347, -76.3539733887, 121.729255676, 5.13604688644, 63.8909187317, 34.9290275574, 202.970397949, -15.4521484375, 29.0892124176, -3.13236522675], [-448.355010986, 146.813781738, 33.859413147, -90.3835906982, 68.6368713379, -30.0945720673, 100.805046082, -4.82512235641, 18.2883338928, -15.4521484375, 214.332839966, 19.3423366547, -16.3742809296], [-172.225784302, -421.916717529, 198.251312256, 171.854934692, -38.2020950317, 144.289794922, -45.4384078979, 42.0180625916, 72.7166671753, 29.0892124176, 19.3423366547, 175.522613525, -10.9062700272], [-327.051391602, -45.1745452881, -21.5276107788, 51.4479522705, 102.406333923, -58.2794189453, -31.4559993744, -1.82249689102, 81.1491699219, -3.13236522675, -16.3742809296, -10.9062700272, 212.807327271]],
        "icov": [[0.00160704518203, -0.00197611586191, 0.00216538808309, -0.00212013116106, 0.00220920937136, -0.00214300537482, 0.00190944061615, -0.00159962417092, 0.00164309970569, -0.00141142087523, 0.00144535140134, -0.000978980329819, 0.000814156606793], [-0.00197611586191, 0.00447666132823, -0.00295812333934, 0.00458504911512, -0.00319679290988, 0.00466704322025, -0.00261006411165, 0.00260655791499, -0.0018838562537, 0.00293801818043, -0.00169173604809, 0.00230363220908, -0.000291912001558], [0.00216538808309, -0.00295812333934, 0.00391579559073, -0.00332962046377, 0.00305717298761, -0.00327447475865, 0.00273868720978, -0.00130564637948, 0.00154073548038, -0.00138775887899, 0.00185566453729, -0.00229933974333, 0.00134371791501], [-0.00212013116106, 0.00458504911512, -0.00332962046377, 0.00576131558046, -0.00313561502844, 0.00447167130187, -0.0024025766179, 0.00252347369678, -0.00253389822319, 0.00312681845389, -0.00160043931101, 0.00214614602737, -0.000615560158622], [0.00220920937136, -0.00319679290988, 0.00305717298761, -0.00313561502844, 0.00585291953757, -0.00344360619783, 0.00187273439951, -0.00181639159564, 0.000123489327962, -0.00115207652561, 0.00173828424886, -0.000907863548491, 0.000308771472191], [-0.00214300537482, 0.00466704322025, -0.00327447475865, 0.00447167130187, -0.00344360619783, 0.00726608745754, -0.00370498420671, 0.00280953827314, -0.00255435728468, 0.00201786123216, -0.00104063237086, 0.000943816441577, 0.000380410434445], [0.00190944061615, -0.00261006411165, 0.00273868720978, -0.0024025766179, 0.00187273439951, -0.00370498420671, 0.00531132798642, -0.00170278968289, 0.00253559462726, -0.00205408059992, 0.000453529210063, -0.000597133242991, 0.00110017636325], [-0.00159962417092, 0.00260655791499, -0.00130564637948, 0.00252347369678, -0.00181639159564, 0.00280953827314, -0.00170278968289, 0.0077775651589, -0.00266524124891, 0.00115500250831, -0.00159928423818, -0.000236699328525, -0.000290652329568], [0.00164309970569, -0.0018838562537, 0.00154073548038, -0.00253389822319, 0.000123489327962, -0.00255435728468, 0.00253559462726, -0.00266524124891, 0.00801304914057, -0.00290254224092, 0.000981128774583, -0.00173992000055, -0.000625247193966], [-0.00141142087523, 0.00293801818043, -0.00138775887899, 0.00312681845389, -0.00115207652561, 0.00201786123216, -0.00205408059992, 0.00115500250831, -0.00290254224092, 0.00886940211058, -0.00104293925688, 0.00128792086616, -0.000405368482461], [0.00144535140134, -0.00169173604809, 0.00185566453729, -0.00160043931101, 0.00173828424886, -0.00104063237086, 0.000453529210063, -0.00159928423818, 0.000981128774583, -0.00104293925688, 0.0070900535211, -0.00237100431696, 0.00140320335049], [-0.000978980329819, 0.00230363220908, -0.00229933974333, 0.00214614602737, -0.000907863548491, 0.000943816441577, -0.000597133242991, -0.000236699328525, -0.00173992000055, 0.00128792086616, -0.00237100431696, 0.0104593280703, -0.000125879814732], [0.000814156606793, -0.000291912001558, 0.00134371791501, -0.000615560158622, 0.000308771472191, 0.000380410434445, 0.00110017636325, -0.000290652329568, -0.000625247193966, -0.000405368482461, 0.00140320335049, -0.000125879814732, 0.00662279780954]]
    },
    "melbands": {
        "dmean": [1.92375864572e-05, 1.62998621818e-05, 0.000456549983937, 0.00115373788867, 0.000325020868331, 0.000179808004759, 0.000459246657556, 0.000352228729753, 0.000416265422245, 0.000371109548723, 0.000213848412386, 9.08309375518e-05, 5.29398603248e-05, 4.46197773272e-05, 4.85975688207e-05, 4.27104860137e-05, 3.63650469808e-05, 2.69469328487e-05, 1.42652907016e-05, 8.21856974653e-06, 5.57727253181e-06, 5.07383583681e-06, 6.40912094241e-06, 1.182601045e-05, 9.50961111812e-06, 5.85689349464e-06, 5.2880009207e-06, 6.74829698255e-06, 7.21229753253e-06, 6.41279393676e-06, 4.12120107285e-06, 2.28236490329e-06, 3.02217927128e-06, 2.32503339248e-06, 2.39117980527e-06, 1.74921774487e-06, 1.65416076925e-06, 1.22503695366e-06, 5.8458829244e-07, 2.52190943684e-07],
        "dmean2": [3.13455238938e-05, 2.81216161966e-05, 0.000619727303274, 0.00163958035409, 0.000482955423649, 0.000273730052868, 0.000725675956346, 0.00055393378716, 0.000661872734781, 0.000598894257564, 0.000335128803272, 0.00014027353609, 8.04462833912e-05, 6.79937293171e-05, 7.47966187191e-05, 6.7887136538e-05, 5.70239026274e-05, 4.21259428549e-05, 2.23380484385e-05, 1.32560999191e-05, 8.73426779435e-06, 7.76591878093e-06, 9.60386569204e-06, 1.81476298167e-05, 1.45640669871e-05, 9.48145680013e-06, 8.54877453094e-06, 1.09152142613e-05, 1.14479717013e-05, 1.01705536508e-05, 6.6354473347e-06, 3.61220622835e-06, 4.74816761198e-06, 3.55228235094e-06, 3.68824498764e-06, 2.68008511739e-06, 2.50494463216e-06, 1.85722024071e-06, 9.06944706003e-07, 3.84659131214e-07],
        "dvar": [9.79667724721e-09, 4.37207159365e-09, 4.44909630914e-07, 2.45354090112e-06, 7.19220281553e-07, 1.27665032323e-07, 1.03534353002e-06, 6.86552937168e-07, 8.24838821245e-07, 6.97068287536e-07, 2.73256318906e-07, 7.38782190979e-08, 2.27306369283e-08, 1.29182522457e-08, 1.71913150382e-08, 1.3600686799e-08, 9.91594095723e-09, 6.47059250625e-09, 2.1795030225e-09, 8.57951543143e-10, 4.0187736472e-10, 3.65033364647e-10, 2.83748385899e-10, 6.16797168895e-10, 3.98935384727e-10, 3.45688283554e-10, 2.6663313224e-10, 2.92222857023e-10, 2.63301491721e-10, 3.64532765085e-10, 1.40127465187e-10, 5.73348313271e-11, 9.07434544173e-11, 5.41915505525e-11, 6.5652136505e-11, 3.569205001e-11, 2.83401947743e-11, 1.45331741433e-11, 3.08823040925e-12, 5.01262551432e-13],
        "dvar2": [2.12675050903e-08, 1.20371410617e-08, 7.14025190973e-07, 4.20990818384e-06, 1.30739567794e-06, 2.63355047991e-07, 2.37952031057e-06, 1.48779747633e-06, 1.83946838206e-06, 1.51268773152e-06, 5.89820388086e-07, 1.60962656537e-07, 4.74063988065e-08, 2.92822903702e-08, 3.9229799853e-08, 3.16091117725e-08, 2.06955661497e-08, 1.34967761412e-08, 4.76844652653e-09, 2.0202752804e-09, 8.47263870174e-10, 8.02354849228e-10, 5.89091664338e-10, 1.41781775209e-09, 8.89380180613e-10, 9.02315389073e-10, 6.83063439144e-10, 7.29881877159e-10, 6.32853214277e-10, 9.2358559689e-10, 3.24845539357e-10, 1.36953878793e-10, 2.12041065262e-10, 1.15278779578e-10, 1.46359410702e-10, 7.42496550354e-11, 5.66937434499e-11, 2.99411988258e-11, 6.54181483289e-12, 1.0223058294e-12],
        "max": [0.00395709555596, 0.00210166047327, 0.00879832357168, 0.0145247802138, 0.0133736105636, 0.00400553783402, 0.01176260598, 0.0128424661234, 0.00932779349387, 0.00911065191031, 0.00539898173884, 0.00418497715145, 0.00338611938059, 0.00172253081109, 0.00177273224108, 0.00235077762045, 0.00127638014965, 0.00154480768833, 0.00111692294013, 0.000522922025993, 0.000433693872765, 0.000513927137945, 0.000247862219112, 0.000326752167894, 0.000298337428831, 0.000417247705627, 0.000289801129838, 0.000373254326405, 0.000217077729758, 0.000430337968282, 0.000147806247696, 0.00010140651284, 0.000126100552734, 8.64751200425e-05, 0.00011972674838, 8.47080955282e-05, 7.11588290869e-05, 4.28282728535e-05, 2.46425697696e-05, 1.05924791569e-05],
        "mean": [2.00492668228e-05, 1.62938504218e-05, 0.000944366503973, 0.00227203499526, 0.000504009367432, 0.000225402327487, 0.000463445263449, 0.000347905093804, 0.000407686835388, 0.000335990072927, 0.000197361674509, 8.39743297547e-05, 5.06027281517e-05, 4.38954230049e-05, 4.60530973214e-05, 4.01998258894e-05, 3.50281443389e-05, 2.58560667135e-05, 1.32504628709e-05, 7.3549949775e-06, 5.26975236426e-06, 4.79437812828e-06, 6.50154970572e-06, 1.20865397548e-05, 1.02932008303e-05, 5.74650857743e-06, 4.8987099035e-06, 6.69074916004e-06, 7.12383507562e-06, 5.98114957029e-06, 3.78664458367e-06, 2.02954106499e-06, 2.63300898951e-06, 2.18200216295e-06, 2.16566172639e-06, 1.64896403021e-06, 1.59166540925e-06, 1.18284981454e-06, 5.77213256747e-07, 2.52055627925e-07],
        "median": [7.70604765421e-06, 4.48636410511e-06, 0.000395165552618, 0.00132122449577, 5.11841972184e-05, 3.22964042425e-05, 7.23169505363e-05, 3.34458636644e-05, 2.71645913017e-05, 1.12666411951e-05, 4.23215215051e-06, 3.65915843759e-06, 3.16435216519e-06, 3.17197896038e-06, 2.50362518273e-06, 1.62639958035e-06, 1.29531736093e-06, 1.33665662361e-06, 9.83688778433e-07, 5.95887058807e-07, 4.63876546064e-07, 6.14477698946e-07, 9.35685363856e-07, 1.54479891989e-06, 1.25455756006e-06, 7.42635791084e-07, 5.86590829244e-07, 8.76927401805e-07, 9.30492376483e-07, 5.99515203703e-07, 2.21507761466e-07, 5.61977486768e-08, 2.99421181182e-08, 1.39711859859e-08, 1.55581112438e-08, 2.0668965206e-08, 2.70149786985e-08, 3.41957786532e-08, 2.50551028813e-08, 1.27419950147e-08],
        "min": [8.10637252737e-24, 7.13738233419e-24, 1.39205960987e-23, 7.59427006011e-24, 6.2471417586e-24, 1.21053056712e-23, 4.91638153201e-24, 2.88435729005e-24, 6.2250477368e-24, 1.0955040764e-23, 1.15864892087e-23, 4.85661861312e-24, 5.39243818349e-24, 4.98359879202e-24, 8.49273293292e-24, 1.56531697271e-23, 7.84943185307e-24, 1.48271219188e-23, 8.7737527975e-24, 6.44114237672e-24, 6.83998177293e-24, 8.50861743611e-24, 7.69292184948e-24, 8.83842519223e-24, 9.06197653985e-24, 9.85972475203e-24, 9.92192564555e-24, 7.88991461701e-24, 9.09891968491e-24, 9.86279894298e-24, 1.81440485224e-23, 1.0095274674e-23, 7.03909578743e-24, 8.74630359344e-24, 1.1016240593e-23, 9.86206135803e-24, 6.45002928924e-24, 1.00051386381e-23, 9.02354954744e-24, 1.159556742e-23],
        "var": [1.05024469121e-08, 3.59821195062e-09, 1.66320046446e-06, 7.43897408029e-06, 1.95861025531e-06, 2.15018545191e-07, 1.13926762424e-06, 8.53707092574e-07, 1.01302384792e-06, 7.9896585703e-07, 3.14756306352e-07, 7.87751801568e-08, 2.72585776173e-08, 1.42730387509e-08, 1.84895760924e-08, 1.38504256952e-08, 1.18571810148e-08, 8.36821278938e-09, 2.69943045694e-09, 8.33159596869e-10, 4.64194183092e-10, 3.87049475803e-10, 3.56530083234e-10, 7.26519955307e-10, 5.66722946349e-10, 2.89640617046e-10, 2.30449700989e-10, 2.80605233494e-10, 2.73600697653e-10, 3.14615361541e-10, 1.40464542775e-10, 5.47564077413e-11, 9.27578638898e-11, 6.35469038501e-11, 6.91409013376e-11, 4.14523901315e-11, 3.58396888556e-11, 1.75635044702e-11, 3.64030637232e-12, 6.42278060164e-13]
    },
    "mfcc": {
        "mean": [-753.305114746, 128.092498779, 0.0622580908239, 25.4470939636, -12.6151275635, -13.9129953384, 2.70047807693, -17.1945323944, -10.1526384354, -6.07340717316, -8.65255641937, -1.3466694355, -19.3376903534],
        "cov": [[9485.44335938, -502.829742432, -2033.86157227, -360.437713623, -1225.13952637, -920.184753418, 14.6283884048, -522.032226562, -206.322494507, -17.9508018494, -57.4048690796, 19.0151157379, -552.042602539], [-502.829742432, 5081.40087891, -1150.28320312, -754.987426758, -558.212036133, -846.235839844, 357.123596191, -395.15802002, -290.254943848, -351.241668701, 44.7256126404, -48.0996818542, -502.45980835], [-2033.86157227, -1150.28320312, 1875.63671875, 326.473999023, 417.010253906, 424.533752441, -292.648895264, 256.074645996, -44.5521202087, -100.33265686, -27.2779445648, 46.8344192505, 257.451629639], [-360.437713623, -754.987426758, 326.473999023, 693.102111816, 264.486633301, -3.33900594711, -149.015319824, 5.84604692459, 69.7675628662, -33.8960609436, -120.099555969, 76.9469299316, 83.8240890503], [-1225.13952637, -558.212036133, 417.010253906, 264.486633301, 680.542236328, 168.771133423, -243.739334106, 97.1825332642, 139.112060547, -1.59349930286, -64.2059631348, 17.6311950684, 129.775802612], [-920.184753418, -846.235839844, 424.533752441, -3.33900594711, 168.771133423, 658.625488281, 14.8609247208, 213.363418579, 80.1685714722, 149.717086792, 103.781478882, -98.3735275269, 161.111419678], [14.6283884048, 357.123596191, -292.648895264, -149.015319824, -243.739334106, 14.8609247208, 395.99697876, 23.7132816315, -68.6802902222, 66.5379943848, 42.4589271545, -31.2674636841, -25.4890537262], [-522.032226562, -395.15802002, 256.074645996, 5.84604692459, 97.1825332642, 213.363418579, 23.7132816315, 308.582580566, -9.30298614502, 64.7423934937, 64.6885604858, -32.9426231384, 156.400817871], [-206.322494507, -290.254943848, -44.5521202087, 69.7675628662, 139.112060547, 80.1685714722, -68.6802902222, -9.30298614502, 297.017608643, 54.0530052185, -55.0705871582, 0.230469614267, 24.4642677307], [-17.9508018494, -351.241668701, -100.33265686, -33.8960609436, -1.59349930286, 149.717086792, 66.5379943848, 64.7423934937, 54.0530052185, 250.906417847, 52.9232673645, -47.4028739929, 79.153717041], [-57.4048690796, 44.7256126404, -27.2779445648, -120.099555969, -64.2059631348, 103.781478882, 42.4589271545, 64.6885604858, -55.0705871582, 52.9232673645, 219.786376953, -10.8684711456, 37.8099708557], [19.0151157379, -48.0996818542, 46.8344192505, 76.9469299316, 17.6311950684, -98.3735275269, -31.2674636841, -32.9426231384, 0.230469614267, -47.4028739929, -10.8684711456, 169.129516602, 12.6725072861], [-552.042602539, -502.45980835, 257.451629639, 83.8240890503, 129.775802612, 161.111419678, -25.4890537262, 156.400817871, 24.4642677307, 79.153717041, 37.8099708557, 12.6725072861, 263.957611084]],
