{
"lowlevel": {
    "average_loudness": 0.980158984661,
    "barkbands_crest": {
        "dmean": 3.95702791214,
        "dmean2": 6.46202659607,
        "dvar": 11.3095541,
        "dvar2": 27.646276474,
        "max": 26.1535949707,
        "mean": 12.4278097153,
        "median": 11.765630722,
        "min": 2.33475518227,
        "var": 23.5056171417
    },
    "barkbands_flatness_db": {
        "dmean": 0.0451247580349,
        "dmean2": 0.0690854638815,
        "dvar": 0.0019814921543,
        "dvar2": 0.00461120577529,
        "max": 0.481755584478,
        "mean": 0.186859965324,
        "median": 0.181352049112,
        "min": 0.0195617899299,
        "var": 0.00464835343882
    },
    "barkbands_kurtosis": {
        "dmean": 12.6485147476,
        "dmean2": 19.9943027496,
        "dvar": 599.383117676,
        "dvar2": 1370.36193848,
        "max": 432.293945312,
        "mean": 12.8648786545,
        "median": 3.31378149986,
        "min": -1.96195912361,
        "var": 731.289306641
    },
    "barkbands_skewness": {
        "dmean": 1.46808207035,
        "dmean2": 2.14383339882,
        "dvar": 2.62947511673,
        "dvar2": 5.28487110138,
        "max": 17.1749629974,
        "mean": 1.96824598312,
        "median": 1.62288832664,
        "min": -7.10010051727,
        "var": 6.17009353638
    },
    "barkbands_spread": {
        "dmean": 12.456407547,
        "dmean2": 20.4830627441,
        "dvar": 292.360137939,
        "dvar2": 664.101806641,
        "max": 152.188461304,
        "mean": 22.5963363647,
        "median": 13.0145721436,
        "min": 0.606411993504,
        "var": 609.776916504
    },
    "dissonance": {
        "dmean": 0.0458101816475,
        "dmean2": 0.0705286711454,
        "dvar": 0.00194118439686,
        "dvar2": 0.00460108043626,
        "max": 0.500000059605,
        "mean": 0.414627492428,
        "median": 0.423180222511,
        "min": 0.153724253178,
        "var": 0.00475550908595
    },
    "dynamic_complexity": 3.66322636604,
    "erbbands_crest": {
        "dmean": 3.73032426834,
        "dmean2": 6.20422697067,
        "dvar": 9.67879199982,
        "dvar2": 25.3270225525,
        "max": 27.0565662384,
        "mean": 11.3177099228,
        "median": 10.6667757034,
        "min": 2.51815080643,
        "var": 18.5128211975
    },
    "erbbands_flatness_db": {
        "dmean": 0.0385551378131,
        "dmean2": 0.0582314170897,
        "dvar": 0.00130356336012,
        "dvar2": 0.00285288039595,
        "max": 0.406015992165,
        "mean": 0.205037683249,
        "median": 0.218645244837,
        "min": 0.0157720819116,
        "var": 0.00335654965602
    },
    "erbbands_kurtosis": {
        "dmean": 3.50991344452,
        "dmean2": 5.59766149521,
        "dvar": 37.727142334,
        "dvar2": 82.6330871582,
        "max": 93.0819244385,
        "mean": 3.08775377274,
        "median": 0.899337530136,
        "min": -1.80565774441,
        "var": 48.8002586365
    },
    "erbbands_skewness": {
        "dmean": 0.809379220009,
        "dmean2": 1.23196470737,
        "dvar": 0.864098727703,
        "dvar2": 1.84372150898,
        "max": 6.35768604279,
        "mean": 0.476824492216,
        "median": 0.646291732788,
        "min": -6.71230792999,
        "var": 2.02745246887
    },
    "erbbands_spread": {
        "dmean": 15.3743057251,
        "dmean2": 25.5735244751,
        "dvar": 346.929626465,
        "dvar2": 915.578796387,
        "max": 155.41885376,
        "mean": 30.9425849915,
        "median": 24.9913902283,
        "min": 1.84275007248,
        "var": 413.386749268
    },
    "hfc": {
        "dmean": 10.4368286133,
        "dmean2": 15.1227531433,
        "dvar": 115.48474884,
        "dvar2": 215.504074097,
        "max": 94.1074295044,
        "mean": 17.7525596619,
        "median": 12.9759578705,
        "min": 2.63205190976e-09,
        "var": 254.067718506
    },
    "melbands_crest": {
        "dmean": 5.20738172531,
        "dmean2": 8.47248649597,
        "dvar": 20.2060756683,
        "dvar2": 48.7911987305,
        "max": 33.9703140259,
        "mean": 16.4642486572,
        "median": 15.5370464325,
        "min": 3.70869255066,
        "var": 40.8641281128
    },
    "melbands_flatness_db": {
        "dmean": 0.0582034029067,
        "dmean2": 0.0871315151453,
        "dvar": 0.00358621985652,
        "dvar2": 0.00812551286072,
        "max": 0.628372490406,
        "mean": 0.251541912556,
        "median": 0.246603995562,
        "min": 0.0239530596882,
        "var": 0.00861922930926
    },
    "melbands_kurtosis": {
        "dmean": 15.7628879547,
        "dmean2": 26.5458469391,
        "dvar": 1016.18725586,
        "dvar2": 2685.65356445,
        "max": 500.114837646,
        "mean": 17.5167274475,
        "median": 7.30944871902,
        "min": -1.92004191875,
        "var": 896.733764648
    },
    "melbands_skewness": {
        "dmean": 1.48970389366,
        "dmean2": 2.30694031715,
        "dvar": 2.96408033371,
        "dvar2": 7.1113910675,
        "max": 18.8359031677,
        "mean": 2.6034219265,
        "median": 2.21954703331,
        "min": -3.34538602829,
        "var": 4.68727827072
    },
    "melbands_spread": {
        "dmean": 19.8492355347,
        "dmean2": 33.118560791,
        "dvar": 1401.44165039,
        "dvar2": 3220.63989258,
        "max": 262.50402832,
        "mean": 29.2278766632,
        "median": 15.13621521,
        "min": 0.439382910728,
        "var": 1934.34362793
    },
    "pitch_salience": {
        "dmean": 0.112836942077,
        "dmean2": 0.180929839611,
        "dvar": 0.0114290891215,
        "dvar2": 0.0260384492576,
        "max": 0.92897361517,
        "mean": 0.572812974453,
        "median": 0.590398192406,
        "min": 0.0871590152383,
        "var": 0.022950027138
    },
    "silence_rate_20dB": {
        "dmean": 0,
        "dmean2": 0,
        "dvar": 0,
        "dvar2": 0,
        "max": 1,
        "mean": 1,
        "median": 1,
        "min": 1,
        "var": 0
    },
    "silence_rate_30dB": {
        "dmean": 0,
        "dmean2": 0,
        "dvar": 0,
        "dvar2": 0,
        "max": 1,
        "mean": 1,
        "median": 1,
        "min": 1,
        "var": 0
    },
    "silence_rate_60dB": {
        "dmean": 0.0985968932509,
        "dmean2": 0.197268590331,
        "dvar": 0.0888745114207,
        "dvar2": 0.187941178679,
        "max": 1,
        "mean": 0.17096285522,
        "median": 0,
        "min": 0,
        "var": 0.141739174724
    },
    "spectral_centroid": {
        "dmean": 562.442932129,
        "dmean2": 863.026062012,
        "dvar": 638848.375,
        "dvar2": 1141283.25,
        "max": 11026.8798828,
        "mean": 1387.68322754,
        "median": 1043.06335449,
        "min": 162.077056885,
        "var": 1463463
    },
    "spectral_complexity": {
        "dmean": 3.84755396843,
        "dmean2": 5.48634290695,
        "dvar": 14.4334201813,
        "dvar2": 27.1281452179,
        "max": 38,
        "mean": 8.86732387543,
        "median": 8,
        "min": 0,
        "var": 42.5173835754
    },
    "spectral_decrease": {
        "dmean": 2.69641597939e-09,
        "dmean2": 3.79217324209e-09,
        "dvar": 8.68990622051e-18,
        "dvar2": 1.4917921106e-17,
        "max": 2.72001740792e-13,
        "mean": -5.35644018029e-09,
        "median": -4.63832794395e-09,
        "min": -2.48380072065e-08,
        "var": 2.16769330052e-17
    },
    "spectral_energy": {
        "dmean": 0.0109085524455,
        "dmean2": 0.0154101308435,
        "dvar": 0.000141556098242,
        "dvar2": 0.00024521900923,
        "max": 0.0995926856995,
        "mean": 0.0218266267329,
        "median": 0.0184219665825,
        "min": 2.06588150991e-13,
        "var": 0.000346625107341
    },
    "spectral_energyband_high": {
        "dmean": 0.000546956376638,
        "dmean2": 0.000801644928288,
        "dvar": 1.13447981676e-06,
        "dvar2": 1.98234783966e-06,
        "max": 0.0105263488367,
        "mean": 0.000731659703888,
        "median": 0.000186335499166,
        "min": 1.28279480679e-13,
        "var": 2.23256915888e-06
    },
    "spectral_energyband_low": {
        "dmean": 0.000224310337217,
        "dmean2": 0.000357035722118,
        "dvar": 1.31923442837e-07,
        "dvar2": 3.0523165151e-07,
        "max": 0.00924733653665,
        "mean": 0.000322890846292,
        "median": 0.000134057278046,
        "min": 7.66438101136e-15,
        "var": 3.54783821876e-07
    },
    "spectral_energyband_middle_high": {
        "dmean": 0.00326931197196,
        "dmean2": 0.00454105902463,
        "dvar": 2.07124921872e-05,
        "dvar2": 3.84146042052e-05,
        "max": 0.0443193912506,
        "mean": 0.00419508619234,
        "median": 0.00133157381788,
        "min": 1.09740877139e-14,
        "var": 3.74906921934e-05
    },
    "spectral_energyband_middle_low": {
        "dmean": 0.0086725782603,
        "dmean2": 0.0123085668311,
        "dvar": 9.03604013729e-05,
        "dvar2": 0.000157252841746,
        "max": 0.085970915854,
        "mean": 0.016997108236,
        "median": 0.0154481697828,
        "min": 2.16131383217e-14,
        "var": 0.000231330413953
    },
    "spectral_entropy": {
        "dmean": 0.43756249547,
        "dmean2": 0.658407092094,
        "dvar": 0.208005800843,
        "dvar2": 0.445077896118,
        "max": 9.79005050659,
        "mean": 7.07681894302,
        "median": 7.05140256882,
        "min": 4.00361871719,
        "var": 0.561172842979
    },
    "spectral_flux": {
        "dmean": 0.0419368259609,
        "dmean2": 0.068876683712,
        "dvar": 0.00130403856747,
        "dvar2": 0.0033310353756,
        "max": 0.259410917759,
        "mean": 0.0969767048955,
        "median": 0.0938695371151,
        "min": 4.64058757643e-05,
        "var": 0.00293354713358
    },
    "spectral_kurtosis": {
        "dmean": 5.00312948227,
        "dmean2": 8.12053585052,
        "dvar": 53.5976676941,
        "dvar2": 121.734931946,
        "max": 126.699493408,
        "mean": 8.52749919891,
        "median": 6.14480924606,
        "min": -1.21468877792,
        "var": 88.5680160522
    },
    "spectral_rms": {
        "dmean": 0.00126064091455,
        "dmean2": 0.00173445080873,
        "dvar": 1.64270818459e-06,
        "dvar2": 2.58659019892e-06,
        "max": 0.00985716003925,
        "mean": 0.00402040220797,
        "median": 0.00423941621557,
        "min": 1.41968099499e-08,
        "var": 5.13067516295e-06
    },
    "spectral_rolloff": {
        "dmean": 1449.78320312,
        "dmean2": 2543.91552734,
        "dvar": 9967106,
        "dvar2": 25427578,
        "max": 20650.3417969,
        "mean": 2376.50244141,
        "median": 1108.95996094,
        "min": 64.599609375,
        "var": 13258555
    },
    "spectral_skewness": {
        "dmean": 0.636302947998,
        "dmean2": 0.986298322678,
        "dvar": 0.489197254181,
        "dvar2": 1.09567427635,
        "max": 9.18395614624,
        "mean": 1.85061633587,
        "median": 1.67624998093,
        "min": -0.371386379004,
        "var": 1.10987222195
    },
    "spectral_spread": {
        "dmean": 873840.25,
        "dmean2": 1354817.125,
        "dvar": 1.37534439424e+12,
        "dvar2": 2.55422575411e+12,
        "max": 41240052,
        "mean": 3918091.5,
        "median": 3476417.25,
        "min": 1035968.9375,
        "var": 2.59639187866e+12
    },
    "spectral_strongpeak": {
        "dmean": 0.848624825478,
        "dmean2": 1.34799265862,
        "dvar": 0.970566272736,
        "dvar2": 2.25474214554,
        "max": 8.77788257599,
        "mean": 1.22762715816,
        "median": 0.906958341599,
        "min": 0,
        "var": 1.41766643524
    },
    "zerocrossingrate": {
        "dmean": 0.0325198657811,
        "dmean2": 0.0374902188778,
        "dvar": 0.00161521194968,
        "dvar2": 0.00187526014633,
        "max": 0.607421875,
        "mean": 0.0962491557002,
        "median": 0.0546875,
        "min": 0.00927734375,
        "var": 0.00776336668059
    },
    "barkbands": {
        "dmean": [8.13081442175e-06, 0.000111746187031, 3.73159164155e-05, 0.000499355781358, 0.0037108946126, 0.00114029389806, 0.00298891682178, 0.00175761990249, 0.00247763423249, 0.00127277255524, 0.000410770066082, 0.000432243017713, 0.00046958506573, 0.000700340606272, 0.000369856890757, 0.000130668326165, 0.000156914262334, 0.000301570893498, 0.000165352772456, 0.000138573319418, 0.000204347015824, 0.00014304058277, 0.000100971061329, 6.41328879283e-05, 1.59884748427e-05, 1.00733441286e-05, 5.92781543673e-06],
        "dmean2": [1.34662668643e-05, 0.000187423283933, 6.48776986054e-05, 0.000751852756366, 0.00525706075132, 0.00174458685797, 0.0045070820488, 0.00281128985807, 0.00389646179974, 0.00192572711967, 0.000641793536488, 0.000660071324091, 0.000746481411625, 0.00108727964107, 0.0005833824398, 0.000207987846807, 0.000231574857025, 0.000464519340312, 0.000260374625213, 0.000214085215703, 0.00032491912134, 0.000204614450922, 0.000142109332955, 9.36577125685e-05, 2.37570220634e-05, 1.50757496158e-05, 1.03044048956e-05],
        "dvar": [1.51348711341e-10, 4.51002186708e-08, 8.04098032603e-09, 6.75284979934e-07, 2.39131713897e-05, 5.53817517357e-06, 3.24015163642e-05, 1.29712698254e-05, 2.45766677835e-05, 8.24732342153e-06, 8.57633324358e-07, 1.27185398924e-06, 1.39130020216e-06, 2.13710609387e-06, 7.67779738453e-07, 1.3233815821e-07, 1.56617701919e-07, 2.5018823635e-07, 1.06594441718e-07, 6.24912743774e-08, 1.80277837103e-07, 2.54166025115e-07, 8.61391811213e-08, 4.10588789634e-08, 2.10945860779e-09, 1.94661153863e-09, 2.81927640955e-11],
        "dvar2": [4.03475752808e-10, 1.09024107076e-07, 2.06982644357e-08, 1.48452170379e-06, 4.2657047743e-05, 1.11028775791e-05, 6.00084968028e-05, 2.89036706818e-05, 5.32054909854e-05, 1.66302306752e-05, 2.01367629415e-06, 2.9365824048e-06, 3.26810732076e-06, 4.79257096231e-06, 1.71194380982e-06, 3.22660014263e-07, 3.27147546386e-07, 4.94556161357e-07, 2.4984041147e-07, 1.42432810435e-07, 4.35875875837e-07, 4.65690447982e-07, 1.59202826922e-07, 8.7284519168e-08, 4.57651161412e-09, 4.69648586687e-09, 8.09755457132e-11],
        "max": [0.000175616907654, 0.00913287512958, 0.00123223592527, 0.0100980764255, 0.0435748435557, 0.0364043191075, 0.0815319269896, 0.037600889802, 0.0440589487553, 0.0342611446977, 0.0124452859163, 0.0192280206829, 0.0209943968803, 0.019339505583, 0.00823447480798, 0.00582515541464, 0.00554615072906, 0.00519157294184, 0.00454324064776, 0.00323658646084, 0.00885053817183, 0.00812667701393, 0.00661610765383, 0.00359856290743, 0.000668900669552, 0.00147864338942, 5.71798591409e-05],
        "mean": [9.59207773121e-06, 0.000151895423187, 3.17989761243e-05, 0.00073439796688, 0.00658099213615, 0.00141556444578, 0.00351874344051, 0.00184196152259, 0.0023768497631, 0.00124772335403, 0.000400865217671, 0.000414982903749, 0.000443420314696, 0.000680152559653, 0.000341566017596, 0.000125701219076, 0.000175527660758, 0.000373955030227, 0.000181976080057, 0.000159132789122, 0.000218288754695, 0.000164250726812, 0.000116563584015, 7.09439191269e-05, 1.80706156243e-05, 1.11801700768e-05, 2.05558571906e-05],
        "median": [5.26124586031e-06, 7.54389766371e-05, 6.69469181958e-06, 7.82704155426e-05, 0.00423487601802, 0.000162003125297, 0.000489863508847, 0.000141420940054, 9.45258216234e-05, 5.83079272474e-05, 3.46079104929e-05, 2.88760129479e-05, 2.24654759222e-05, 2.71679145953e-05, 2.57226038229e-05, 1.94089589058e-05, 3.09646056849e-05, 8.94005934242e-05, 5.0754948461e-05, 4.50814186479e-05, 5.04398849444e-05, 2.98222494166e-06, 1.06370653157e-05, 9.15689452086e-06, 2.0923403099e-06, 7.42720487779e-07, 2.04760326596e-05],
        "min": [1.84811365904e-15, 3.0590412778e-15, 2.38269986898e-15, 2.63351903015e-15, 6.39176483009e-15, 3.42823032874e-15, 1.23971816276e-15, 2.73114169491e-15, 4.58735383596e-15, 1.03964358078e-15, 1.69574024042e-16, 8.00418765403e-16, 1.46577918616e-15, 6.94781633722e-16, 1.50796852083e-15, 1.08692538341e-15, 1.04267860571e-15, 1.5588800714e-15, 1.15254481408e-15, 5.62320313265e-15, 2.94354664138e-15, 5.21436912813e-15, 6.65499344746e-15, 4.15104462373e-15, 5.1720670322e-15, 4.69407566745e-14, 5.97417216608e-14],
        "var": [1.83701429068e-10, 1.50702021529e-07, 7.63207719245e-09, 1.58738112077e-06, 6.21736544417e-05, 9.72252837528e-06, 5.19813511346e-05, 1.72670897882e-05, 2.99290386465e-05, 1.02630847323e-05, 9.65520484897e-07, 1.40394217851e-06, 1.43789793583e-06, 2.55425425166e-06, 8.39314907353e-07, 1.32469310188e-07, 2.14428524714e-07, 4.22671831757e-07, 1.33566729232e-07, 8.33920097421e-08, 2.08486738984e-07, 4.11910548337e-07, 1.47626039393e-07, 5.74310803358e-08, 2.83446288663e-09, 2.10186135163e-09, 3.40903034968e-11]
    },
    "erbbands": {
        "dmean": [0.00451326416805, 0.0212539434433, 0.0374987758696, 0.684576392174, 8.10931491852, 14.3958702087, 7.45305538177, 10.0820064545, 35.9281387329, 41.8990745544, 44.062702179, 55.9919891357, 48.5280342102, 21.3261318207, 15.5491933823, 18.0855903625, 21.3625125885, 34.0298919678, 25.9534835815, 11.8262004852, 6.77776384354, 9.29657268524, 14.5758228302, 14.3666143417, 5.25063562393, 6.34631252289, 9.90994548798, 6.18769741058, 4.96034669876, 4.14538478851, 2.98539972305, 1.62962520123, 0.908259868622, 0.236542195082, 0.0991217792034, 0.0669671148062, 0.0121840545908, 0.000683578546159, 0.000274322781479, 0.000178947317181],
        "dmean2": [0.00749433832243, 0.0361911542714, 0.0618703775108, 1.00648021698, 11.6979484558, 20.434211731, 10.4930343628, 15.3317451477, 53.8056945801, 63.3870048523, 67.5399169922, 88.0653381348, 73.2065200806, 31.0799770355, 23.5258846283, 27.8485298157, 33.6275177002, 51.9898223877, 39.7823371887, 18.1138744354, 10.4357261658, 13.7566833496, 21.8556518555, 21.9528579712, 8.11965560913, 9.63446712494, 15.8012609482, 9.61991691589, 7.15385437012, 5.74296474457, 4.21264743805, 2.38293504715, 1.35895299911, 0.3450499475, 0.149970650673, 0.101743809879, 0.0180414840579, 0.000980201875791, 0.000469471735414, 0.000311689596856],
        "dvar": [6.53888127999e-05, 0.00182949611917, 0.00537469657138, 1.14205443859, 132.621704102, 526.510070801, 411.627929688, 406.408935547, 4341.17041016, 9473.90722656, 7426.57275391, 14872.7998047, 11505.1894531, 1793.7878418, 1066.46838379, 2121.16625977, 2652.36523438, 5595.50634766, 2798.37963867, 833.37902832, 286.637145996, 512.565673828, 665.191711426, 610.558959961, 124.902542114, 142.401550293, 292.274414062, 326.187133789, 326.459106445, 171.071838379, 76.063949585, 26.9586791992, 7.74176025391, 0.474701344967, 0.0857618227601, 0.0910615473986, 0.00218675239012, 6.21668732492e-06, 5.38228093205e-08, 2.63305075521e-08],
        "dvar2": [0.000165689707501, 0.00433967309073, 0.0144382761791, 2.43051743507, 245.726593018, 974.907836914, 611.133728027, 877.016052246, 8699.96386719, 19051.2285156, 16293.6787109, 33168.0625, 23335.7792969, 3676.01708984, 2485.56152344, 4916.36669922, 6226.65136719, 12799.0986328, 6247.69384766, 1823.57226562, 676.462524414, 1061.9440918, 1297.44641113, 1386.08837891, 298.964660645, 323.664123535, 723.894226074, 748.942993164, 619.466430664, 324.723510742, 137.494979858, 57.702545166, 15.9158554077, 1.03228604794, 0.19518469274, 0.227232977748, 0.00478335237131, 1.25200685943e-05, 1.5091636385e-07, 7.50390540816e-08],
        "max": [0.293661743402, 1.93477380276, 0.996046543121, 14.2342500687, 130.115661621, 227.990219116, 409.692352295, 266.276489258, 767.106506348, 1335.37805176, 991.512878418, 1243.90600586, 1784.77661133, 644.730041504, 393.026123047, 761.80847168, 738.684326172, 1135.30554199, 491.979888916, 467.765533447, 234.117782593, 377.063995361, 306.95501709, 315.172943115, 154.794967651, 178.85899353, 290.769989014, 454.732879639, 329.115661621, 176.46774292, 195.262268066, 103.192146301, 45.1976699829, 10.3143053055, 4.36160326004, 10.3331480026, 1.26366949081, 0.0523622296751, 0.00269643357024, 0.00177330290899],
        "mean": [0.00584461214021, 0.0291462857276, 0.0524673871696, 1.25488758087, 15.1369781494, 22.3829193115, 10.6749544144, 13.6356229782, 43.7608299255, 46.2052726746, 48.6062927246, 53.2959403992, 49.0260658264, 23.0873451233, 16.5044784546, 17.5433235168, 20.8422756195, 33.1587982178, 25.2577171326, 11.813996315, 7.11656951904, 10.6126737595, 17.8748245239, 17.0913887024, 6.08000898361, 7.34330558777, 10.8204174042, 6.6375207901, 5.74401569366, 4.50460100174, 3.45137739182, 1.80269682407, 1.00048971176, 0.262060672045, 0.110130064189, 0.0738728269935, 0.013781381771, 0.000818259723019, 0.000971174973529, 0.00064036634285],
        "median": [0.00303822313435, 0.013519609347, 0.0254491120577, 0.481439232826, 8.58673763275, 7.77119636536, 1.64011621475, 3.34551906586, 10.6836624146, 7.85669374466, 7.11070966721, 3.23079299927, 2.40585660934, 2.36913156509, 1.98429751396, 1.40091562271, 1.18099164963, 1.49823498726, 1.40523886681, 1.37434649467, 1.2730410099, 1.98656356335, 4.0528049469, 5.05857086182, 2.10703969002, 2.15518093109, 3.20023298264, 0.836221635342, 0.154754519463, 0.201853424311, 0.309236228466, 0.218898609281, 0.123129755259, 0.02613450028, 0.0140791581944, 0.00623570196331, 0.000786145508755, 0.000103389043943, 0.000971947680227, 0.000624438398518],
        "min": [1.07319596189e-13, 6.4360382258e-13, 2.40165396251e-12, 6.42239256568e-12, 1.36095882827e-11, 2.29185299211e-11, 2.93871212087e-11, 2.64554662899e-11, 1.81562629514e-11, 2.96166216551e-11, 7.59410243023e-11, 1.05056935373e-10, 6.19102824562e-11, 1.29477930114e-11, 1.20850551788e-11, 3.83084328148e-11, 6.5790005388e-11, 4.55146094425e-11, 4.79059986125e-11, 8.23317664045e-11, 6.58239227014e-11, 5.44936214208e-11, 6.86971313169e-11, 8.12822448237e-11, 7.09779179875e-11, 2.36159952705e-10, 1.55106955058e-10, 1.48263859523e-10, 1.75267467206e-10, 1.7048867873e-10, 1.85094453653e-10, 8.86436896108e-11, 8.21214277136e-11, 3.03301134208e-11, 6.0309778005e-11, 1.00039442008e-10, 1.42152650762e-10, 2.64164384811e-11, 8.87139927491e-12, 7.44816914307e-13],
        "var": [0.000172081563505, 0.00661100121215, 0.00702422251925, 3.37594389915, 359.946929932, 1197.52941895, 1139.94067383, 678.883666992, 6740.56689453, 13322.7324219, 9996.35351562, 16872.1523438, 14631.9394531, 2486.91992188, 1339.68066406, 2303.76757812, 2800.70751953, 6380.65039062, 3331.10351562, 975.627929688, 327.192016602, 717.172485352, 1101.93640137, 895.976318359, 145.697113037, 187.554916382, 342.506835938, 394.163543701, 517.298217773, 258.200897217, 134.757492065, 37.702381134, 10.9843626022, 0.622827589512, 0.107369065285, 0.0905822664499, 0.00287452433258, 9.17430588743e-06, 7.96525085889e-08, 3.14290176107e-08]
    },
    "gfcc": {
        "mean": [-72.6834487915, 79.4480819702, -108.545028687, 13.8617649078, -57.955871582, -21.8806686401, -29.3853263855, -8.94184398651, -15.1663589478, -14.3767843246, 0.165209531784, -18.6033306122, -1.96164286137],
        "cov": [[9113.92675781, 198.956436157, -2958.32006836, -268.335327148, -1812.32556152, -130.199523926, -856.858642578, 272.727264404, -722.000366211, 11.4992904663, -354.291259766, -205.175079346, -335.43548584], [198.956436157, 2933.80004883, -391.038787842, -1328.9708252, 63.9641342163, -745.989929199, 30.0937728882, -258.751556396, -158.520263672, -500.29788208, 364.706542969, -325.288482666, 62.2513084412], [-2958.32006836, -391.038787842, 1755.55993652, 527.478027344, 380.179901123, 95.188079834, 158.802444458, -109.538749695, 149.327911377, -9.92065811157, 37.2190475464, 201.540313721, 27.2322387695], [-268.335327148, -1328.9708252, 527.478027344, 1153.88024902, 14.2124156952, 102.829574585, -95.6697540283, 79.997177124, 91.5744781494, 147.449295044, -142.46232605, 173.813766479, -33.9358444214], [-1812.32556152, 63.9641342163, 380.179901123, 14.2124156952, 759.46875, 49.7120056152, 157.746551514, 2.1167640686, 237.931625366, 64.462562561, 7.85145950317, -9.56209373474, 96.3959350586], [-130.199523926, -745.989929199, 95.188079834, 102.829574585, 49.7120056152, 610.25390625, 187.285964966, 38.1464080811, 62.1953926086, 138.328536987, -81.3794403076, 60.4280509949, -57.4780769348], [-856.858642578, 30.0937728882, 158.802444458, -95.6697540283, 157.746551514, 187.285964966, 424.449890137, -29.3873596191, 43.6771965027, 27.322259903, 72.0965957642, -11.6066408157, 7.97070550919], [272.727264404, -258.751556396, -109.538749695, 79.997177124, 2.1167640686, 38.1464080811, -29.3873596191, 173.172012329, 26.7552204132, 61.2175064087, -54.9743080139, 38.9123306274, 20.3391571045], [-722.000366211, -158.520263672, 149.327911377, 91.5744781494, 237.931625366, 62.1953926086, 43.6771965027, 26.7552204132, 232.788223267, 56.7877922058, -20.6669998169, 21.1970024109, 51.7341957092], [11.4992904663, -500.29788208, -9.92065811157, 147.449295044, 64.462562561, 138.328536987, 27.322259903, 61.2175064087, 56.7877922058, 283.515899658, -102.74811554, 30.8799743652, -9.9682970047], [-354.291259766, 364.706542969, 37.2190475464, -142.46232605, 7.85145950317, -81.3794403076, 72.0965957642, -54.9743080139, -20.6669998169, -102.74811554, 270.416046143, 3.72604250908, 10.0282030106], [-205.175079346, -325.288482666, 201.540313721, 173.813766479, -9.56209373474, 60.4280509949, -11.6066408157, 38.9123306274, 21.1970024109, 30.8799743652, 3.72604250908, 163.023101807, 11.8880004883], [-335.43548584, 62.2513084412, 27.2322387695, -33.9358444214, 96.3959350586, -57.4780769348, 7.97070550919, 20.3391571045, 51.7341957092, -9.9682970047, 10.0282030106, 11.8880004883, 147.984298706]],
        "icov": [[0.00174175470602, -0.00209512957372, 0.00240414426662, -0.00223164190538, 0.00237337406725, -0.00232036435045, 0.00188389641698, -0.00164313812274, 0.00173385092057, -0.00137675227597, 0.0015913824318, -0.00111753505189, 0.00083537021419], [-0.00209512957372, 0.00492783077061, -0.0030815936625, 0.00478326110169, -0.00327772274613, 0.00494622765109, -0.00261725997552, 0.00278028589673, -0.00203667348251, 0.00335466163233, -0.00250225956552, 0.00274989521131, -0.000456279231003], [0.00240414426662, -0.0030815936625, 0.00435284664854, -0.00364827131853, 0.00282824900933, -0.00332028628327, 0.0023119461257, -0.00138034287374, 0.00234277243726, -0.00170608656481, 0.00233280053362, -0.00284458347596, 0.0011778937187], [-0.00223164190538, 0.00478326110169, -0.00364827131853, 0.00604929821566, -0.00320911384188, 0.0049138981849, -0.00242788787, 0.00241761817597, -0.00258361059241, 0.00284234271385, -0.00211388827302, 0.00189178891014, -0.000128578729345], [0.00237337406725, -0.00327772274613, 0.00282824900933, -0.00320911384188, 0.00570385437459, -0.00341511098668, 0.00216904794797, -0.00260467501357, 0.00038275733823, -0.00255831307732, 0.00220674695447, -0.000890267954674, 0.000317254569381], [-0.00232036435045, 0.00494622765109, -0.00332028628327, 0.0049138981849, -0.00341511098668, 0.00753192650154, -0.00408327206969, 0.00278426427394, -0.00282546668313, 0.00277235684916, -0.00185114564374, 0.00171190325636, 0.000547330419067], [0.00188389641698, -0.00261725997552, 0.0023119461257, -0.00242788787, 0.00216904794797, -0.00408327206969, 0.0056029506959, -0.00177563645411, 0.00208049593493, -0.00213158363476, 0.000593838456552, -0.000571813550778, 0.00046716228826], [-0.00164313812274, 0.00278028589673, -0.00138034287374, 0.00241761817597, -0.00260467501357, 0.00278426427394, -0.00177563645411, 0.00970038119704, -0.0020381861832, 0.00115691800602, -0.00072380102938, -0.000836270977743, -0.00163843971677], [0.00173385092057, -0.00203667348251, 0.00234277243726, -0.00258361059241, 0.00038275733823, -0.00282546668313, 0.00208049593493, -0.0020381861832, 0.00883151032031, -0.0018254724564, 0.00152483023703, -0.00110970903188, -0.000639992940705], [-0.00137675227597, 0.00335466163233, -0.00170608656481, 0.00284234271385, -0.00255831307732, 0.00277235684916, -0.00213158363476, 0.00115691800602, -0.0018254724564, 0.00727903842926, -0.000281869404716, 0.00128617184237, 0.000177248686668], [0.0015913824318, -0.00250225956552, 0.00233280053362, -0.00211388827302, 0.00220674695447, -0.00185114564374, 0.000593838456552, -0.00072380102938, 0.00152483023703, -0.000281869404716, 0.006813892629, -0.00295434729196, 0.000880310370121], [-0.00111753505189, 0.00274989521131, -0.00284458347596, 0.00189178891014, -0.000890267954674, 0.00171190325636, -0.000571813550778, -0.000836270977743, -0.00110970903188, 0.00128617184237, -0.00295434729196, 0.0112692657858, -0.00157253933139], [0.00083537021419, -0.000456279231003, 0.0011778937187, -0.000128578729345, 0.000317254569381, 0.000547330419067, 0.00046716228826, -0.00163843971677, -0.000639992940705, 0.000177248686668, 0.000880310370121, -0.00157253933139, 0.00910500530154]]
    },
    "melbands": {
        "dmean": [3.49083820765e-05, 1.98412471946e-05, 0.000284844514681, 0.000881224521436, 0.000325800239807, 0.000245305534918, 0.000562634901144, 0.000432949193055, 0.000389887194615, 0.000348000001395, 0.000244699709583, 9.38793164096e-05, 5.45849215996e-05, 4.84435731778e-05, 5.19537206856e-05, 4.69982624054e-05, 6.75246628816e-05, 4.68366961286e-05, 2.43291033257e-05, 1.07386331365e-05, 7.57915904614e-06, 9.65931212704e-06, 1.08082595034e-05, 1.59661030921e-05, 1.21305738503e-05, 4.51432742921e-06, 3.13941836794e-06, 4.73329691886e-06, 6.82718427925e-06, 5.20083494848e-06, 3.2761311104e-06, 2.72692159342e-06, 3.24726147483e-06, 1.99864598471e-06, 1.99436749426e-06, 1.17429101465e-06, 9.70264409261e-07, 7.66305788602e-07, 3.49693493717e-07, 1.48305929315e-07],
        "dmean2": [5.81260101171e-05, 3.37830424542e-05, 0.000418157549575, 0.00124561297707, 0.000466254045023, 0.000375465926481, 0.0008431681199, 0.000660084886476, 0.000597157923039, 0.000551352102775, 0.000371633068426, 0.000139284020406, 8.41921792016e-05, 7.40124742151e-05, 8.27034309623e-05, 7.28516461095e-05, 0.00010436669254, 7.330749213e-05, 3.82705438824e-05, 1.68523492903e-05, 1.19021160572e-05, 1.45391504702e-05, 1.60582203534e-05, 2.43766407948e-05, 1.88697067642e-05, 7.0618607424e-06, 4.9043483159e-06, 7.25976815374e-06, 1.09331194835e-05, 8.43776979309e-06, 5.15224564879e-06, 4.06626304539e-06, 4.69820315629e-06, 2.87755415229e-06, 2.83075223706e-06, 1.68866063177e-06, 1.4452097048e-06, 1.15893499242e-06, 5.25274629126e-07, 2.17282902781e-07],
        "dvar": [4.18526946433e-09, 1.5361908412e-09, 1.68937660305e-07, 1.45409023844e-06, 5.32517901775e-07, 2.27617249493e-07, 1.02174726635e-06, 8.73072337981e-07, 5.55462236207e-07, 5.84614156196e-07, 2.9720757766e-07, 3.84894036642e-08, 1.44023371007e-08, 1.95292297889e-08, 2.37582504781e-08, 1.03439337096e-08, 2.3755472256e-08, 9.87819426257e-09, 3.95489552218e-09, 8.92748819314e-10, 3.95220856042e-10, 6.457369639e-10, 4.87227036494e-10, 7.4795292182e-10, 5.05280206564e-10, 1.08286386802e-10, 5.73355668498e-11, 8.35747096528e-11, 1.32802324693e-10, 1.48089554508e-10, 1.334424099e-10, 1.06923365994e-10, 1.42177047913e-10, 4.00133814971e-11, 3.65937419256e-11, 1.48022739899e-11, 9.42021460837e-12, 5.88428524656e-12, 1.09883250502e-12, 1.95911632728e-13],
        "dvar2": [1.02372919031e-08, 4.04104794072e-09, 3.42114930163e-07, 2.60893625637e-06, 8.63421462327e-07, 4.87047827846e-07, 1.95371057998e-06, 1.78084542313e-06, 1.20115669233e-06, 1.29685895445e-06, 6.02817692652e-07, 7.84797435927e-08, 3.44299770916e-08, 4.53016326674e-08, 5.70202658423e-08, 2.39986359674e-08, 5.47695684361e-08, 2.28756231735e-08, 9.0118605911e-09, 2.09982031762e-09, 9.4623353597e-10, 1.38669042915e-09, 1.01150188225e-09, 1.55010360103e-09, 1.17203124983e-09, 2.63830984837e-10, 1.37611061435e-10, 1.9209556168e-10, 3.24889615211e-10, 3.80461356864e-10, 2.98202490479e-10, 2.12554557288e-10, 2.82018325359e-10, 8.19222259474e-11, 6.89156440248e-11, 3.12257997237e-11, 2.00319795474e-11, 1.23279121286e-11, 2.46081041828e-12, 4.37193060617e-13],
        "max": [0.00269618281163, 0.00107841740828, 0.00447540218011, 0.0117252562195, 0.0115364659578, 0.00618326757103, 0.0105133941397, 0.011681292206, 0.00799553468823, 0.00804678909481, 0.00863267295063, 0.00282973563299, 0.00159214052837, 0.00282313209027, 0.00287381978706, 0.001191127114, 0.00222143135034, 0.00101146893576, 0.000737638794817, 0.000459917762782, 0.000299710198306, 0.000388883781852, 0.000289921328658, 0.000281582499156, 0.000322417035932, 0.00019227307348, 0.000116528091894, 0.00013330692309, 0.000173998851096, 0.000206811193493, 0.000246857554885, 0.000187640980585, 0.000163382501341, 0.000101051322417, 0.000150205989485, 8.72574964887e-05, 5.41294575669e-05, 4.14813985117e-05, 1.49023471749e-05, 7.02180477674e-06],
        "mean": [4.71310013381e-05, 2.4398239475e-05, 0.000532360340003, 0.00156793079805, 0.000470601080451, 0.000319453974953, 0.00069092825288, 0.000466032943223, 0.000415420654463, 0.000324440014083, 0.000242354726652, 9.78658572421e-05, 5.54774596822e-05, 4.7279332648e-05, 4.6592693252e-05, 4.59722396045e-05, 6.38975470793e-05, 4.3556894525e-05, 2.26949887292e-05, 1.03230113382e-05, 7.74792806624e-06, 1.0601042959e-05, 1.22227165775e-05, 1.92987754417e-05, 1.37521747092e-05, 4.86763428853e-06, 3.34599917551e-06, 5.23290782439e-06, 7.3088881436e-06, 5.33522597834e-06, 3.36246921506e-06, 3.04564150611e-06, 3.44368527294e-06, 2.12174336411e-06, 2.25527242037e-06, 1.27558246277e-06, 1.04781679511e-06, 8.21725791411e-07, 3.70526834104e-07, 1.59884791628e-07],
        "median": [2.45050832746e-05, 1.04398668554e-05, 0.000213443679968, 0.000933690811507, 5.40335313417e-05, 5.14511630172e-05, 0.000165037170518, 5.39896063856e-05, 3.72370559489e-05, 1.33355079015e-05, 1.00762954389e-05, 8.62884462549e-06, 6.25702705292e-06, 3.99347209168e-06, 2.46560261985e-06, 2.3024397251e-06, 2.46338140641e-06, 2.0532443159e-06, 1.98194447876e-06, 1.45499029713e-06, 1.32713648782e-06, 1.84585690022e-06, 2.30503064813e-06, 4.24013887823e-06, 3.48895673596e-06, 1.38509972203e-06, 9.0932189778e-07, 1.19762080431e-06, 2.0737761588e-06, 1.03766274151e-06, 1.88934052403e-07, 3.98423516401e-08, 5.42569900119e-08, 1.20163122119e-07, 1.80390060223e-07, 1.38161013297e-07, 1.21544502463e-07, 9.90593918004e-08, 2.85987766802e-08, 1.20973338014e-08],
        "min": [9.88311690109e-16, 1.13351367782e-15, 1.30333001946e-15, 1.32659399111e-15, 1.05758077399e-15, 5.99401223998e-16, 2.69657809198e-16, 3.69505020699e-16, 6.72867885524e-16, 6.539767744e-16, 2.93023742443e-16, 5.13790962127e-17, 2.9092663445e-17, 7.33470048876e-17, 1.37853129858e-16, 1.39187339099e-16, 7.53635918116e-17, 6.10767532648e-17, 1.27667320439e-16, 7.32888706341e-17, 8.55326260076e-17, 4.87988651105e-17, 7.92271870168e-17, 5.89758468578e-17, 6.74797797155e-17, 4.24981939888e-17, 5.65295429142e-17, 2.05820774081e-16, 1.38119680539e-16, 4.46590908425e-17, 9.18383627834e-17, 6.13318690006e-17, 1.71103884658e-16, 7.34308280621e-17, 1.14264837229e-16, 9.51861546283e-17, 4.08506255708e-17, 7.23126850148e-17, 3.3858074115e-17, 1.8037636095e-17],
        "var": [1.34470656832e-08, 2.89720492042e-09, 4.94749883728e-07, 3.76192247131e-06, 1.44799366808e-06, 3.76569374794e-07, 1.6573578705e-06, 1.24719201722e-06, 7.5296554769e-07, 6.59092336264e-07, 3.75191405055e-07, 5.16446974075e-08, 1.66405893509e-08, 2.12610373751e-08, 2.22624301216e-08, 1.18446434882e-08, 2.60888608494e-08, 1.10372564421e-08, 4.17025169952e-09, 9.18881692957e-10, 4.3179532172e-10, 8.49179560003e-10, 7.06546099405e-10, 1.18976817287e-09, 6.82066347846e-10, 1.20561394201e-10, 6.12151718205e-11, 1.07030155572e-10, 1.58745960821e-10, 1.43714928846e-10, 1.60312485509e-10, 1.59533650179e-10, 2.02083239031e-10, 5.50776577124e-11, 6.09464909096e-11, 2.110215995e-11, 1.31352940677e-11, 8.14507922914e-12, 1.3446108376e-12, 2.47500912993e-13]
    },
    "mfcc": {
        "mean": [-726.28338623, 121.867179871, -3.02347016335, 24.6356773376, -7.2732834816, -12.728931427, -5.60670852661, -5.17324972153, -13.9402360916, 4.63404083252, -9.86215114594, 4.2441534996, -14.7452468872],
        "cov": [[10113.3291016, -376.964508057, -2103.27490234, -758.673706055, -1211.68688965, -845.547790527, -407.102905273, -266.114562988, -599.212585449, 194.54196167, -422.240753174, 146.981155396, -708.806518555], [-376.964508057, 3586.47363281, -714.927124023, -706.614318848, -208.682800293, -683.856506348, 116.750534058, -140.805038452, -419.589813232, -9.69374656677, -276.04864502, 58.9502677917, -290.616210938], [-2103.27490234, -714.927124023, 1501.85119629, 443.73526001, 188.45173645, 306.107910156, 32.1134300232, 124.635726929, 57.7850952148, -248.473617554, 97.6834182739, -97.0317153931, 266.447631836], [-758.673706055, -706.614318848, 443.73526001, 845.131713867, 268.901824951, 11.3709840775, -93.3934555054, -45.2391777039, 138.886123657, -179.992446899, 71.1310348511, -16.2482624054, 154.50201416], [-1211.68688965, -208.682800293, 188.45173645, 268.901824951, 567.66192627, 91.4698944092, -99.9971542358, 9.06951713562, 181.06199646, -54.4382095337, 64.7661437988, -26.0706615448, 117.631622314], [-845.547790527, -683.856506348, 306.107910156, 11.3709840775, 91.4698944092, 593.240966797, 94.302406311, 109.951629639, 172.848495483, 135.336898804, 170.958175659, -72.6069412231, 106.753089905], [-407.102905273, 116.750534058, 32.1134300232, -93.3934555054, -99.9971542358, 94.302406311, 301.348907471, 57.7945632935, -38.4893226624, 54.2517318726, 27.3010025024, 9.87380504608, 28.333480835], [-266.114562988, -140.805038452, 124.635726929, -45.2391777039, 9.06951713562, 109.951629639, 57.7945632935, 236.92678833, 4.98734521866, 20.0527210236, -0.316950321198, -16.1289024353, 64.909866333], [-599.212585449, -419.589813232, 57.7850952148, 138.886123657, 181.06199646, 172.848495483, -38.4893226624, 4.98734521866, 369.576690674, 59.3504142761, 60.4342041016, -34.28515625, 70.0807266235], [194.54196167, -9.69374656677, -248.473617554, -179.992446899, -54.4382095337, 135.336898804, 54.2517318726, 20.0527210236, 59.3504142761, 269.305084229, 41.4211044312, -12.0113887787, -50.9905776978], [-422.240753174, -276.04864502, 97.6834182739, 71.1310348511, 64.7661437988, 170.958175659, 27.3010025024, -0.316950321198, 60.4342041016, 41.4211044312, 201.121322632, -5.58820581436, 57.9308738708], [146.981155396, 58.9502677917, -97.0317153931, -16.2482624054, -26.0706615448, -72.6069412231, 9.87380504608, -16.1289024353, -34.28515625, -12.0113887787, -5.58820581436, 143.138336182, -0.426087975502], [-708.806518555, -290.616210938, 266.447631836, 154.50201416, 117.631622314, 106.753089905, 28.333480835, 64.909866333, 70.0807266235, -50.9905776978, 57.9308738708, -0.426087975502, 199.619674683]],
