{
"lowlevel": {
    "average_loudness": 0.979048013687,
    "barkbands_crest": {
        "dmean": 3.63776564598,
        "dmean2": 5.90230560303,
        "dvar": 9.22089862823,
        "dvar2": 21.8893203735,
        "max": 25.9566726685,
        "mean": 10.9910497665,
        "median": 10.2758102417,
        "min": 2.66315579414,
        "var": 19.4073104858
    },
    "barkbands_flatness_db": {
        "dmean": 0.0380168519914,
        "dmean2": 0.0565326400101,
        "dvar": 0.00145418837201,
        "dvar2": 0.00319706369191,
        "max": 0.481330782175,
        "mean": 0.21031729877,
        "median": 0.207424595952,
        "min": 0.0513700656593,
        "var": 0.00382350292057
    },
    "barkbands_kurtosis": {
        "dmean": 12.7558221817,
        "dmean2": 20.307434082,
        "dvar": 502.145690918,
        "dvar2": 1119.33374023,
        "max": 269.569122314,
        "mean": 12.3464870453,
        "median": 3.18108081818,
        "min": -1.97796487808,
        "var": 620.273925781
    },
    "barkbands_skewness": {
        "dmean": 1.53086709976,
        "dmean2": 2.24499392509,
        "dvar": 2.68133759499,
        "dvar2": 5.38146543503,
        "max": 14.9718208313,
        "mean": 1.87147450447,
        "median": 1.56250095367,
        "min": -6.96193647385,
        "var": 5.97249221802
    },
    "barkbands_spread": {
        "dmean": 12.787238121,
        "dmean2": 20.734910965,
        "dvar": 315.284515381,
        "dvar2": 748.146728516,
        "max": 155.64276123,
        "mean": 21.5477485657,
        "median": 13.5184211731,
        "min": 1.10385811329,
        "var": 490.837341309
    },
    "dissonance": {
        "dmean": 0.035370759666,
        "dmean2": 0.0555334687233,
        "dvar": 0.00134511885699,
        "dvar2": 0.00324706267565,
        "max": 0.500000178814,
        "mean": 0.434887170792,
        "median": 0.444761276245,
        "min": 0.143386036158,
        "var": 0.003095848253
    },
    "dynamic_complexity": 4.31885766983,
    "erbbands_crest": {
        "dmean": 3.60158014297,
        "dmean2": 5.97639131546,
        "dvar": 9.15575313568,
        "dvar2": 23.104227066,
        "max": 28.7260017395,
        "mean": 10.5167341232,
        "median": 9.71894073486,
        "min": 2.5549621582,
        "var": 16.6598033905
    },
    "erbbands_flatness_db": {
        "dmean": 0.0345246829093,
        "dmean2": 0.0510426573455,
        "dvar": 0.00101274019107,
        "dvar2": 0.00205746805295,
        "max": 0.395620942116,
        "mean": 0.230218172073,
        "median": 0.238437533379,
        "min": 0.0236791465431,
        "var": 0.00294333067723
    },
    "erbbands_kurtosis": {
        "dmean": 3.71593308449,
        "dmean2": 5.90048408508,
        "dvar": 57.2609138489,
        "dvar2": 123.923431396,
        "max": 102.158035278,
        "mean": 2.74539971352,
        "median": 0.0410043001175,
        "min": -1.84708023071,
        "var": 73.6838302612
    },
    "erbbands_skewness": {
        "dmean": 0.863303601742,
        "dmean2": 1.29894995689,
        "dvar": 0.939562916756,
        "dvar2": 1.87543618679,
        "max": 7.46302270889,
        "mean": 0.16547241807,
        "median": 0.320564240217,
        "min": -6.80539798737,
        "var": 2.16328287125
    },
    "erbbands_spread": {
        "dmean": 14.4817495346,
        "dmean2": 23.5504188538,
        "dvar": 281.689025879,
        "dvar2": 715.978271484,
        "max": 137.094604492,
        "mean": 32.399307251,
        "median": 28.0388717651,
        "min": 1.2517529726,
        "var": 412.568023682
    },
    "hfc": {
        "dmean": 9.15224170685,
        "dmean2": 13.1355752945,
        "dvar": 95.1796646118,
        "dvar2": 171.639663696,
        "max": 86.5799255371,
        "mean": 14.6232395172,
        "median": 9.45420646667,
        "min": 2.70096767174e-09,
        "var": 211.766784668
    },
    "melbands_crest": {
        "dmean": 4.96442699432,
        "dmean2": 7.67514657974,
        "dvar": 18.6305274963,
        "dvar2": 40.6771659851,
        "max": 35.5847053528,
        "mean": 15.5422706604,
        "median": 14.4656162262,
        "min": 2.86180567741,
        "var": 40.9686088562
    },
    "melbands_flatness_db": {
        "dmean": 0.0538009516895,
        "dmean2": 0.0783018916845,
        "dvar": 0.00281878164969,
        "dvar2": 0.00605661375448,
        "max": 0.64041942358,
        "mean": 0.294680595398,
        "median": 0.297476172447,
        "min": 0.0172655470669,
        "var": 0.0081687560305
    },
    "melbands_kurtosis": {
        "dmean": 18.1987838745,
        "dmean2": 29.9924945831,
        "dvar": 1363.88757324,
        "dvar2": 3390.44946289,
        "max": 667.74017334,
        "mean": 18.6725788116,
        "median": 7.25125789642,
        "min": -1.94814109802,
        "var": 1305.23327637
    },
    "melbands_skewness": {
        "dmean": 1.57465660572,
        "dmean2": 2.397554636,
        "dvar": 3.19469022751,
        "dvar2": 7.30241537094,
        "max": 21.4515380859,
        "mean": 2.66565799713,
        "median": 2.28861474991,
        "min": -6.07040739059,
        "var": 5.50484848022
    },
    "melbands_spread": {
        "dmean": 16.4611606598,
        "dmean2": 26.6772727966,
        "dvar": 779.115539551,
        "dvar2": 1812.34338379,
        "max": 191.5519104,
        "mean": 24.5850009918,
        "median": 14.3716840744,
        "min": 0.392067044973,
        "var": 1029.44384766
    },
    "pitch_salience": {
        "dmean": 0.115965016186,
        "dmean2": 0.178744137287,
        "dvar": 0.0116723412648,
        "dvar2": 0.0244006384164,
        "max": 0.902672767639,
        "mean": 0.580107092857,
        "median": 0.611692011356,
        "min": 0.0949106812477,
        "var": 0.0234988667071
    },
    "silence_rate_20dB": {
        "dmean": 0,
        "dmean2": 0,
        "dvar": 0,
        "dvar2": 0,
        "max": 1,
        "mean": 1,
        "median": 1,
        "min": 1,
        "var": 0
    },
    "silence_rate_30dB": {
        "dmean": 0.000754432287067,
        "dmean2": 0.00150943396147,
        "dvar": 0.000753869011533,
        "dvar2": 0.00226189568639,
        "max": 1,
        "mean": 0.999622941017,
        "median": 1,
        "min": 0,
        "var": 0.00037692670594
    },
    "silence_rate_60dB": {
        "dmean": 0.107129387558,
        "dmean2": 0.214339628816,
        "dvar": 0.0956510156393,
        "dvar2": 0.214433014393,
        "max": 1,
        "mean": 0.188536956906,
        "median": 0,
        "min": 0,
        "var": 0.152995079756
    },
    "spectral_centroid": {
        "dmean": 535.274780273,
        "dmean2": 809.905639648,
        "dvar": 520049.46875,
        "dvar2": 892216.25,
        "max": 10824.9462891,
        "mean": 1302.87902832,
        "median": 939.421264648,
        "min": 138.647705078,
        "var": 1231207.25
    },
    "spectral_complexity": {
        "dmean": 4.82761240005,
        "dmean2": 6.84452819824,
        "dvar": 21.357378006,
        "dvar2": 39.2781867981,
        "max": 40,
        "mean": 11.1994724274,
        "median": 10,
        "min": 0,
        "var": 63.9190826416
    },
    "spectral_decrease": {
        "dmean": 3.0182540911e-09,
        "dmean2": 4.12279321793e-09,
        "dvar": 1.0026765748e-17,
        "dvar2": 1.70527171027e-17,
        "max": 4.19958208833e-12,
        "mean": -5.68406788304e-09,
        "median": -4.6745398663e-09,
        "min": -2.73066333989e-08,
        "var": 2.62940765134e-17
    },
    "spectral_energy": {
        "dmean": 0.0120838936418,
        "dmean2": 0.016526222229,
        "dvar": 0.000161173680681,
        "dvar2": 0.000276307517197,
        "max": 0.110914483666,
        "mean": 0.0227792877704,
        "median": 0.0182644017041,
        "min": 2.06241694187e-13,
        "var": 0.000418506242568
    },
    "spectral_energyband_high": {
        "dmean": 0.000366876134649,
        "dmean2": 0.000528827367816,
        "dvar": 6.35375442926e-07,
        "dvar2": 1.1302531675e-06,
        "max": 0.00864188652486,
        "mean": 0.000452787033282,
        "median": 8.14406521386e-05,
        "min": 1.43280894961e-13,
        "var": 1.07814992134e-06
    },
    "spectral_energyband_low": {
        "dmean": 0.00322960922495,
        "dmean2": 0.00461918860674,
        "dvar": 1.73142052518e-05,
        "dvar2": 3.24458233081e-05,
        "max": 0.0405992418528,
        "mean": 0.00620476203039,
        "median": 0.00452526286244,
        "min": 9.06808062342e-17,
        "var": 4.48066130048e-05
    },
    "spectral_energyband_middle_high": {
        "dmean": 0.00289454567246,
        "dmean2": 0.00418206304312,
        "dvar": 1.46514994412e-05,
        "dvar2": 2.74647973129e-05,
        "max": 0.0389032326639,
        "mean": 0.00369119970128,
        "median": 0.00117213279009,
        "min": 3.13627196316e-14,
        "var": 2.79499618046e-05
    },
    "spectral_energyband_middle_low": {
        "dmean": 0.00880908314139,
        "dmean2": 0.0121760684997,
        "dvar": 9.63050988503e-05,
        "dvar2": 0.000159465169418,
        "max": 0.0703307837248,
        "mean": 0.0147217521444,
        "median": 0.00973181240261,
        "min": 6.15406493872e-15,
        "var": 0.000236031090026
    },
    "spectral_entropy": {
        "dmean": 0.336149662733,
        "dmean2": 0.510171115398,
        "dvar": 0.130176156759,
        "dvar2": 0.271978139877,
        "max": 9.79983997345,
        "mean": 7.02698564529,
        "median": 7.03999042511,
        "min": 4.23212623596,
        "var": 0.344586282969
    },
    "spectral_flux": {
        "dmean": 0.0397541224957,
        "dmean2": 0.0650822222233,
        "dvar": 0.00128676462919,
        "dvar2": 0.00313423480839,
        "max": 0.262801378965,
        "mean": 0.0929087251425,
        "median": 0.0913590043783,
        "min": 5.00364658365e-05,
        "var": 0.00282069994137
    },
    "spectral_kurtosis": {
        "dmean": 6.24110174179,
        "dmean2": 10.1319961548,
        "dvar": 47.8423652649,
        "dvar2": 116.319625854,
        "max": 82.3025283813,
        "mean": 10.6376161575,
        "median": 8.25569343567,
        "min": -1.25439155102,
        "var": 85.4523086548
    },
    "spectral_rms": {
        "dmean": 0.0013430097606,
        "dmean2": 0.00174932356458,
        "dvar": 1.63281799814e-06,
        "dvar2": 2.66405390903e-06,
        "max": 0.0104023674503,
        "mean": 0.00406022462994,
        "median": 0.00422124750912,
        "min": 1.41849003654e-08,
        "var": 5.7383172134e-06
    },
    "spectral_rolloff": {
        "dmean": 1415.09692383,
        "dmean2": 2583.82641602,
        "dvar": 11478147,
        "dvar2": 26845456,
        "max": 19918.2128906,
        "mean": 2493.79125977,
        "median": 968.994140625,
        "min": 64.599609375,
        "var": 19509188
    },
    "spectral_skewness": {
        "dmean": 0.743131160736,
        "dmean2": 1.12291717529,
        "dvar": 0.456978440285,
        "dvar2": 1.00042688847,
        "max": 6.96003293991,
        "mean": 1.69989609718,
        "median": 1.5700776577,
        "min": -0.847967743874,
        "var": 1.34647703171
    },
    "spectral_spread": {
        "dmean": 644056.3125,
        "dmean2": 964313.5625,
        "dvar": 906598547456,
        "dvar2": 1.37205134131e+12,
        "max": 41801356,
        "mean": 2820153.5,
        "median": 2544166.25,
        "min": 935734.0625,
        "var": 2.00066033254e+12
    },
    "spectral_strongpeak": {
        "dmean": 0.724869191647,
        "dmean2": 1.17647099495,
        "dvar": 0.853618562222,
        "dvar2": 2.00424766541,
        "max": 8.25447177887,
        "mean": 1.0596113205,
        "median": 0.612401485443,
        "min": 0,
        "var": 1.22901213169
    },
    "zerocrossingrate": {
        "dmean": 0.0345029383898,
        "dmean2": 0.0391163043678,
        "dvar": 0.00269342912361,
        "dvar2": 0.00312133925036,
        "max": 0.84912109375,
        "mean": 0.0998605117202,
        "median": 0.046875,
        "min": 0.00830078125,
        "var": 0.015880484134
    },
    "barkbands": {
        "dmean": [7.88686702435e-06, 0.00021568928787, 0.00211018347181, 0.0020675144624, 0.00176968798041, 0.00173317105509, 0.00253620604053, 0.00256642093882, 0.00106314278673, 0.000250322074862, 0.000418694049586, 0.000682653102558, 0.000608805741649, 0.000457364978502, 0.000326282519381, 0.000284518086119, 0.000383160018828, 9.2557289463e-05, 0.000128729254357, 0.000202595605515, 0.000203596428037, 4.73569853057e-05, 2.67327141046e-05, 3.45664943779e-07, 4.10604243939e-08, 5.16292892883e-08, 5.06887954543e-06],
        "dmean2": [1.2681228327e-05, 0.000345425389241, 0.00301219383255, 0.00292199640535, 0.00249089603312, 0.00263359164819, 0.0039697624743, 0.00387774244882, 0.00157019926701, 0.000379289413104, 0.000636964919977, 0.00107812718488, 0.000940442609135, 0.000713713350706, 0.000499377783854, 0.000438721181126, 0.000596433819737, 0.000151319152792, 0.000199932561372, 0.000310560601065, 0.000294176774332, 7.15552814654e-05, 3.95757706428e-05, 5.42483519439e-07, 6.57791900949e-08, 7.33998817282e-08, 8.78588070918e-06],
        "dvar": [4.76452155507e-10, 2.8238446248e-07, 9.8240270745e-06, 9.75573584583e-06, 6.19718139205e-06, 1.06809420686e-05, 1.94459116756e-05, 2.32838920056e-05, 8.28664633445e-06, 3.71445338487e-07, 1.70344048911e-06, 3.17958961205e-06, 1.81384064035e-06, 1.31987496843e-06, 7.22476499959e-07, 3.29406560695e-07, 3.59342095635e-07, 4.15215914984e-08, 8.99780943087e-08, 1.07608990163e-07, 2.88570419116e-07, 2.08366852661e-08, 7.31672589183e-09, 6.37195157749e-13, 6.63450075585e-15, 7.86188283664e-15, 2.15831571365e-11],
        "dvar2": [1.04189812333e-09, 6.68739005505e-07, 1.8768130758e-05, 1.85493408935e-05, 1.0686710084e-05, 2.13164385059e-05, 4.09712847613e-05, 4.7885128879e-05, 1.60606177815e-05, 7.66544133057e-07, 4.01193983635e-06, 7.61641240388e-06, 3.64774632544e-06, 2.81395000457e-06, 1.595303047e-06, 7.29076475636e-07, 7.80058826422e-07, 1.04206165474e-07, 1.97914502564e-07, 2.3804695104e-07, 5.33891864052e-07, 4.16537133674e-08, 1.48756669205e-08, 1.41883802884e-12, 1.54894526431e-14, 1.32656303206e-14, 6.35842906105e-11],
        "max": [0.000612963514868, 0.00753918057308, 0.0350338742137, 0.038975186646, 0.03055979684, 0.042312797159, 0.0573495067656, 0.0499140135944, 0.0321816913784, 0.0129306381568, 0.0284332018346, 0.0278114359826, 0.0193349029869, 0.0123240146786, 0.0114412931725, 0.00654705986381, 0.0056514008902, 0.00255420501344, 0.00652044359595, 0.0034391565714, 0.00643359869719, 0.0023147710599, 0.00168769306038, 1.47962418851e-05, 1.10828182187e-06, 8.44431554015e-07, 8.19269116619e-05],
        "mean": [8.50436936162e-06, 0.0002328879782, 0.00371601176448, 0.00327417463996, 0.00278171733953, 0.00215805554762, 0.00269412249327, 0.00265544117428, 0.0010888009565, 0.000259718653979, 0.00041768673691, 0.000648642308079, 0.000595718098339, 0.000434520479757, 0.000301257590763, 0.000287742092041, 0.000421614764491, 9.93068751995e-05, 0.000142150267493, 0.000239259068621, 0.000222654110985, 4.96435714012e-05, 2.66654878942e-05, 3.62348828276e-07, 5.8224802757e-08, 7.57779901051e-08, 2.25595031225e-05],
        "median": [2.04558273253e-06, 3.16842888424e-05, 0.00192646845244, 0.00116526708007, 0.00136493123136, 0.000781014445238, 0.000526390504092, 0.000207497476367, 4.78541478515e-05, 2.43593312916e-05, 2.47597417911e-05, 2.84102679871e-05, 2.72687575489e-05, 2.32442071137e-05, 2.92658478429e-05, 4.13845773437e-05, 9.2446389317e-05, 2.82163891825e-05, 3.22630439769e-05, 5.63320281799e-05, 1.22009232655e-05, 2.71160888587e-06, 2.45952105615e-06, 7.08900387281e-08, 3.23828182047e-08, 2.6456451252e-08, 2.26896627282e-05],
        "min": [3.91114882591e-17, 5.89271954029e-17, 9.9450187968e-18, 1.93295168495e-17, 8.08104054152e-16, 8.38657009016e-16, 8.58755618547e-16, 2.21897644709e-15, 1.1482282283e-15, 4.36684394886e-16, 1.82018261526e-16, 3.54363179154e-15, 1.66071672507e-15, 3.11554472813e-15, 2.3382552032e-15, 2.84993912455e-15, 2.75892056393e-15, 8.27569993599e-15, 1.1088166323e-15, 1.06761243929e-14, 5.98191523307e-15, 4.00249156192e-15, 5.51808973203e-15, 6.04578744652e-15, 1.309423998e-14, 2.45213327725e-14, 8.74455672803e-14],
        "var": [7.2287714703e-10, 3.32063848418e-07, 2.36858668359e-05, 2.34617364185e-05, 1.42332191899e-05, 1.51485028255e-05, 2.61257046077e-05, 3.22544947267e-05, 1.16721494123e-05, 4.92581023082e-07, 1.82546932592e-06, 3.55548058906e-06, 2.59371677203e-06, 1.66965037351e-06, 8.07524884294e-07, 4.1266577e-07, 5.08079551764e-07, 4.54410162831e-08, 1.17949980449e-07, 1.65668424756e-07, 4.51346210184e-07, 2.76265179622e-08, 8.91246720869e-09, 7.55604725924e-13, 7.05813708464e-15, 1.59326456921e-14, 2.44067110272e-11]
    },
    "erbbands": {
        "dmean": [0.00223343470134, 0.0805328413844, 1.54785466194, 5.69735240936, 4.13638687134, 5.62770318985, 14.1239814758, 14.7692155838, 31.1497993469, 44.9586677551, 54.0365905762, 24.9400672913, 8.20151138306, 10.1462650299, 19.9910068512, 27.9384841919, 27.6154193878, 25.4887447357, 16.8064594269, 16.240398407, 17.6665000916, 21.0189342499, 5.66621255875, 6.05707836151, 7.17963790894, 9.29678535461, 10.3670034409, 5.25275945663, 1.88438785076, 1.27230286598, 0.706847310066, 0.0609432347119, 0.00307503389195, 0.000712489825673, 0.000261257751845, 0.000171938969288, 0.000126133352751, 3.04892146232e-05, 0.00024547232897, 0.000153063316247],
        "dmean2": [0.003482098924, 0.118704453111, 2.16492438316, 8.18072223663, 5.87740707397, 7.90634489059, 20.3289012909, 22.4120025635, 47.3497428894, 69.6162033081, 81.8816146851, 36.8181800842, 11.784614563, 14.9693775177, 30.0066776276, 43.1087226868, 41.8283119202, 38.9269218445, 25.3116912842, 25.0469894409, 26.9586906433, 32.6429519653, 8.94644355774, 9.47110366821, 11.0334587097, 14.1417398453, 15.5735216141, 7.4161696434, 2.8027215004, 1.87715673447, 1.05630493164, 0.0910836085677, 0.00475712167099, 0.00114627287257, 0.000402389792725, 0.000248677562922, 0.000179560054676, 4.68357320642e-05, 0.000419783580583, 0.000265028502326],
        "dvar": [2.79677897197e-05, 0.0299318879843, 5.93967723846, 56.1421051025, 74.9443283081, 64.4198455811, 510.940460205, 1117.8314209, 3671.21606445, 7048.35986328, 13049.7578125, 4347.40869141, 434.578033447, 638.184753418, 3244.859375, 4970.47070312, 3523.15380859, 3555.43115234, 1683.41101074, 1688.04370117, 991.398254395, 1115.1796875, 100.437545776, 257.815887451, 186.086303711, 226.198272705, 599.610961914, 225.983474731, 31.7935447693, 16.7232074738, 4.88008356094, 0.0292771458626, 4.1374227294e-05, 2.10426196645e-06, 1.53537484948e-07, 8.68864944437e-08, 5.67129845308e-08, 1.33204280939e-09, 4.40743050945e-08, 1.99769321085e-08],
        "dvar2": [6.23540108791e-05, 0.0650263279676, 11.5027656555, 105.406234741, 136.350830078, 112.373069763, 971.854431152, 2298.92236328, 7639.78125, 15033.7890625, 26368.0996094, 8450.33105469, 845.178283691, 1361.3894043, 7624.42285156, 11652.0214844, 7161.08300781, 7635.76171875, 3553.18066406, 3807.50683594, 2150.61962891, 2437.02368164, 228.265563965, 584.200683594, 423.793029785, 490.313873291, 1184.23156738, 429.690185547, 63.1762619019, 31.5866947174, 10.3632097244, 0.0606339238584, 8.85994522832e-05, 4.94428104503e-06, 3.42405826359e-07, 1.72778229057e-07, 9.50017522428e-08, 2.83811174562e-09, 1.23264996432e-07, 5.88826232217e-08],
        "max": [0.159007266164, 2.47028207779, 29.6442489624, 90.1508407593, 139.134765625, 84.5677719116, 269.235443115, 541.880126953, 1003.9263916, 1271.41394043, 1295.5546875, 1008.98962402, 462.34765625, 380.390106201, 987.986633301, 938.506225586, 887.619445801, 637.732116699, 550.552368164, 544.55078125, 308.950927734, 344.766143799, 151.864852905, 317.361419678, 197.109573364, 171.573364258, 294.371551514, 182.617233276, 94.5631790161, 65.9164657593, 36.5716514587, 2.60355687141, 0.088601373136, 0.0200600251555, 0.0045676655136, 0.0041968873702, 0.00239973491989, 0.000498929584865, 0.00335707794875, 0.00255778222345],
        "mean": [0.00321652507409, 0.121326431632, 2.8526031971, 9.97135066986, 6.45721387863, 9.19435882568, 19.7958374023, 17.2996578217, 33.9467582703, 48.111907959, 56.5246047974, 26.1184310913, 9.01833343506, 11.1423559189, 20.125120163, 27.1065826416, 27.9784469604, 25.0440120697, 16.3854866028, 15.4341516495, 18.8831119537, 23.4115638733, 6.57631492615, 6.65587091446, 8.37454414368, 11.069434166, 11.5757875443, 5.59809780121, 1.98328351974, 1.32783651352, 0.691250264645, 0.0621072202921, 0.00321386544965, 0.000835378712509, 0.00046388222836, 0.000316884164931, 0.00016551403678, 8.63686218509e-05, 0.00106998323463, 0.000696279865224],
        "median": [0.00143845449202, 0.0394888669252, 1.46761393547, 6.42108440399, 2.35690498352, 3.63705587387, 6.05735778809, 6.19274234772, 7.91386270523, 6.82099819183, 3.61736035347, 1.34147167206, 0.871711790562, 0.95663523674, 1.16070449352, 1.15815281868, 1.33284306526, 1.45128130913, 1.54593396187, 1.67468905449, 3.34851694107, 5.45076656342, 1.99766135216, 1.65718817711, 1.97973537445, 2.65033149719, 1.24703741074, 0.278048098087, 0.108463190496, 0.0953431725502, 0.0641821622849, 0.00816936045885, 0.000625624204986, 0.000340434926329, 0.000301100721117, 0.000188832054846, 3.79716293537e-05, 7.4736220995e-05, 0.00106990570202, 0.000683219986968],
        "min": [2.31453806892e-15, 1.10156719494e-14, 1.65432446388e-14, 3.60097795495e-14, 6.0060436442e-13, 3.17671366643e-12, 7.10777313742e-12, 6.22355509142e-12, 6.54478554685e-12, 3.16962636693e-11, 4.60296210869e-11, 2.57664965753e-11, 2.20807313406e-11, 7.69412398377e-12, 2.09123655892e-11, 1.6278522974e-10, 8.60071458497e-11, 1.07974379437e-10, 1.83868961723e-10, 1.44979514505e-10, 1.15063632233e-10, 2.13014952899e-10, 4.75271377809e-10, 1.08440499635e-10, 1.97334676377e-10, 4.65371990943e-10, 3.63855917618e-10, 1.57267796008e-10, 9.24416862502e-11, 1.69663713634e-10, 1.92610649652e-10, 5.99122348954e-11, 1.54621052073e-10, 1.6202635067e-10, 9.0085855442e-11, 9.62271998195e-11, 4.43720893362e-11, 2.27432968292e-11, 8.32713672322e-12, 1.67831937584e-12],
        "var": [4.48500977654e-05, 0.0494936667383, 14.6747837067, 140.13949585, 162.145980835, 171.99836731, 982.361694336, 1418.56103516, 5060.28417969, 9211.95019531, 17591.4667969, 6088.52441406, 627.744873047, 899.597167969, 3588.23046875, 5855.51367188, 5190.64746094, 4693.515625, 2092.98388672, 1832.63085938, 1346.80444336, 1563.76928711, 134.772628784, 310.602081299, 252.254333496, 356.597381592, 917.803466797, 336.726196289, 42.8545379639, 22.5980052948, 5.67651939392, 0.0361520498991, 5.04485615238e-05, 2.14815622712e-06, 2.18602977498e-07, 1.48715727732e-07, 1.10201931136e-07, 2.6848336887e-09, 6.47593054737e-08, 2.26117755631e-08]
    },
    "gfcc": {
        "mean": [-105.477859497, 125.094360352, -121.101966858, 26.3762664795, -30.4923439026, -45.2129554749, -8.11687469482, -35.0566139221, 2.36756396294, -18.3769454956, -5.30195522308, -17.3957290649, -12.0409641266],
        "cov": [[8844.68164062, 2747.18066406, -2700.56225586, -213.574661255, -711.631713867, -554.444335938, -468.22958374, -194.482315063, -427.450256348, -199.655532837, -78.2395401001, -227.236129761, -509.710571289], [2747.18066406, 3068.93725586, -303.302520752, -1331.63671875, 28.301525116, -269.923248291, -413.804931641, -43.2180938721, -371.432769775, -402.069824219, -16.1815052032, -168.742477417, -50.2200126648], [-2700.56225586, -303.302520752, 1606.95849609, 276.459289551, 233.217956543, 163.332946777, 117.183006287, 40.8665084839, 76.0422210693, -35.432258606, -33.5275497437, 91.1557998657, 189.114639282], [-213.574661255, -1331.63671875, 276.459289551, 1525.32519531, 32.5117378235, -42.4887161255, 93.6461868286, -124.35433197, 191.111099243, 206.534606934, -100.672775269, 121.929542542, -15.7917165756], [-711.631713867, 28.301525116, 233.217956543, 32.5117378235, 383.585357666, 34.8824653625, -121.158935547, -31.3207244873, 74.204460144, 26.9361476898, -20.3882713318, -11.5199928284, 94.0876998901], [-554.444335938, -269.923248291, 163.332946777, -42.4887161255, 34.8824653625, 304.452026367, 180.904586792, 57.6988639832, 58.51222229, 38.970664978, 37.4928703308, 16.2460918427, -19.4694709778], [-468.22958374, -413.804931641, 117.183006287, 93.6461868286, -121.158935547, 180.904586792, 357.472229004, 113.337646484, 4.50670719147, 31.4999389648, 53.1587944031, 39.41147995, -51.7164764404], [-194.482315063, -43.2180938721, 40.8665084839, -124.35433197, -31.3207244873, 57.6988639832, 113.337646484, 178.245773315, 12.5056657791, -11.1320257187, 34.285320282, -8.9522600174, -3.54329133034], [-427.450256348, -371.432769775, 76.0422210693, 191.111099243, 74.204460144, 58.51222229, 4.50670719147, 12.5056657791, 186.058425903, 100.013824463, -31.7241306305, 9.25236129761, 33.3653869629], [-199.655532837, -402.069824219, -35.432258606, 206.534606934, 26.9361476898, 38.970664978, 31.4999389648, -11.1320257187, 100.013824463, 197.91696167, 3.78357362747, -46.8779182434, 4.57615280151], [-78.2395401001, -16.1815052032, -33.5275497437, -100.672775269, -20.3882713318, 37.4928703308, 53.1587944031, 34.285320282, -31.7241306305, 3.78357362747, 105.71181488, 33.0106964111, -37.559009552], [-227.236129761, -168.742477417, 91.1557998657, 121.929542542, -11.5199928284, 16.2460918427, 39.41147995, -8.9522600174, 9.25236129761, -46.8779182434, 33.0106964111, 146.562744141, 20.0904636383], [-509.710571289, -50.2200126648, 189.114639282, -15.7917165756, 94.0876998901, -19.4694709778, -51.7164764404, -3.54329133034, 33.3653869629, 4.57615280151, -37.559009552, 20.0904636383, 139.007385254]],
        "icov": [[0.00228724419139, -0.00317468587309, 0.00341464974917, -0.00342397298664, 0.00316632725298, -0.0022350421641, 0.00180976954289, -0.00150697969366, 0.000993108260445, -0.000818475789856, 0.000410329026636, 7.95588857727e-05, 0.000272072065854], [-0.00317468587309, 0.00534980557859, -0.00485703861341, 0.00543929776177, -0.00470770476386, 0.00351783703081, -0.00196141609922, 0.00216552009806, -0.000614298915025, 0.00182471936569, 0.000174081564182, 0.000128507061163, 0.000638060155325], [0.00341464974917, -0.00485703861341, 0.00609670765698, -0.00556765822694, 0.00445250282064, -0.00388426636346, 0.00225518131629, -0.00224077282473, 0.00131304585375, -0.00034608898568, 4.65841776531e-06, 0.000565783935599, -0.00132090423722], [-0.00342397298664, 0.00543929776177, -0.00556765822694, 0.00727179273963, -0.00546856969595, 0.00479190982878, -0.00309741077945, 0.00278443167917, -0.0010639433749, -0.000767033547163, 0.00283132516779, -0.00275585008785, 0.0025459297467], [0.00316632725298, -0.00470770476386, 0.00445250282064, -0.00546856969595, 0.00893634837121, -0.00485306093469, 0.00445487163961, -0.00180767220445, -0.00013008993119, -0.000321226747474, -0.0019452853594, 0.00190752360504, -0.00264575425535], [-0.0022350421641, 0.00351783703081, -0.00388426636346, 0.00479190982878, -0.00485306093469, 0.00911360234022, -0.00547679141164, 0.00251638586633, -0.00291712163016, 0.000291372416541, 0.000200585316634, -0.000842131616082, 0.00235859234817], [0.00180976954289, -0.00196141609922, 0.00225518131629, -0.00309741077945, 0.00445487163961, -0.00547679141164, 0.00926451385021, -0.0050570005551, 0.00350879970938, -0.00195684866048, 0.000723704288248, -0.0013585871784, 0.00165706628468], [-0.00150697969366, 0.00216552009806, -0.00224077282473, 0.00278443167917, -0.00180767220445, 0.00251638586633, -0.0050570005551, 0.0105528896675, -0.00437476625666, 0.00392301799729, -0.0043246508576, 0.0036220678594, -0.00218612980098], [0.000993108260445, -0.000614298915025, 0.00131304585375, -0.0010639433749, -0.00013008993119, -0.00291712163016, 0.00350879970938, -0.00437476625666, 0.0130694881082, -0.00709221325815, 0.00721476366743, -0.00501067657024, 0.00215578055941], [-0.000818475789856, 0.00182471936569, -0.00034608898568, -0.000767033547163, -0.000321226747474, 0.000291372416541, -0.00195684866048, 0.00392301799729, -0.00709221325815, 0.0156122986227, -0.00951626244932, 0.0106988335028, -0.00525720929727], [0.000410329026636, 0.000174081564182, 4.65841776531e-06, 0.00283132516779, -0.0019452853594, 0.000200585316634, 0.000723704288248, -0.0043246508576, 0.00721476366743, -0.00951626244932, 0.0229118093848, -0.0121749369428, 0.00991837959737], [7.95588857727e-05, 0.000128507061163, 0.000565783935599, -0.00275585008785, 0.00190752360504, -0.000842131616082, -0.0013585871784, 0.0036220678594, -0.00501067657024, 0.0106988335028, -0.0121749369428, 0.0173759162426, -0.00751726096496], [0.000272072065854, 0.000638060155325, -0.00132090423722, 0.0025459297467, -0.00264575425535, 0.00235859234817, 0.00165706628468, -0.00218612980098, 0.00215578055941, -0.00525720929727, 0.00991837959737, -0.00751726096496, 0.0166121572256]]
    },
    "melbands": {
        "dmean": [3.60324665962e-05, 0.000586265872698, 0.000869586016051, 0.000283097091597, 0.000454870722024, 0.000338713027304, 0.000474003260024, 0.000500789377838, 0.000416880502598, 0.00013372398098, 3.8248123019e-05, 3.88649787055e-05, 6.38560886728e-05, 7.38748931326e-05, 6.92732864991e-05, 5.89943883824e-05, 4.72275933134e-05, 2.81548982457e-05, 2.52445006481e-05, 1.890391286e-05, 2.21043628699e-05, 2.62433932221e-05, 8.46195325721e-06, 3.9529309106e-06, 5.15859937877e-06, 5.07974618813e-06, 6.14827877143e-06, 6.3738893914e-06, 6.97546192896e-06, 5.58617148272e-06, 2.15681279769e-06, 1.01248349438e-06, 9.19280921607e-07, 6.5362866053e-07, 5.04914964949e-07, 1.18478972411e-07, 5.87347281922e-09, 9.91904447467e-10, 7.10069947285e-10, 4.59124793739e-10],
        "dmean2": [5.80140113016e-05, 0.000817236199509, 0.00124050059821, 0.00039695086889, 0.000653296941891, 0.000514556304552, 0.000723940436728, 0.000768025405705, 0.000627295230515, 0.000198923211428, 5.70422926103e-05, 5.84077679378e-05, 9.60313118412e-05, 0.000115648617793, 0.000107460022264, 9.04313201318e-05, 7.30696192477e-05, 4.38684692199e-05, 3.89788292523e-05, 2.9230992368e-05, 3.45539701812e-05, 4.10447682953e-05, 1.31950273499e-05, 6.4189071054e-06, 8.12510097603e-06, 7.97248685558e-06, 9.44669591263e-06, 9.7849406302e-06, 1.08044450826e-05, 8.0540730778e-06, 3.14712178806e-06, 1.51376525537e-06, 1.40088889111e-06, 9.67930418483e-07, 7.64524031638e-07, 1.80940816108e-07, 9.22881060461e-09, 1.69846881004e-09, 1.19672793897e-09, 7.4762984692e-10],
        "dvar": [7.32416749472e-09, 8.21307253318e-07, 1.32797390506e-06, 2.36135434761e-07, 4.66212895844e-07, 4.91398623126e-07, 7.54828590743e-07, 7.77831928644e-07, 7.69208668316e-07, 1.40323123787e-07, 1.04724522387e-08, 9.34133925767e-09, 4.04250677377e-08, 3.87716276862e-08, 2.93913959837e-08, 1.78967027864e-08, 1.40053577624e-08, 5.62842616958e-09, 4.65606753153e-09, 2.09518336014e-09, 1.63993507662e-09, 1.89407955986e-09, 2.57218996103e-10, 8.21905252191e-11, 2.1294098429e-10, 1.58616966783e-10, 1.10649100993e-10, 1.19338219862e-10, 2.57663029801e-10, 2.5569948936e-10, 4.34838311192e-11, 9.94366741724e-12, 8.5786317286e-12, 4.92315563316e-12, 2.62558334449e-12, 1.22197106492e-13, 1.87748743817e-16, 8.06657103503e-18, 3.11896804487e-18, 1.10643523639e-18],
        "dvar2": [1.76554095788e-08, 1.56240821525e-06, 2.50545235758e-06, 4.20467983986e-07, 8.47164244533e-07, 9.9937426512e-07, 1.55953614467e-06, 1.60300396601e-06, 1.52057350533e-06, 2.74581310578e-07, 2.13756052858e-08, 1.9975908927e-08, 9.64833049011e-08, 9.36718720368e-08, 6.12497501606e-08, 3.6149256033e-08, 3.04315577182e-08, 1.23980701261e-08, 1.06010018541e-08, 4.69843497442e-09, 3.69333741368e-09, 4.2057957117e-09, 5.45982148381e-10, 2.08991032813e-10, 4.85801121552e-10, 3.65807439895e-10, 2.36451275226e-10, 2.69044009293e-10, 5.57945356583e-10, 4.76443051678e-10, 8.8772260376e-11, 2.06242800616e-11, 1.77286466757e-11, 9.69769403669e-12, 5.72616997221e-12, 2.67412556942e-13, 4.1413396908e-16, 2.03309066621e-17, 7.55940344041e-18, 2.65655443692e-18],
        "max": [0.0012788164895, 0.0108448090032, 0.0135194631293, 0.00798645894974, 0.00846807472408, 0.010487199761, 0.0136861093342, 0.0129138939083, 0.00892994645983, 0.00641358084977, 0.00233587622643, 0.00150243961252, 0.00440659793094, 0.00265235686675, 0.00350616220385, 0.0026099991519, 0.00137601187453, 0.00106416398194, 0.00113764673006, 0.000598420272581, 0.000372398353647, 0.000495670887176, 0.000223639843171, 0.000114517482871, 0.000284748006379, 0.000236137377215, 0.000107457730337, 0.000131451088237, 0.000195480315597, 0.000200594207854, 8.47986302688e-05, 5.13830964337e-05, 5.00042478961e-05, 4.42681994173e-05, 2.74751728284e-05, 4.75133765576e-06, 2.29478317237e-07, 3.75145638998e-08, 1.96161114019e-08, 1.54065489255e-08],
        "mean": [3.98954143748e-05, 0.00106196058914, 0.00159638642799, 0.000466988189146, 0.00067219522316, 0.000402908306569, 0.00051935488591, 0.000540121342055, 0.000435356312664, 0.000138116287417, 4.069136412e-05, 4.23280507675e-05, 6.35504402453e-05, 7.0872483775e-05, 6.83941980242e-05, 5.78932485951e-05, 4.49689214292e-05, 2.60116339632e-05, 2.27853888646e-05, 1.82912244782e-05, 2.32844322454e-05, 2.83358367597e-05, 9.40336303756e-06, 4.19315892941e-06, 5.42412180948e-06, 5.46920773559e-06, 7.22243248674e-06, 7.28145141693e-06, 7.51678817323e-06, 6.00369139647e-06, 2.21307550419e-06, 1.03928300632e-06, 9.35043033223e-07, 6.6129894094e-07, 4.84764768771e-07, 1.15127193112e-07, 6.13760819945e-09, 8.43795033845e-10, 6.91412038734e-10, 4.9721343709e-10],
        "median": [7.81135167927e-06, 0.000520416768268, 0.00110294180922, 0.000215342559386, 0.000263798574451, 0.000147853526869, 0.000118342868518, 6.39414138277e-05, 2.32643542404e-05, 6.94477694196e-06, 3.89216347685e-06, 3.70653015125e-06, 3.62132232112e-06, 3.205539997e-06, 2.78058178083e-06, 2.81598431684e-06, 2.33920627579e-06, 2.136997864e-06, 2.2505898869e-06, 2.14556075662e-06, 4.08742016589e-06, 5.88773673371e-06, 1.94540916709e-06, 1.17876800232e-06, 1.10162091005e-06, 1.10017481347e-06, 1.39026155921e-06, 1.65893141002e-06, 8.44669671096e-07, 2.34939534494e-07, 8.37187741354e-08, 5.15381515243e-08, 5.09286550709e-08, 4.80227804189e-08, 4.18094572296e-08, 1.26071322271e-08, 1.17685372558e-09, 1.72182018643e-10, 2.22681845186e-10, 2.21622026286e-10],
        "min": [2.03559437649e-17, 1.07117382968e-17, 1.52729089746e-17, 1.22899623442e-16, 2.37850504419e-16, 1.40027489903e-16, 1.19435324862e-16, 3.92260534357e-16, 3.54728292706e-16, 1.5247508905e-16, 1.07010496344e-16, 2.88971245656e-17, 3.34566764509e-17, 3.02538966466e-16, 4.21547863179e-16, 1.14578543822e-16, 2.11450869733e-16, 3.42104034251e-16, 1.42238775291e-16, 2.39240300197e-16, 9.66893204723e-17, 1.45748919529e-16, 4.98043461585e-16, 3.08443897839e-16, 6.0743564914e-17, 4.85874278198e-17, 3.0401214205e-16, 3.13013640589e-16, 2.43833045185e-16, 1.48831298894e-16, 7.49340203759e-17, 2.79438055271e-17, 1.16238821043e-16, 7.41420048656e-17, 1.46255484937e-16, 4.68475427368e-17, 2.4842450639e-17, 1.01158808933e-16, 1.21805362753e-16, 1.49163865205e-16],
        "var": [8.71968275362e-09, 2.08069127439e-06, 3.30453372044e-06, 5.55050007733e-07, 9.61720274972e-07, 6.51094808291e-07, 1.05685012386e-06, 1.09115217128e-06, 1.07641324121e-06, 1.91968382524e-07, 1.39044180614e-08, 1.29310269159e-08, 4.22098302977e-08, 4.2828272484e-08, 3.96995254448e-08, 2.59265409142e-08, 1.7730693358e-08, 6.37928243563e-09, 4.91202811759e-09, 2.33555108586e-09, 2.09981654287e-09, 2.52731346961e-09, 3.68245683946e-10, 8.72683939002e-11, 2.45895970252e-10, 1.8665564927e-10, 1.68499547648e-10, 1.71620662126e-10, 3.55615870085e-10, 3.86756376924e-10, 5.87098980542e-11, 1.25867189935e-11, 1.07828529092e-11, 6.22096775135e-12, 2.92030115367e-12, 1.38747777915e-13, 2.25745556569e-16, 6.7231503109e-18, 2.85810898728e-18, 1.06378383945e-18]
    },
    "mfcc": {
        "mean": [-752.969299316, 160.346099854, -26.6971302032, 56.5046615601, -11.5415096283, 6.17544746399, -17.8756904602, -6.66782283783, -11.1439838409, -0.789307355881, -9.76964378357, 1.79013538361, 5.2085518837],
        "cov": [[9648.18164062, 2179.34448242, -2542.05932617, 116.262001038, -1090.71374512, -355.808624268, -594.174987793, -211.893737793, -833.128234863, 1.50021338463, -446.244903564, 30.9048595428, 73.0714035034], [2179.34448242, 3434.15844727, -302.066436768, -1302.5769043, 179.351867676, -780.402648926, 92.8070449829, -187.825073242, -212.03604126, -365.953552246, -363.497039795, -40.6677970886, 73.1233444214], [-2542.05932617, -302.066436768, 1320.45581055, 222.924255371, 249.082794189, 167.238601685, 192.567596436, 157.99230957, 240.579025269, -71.1654891968, 68.6719360352, -6.47919797897, -15.4013252258], [116.262001038, -1302.5769043, 222.924255371, 1263.42797852, 20.2808017731, 397.484802246, -199.649093628, 16.0013904572, 37.9649505615, 108.175605774, 4.27309513092, -45.7043418884, 9.17064857483], [-1090.71374512, 179.351867676, 249.082794189, 20.2808017731, 614.735168457, 36.5053367615, -52.2979698181, -118.455230713, 134.930221558, -39.9657211304, -48.3690223694, -75.2829360962, 33.2217636108], [-355.808624268, -780.402648926, 167.238601685, 397.484802246, 36.5053367615, 459.556671143, -16.3571891785, 40.0620384216, 89.4399642944, 104.341896057, 122.859474182, 42.8541183472, -13.9161148071], [-594.174987793, 92.8070449829, 192.567596436, -199.649093628, -52.2979698181, -16.3571891785, 308.904785156, 121.408073425, 26.9156837463, -7.4646859169, 103.489387512, 73.2884750366, -23.7620315552], [-211.893737793, -187.825073242, 157.99230957, 16.0013904572, -118.455230713, 40.0620384216, 121.408073425, 290.663269043, 17.870344162, -46.0946617126, 95.3364028931, 34.7441978455, 8.10150146484], [-833.128234863, -212.03604126, 240.579025269, 37.9649505615, 134.930221558, 89.4399642944, 26.9156837463, 17.870344162, 239.675613403, 71.21925354, 29.0301532745, 16.8197059631, -17.6430244446], [1.50021338463, -365.953552246, -71.1654891968, 108.175605774, -39.9657211304, 104.341896057, -7.4646859169, -46.0946617126, 71.21925354, 244.894882202, 93.5741653442, 34.5624694824, -26.4183273315], [-446.244903564, -363.497039795, 68.6719360352, 4.27309513092, -48.3690223694, 122.859474182, 103.489387512, 95.3364028931, 29.0301532745, 93.5741653442, 227.736633301, 86.6536178589, -41.9975662231], [30.9048595428, -40.6677970886, -6.47919797897, -45.7043418884, -75.2829360962, 42.8541183472, 73.2884750366, 34.7441978455, 16.8197059631, 34.5624694824, 86.6536178589, 140.571090698, 0.17054694891], [73.0714035034, 73.1233444214, -15.4013252258, 9.17064857483, 33.2217636108, -13.9161148071, -23.7620315552, 8.10150146484, -17.6430244446, -26.4183273315, -41.9975662231, 0.17054694891, 104.647117615]],
