{
"lowlevel": {
    "average_loudness": 0.977525353432,
    "barkbands_crest": {
        "dmean": 4.17468118668,
        "dmean2": 6.76964044571,
        "dvar": 12.8878040314,
        "dvar2": 29.7119445801,
        "max": 26.713552475,
        "mean": 12.8169488907,
        "median": 11.8156547546,
        "min": 2.39911031723,
        "var": 30.0274066925
    },
    "barkbands_flatness_db": {
        "dmean": 0.0542129836977,
        "dmean2": 0.0820156186819,
        "dvar": 0.00298995315097,
        "dvar2": 0.0064392182976,
        "max": 0.455739974976,
        "mean": 0.20142814517,
        "median": 0.195339813828,
        "min": 0.0103773865849,
        "var": 0.00731162913144
    },
    "barkbands_kurtosis": {
        "dmean": 30.7382698059,
        "dmean2": 50.3907852173,
        "dvar": 4301.77490234,
        "dvar2": 10065.0498047,
        "max": 863.301879883,
        "mean": 28.4348888397,
        "median": 4.67969942093,
        "min": -1.96474695206,
        "var": 4525.30712891
    },
    "barkbands_skewness": {
        "dmean": 2.26420307159,
        "dmean2": 3.4256272316,
        "dvar": 7.22234773636,
        "dvar2": 14.587182045,
        "max": 26.7903690338,
        "mean": 2.68160891533,
        "median": 1.82297992706,
        "min": -6.15239191055,
        "var": 13.9268779755
    },
    "barkbands_spread": {
        "dmean": 14.6301355362,
        "dmean2": 23.9039497375,
        "dvar": 419.368713379,
        "dvar2": 947.223937988,
        "max": 150.768753052,
        "mean": 23.6495265961,
        "median": 11.4135837555,
        "min": 0.381274402142,
        "var": 811.457763672
    },
    "dissonance": {
        "dmean": 0.0490891672671,
        "dmean2": 0.0783983170986,
        "dvar": 0.00238871504553,
        "dvar2": 0.00558299338445,
        "max": 0.500000119209,
        "mean": 0.412530690432,
        "median": 0.423091441393,
        "min": 0.134928584099,
        "var": 0.00525174709037
    },
    "dynamic_complexity": 4.0689458847,
    "erbbands_crest": {
        "dmean": 4.2035908699,
        "dmean2": 6.94297027588,
        "dvar": 12.7712478638,
        "dvar2": 30.7597255707,
        "max": 31.0526027679,
        "mean": 11.9232444763,
        "median": 10.9560575485,
        "min": 2.66174721718,
        "var": 25.1591281891
    },
    "erbbands_flatness_db": {
        "dmean": 0.0440016835928,
        "dmean2": 0.0680207014084,
        "dvar": 0.00187779299449,
        "dvar2": 0.00391646521166,
        "max": 0.415909826756,
        "mean": 0.209285393357,
        "median": 0.221268489957,
        "min": 0.0302565395832,
        "var": 0.00441639544442
    },
    "erbbands_kurtosis": {
        "dmean": 5.33492136002,
        "dmean2": 8.86262893677,
        "dvar": 94.56640625,
        "dvar2": 231.197921753,
        "max": 141.889266968,
        "mean": 4.69664812088,
        "median": 1.52387952805,
        "min": -1.88038849831,
        "var": 103.732078552
    },
    "erbbands_skewness": {
        "dmean": 1.03540444374,
        "dmean2": 1.60836076736,
        "dvar": 1.37465786934,
        "dvar2": 2.91738176346,
        "max": 8.61115074158,
        "mean": 0.699442446232,
        "median": 0.729839682579,
        "min": -5.73317480087,
        "var": 2.79377746582
    },
    "erbbands_spread": {
        "dmean": 16.8817634583,
        "dmean2": 28.1078281403,
        "dvar": 426.278594971,
        "dvar2": 1110.26477051,
        "max": 166.714797974,
        "mean": 30.5689201355,
        "median": 23.0668106079,
        "min": 1.43179440498,
        "var": 530.891662598
    },
    "hfc": {
        "dmean": 9.76653766632,
        "dmean2": 14.3116922379,
        "dvar": 127.852592468,
        "dvar2": 252.443603516,
        "max": 80.3073272705,
        "mean": 15.379486084,
        "median": 9.73592662811,
        "min": 7.07536164555e-05,
        "var": 254.241149902
    },
    "melbands_crest": {
        "dmean": 5.74228715897,
        "dmean2": 9.22218322754,
        "dvar": 24.9273700714,
        "dvar2": 56.2862129211,
        "max": 35.411655426,
        "mean": 17.708650589,
        "median": 17.09116745,
        "min": 2.73058223724,
        "var": 53.1438941956
    },
    "melbands_flatness_db": {
        "dmean": 0.0728679075837,
        "dmean2": 0.106727480888,
        "dvar": 0.00517994351685,
        "dvar2": 0.0106787495315,
        "max": 0.611835360527,
        "mean": 0.276219695807,
        "median": 0.270554542542,
        "min": 0.0204491242766,
        "var": 0.0136583913118
    },
    "melbands_kurtosis": {
        "dmean": 26.1226139069,
        "dmean2": 43.728099823,
        "dvar": 1963.97619629,
        "dvar2": 4684.26318359,
        "max": 539.288818359,
        "mean": 27.0950317383,
        "median": 9.22295093536,
        "min": -1.92781436443,
        "var": 2293.75878906
    },
    "melbands_skewness": {
        "dmean": 1.91534221172,
        "dmean2": 3.00417160988,
        "dvar": 4.04211044312,
        "dvar2": 9.25112724304,
        "max": 18.8399124146,
        "mean": 3.01318335533,
        "median": 2.47722220421,
        "min": -3.87837147713,
        "var": 7.30455541611
    },
    "melbands_spread": {
        "dmean": 20.5066146851,
        "dmean2": 33.954750061,
        "dvar": 1322.3918457,
        "dvar2": 3129.45214844,
        "max": 261.550872803,
        "mean": 28.2138767242,
        "median": 13.0843276978,
        "min": 0.270224899054,
        "var": 1830.00305176
    },
    "pitch_salience": {
        "dmean": 0.134952202439,
        "dmean2": 0.212762460113,
        "dvar": 0.0149871241301,
        "dvar2": 0.033009711653,
        "max": 0.923294723034,
        "mean": 0.532178759575,
        "median": 0.557075679302,
        "min": 0.061895057559,
        "var": 0.0324900336564
    },
    "silence_rate_20dB": {
        "dmean": 0,
        "dmean2": 0,
        "dvar": 0,
        "dvar2": 0,
        "max": 1,
        "mean": 1,
        "median": 1,
        "min": 1,
        "var": 0
    },
    "silence_rate_30dB": {
        "dmean": 0,
        "dmean2": 0,
        "dvar": 0,
        "dvar2": 0,
        "max": 1,
        "mean": 1,
        "median": 1,
        "min": 1,
        "var": 0
    },
    "silence_rate_60dB": {
        "dmean": 0.106575965881,
        "dmean2": 0.213232517242,
        "dvar": 0.095215305686,
        "dvar2": 0.200279310346,
        "max": 1,
        "mean": 0.199471101165,
        "median": 0,
        "min": 0,
        "var": 0.159685224295
    },
    "spectral_centroid": {
        "dmean": 611.615112305,
        "dmean2": 915.843566895,
        "dvar": 677029.5625,
        "dvar2": 1237499.125,
        "max": 6385.81640625,
        "mean": 1349.57373047,
        "median": 911.028259277,
        "min": 163.200744629,
        "var": 1592382.375
    },
    "spectral_complexity": {
        "dmean": 3.9417989254,
        "dmean2": 5.5281662941,
        "dvar": 17.4342060089,
        "dvar2": 32.3362960815,
        "max": 38,
        "mean": 7.90139770508,
        "median": 6,
        "min": 0,
        "var": 46.2217750549
    },
    "spectral_decrease": {
        "dmean": 2.50157783377e-09,
        "dmean2": 3.46274720009e-09,
        "dvar": 7.51416162399e-18,
        "dvar2": 1.28386074217e-17,
        "max": 2.56651275753e-12,
        "mean": -5.19741227833e-09,
        "median": -4.39957403842e-09,
        "min": -2.12937720789e-08,
        "var": 2.15378591288e-17
    },
    "spectral_energy": {
        "dmean": 0.0100689185783,
        "dmean2": 0.013982350938,
        "dvar": 0.00011976724636,
        "dvar2": 0.000208336059586,
        "max": 0.0868490114808,
        "mean": 0.0210111923516,
        "median": 0.0175508465618,
        "min": 4.70850203271e-09,
        "var": 0.000338802987244
    },
    "spectral_energyband_high": {
        "dmean": 0.000658574805129,
        "dmean2": 0.000986212282442,
        "dvar": 1.98024531528e-06,
        "dvar2": 4.03395551984e-06,
        "max": 0.0150236496702,
        "mean": 0.000745823606849,
        "median": 0.00011691878899,
        "min": 3.85200227271e-09,
        "var": 2.77595745501e-06
    },
    "spectral_energyband_low": {
        "dmean": 0.000342698505847,
        "dmean2": 0.000526253599674,
        "dvar": 3.53469260972e-07,
        "dvar2": 7.84397286679e-07,
        "max": 0.00858606118709,
        "mean": 0.00057166320039,
        "median": 0.000153968852828,
        "min": 1.43958434583e-12,
        "var": 9.87589601209e-07
    },
    "spectral_energyband_middle_high": {
        "dmean": 0.00247678742744,
        "dmean2": 0.00348446844146,
        "dvar": 1.47619066411e-05,
        "dvar2": 2.62569847109e-05,
        "max": 0.046479575336,
        "mean": 0.00299456389621,
        "median": 0.000662109698169,
        "min": 7.76855912932e-10,
        "var": 2.96073576465e-05
    },
    "spectral_energyband_middle_low": {
        "dmean": 0.008425665088,
        "dmean2": 0.0118324384093,
        "dvar": 8.89502553036e-05,
        "dvar2": 0.000153399814735,
        "max": 0.0747298374772,
        "mean": 0.0172520708293,
        "median": 0.0147686572745,
        "min": 7.81478839973e-11,
        "var": 0.000252950558206
    },
    "spectral_entropy": {
        "dmean": 0.549737215042,
        "dmean2": 0.832168579102,
        "dvar": 0.357463598251,
        "dvar2": 0.714502215385,
        "max": 8.79825687408,
        "mean": 6.95567560196,
        "median": 6.97987174988,
        "min": 4.08734321594,
        "var": 0.883665382862
    },
    "spectral_flux": {
        "dmean": 0.0395293347538,
        "dmean2": 0.0649370998144,
        "dvar": 0.00126034137793,
        "dvar2": 0.00310997455381,
        "max": 0.274685978889,
        "mean": 0.0873254016042,
        "median": 0.0833483338356,
        "min": 6.86185230734e-05,
        "var": 0.0027792842593
    },
    "spectral_kurtosis": {
        "dmean": 6.33024692535,
        "dmean2": 10.0948867798,
        "dvar": 85.3552856445,
        "dvar2": 193.735794067,
        "max": 115.621368408,
        "mean": 10.0269298553,
        "median": 6.45790863037,
        "min": -0.674749851227,
        "var": 133.450942993
    },
    "spectral_rms": {
        "dmean": 0.00119607290253,
        "dmean2": 0.00159097055439,
        "dvar": 1.41951647947e-06,
        "dvar2": 2.2748927222e-06,
        "max": 0.00920493062586,
        "mean": 0.00389552838169,
        "median": 0.00413796771318,
        "min": 2.14328269976e-06,
        "var": 5.32355079486e-06
    },
    "spectral_rolloff": {
        "dmean": 1839.82507324,
        "dmean2": 3209.09228516,
        "dvar": 13525557,
        "dvar2": 32106362,
        "max": 19379.8828125,
        "mean": 2821.80419922,
        "median": 753.662109375,
        "min": 64.599609375,
        "var": 20892892
    },
    "spectral_skewness": {
        "dmean": 0.769248902798,
        "dmean2": 1.18777132034,
        "dvar": 0.722877442837,
        "dvar2": 1.53318119049,
        "max": 9.01307106018,
        "mean": 1.98058760166,
        "median": 1.66482567787,
        "min": -0.250570744276,
        "var": 1.5420306921
    },
    "spectral_spread": {
        "dmean": 1040658.6875,
        "dmean2": 1604708.5,
        "dvar": 1.37494816358e+12,
        "dvar2": 2.95540411597e+12,
        "max": 13484773,
        "mean": 3983604,
        "median": 3557734,
        "min": 781634,
        "var": 2.73194785178e+12
    },
    "spectral_strongpeak": {
        "dmean": 0.771690964699,
        "dmean2": 1.26249587536,
        "dvar": 0.953104674816,
        "dvar2": 2.33931398392,
        "max": 7.12267160416,
        "mean": 1.13073039055,
        "median": 0.834529519081,
        "min": 0,
        "var": 1.20719528198
    },
    "zerocrossingrate": {
        "dmean": 0.0385040938854,
        "dmean2": 0.0438670404255,
        "dvar": 0.00218322058208,
        "dvar2": 0.00244973902591,
        "max": 0.6748046875,
        "mean": 0.103798598051,
        "median": 0.05078125,
        "min": 0.00830078125,
        "var": 0.0107441563159
    },
    "barkbands": {
        "dmean": [7.45142324377e-06, 7.6003758295e-05, 5.2270526794e-05, 0.00111030158587, 0.00371898524463, 0.00126015732531, 0.00168118765578, 0.00176999974065, 0.00254596583545, 0.000788735807873, 0.00039402639959, 0.000396711635403, 0.000364735518815, 0.000363455648767, 0.000195398795768, 0.000115992450446, 9.12112009246e-05, 0.00021655728051, 0.000162258962519, 0.000212496801396, 0.000230638353969, 0.000132376007969, 0.000100224700873, 8.82419772097e-05, 2.48724991252e-05, 1.43908318933e-05, 6.07349511483e-06],
        "dmean2": [1.21317789308e-05, 0.000130023210659, 8.82449894561e-05, 0.00150278490037, 0.00529290921986, 0.00194480316713, 0.00269436044618, 0.00282248808071, 0.00408426346257, 0.00121024041437, 0.000604796165135, 0.000585683796089, 0.000576483551413, 0.000561683787964, 0.000297617050819, 0.000180824747076, 0.000138750154292, 0.00032509531593, 0.000257394975051, 0.000333956821123, 0.000370873167412, 0.000210576501559, 0.000150733336341, 0.000133356632432, 3.85967541661e-05, 2.28159224207e-05, 1.02890498965e-05],
        "dvar": [1.05940277384e-10, 1.94539069298e-08, 3.02120177764e-08, 2.66925485448e-06, 2.90627358481e-05, 6.92954836268e-06, 1.63314471138e-05, 1.44257246575e-05, 3.23492822645e-05, 3.76561729354e-06, 1.52360098582e-06, 1.21522941754e-06, 1.02501235233e-06, 8.09465461771e-07, 3.00543831599e-07, 1.33015177539e-07, 6.59799042069e-08, 1.53711070539e-07, 1.94429077283e-07, 3.26301261566e-07, 2.95977741871e-07, 2.23095554475e-07, 1.10764183603e-07, 8.22682224566e-08, 5.7296425382e-09, 3.54096219013e-09, 2.66938901539e-11],
        "dvar2": [2.71002692509e-10, 5.23059284774e-08, 8.0976157335e-08, 4.53561460745e-06, 4.71143976029e-05, 1.38536488521e-05, 3.52284696419e-05, 3.14934914059e-05, 7.12652035872e-05, 7.86350392445e-06, 3.50086475009e-06, 2.19939670387e-06, 2.51880078395e-06, 1.72939280674e-06, 6.2201951323e-07, 2.7770246902e-07, 1.4134951698e-07, 3.25965686443e-07, 4.93794345857e-07, 7.45728186757e-07, 7.39474330658e-07, 5.21344929894e-07, 2.17864254637e-07, 1.74381312945e-07, 1.26638344256e-08, 9.13080633325e-09, 7.66099197969e-11],
        "max": [0.000147260929225, 0.00217311759479, 0.0051685385406, 0.0211113020778, 0.0550045669079, 0.0400664061308, 0.0522993542254, 0.04525404796, 0.0604788027704, 0.0246982257813, 0.0250595305115, 0.027798678726, 0.0166299473494, 0.0123722422868, 0.00770122511312, 0.00664122542366, 0.00364610180259, 0.0035267167259, 0.00860246922821, 0.0133503628895, 0.00757239758968, 0.00757987005636, 0.00503490865231, 0.00347788305953, 0.00115372694563, 0.00110119499732, 6.53365204926e-05],
        "mean": [1.04984073914e-05, 9.52740738285e-05, 5.007053187e-05, 0.00227332650684, 0.00736468657851, 0.00160721759312, 0.00170900323428, 0.00164761976339, 0.00236524152569, 0.000759157817811, 0.000395549752284, 0.000417551316787, 0.000337285629939, 0.000363537837984, 0.000189594284166, 0.00010985530389, 9.79489195743e-05, 0.000241518675466, 0.00016933416191, 0.000213495004573, 0.000227741416893, 0.000122496188851, 0.000101116354926, 8.61082517076e-05, 2.46262989094e-05, 1.24389553093e-05, 1.89056354429e-05],
        "median": [5.82831535212e-06, 4.8920926929e-05, 8.1948519437e-06, 0.000604528293479, 0.00316172046587, 0.000206792945391, 0.000150583437062, 9.62515550782e-05, 6.50726724416e-05, 2.35123407037e-05, 2.15873424168e-05, 1.96144865185e-05, 1.63086897373e-05, 1.56527657964e-05, 1.3129936633e-05, 9.80925688054e-06, 1.29720538098e-05, 2.87938037218e-05, 2.44729490078e-05, 3.28567548422e-05, 3.14809476549e-05, 2.59680155068e-06, 1.25754684177e-06, 3.51502671947e-06, 2.04364778256e-06, 7.34348645892e-07, 1.91405433725e-05],
        "min": [3.53302565155e-13, 7.08202485371e-13, 4.12598015649e-13, 2.02996392482e-14, 2.06875814222e-12, 5.77624059694e-12, 3.20151782689e-12, 2.03877951847e-12, 4.9465737062e-11, 2.2113996398e-11, 2.69070495051e-11, 4.34635799573e-11, 2.3475971167e-11, 5.73113986824e-11, 3.92008092653e-10, 4.06233831296e-11, 2.31661183292e-11, 2.05928503416e-11, 6.95731666722e-11, 1.33672947711e-10, 5.62831031781e-11, 1.29761590362e-10, 1.34934459439e-11, 2.09809739027e-11, 2.83495033004e-11, 6.59226215283e-11, 3.47244855092e-09],
        "var": [1.86485452081e-10, 2.36111308283e-08, 2.90602262254e-08, 1.12603447633e-05, 9.91204069578e-05, 1.2273453649e-05, 2.05935721169e-05, 1.66255031218e-05, 3.70235866285e-05, 5.08751736561e-06, 1.80691722562e-06, 1.92112293007e-06, 9.86136456049e-07, 1.07938217297e-06, 3.95678426912e-07, 1.67097113035e-07, 9.01842653889e-08, 2.29692489029e-07, 2.06857421858e-07, 3.40003595056e-07, 2.83168532178e-07, 2.28274217307e-07, 1.50811601429e-07, 9.98159563892e-08, 6.60785337558e-09, 2.83450884986e-09, 3.67550122282e-11]
    },
    "erbbands": {
        "dmean": [0.00324642029591, 0.0140888746828, 0.0531177632511, 1.51450014114, 12.5867776871, 11.2623052597, 3.10071396828, 13.3389196396, 25.4560337067, 22.6606426239, 46.0775146484, 58.1609458923, 35.6603622437, 19.1767940521, 15.8888731003, 15.3029813766, 16.4060459137, 17.2437267303, 14.4118890762, 8.2129983902, 5.7186126709, 5.34035873413, 11.0013198853, 9.81714344025, 7.1891579628, 10.1290025711, 11.1633605957, 7.30203008652, 4.37077569962, 4.18541574478, 2.83426809311, 2.11780357361, 1.23325538635, 0.348714262247, 0.161241889, 0.0919112786651, 0.0205611474812, 0.000957851414569, 0.000296282290947, 0.000180904753506],
        "dmean2": [0.00547759933397, 0.0245815515518, 0.0827267020941, 2.06664919853, 17.1873817444, 16.2060260773, 4.67751502991, 20.4650363922, 40.1055221558, 36.368522644, 73.3193969727, 92.67552948, 54.9942207336, 28.1721458435, 23.0062675476, 22.1732788086, 25.7727470398, 26.1581878662, 21.4960727692, 12.5958070755, 8.85547351837, 7.85303735733, 16.3251132965, 14.9947366714, 11.6117773056, 15.912563324, 17.235918045, 11.8065242767, 7.07658815384, 6.53089189529, 4.25907707214, 3.19066524506, 1.867426157, 0.54163390398, 0.246244683862, 0.144212305546, 0.0333380699158, 0.00154489779379, 0.0004922025837, 0.000308626331389],
        "dvar": [2.82257697108e-05, 0.000844174530357, 0.0176267698407, 4.84513950348, 281.464294434, 422.362609863, 86.0765991211, 742.132446289, 3453.04711914, 3189.10620117, 9908.54492188, 19157.4746094, 7220.57128906, 2433.08911133, 1582.24169922, 1667.43164062, 1927.54040527, 1718.03442383, 1448.60571289, 506.984405518, 295.705718994, 190.275634766, 455.127929688, 360.353637695, 518.887329102, 972.493286133, 515.046081543, 453.810333252, 257.329376221, 218.735809326, 87.7910385132, 50.1860237122, 15.3539304733, 1.169085145, 0.233104631305, 0.116805590689, 0.00950269028544, 2.0410225261e-05, 5.74653107321e-08, 2.43071944794e-08],
        "dvar2": [7.46195364627e-05, 0.00230284687132, 0.0460989028215, 8.56803894043, 449.681518555, 734.512512207, 155.980560303, 1480.32775879, 7557.72119141, 7179.22119141, 21373.296875, 42228.609375, 15913.890625, 5086.28515625, 3090.48632812, 3200.1394043, 4715.70605469, 3597.77514648, 3054.2199707, 1111.49560547, 610.716247559, 381.743560791, 959.999816895, 809.138000488, 1372.50402832, 2152.84838867, 1200.68945312, 1141.98181152, 632.750732422, 462.323913574, 174.400161743, 102.84197998, 33.536529541, 2.60773634911, 0.517313241959, 0.2888687253, 0.0255523156375, 5.50873155589e-05, 1.5423184152e-07, 7.00905573581e-08],
        "max": [0.0913853421807, 0.45506721735, 4.07603502274, 31.7840366364, 181.409088135, 271.86151123, 297.81817627, 318.709472656, 717.132141113, 919.766784668, 1012.05615234, 1846.12438965, 956.256408691, 756.106506348, 828.847839355, 1046.9230957, 699.716674805, 746.684692383, 513.976318359, 374.020324707, 293.374603271, 222.925323486, 209.005081177, 288.193847656, 543.243286133, 886.101867676, 442.767456055, 330.087799072, 314.319488525, 206.752700806, 142.575439453, 85.0111999512, 50.2805175781, 17.7141475677, 6.83323287964, 5.71115684509, 2.18738675117, 0.0999397039413, 0.00302591430955, 0.00202615070157],
        "mean": [0.00443611945957, 0.0166695099324, 0.0936395823956, 3.37676906586, 25.6912631989, 20.0426197052, 4.30879402161, 17.3429088593, 27.5431175232, 22.6161231995, 44.2315635681, 55.417224884, 33.4610404968, 20.0708694458, 17.1191005707, 16.0946025848, 15.6273260117, 17.6746101379, 14.4427671432, 7.90763711929, 5.63108062744, 5.88497304916, 12.2193975449, 11.2770185471, 7.16133928299, 10.1768064499, 11.6946773529, 6.82648038864, 4.01823329926, 4.10927248001, 2.85482025146, 2.08378338814, 1.19342565536, 0.34357753396, 0.156352043152, 0.0815112739801, 0.0174581017345, 0.000854805286508, 0.000915041950066, 0.000587739166804],
        "median": [0.0022561554797, 0.00901081692427, 0.0423370227218, 1.52968835831, 14.8825387955, 3.78748631477, 1.59975922108, 2.60688662529, 4.57466316223, 3.16280937195, 3.70067119598, 1.86758780479, 0.906607985497, 0.937622129917, 0.914079427719, 0.870096981525, 0.809211671352, 0.870298027992, 0.843128323555, 0.732003033161, 0.616490542889, 0.806732237339, 1.44024610519, 1.76519989967, 1.11566460133, 1.55957722664, 1.87093782425, 0.703485190868, 0.154868528247, 0.0472060181201, 0.0420024879277, 0.0599762201309, 0.0556397214532, 0.0246305204928, 0.0130207184702, 0.00547353131697, 0.000945465930272, 0.000100367549749, 0.000901721068658, 0.000586042995565],
        "min": [3.63967536665e-11, 1.04919684052e-10, 4.63606819601e-10, 2.48027237637e-10, 2.0842927384e-09, 7.0452106371e-09, 3.59077780843e-08, 4.36174616425e-08, 2.10301536185e-08, 7.38855234772e-08, 6.97921933579e-08, 8.49871128139e-07, 1.4940053461e-06, 6.80811126585e-07, 1.30857199565e-06, 1.54177268996e-06, 1.12510895178e-06, 1.49896777657e-06, 1.62355245266e-05, 1.36522776302e-05, 2.1736780127e-06, 1.76615765213e-06, 1.09985376184e-06, 2.13087378143e-06, 4.29624378739e-06, 6.84234964865e-06, 4.6995833145e-06, 8.19229057925e-07, 5.63489766137e-06, 1.83634745099e-06, 3.4948021721e-07, 5.57311238936e-07, 3.22269301023e-07, 2.69147278686e-07, 2.20410356633e-07, 2.06303369055e-07, 1.11938831537e-07, 5.40749027778e-08, 1.55574895189e-07, 1.00753027255e-07],
        "var": [4.5705550292e-05, 0.000795021769591, 0.0240704398602, 20.3236293793, 970.508483887, 1338.17126465, 186.007385254, 1298.26464844, 4339.38671875, 3480.28662109, 11448.7294922, 21903.9257812, 8442.22070312, 3493.06811523, 2567.54980469, 2523.13037109, 1893.84399414, 2283.72875977, 1931.52697754, 600.603271484, 371.060394287, 287.328887939, 684.698425293, 510.151763916, 459.579101562, 1032.19934082, 606.201904297, 395.870361328, 239.934524536, 265.714355469, 118.755912781, 64.0823898315, 17.8524227142, 1.32445788383, 0.267953544855, 0.103873543441, 0.00678948871791, 1.44871992234e-05, 1.0484645685e-07, 3.14678239022e-08]
    },
    "gfcc": {
        "mean": [-92.7507400513, 83.1173095703, -96.6157302856, 14.1961193085, -51.8624801636, -24.6346645355, -25.5198287964, -10.9175634384, -24.9652786255, -10.9608507156, -6.97524309158, -23.3027610779, -0.654086828232],
        "cov": [[8821.89746094, 220.091888428, -2772.54882812, -154.433685303, -1586.54492188, -223.124771118, -750.378051758, 464.466705322, -1000.95623779, 314.942016602, -585.880615234, -272.867706299, -358.66217041], [220.091888428, 3775.16699219, -307.802093506, -1622.04345703, 194.550079346, -1051.61340332, 256.752807617, -347.725830078, -442.384674072, -386.546508789, 132.128677368, -487.968811035, -20.7563781738], [-2772.54882812, -307.802093506, 1781.12097168, 446.176696777, 228.784194946, 135.496856689, -70.2982559204, -209.538696289, 334.133087158, -137.503295898, 101.122459412, 196.083847046, 17.8576889038], [-154.433685303, -1622.04345703, 446.176696777, 1223.63696289, -59.3131904602, 230.32093811, -304.523895264, 97.8681564331, 242.917251587, 77.5523223877, -66.6489334106, 199.333786011, 72.5491256714], [-1586.54492188, 194.550079346, 228.784194946, -59.3131904602, 629.480041504, 3.88915801048, 172.680801392, -54.0469474792, 210.870742798, -43.9088821411, 106.659851074, -8.33721446991, 92.8187866211], [-223.124771118, -1051.61340332, 135.496856689, 230.32093811, 3.88915801048, 659.63885498, 120.417655945, 44.4838943481, 115.461471558, 131.009963989, -40.1024627686, 142.688308716, -69.770401001], [-750.378051758, 256.752807617, -70.2982559204, -304.523895264, 172.680801392, 120.417655945, 532.835144043, -39.0328178406, -37.8475341797, -10.7982282639, 106.486465454, -35.4598350525, -16.4348182678], [464.466705322, -347.725830078, -209.538696289, 97.8681564331, -54.0469474792, 44.4838943481, -39.0328178406, 249.311080933, 38.4368858337, 77.1599349976, -12.1148777008, 50.0353965759, 1.52957844734], [-1000.95623779, -442.384674072, 334.133087158, 242.917251587, 210.870742798, 115.461471558, -37.8475341797, 38.4368858337, 338.511688232, 40.5519676208, 30.1788406372, 99.81665802, 85.7704162598], [314.942016602, -386.546508789, -137.503295898, 77.5523223877, -43.9088821411, 131.009963989, -10.7982282639, 77.1599349976, 40.5519676208, 194.690643311, -25.6290931702, 35.6799812317, -16.7631568909], [-585.880615234, 132.128677368, 101.122459412, -66.6489334106, 106.659851074, -40.1024627686, 106.486465454, -12.1148777008, 30.1788406372, -25.6290931702, 213.603622437, 40.5633583069, 7.3187994957], [-272.867706299, -487.968811035, 196.083847046, 199.333786011, -8.33721446991, 142.688308716, -35.4598350525, 50.0353965759, 99.81665802, 35.6799812317, 40.5633583069, 196.255050659, -5.21115446091], [-358.66217041, -20.7563781738, 17.8576889038, 72.5491256714, 92.8187866211, -69.770401001, -16.4348182678, 1.52957844734, 85.7704162598, -16.7631568909, 7.3187994957, -5.21115446091, 182.158905029]],
        "icov": [[0.00245961360633, -0.0026097218506, 0.00315653602593, -0.00292533496395, 0.00315287034027, -0.00272913696244, 0.00257176649757, -0.00222658086568, 0.00241657136939, -0.00204290030524, 0.00207435921766, -0.00134627975058, 0.00155229517259], [-0.0026097218506, 0.00507457880303, -0.0036980395671, 0.00531311891973, -0.00376099324785, 0.00525006651878, -0.00277677341364, 0.00318235345185, -0.00211449735798, 0.00327523727901, -0.00228153611533, 0.00291729858145, -0.00119154446293], [0.00315653602593, -0.0036980395671, 0.00518331071362, -0.00434059044346, 0.00412432989106, -0.00386720965616, 0.00333767617121, -0.00194280524738, 0.0020047838334, -0.00197736173868, 0.0024661005009, -0.00259570917115, 0.00244970992208], [-0.00292533496395, 0.00531311891973, -0.00434059044346, 0.00697244005278, -0.00400382187217, 0.00512261176482, -0.00245756516233, 0.00309001165442, -0.00272340886295, 0.00336203514598, -0.00233186455444, 0.0024747743737, -0.00199511414394], [0.00315287034027, -0.00376099324785, 0.00412432989106, -0.00400382187217, 0.00689765624702, -0.00387598574162, 0.00255179824308, -0.00259339413606, 0.000893711636309, -0.00231095170602, 0.00195264094509, -0.00118722917978, 0.00147644069511], [-0.00272913696244, 0.00525006651878, -0.00386720965616, 0.00512261176482, -0.00387598574162, 0.00816572271287, -0.00410836841911, 0.00361651019193, -0.00287389731966, 0.00220422213897, -0.00118552683853, 0.00145779026207, -8.94323311513e-05], [0.00257176649757, -0.00277677341364, 0.00333767617121, -0.00245756516233, 0.00255179824308, -0.00410836841911, 0.00582739431411, -0.00236996496096, 0.00327491550706, -0.00205686315894, 0.000742881384213, -0.000825654249638, 0.00128591316752], [-0.00222658086568, 0.00318235345185, -0.00194280524738, 0.00309001165442, -0.00259339413606, 0.00361651019193, -0.00236996496096, 0.00816561002284, -0.00336394435726, 0.00125689350534, -0.00196260982193, 0.000235273662838, -0.00085218064487], [0.00241657136939, -0.00211449735798, 0.0020047838334, -0.00272340886295, 0.000893711636309, -0.00287389731966, 0.00327491550706, -0.00336394435726, 0.00956646166742, -0.00333526614122, 0.00203200243413, -0.00225767400116, -0.000784701958764], [-0.00204290030524, 0.00327523727901, -0.00197736173868, 0.00336203514598, -0.00231095170602, 0.00220422213897, -0.00205686315894, 0.00125689350534, -0.00333526614122, 0.00971671473235, -0.00165855383966, 0.0017334750155, -0.000387826614315], [0.00207435921766, -0.00228153611533, 0.0024661005009, -0.00233186455444, 0.00195264094509, -0.00118552683853, 0.000742881384213, -0.00196260982193, 0.00203200243413, -0.00165855383966, 0.00837492663413, -0.00372533500195, 0.00159329199232], [-0.00134627975058, 0.00291729858145, -0.00259570917115, 0.0024747743737, -0.00118722917978, 0.00145779026207, -0.000825654249638, 0.000235273662838, -0.00225767400116, 0.0017334750155, -0.00372533500195, 0.0108331525698, -0.000280522246612], [0.00155229517259, -0.00119154446293, 0.00244970992208, -0.00199511414394, 0.00147644069511, -8.94323311513e-05, 0.00128591316752, -0.00085218064487, -0.000784701958764, -0.000387826614315, 0.00159329199232, -0.000280522246612, 0.00856313481927]]
    },
    "melbands": {
        "dmean": [2.42591559072e-05, 1.88407520909e-05, 0.000562825647648, 0.000972219801042, 0.00015453909873, 0.000302478962112, 0.000377058371669, 0.000268639065325, 0.000404713209718, 0.000365202198736, 0.000174556669663, 7.92756109149e-05, 5.35154358658e-05, 4.88473633595e-05, 3.6690827983e-05, 3.46591587004e-05, 3.27870438923e-05, 2.70204618573e-05, 1.28747542476e-05, 9.495382983e-06, 6.6202301241e-06, 5.2146156122e-06, 7.61142337069e-06, 1.15029479275e-05, 8.00429734227e-06, 5.75215653953e-06, 4.99154157296e-06, 7.47270632928e-06, 7.47543481339e-06, 5.86924670642e-06, 3.75933041141e-06, 2.27253167395e-06, 2.85863643512e-06, 2.08708638638e-06, 1.80306676612e-06, 1.30741807425e-06, 1.33213461595e-06, 1.02356807474e-06, 4.77610285543e-07, 2.31657935501e-07],
        "dmean2": [4.13116104028e-05, 3.20692779496e-05, 0.000758067413699, 0.00135863851756, 0.000232930135098, 0.000466529367259, 0.000593780830968, 0.000432802771684, 0.000642832950689, 0.000584071851335, 0.000272082106676, 0.000117636496725, 7.93585786596e-05, 7.05797720002e-05, 5.7362478401e-05, 5.42492307432e-05, 5.09367164341e-05, 4.11351902585e-05, 1.97009103431e-05, 1.52699576574e-05, 1.03812653833e-05, 7.78877983976e-06, 1.14834056149e-05, 1.73476182681e-05, 1.23193367472e-05, 9.26979464566e-06, 8.09311495686e-06, 1.18062080219e-05, 1.14838258014e-05, 9.48462366068e-06, 6.19764978183e-06, 3.74022283722e-06, 4.55961253465e-06, 3.2462451145e-06, 2.76461310023e-06, 1.96931614482e-06, 2.05938454201e-06, 1.5629786958e-06, 7.36141146263e-07, 3.6454309793e-07],
        "dvar": [1.77687986547e-09, 2.76906431118e-09, 5.4329740351e-07, 2.01157195079e-06, 1.3725743031e-07, 3.7367249206e-07, 7.08456866505e-07, 3.60852226322e-07, 7.40595908155e-07, 7.48880836454e-07, 1.83516760899e-07, 4.51400019585e-08, 2.2101119157e-08, 2.17729336782e-08, 1.16615339607e-08, 7.33683069853e-09, 7.02983671275e-09, 5.67975355636e-09, 1.35490141329e-09, 9.28116805632e-10, 4.59956545074e-10, 2.17675058534e-10, 3.35641126004e-10, 4.56174958918e-10, 2.89862966962e-10, 3.43367945188e-10, 2.50306719796e-10, 6.07201899872e-10, 2.58107007989e-10, 2.07000763752e-10, 1.62276761473e-10, 7.82072462346e-11, 1.13173144467e-10, 5.78945710816e-11, 3.86488133164e-11, 2.11524634613e-11, 2.05703908768e-11, 1.15677068618e-11, 2.26981888146e-12, 6.08350880522e-13],
        "dvar2": [4.76287231876e-09, 7.33139637887e-09, 8.43750967761e-07, 3.24665734297e-06, 2.59337269881e-07, 7.49323987748e-07, 1.54067060976e-06, 8.18064620489e-07, 1.61413993283e-06, 1.63742390669e-06, 4.06597138181e-07, 9.51097547386e-08, 4.79638728734e-08, 3.89164291903e-08, 2.77647522751e-08, 1.70122120835e-08, 1.49226160318e-08, 1.23801342511e-08, 2.85554069279e-09, 2.08856665296e-09, 1.00370212142e-09, 4.58931836977e-10, 7.09423686462e-10, 9.75902136879e-10, 6.63380517185e-10, 9.02302066397e-10, 6.58332610648e-10, 1.32314936785e-09, 5.90009652246e-10, 5.20718579367e-10, 4.13259898524e-10, 2.00353969526e-10, 2.62724675348e-10, 1.20969068096e-10, 8.1488440995e-11, 4.39857317236e-11, 4.3672069433e-11, 2.61126415629e-11, 5.07479778686e-12, 1.44829515134e-12],
        "max": [0.000652598624583, 0.00162821123376, 0.00779749220237, 0.0145971225575, 0.00773083418608, 0.00693453196436, 0.00957033038139, 0.00803693197668, 0.00908927433193, 0.0116600655019, 0.00463800085708, 0.00347130838782, 0.0026276782155, 0.00423806114122, 0.00203370139934, 0.000875511963386, 0.00152449845336, 0.000976319017354, 0.000625518558081, 0.000547484261915, 0.000331574032316, 0.000253457837971, 0.000229433673667, 0.000244311639108, 0.000259205728071, 0.000400053715566, 0.000222057613428, 0.000706586230081, 0.000397818192141, 0.00024434083025, 0.00020339472394, 0.000158876151545, 0.000172061452758, 0.000130558779347, 0.000106003477413, 7.20578173059e-05, 6.23971936875e-05, 4.88816403958e-05, 2.36210289586e-05, 1.50967271111e-05],
        "mean": [3.16442819894e-05, 2.05212745641e-05, 0.00124339084141, 0.00194901274517, 0.000211742342799, 0.000385769177228, 0.000407334504416, 0.000259225518676, 0.00037773384247, 0.000342474493664, 0.000160246316227, 8.13792721601e-05, 5.54585240025e-05, 5.1221166359e-05, 3.57152894139e-05, 3.26186345774e-05, 3.3160973544e-05, 2.59133976215e-05, 1.23281679407e-05, 8.59046485857e-06, 6.18288549958e-06, 5.44452404938e-06, 8.34128604765e-06, 1.26776740217e-05, 8.91094077815e-06, 5.67146207686e-06, 4.5144138312e-06, 7.4178747127e-06, 7.9386145444e-06, 5.64239098821e-06, 3.33822003995e-06, 1.97945951186e-06, 2.68161852546e-06, 2.05332185033e-06, 1.76095295501e-06, 1.29368152102e-06, 1.28220744955e-06, 9.67590494838e-07, 4.67361417122e-07, 2.20997904421e-07],
        "median": [1.64030425367e-05, 7.72332077759e-06, 0.000720796815585, 0.000928424531594, 3.77504293283e-05, 5.36021434527e-05, 6.50136207696e-05, 2.60793531197e-05, 2.30572040891e-05, 9.21033824852e-06, 3.66192443835e-06, 3.55673455488e-06, 3.04098534798e-06, 2.39309179051e-06, 1.78468349077e-06, 1.57480735652e-06, 1.44220723541e-06, 1.30361081574e-06, 1.02011881609e-06, 7.1403212587e-07, 6.52719450045e-07, 7.39631218494e-07, 8.97420591173e-07, 1.44264595292e-06, 1.22812105019e-06, 7.90919216342e-07, 6.42470354251e-07, 9.87966586763e-07, 1.20880667964e-06, 7.11617531124e-07, 2.21361716513e-07, 5.25206580448e-08, 3.21027577854e-08, 1.40486209332e-08, 1.83811970089e-08, 2.65197801497e-08, 3.37603758283e-08, 3.88531553597e-08, 2.79229368516e-08, 1.47796574979e-08],
        "min": [2.71956014566e-13, 2.03402575273e-13, 7.15868743407e-14, 3.05670500847e-13, 1.05878164309e-12, 9.78685014974e-13, 4.27667612695e-13, 7.02199745833e-13, 4.76664931484e-13, 6.99235157622e-12, 7.36298175208e-12, 2.30198499152e-12, 4.01821544788e-12, 5.11675207412e-12, 2.78546304945e-12, 2.42229934028e-12, 1.15310788262e-12, 2.49269181685e-11, 2.47008004328e-11, 7.70953526713e-12, 1.88821137545e-12, 1.91975949027e-12, 6.62231825366e-13, 1.26847068006e-12, 1.43104289269e-12, 4.02622336512e-12, 3.29810939843e-12, 4.63953571742e-12, 3.52336714492e-12, 7.86941529735e-13, 2.16154690176e-13, 3.18610112252e-12, 2.61153013277e-12, 4.71925395897e-13, 8.78396476649e-14, 4.53983313616e-13, 2.61117245447e-13, 1.84599406074e-13, 2.70360692384e-13, 2.01584679938e-13],
        "var": [2.42517605997e-09, 2.59916510537e-09, 2.2496458314e-06, 6.95502922099e-06, 3.14004694246e-07, 6.31666353001e-07, 9.08634149255e-07, 3.93212616245e-07, 8.47521221203e-07, 8.59356077854e-07, 2.11378520021e-07, 6.2517720778e-08, 2.99078877219e-08, 3.48115776205e-08, 1.1756471352e-08, 7.88647103178e-09, 8.96984886367e-09, 7.02795466268e-09, 1.73372183276e-09, 1.00195629571e-09, 5.18034171115e-10, 2.96187130377e-10, 4.93577456684e-10, 6.54566900682e-10, 3.85931259173e-10, 3.27813776124e-10, 2.04184141817e-10, 6.40847319655e-10, 3.11466685776e-10, 1.89135249129e-10, 1.34869976298e-10, 6.57210327826e-11, 1.1834121183e-10, 7.0561140264e-11, 4.8025909638e-11, 2.68825326583e-11, 2.47097880351e-11, 1.2653466816e-11, 2.57825336601e-12, 6.05725756012e-13]
    },
    "mfcc": {
        "mean": [-751.514770508, 128.890213013, 1.87761938572, 30.2508563995, -8.12214183807, -12.5267190933, 4.30680179596, -15.5219230652, -5.98641395569, -3.18671607971, -9.18199539185, 1.42043530941, -16.9688339233],
        "cov": [[10092.0048828, -384.795837402, -2222.92504883, -422.296783447, -1250.4564209, -944.01361084, -17.2606048584, -640.537902832, -183.401672363, -34.4115867615, -180.980163574, 30.2356948853, -681.913024902], [-384.795837402, 4639.99414062, -905.480712891, -612.518005371, -576.713439941, -806.875488281, 377.617675781, -435.118011475, -322.394805908, -269.478942871, -98.7107391357, -49.7083320618, -486.986724854], [-2222.92504883, -905.480712891, 1701.9510498, 301.835327148, 415.146270752, 380.746551514, -304.001647949, 232.481582642, -37.3978805542, -91.2446365356, -15.5380468369, 19.3205108643, 262.039337158], [-422.296783447, -612.518005371, 301.835327148, 631.870544434, 305.627441406, -61.2715873718, -160.089416504, -11.8963823318, 73.669090271, -54.7618560791, -109.724479675, 106.436462402, 85.3719177246], [-1250.4564209, -576.713439941, 415.146270752, 305.627441406, 671.488220215, 134.957244873, -254.482421875, 74.3203430176, 125.359283447, -9.41318702698, -30.7778606415, 63.6292114258, 150.516906738], [-944.01361084, -806.875488281, 380.746551514, -61.2715873718, 134.957244873, 632.440673828, 18.8721294403, 209.56690979, 69.2889099121, 127.743598938, 144.677383423, -115.259483337, 143.116500854], [-17.2606048584, 377.617675781, -304.001647949, -160.089416504, -254.482421875, 18.8721294403, 408.816802979, 34.3718452454, -66.828338623, 67.7713394165, 47.5949516296, -42.3027229309, -42.2117156982], [-640.537902832, -435.118011475, 232.481582642, -11.8963823318, 74.3203430176, 209.56690979, 34.3718452454, 305.9347229, 5.28209352493, 59.7884597778, 91.6226119995, -43.3408050537, 150.631362915], [-183.401672363, -322.394805908, -37.3978805542, 73.669090271, 125.359283447, 69.2889099121, -66.828338623, 5.28209352493, 270.487457275, 65.5183334351, -25.9783821106, 2.93498897552, 31.4823875427], [-34.4115867615, -269.478942871, -91.2446365356, -54.7618560791, -9.41318702698, 127.743598938, 67.7713394165, 59.7884597778, 65.5183334351, 222.520568848, 69.2792739868, -54.9583854675, 49.2074546814], [-180.980163574, -98.7107391357, -15.5380468369, -109.724479675, -30.7778606415, 144.677383423, 47.5949516296, 91.6226119995, -25.9783821106, 69.2792739868, 224.272842407, -27.1286258698, 54.6084785461], [30.2356948853, -49.7083320618, 19.3205108643, 106.436462402, 63.6292114258, -115.259483337, -42.3027229309, -43.3408050537, 2.93498897552, -54.9583854675, -27.1286258698, 186.080917358, 16.7028064728], [-681.913024902, -486.986724854, 262.039337158, 85.3719177246, 150.516906738, 143.116500854, -42.2117156982, 150.631362915, 31.4823875427, 49.2074546814, 54.6084785461, 16.7028064728, 240.190551758]],
