{
"lowlevel": {
    "average_loudness": 0.969219624996,
    "barkbands_crest": {
        "dmean": 3.38566756248,
        "dmean2": 5.33001041412,
        "dvar": 10.0461378098,
        "dvar2": 24.6192550659,
        "max": 25.3124523163,
        "mean": 11.9828481674,
        "median": 11.5323667526,
        "min": 2.42191624641,
        "var": 17.7718353271
    },
    "barkbands_flatness_db": {
        "dmean": 0.0513660795987,
        "dmean2": 0.0776987448335,
        "dvar": 0.00295853870921,
        "dvar2": 0.00665138894692,
        "max": 0.552450120449,
        "mean": 0.268737107515,
        "median": 0.262242883444,
        "min": 0.0188018474728,
        "var": 0.00614921096712
    },
    "barkbands_kurtosis": {
        "dmean": 14.2972335815,
        "dmean2": 24.3326663971,
        "dvar": 814.332214355,
        "dvar2": 2081.67236328,
        "max": 304.681335449,
        "mean": 12.7336463928,
        "median": 3.87588834763,
        "min": -1.96647047997,
        "var": 720.9296875
    },
    "barkbands_skewness": {
        "dmean": 1.52983105183,
        "dmean2": 2.38526797295,
        "dvar": 3.36813831329,
        "dvar2": 8.2014913559,
        "max": 14.8786468506,
        "mean": 2.05174660683,
        "median": 1.78946006298,
        "min": -6.15551614761,
        "var": 4.85333681107
    },
    "barkbands_spread": {
        "dmean": 10.2417669296,
        "dmean2": 16.9093914032,
        "dvar": 225.771652222,
        "dvar2": 572.541931152,
        "max": 91.8905410767,
        "mean": 16.0115222931,
        "median": 11.2313365936,
        "min": 0.181162104011,
        "var": 288.641723633
    },
    "dissonance": {
        "dmean": 0.0287511907518,
        "dmean2": 0.0444779209793,
        "dvar": 0.00109773513395,
        "dvar2": 0.00251497887075,
        "max": 0.500000059605,
        "mean": 0.43771147728,
        "median": 0.445564180613,
        "min": 0.167409047484,
        "var": 0.00259426957928
    },
    "dynamic_complexity": 3.4862511158,
    "erbbands_crest": {
        "dmean": 3.05872154236,
        "dmean2": 5.08857011795,
        "dvar": 8.43229007721,
        "dvar2": 20.8923358917,
        "max": 28.9408931732,
        "mean": 9.80033493042,
        "median": 8.92159366608,
        "min": 2.92416119576,
        "var": 14.2108650208
    },
    "erbbands_flatness_db": {
        "dmean": 0.0344200916588,
        "dmean2": 0.0531271919608,
        "dvar": 0.00121315708384,
        "dvar2": 0.00278523354791,
        "max": 0.395343959332,
        "mean": 0.251846373081,
        "median": 0.257973611355,
        "min": 0.0682434141636,
        "var": 0.00238366634585
    },
    "erbbands_kurtosis": {
        "dmean": 4.15445280075,
        "dmean2": 6.90353775024,
        "dvar": 71.6970748901,
        "dvar2": 175.992523193,
        "max": 94.751625061,
        "mean": 2.98025369644,
        "median": 0.392648458481,
        "min": -1.87439513206,
        "var": 69.2922668457
    },
    "erbbands_skewness": {
        "dmean": 0.918583333492,
        "dmean2": 1.43842720985,
        "dvar": 1.24981153011,
        "dvar2": 2.88332867622,
        "max": 6.03280305862,
        "mean": 0.20336151123,
        "median": 0.29056558013,
        "min": -7.5832233429,
        "var": 2.20039510727
    },
    "erbbands_spread": {
        "dmean": 15.8781003952,
        "dmean2": 26.5109806061,
        "dvar": 377.12890625,
        "dvar2": 1009.50793457,
        "max": 156.422927856,
        "mean": 32.1596298218,
        "median": 26.5286026001,
        "min": 1.68586826324,
        "var": 454.091186523
    },
    "hfc": {
        "dmean": 8.44548416138,
        "dmean2": 11.9890985489,
        "dvar": 89.3140792847,
        "dvar2": 166.292144775,
        "max": 106.02129364,
        "mean": 14.4408435822,
        "median": 10.3024902344,
        "min": 1.11133991698e-16,
        "var": 198.698989868
    },
    "melbands_crest": {
        "dmean": 4.497838974,
        "dmean2": 6.82149982452,
        "dvar": 19.0955104828,
        "dvar2": 45.4316139221,
        "max": 38.7035980225,
        "mean": 19.2013874054,
        "median": 19.5237083435,
        "min": 1.72675299644,
        "var": 35.7918548584
    },
    "melbands_flatness_db": {
        "dmean": 0.068972684443,
        "dmean2": 0.100117139518,
        "dvar": 0.00523692928255,
        "dvar2": 0.0113279288635,
        "max": 0.694743692875,
        "mean": 0.329494863749,
        "median": 0.329590708017,
        "min": 0.00489489641041,
        "var": 0.0126193752512
    },
    "melbands_kurtosis": {
        "dmean": 33.4214630127,
        "dmean2": 57.7657394409,
        "dvar": 6371.59228516,
        "dvar2": 17184.2285156,
        "max": 1590.10583496,
        "mean": 30.6153640747,
        "median": 10.6412811279,
        "min": -1.94541037083,
        "var": 4805.07910156
    },
    "melbands_skewness": {
        "dmean": 1.97951817513,
        "dmean2": 3.17421507835,
        "dvar": 6.68962430954,
        "dvar2": 17.2097072601,
        "max": 30.6062602997,
        "mean": 3.37313652039,
        "median": 2.72441458702,
        "min": -2.85620689392,
        "var": 8.07817363739
    },
    "melbands_spread": {
        "dmean": 15.9676866531,
        "dmean2": 25.7629184723,
        "dvar": 895.570861816,
        "dvar2": 2043.75085449,
        "max": 242.490325928,
        "mean": 21.9880695343,
        "median": 10.6816959381,
        "min": 0.136817827821,
        "var": 1210.90380859
    },
    "pitch_salience": {
        "dmean": 0.109186850488,
        "dmean2": 0.170316800475,
        "dvar": 0.0129880458117,
        "dvar2": 0.0301649197936,
        "max": 0.907698571682,
        "mean": 0.540136873722,
        "median": 0.561672210693,
        "min": 0.0465837754309,
        "var": 0.0207781344652
    },
    "silence_rate_20dB": {
        "dmean": 0,
        "dmean2": 0,
        "dvar": 0,
        "dvar2": 0,
        "max": 1,
        "mean": 1,
        "median": 1,
        "min": 1,
        "var": 0
    },
    "silence_rate_30dB": {
        "dmean": 0.0100386096165,
        "dmean2": 0.0200849752873,
        "dvar": 0.00993804447353,
        "dvar2": 0.0274072922766,
        "max": 1,
        "mean": 0.993052899837,
        "median": 1,
        "min": 0,
        "var": 0.00689897499979
    },
    "silence_rate_60dB": {
        "dmean": 0.0795366764069,
        "dmean2": 0.159134805202,
        "dvar": 0.0732119828463,
        "dvar2": 0.169349566102,
        "max": 1,
        "mean": 0.125820145011,
        "median": 0,
        "min": 0,
        "var": 0.109988458455
    },
    "spectral_centroid": {
        "dmean": 526.946228027,
        "dmean2": 816.6484375,
        "dvar": 593253.875,
        "dvar2": 1102178.875,
        "max": 10939.8525391,
        "mean": 1179.82116699,
        "median": 769.752197266,
        "min": 118.035713196,
        "var": 1294418.875
    },
    "spectral_complexity": {
        "dmean": 5.21544408798,
        "dmean2": 7.19814586639,
        "dvar": 26.1333141327,
        "dvar2": 44.862487793,
        "max": 48,
        "mean": 12.3060598373,
        "median": 11,
        "min": 0,
        "var": 78.0587463379
    },
    "spectral_decrease": {
        "dmean": 3.58975316139e-09,
        "dmean2": 4.71047245654e-09,
        "dvar": 1.59596856043e-17,
        "dvar2": 2.69309096321e-17,
        "max": 2.88488055635e-29,
        "mean": -8.63276827801e-09,
        "median": -8.62977600491e-09,
        "min": -3.5626662509e-08,
        "var": 4.53894681623e-17
    },
    "spectral_energy": {
        "dmean": 0.0141583932564,
        "dmean2": 0.0185719020665,
        "dvar": 0.000246365903877,
        "dvar2": 0.000419496704126,
        "max": 0.141076207161,
        "mean": 0.0338918939233,
        "median": 0.0334784314036,
        "min": 1.02522259538e-20,
        "var": 0.000696782371961
    },
    "spectral_energyband_high": {
        "dmean": 0.000299008272123,
        "dmean2": 0.000454397028079,
        "dvar": 8.25869165055e-07,
        "dvar2": 1.54851852585e-06,
        "max": 0.00955902598798,
        "mean": 0.000317114870995,
        "median": 2.27231375902e-05,
        "min": 7.44495509275e-21,
        "var": 1.14928138828e-06
    },
    "spectral_energyband_low": {
        "dmean": 0.00703474646434,
        "dmean2": 0.00978229939938,
        "dvar": 6.92489338689e-05,
        "dvar2": 0.000122301251395,
        "max": 0.0747675672174,
        "mean": 0.0177948214114,
        "median": 0.0178143121302,
        "min": 5.35725727482e-23,
        "var": 0.000189961050637
    },
    "spectral_energyband_middle_high": {
        "dmean": 0.00263947015628,
        "dmean2": 0.00375909381546,
        "dvar": 1.44677305798e-05,
        "dvar2": 2.75799429801e-05,
        "max": 0.0644299462438,
        "mean": 0.00363898975775,
        "median": 0.00138498132583,
        "min": 1.62322340843e-21,
        "var": 2.80116000795e-05
    },
    "spectral_energyband_middle_low": {
        "dmean": 0.00711084483191,
        "dmean2": 0.00982388388366,
        "dvar": 8.23755835881e-05,
        "dvar2": 0.000136715287226,
        "max": 0.0996113494039,
        "mean": 0.0133806569502,
        "median": 0.0102760577574,
        "min": 1.56400522324e-22,
        "var": 0.00019864042406
    },
    "spectral_entropy": {
        "dmean": 0.399175286293,
        "dmean2": 0.598249137402,
        "dvar": 0.207224607468,
        "dvar2": 0.438360720873,
        "max": 9.81739902496,
        "mean": 6.92694425583,
        "median": 6.96685028076,
        "min": 4.37034654617,
        "var": 0.461540937424
    },
    "spectral_flux": {
        "dmean": 0.0403595902026,
        "dmean2": 0.0657212212682,
        "dvar": 0.00145820621401,
        "dvar2": 0.00368883647025,
        "max": 0.332287847996,
        "mean": 0.0965612307191,
        "median": 0.0917442068458,
        "min": 6.71821556719e-11,
        "var": 0.0028437518049
    },
    "spectral_kurtosis": {
        "dmean": 8.38355731964,
        "dmean2": 13.9293479919,
        "dvar": 108.58026123,
        "dvar2": 261.131103516,
        "max": 126.23034668,
        "mean": 11.0565633774,
        "median": 6.85137844086,
        "min": -1.21750664711,
        "var": 159.083648682
    },
    "spectral_rms": {
        "dmean": 0.00136976526119,
        "dmean2": 0.00173647387419,
        "dvar": 2.00811246032e-06,
        "dvar2": 3.24652887684e-06,
        "max": 0.0117318080738,
        "mean": 0.005099512171,
        "median": 0.0057150577195,
        "min": 3.16262098975e-12,
        "var": 7.06022683516e-06
    },
    "spectral_rolloff": {
        "dmean": 665.385498047,
        "dmean2": 1109.86254883,
        "dvar": 1531317.25,
        "dvar2": 3055957.75,
        "max": 18820.0195312,
        "mean": 1105.53515625,
        "median": 473.73046875,
        "min": 43.06640625,
        "var": 2461023
    },
    "spectral_skewness": {
        "dmean": 0.876355886459,
        "dmean2": 1.38666903973,
        "dvar": 0.793103516102,
        "dvar2": 1.80288040638,
        "max": 8.66227340698,
        "mean": 1.79388487339,
        "median": 1.56383538246,
        "min": -0.716125428677,
        "var": 1.70832502842
    },
    "spectral_spread": {
        "dmean": 718645.75,
        "dmean2": 1127959,
        "dvar": 1.66861183386e+12,
        "dvar2": 2.74951621837e+12,
        "max": 49471412,
        "mean": 2599652.75,
        "median": 2286749.5,
        "min": 780567.25,
        "var": 2.93266574541e+12
    },
    "spectral_strongpeak": {
        "dmean": 0.331166565418,
        "dmean2": 0.525647521019,
        "dvar": 0.411671251059,
        "dvar2": 1.03036653996,
        "max": 6.84443378448,
        "mean": 0.65278917551,
        "median": 0.595779359341,
        "min": 0,
        "var": 0.469133496284
    },
    "zerocrossingrate": {
        "dmean": 0.0153243020177,
        "dmean2": 0.0177535209805,
        "dvar": 0.000618231890257,
        "dvar2": 0.000769208476413,
        "max": 0.4990234375,
        "mean": 0.0368527024984,
        "median": 0.021484375,
        "min": 0.00146484375,
        "var": 0.00189467240125
    },
    "barkbands": {
        "dmean": [8.34614766063e-05, 0.0018347898731, 0.00553509639576, 0.0011672162218, 0.00150544440839, 0.00164088082965, 0.00203468743712, 0.00172379647847, 0.0013454608852, 0.000452307518572, 0.000461085466668, 0.000639984325971, 0.000483633251861, 0.000267758354312, 0.000185591736226, 0.000223295661272, 0.000291291333269, 0.000147181883221, 0.000207183809835, 0.000123728066683, 0.000174377375515, 5.66291055293e-05, 1.62847336469e-05, 6.23609003014e-06, 5.69979079046e-07, 2.88162005369e-09, 1.33592092944e-09],
        "dmean2": [0.00011246419308, 0.00250385678373, 0.00773519091308, 0.00169199344236, 0.00201866100542, 0.00245108874515, 0.00311224674806, 0.00269112479873, 0.00189187680371, 0.000655294803437, 0.000680048309732, 0.000993323978037, 0.000745436351281, 0.000420307827881, 0.00028689566534, 0.000340271624736, 0.000441075419076, 0.000225874915486, 0.000322588341078, 0.000189712576685, 0.000261781679001, 8.87762435013e-05, 2.50474968198e-05, 9.89460659184e-06, 8.91805655101e-07, 5.39996491966e-09, 2.46580400542e-09],
        "dvar": [1.62372472801e-07, 6.80947414367e-06, 4.66903074994e-05, 6.41802853352e-06, 3.43721217178e-06, 1.01459763755e-05, 1.19103524412e-05, 1.24215948745e-05, 1.13937612696e-05, 1.23077109038e-06, 1.83037070656e-06, 3.23264953295e-06, 1.33844309858e-06, 5.31196576503e-07, 2.63569376102e-07, 3.2949526485e-07, 2.40205622504e-07, 7.27773894482e-08, 2.28107367661e-07, 9.86692327842e-08, 3.8250959733e-07, 4.30769020454e-08, 2.75913825121e-09, 3.6289815597e-10, 4.24264139445e-12, 2.71090777186e-16, 3.63923611244e-18],
        "dvar2": [2.51766692827e-07, 1.2289154256e-05, 8.28525226098e-05, 1.22407654999e-05, 5.31032674189e-06, 1.7603060769e-05, 2.53948273894e-05, 2.57229985436e-05, 2.00362683245e-05, 2.25181020141e-06, 4.08521464124e-06, 7.74097770773e-06, 2.95396262118e-06, 1.20007530313e-06, 5.59630677799e-07, 7.29880071049e-07, 4.73274411661e-07, 1.56622860459e-07, 5.4361595403e-07, 2.12882710571e-07, 7.48734976241e-07, 9.78667173968e-08, 5.93929128101e-09, 8.12430289709e-10, 1.01211114142e-11, 7.82735364442e-16, 1.15320557918e-17],
        "max": [0.0206440705806, 0.0336943902075, 0.0673471093178, 0.0409077480435, 0.0235342271626, 0.0643117874861, 0.0655930638313, 0.0417533107102, 0.0546994619071, 0.0349804535508, 0.0255379639566, 0.0394435152411, 0.0177776888013, 0.00853311829269, 0.0066591873765, 0.0102384882048, 0.00718962261453, 0.00420395750552, 0.00859578419477, 0.00499887671322, 0.00760021526366, 0.00321177812293, 0.000764988537412, 0.000263640366029, 5.58688989258e-05, 4.73731660122e-07, 2.40053061873e-08],
        "mean": [0.000114067443064, 0.00424048304558, 0.0122858947143, 0.00168864475563, 0.00335760833696, 0.00235557626002, 0.00241904309951, 0.00187908788212, 0.0014987239847, 0.00054951547645, 0.000535961298738, 0.000642149185296, 0.000473570107715, 0.000268776813755, 0.000190447986824, 0.000251291756285, 0.000364401785191, 0.000172047017259, 0.000227497934247, 0.000129421547172, 0.000172705695149, 5.34926621185e-05, 1.50902196765e-05, 5.88147713643e-06, 5.22624532096e-07, 2.04306904728e-09, 1.13964182535e-09],
        "median": [2.11461629078e-05, 0.00215275050141, 0.0103825842962, 0.000383296370273, 0.00251383776776, 0.00112062657718, 0.000650094938464, 0.000113886781037, 0.000113864822197, 6.49455323583e-05, 4.03560770792e-05, 3.22740634147e-05, 2.0747535018e-05, 1.64414941537e-05, 1.78447899088e-05, 3.47491950379e-05, 8.73528551892e-05, 4.60343653685e-05, 4.56022462458e-05, 1.96090986719e-05, 5.69277199247e-06, 2.71562043963e-06, 8.39535175601e-07, 4.96666814342e-07, 6.51510347893e-08, 4.725070335e-10, 4.64997818028e-10],
        "min": [1.79099193389e-24, 1.85787156143e-23, 1.11929414915e-23, 3.31944228105e-24, 1.75944664847e-23, 2.1838038017e-23, 2.99764745847e-23, 2.77030531865e-23, 2.42205020804e-23, 4.41308732784e-23, 4.89829926234e-23, 2.62196886066e-23, 9.63941388723e-23, 7.86391139499e-23, 1.53561493968e-22, 1.4740093206e-22, 1.84251502707e-22, 1.76100991835e-22, 2.84668497719e-22, 2.67602293518e-22, 4.1414520997e-22, 2.71337480484e-22, 5.62103002098e-22, 7.27201315437e-22, 1.17939688407e-21, 1.5666678623e-21, 1.85018169484e-21],
        "var": [3.76607431463e-07, 2.65013641183e-05, 0.000128682106151, 1.30823827931e-05, 1.32507602757e-05, 1.90387199837e-05, 1.78911595867e-05, 1.75359837158e-05, 1.8653799998e-05, 2.27167083722e-06, 2.38439292843e-06, 3.45857620232e-06, 1.55461600571e-06, 6.59804413772e-07, 3.3376093711e-07, 4.17426889499e-07, 4.33533614341e-07, 1.11253228852e-07, 2.70673723435e-07, 1.25121786709e-07, 4.95187293836e-07, 4.58613200749e-08, 3.16837311942e-09, 3.92606253063e-10, 3.90501433273e-12, 1.52880394315e-16, 2.95077079348e-18]
    },
    "erbbands": {
        "dmean": [0.0177219137549, 0.58006644249, 5.36980104446, 5.16323566437, 3.98600769043, 6.12934160233, 7.2502579689, 16.2829399109, 26.4209709167, 33.0187187195, 37.7771606445, 30.5298290253, 17.6585655212, 14.5237531662, 20.7679405212, 25.7152748108, 22.1430664062, 15.9090070724, 9.69701194763, 11.0802659988, 13.4687652588, 15.7641029358, 8.25492095947, 9.89391040802, 9.40954971313, 5.8250412941, 8.11500358582, 4.92855453491, 2.29081892967, 1.08950293064, 0.388155907393, 0.171234712005, 0.0829716399312, 0.0147755863145, 0.000564345857129, 4.82962241222e-05, 9.55300220085e-06, 2.79228788713e-06, 7.03039859218e-06, 1.60272429639e-05],
        "dmean2": [0.0251578558236, 0.786043643951, 7.41844415665, 7.20235872269, 5.34293651581, 8.33274078369, 10.7484235764, 24.656665802, 41.0419082642, 50.9718208313, 57.662612915, 43.2540016174, 25.0027942657, 20.2513427734, 30.6266326904, 38.640914917, 33.6384162903, 24.3442440033, 14.7201271057, 16.8640193939, 19.7651596069, 23.6409168243, 12.41938591, 15.2714071274, 14.897269249, 8.98984718323, 12.2821359634, 7.56955337524, 3.61463427544, 1.68510043621, 0.60552161932, 0.271118283272, 0.131516113877, 0.0228446479887, 0.000869336829055, 7.78707471909e-05, 1.41692498801e-05, 4.24715517511e-06, 9.43780196394e-06, 2.11312762985e-05],
        "dvar": [0.00262618460692, 0.633791208267, 43.3595657349, 63.4258918762, 30.3760414124, 75.891418457, 210.640823364, 1257.79284668, 2163.42871094, 3413.82617188, 6302.34033203, 5684.04101562, 1850.94396973, 1120.44433594, 4356.41992188, 3876.24511719, 2689.91259766, 1622.49841309, 578.045593262, 987.485534668, 889.213439941, 695.399414062, 199.398895264, 682.63458252, 473.637023926, 224.645797729, 859.237426758, 318.239013672, 71.4175796509, 15.4940319061, 1.55819606781, 0.288498818874, 0.0686356201768, 0.0022957213223, 3.29154886458e-06, 4.13935339338e-08, 2.20798601624e-10, 1.65335280189e-11, 5.70241423525e-11, 3.10670850157e-10],
        "dvar2": [0.00446940166876, 1.10840404034, 74.2577590942, 118.431381226, 51.3110160828, 121.728988647, 394.261322021, 2247.06079102, 4619.62939453, 7685.02685547, 12225.8046875, 10435.8007812, 3264.3190918, 1995.60253906, 10796.2773438, 8516.29589844, 5793.72558594, 3641.4597168, 1277.36621094, 2095.72290039, 1949.01965332, 1352.09814453, 420.465148926, 1708.57336426, 1127.77270508, 496.996002197, 1735.92272949, 648.34552002, 165.261520386, 32.6610794067, 3.48283720016, 0.65595304966, 0.156777888536, 0.0052305450663, 7.51551715439e-06, 1.10676708687e-07, 5.1068727025e-10, 3.35775920957e-11, 1.00871248854e-10, 5.37510091991e-10],
        "max": [2.42673563957, 7.90670442581, 61.7079620361, 102.304115295, 79.4547042847, 118.223640442, 294.527648926, 829.857055664, 608.395874023, 869.349853516, 1103.91271973, 1359.40869141, 1033.54748535, 832.758728027, 1607.96459961, 854.196594238, 864.005126953, 421.5625, 384.193725586, 472.070556641, 510.940002441, 408.589874268, 197.012908936, 608.457946777, 399.460998535, 224.961624146, 425.053070068, 234.30921936, 122.224380493, 65.9862442017, 16.6654891968, 7.56212902069, 4.50108671188, 1.08136987686, 0.0454918667674, 0.00627223961055, 0.000303189706756, 4.39656614617e-05, 7.04871417838e-05, 0.000160857438459],
        "mean": [0.0380847118795, 1.43776988983, 12.6792593002, 9.82006549835, 8.37129592896, 11.9431419373, 11.4894514084, 22.0130023956, 32.693031311, 36.7157554626, 42.7846870422, 34.0559883118, 21.2624530792, 18.7210121155, 23.4605865479, 26.2419681549, 22.1610031128, 16.4363365173, 9.96450519562, 11.7277059555, 16.0277938843, 19.9483375549, 10.0271129608, 10.8651628494, 10.4631090164, 6.17085313797, 8.02766418457, 4.82566595078, 2.14449477196, 1.04672789574, 0.356245756149, 0.159271806479, 0.0773176252842, 0.014038017951, 0.000564035028219, 5.81083004363e-05, 1.75871628016e-05, 4.2857795961e-06, 1.69536288013e-05, 3.83814476663e-05],
        "median": [0.0209761243314, 0.982766151428, 11.1343011856, 5.94848918915, 4.92491006851, 6.41238164902, 5.88007068634, 9.41098976135, 11.0363492966, 6.50461483002, 2.63847827911, 2.54026579857, 2.59116053581, 2.08388280869, 1.71497344971, 1.4662156105, 1.12846279144, 0.963985204697, 0.975338280201, 1.27037763596, 2.86330723763, 5.00271177292, 2.85064172745, 2.42626523972, 2.13546872139, 0.993883550167, 0.408204853535, 0.169748812914, 0.101966872811, 0.0485336966813, 0.0210299212486, 0.011059996672, 0.00773594900966, 0.00178555282764, 0.000107533276605, 2.96444577543e-05, 1.45693684317e-05, 2.79272990156e-06, 1.63093282026e-05, 3.71659043594e-05],
        "min": [2.24007391271e-22, 4.79591120054e-21, 1.0716808229e-20, 1.90496706235e-20, 3.36401882793e-20, 5.45258072749e-20, 1.2461500485e-19, 2.02203421859e-19, 3.18016591682e-19, 4.5099737813e-19, 7.79863916961e-19, 4.82423675661e-19, 7.47456841718e-19, 2.01367442113e-18, 1.73155134173e-18, 1.77254837744e-18, 3.94691379949e-18, 5.00666368589e-18, 7.50983960529e-18, 6.46703451374e-18, 8.09460170444e-18, 9.19253011202e-18, 9.37625023479e-18, 1.39692160809e-17, 1.50342144283e-17, 1.35988823576e-17, 1.53883469922e-17, 1.24117714723e-17, 1.04507338623e-17, 1.20966272394e-17, 1.67574169327e-17, 1.19375364194e-17, 1.33828600047e-17, 7.1936729772e-18, 8.31110051335e-18, 5.88122148162e-18, 2.99251653104e-18, 1.2444287115e-18, 2.49803168317e-19, 2.51739947098e-20],
        "var": [0.00693561136723, 2.36531448364, 129.153045654, 140.873703003, 104.364997864, 257.419403076, 368.711853027, 2171.99926758, 3333.85400391, 4563.11083984, 9662.79296875, 8865.69824219, 3315.50976562, 2188.11499023, 4765.60058594, 4933.88867188, 3245.3840332, 2147.07324219, 695.390625, 1263.11279297, 1228.78710938, 1284.64477539, 326.109710693, 712.521057129, 570.565246582, 276.93838501, 1064.61120605, 388.471588135, 73.4043045044, 18.3294448853, 1.69103121758, 0.307129859924, 0.0707425996661, 0.00234535010532, 3.34835112881e-06, 2.96677864497e-08, 3.0475214019e-10, 2.65494067703e-11, 1.57595062e-10, 8.69197935849e-10]
    },
    "gfcc": {
        "mean": [-116.202056885, 171.968322754, -129.785675049, 58.7282485962, -43.6028213501, -11.5335874557, -16.700963974, -6.74022531509, -2.26873493195, -22.1047382355, 5.85434103012, -17.5816612244, -0.901630461216],
        "cov": [[10791.1054688, 1850.45275879, -2117.94506836, -1246.51879883, -29.5863628387, -833.354248047, -184.15776062, -9.84644412994, -135.472808838, -441.997497559, -5.21563339233, -372.535125732, -449.559783936], [1850.45275879, 3222.86816406, 375.942169189, -1865.43664551, 595.062011719, -796.239746094, -82.8163452148, -116.914237976, -116.815010071, -485.875, -103.694038391, 11.5130138397, -158.201477051], [-2117.94506836, 375.942169189, 1445.65478516, 183.89855957, 91.1490020752, -78.3038635254, 11.9004335403, -98.3992614746, -52.6949386597, -122.186729431, -33.8713340759, 160.972625732, 129.366256714], [-1246.51879883, -1865.43664551, 183.89855957, 1584.05102539, -227.160186768, 330.599090576, -54.5335044861, -7.74127674103, 83.5884017944, 252.346496582, 84.0872497559, 20.4801158905, 153.881607056], [-29.5863628387, 595.062011719, 91.1490020752, -227.160186768, 536.598083496, -178.571716309, -156.758453369, -10.1034488678, 48.4165000916, -53.4620399475, -43.8350410461, -10.3918037415, 3.13782644272], [-833.354248047, -796.239746094, -78.3038635254, 330.599090576, -178.571716309, 568.301269531, 164.21031189, 10.2644767761, 75.1184158325, 176.972915649, 23.4393730164, 9.54986381531, 23.8788127899], [-184.15776062, -82.8163452148, 11.9004335403, -54.5335044861, -156.758453369, 164.21031189, 340.682525635, 44.0818710327, -62.8925628662, 12.6574954987, 22.3489570618, 44.2046203613, -43.7404060364], [-9.84644412994, -116.914237976, -98.3992614746, -7.74127674103, -10.1034488678, 10.2644767761, 44.0818710327, 163.82321167, 10.74061203, -13.0967121124, 22.8390522003, 9.65859794617, -0.877676010132], [-135.472808838, -116.815010071, -52.6949386597, 83.5884017944, 48.4165000916, 75.1184158325, -62.8925628662, 10.74061203, 161.595214844, 67.3265609741, -35.6604576111, -6.58101701736, 17.0119609833], [-441.997497559, -485.875, -122.186729431, 252.346496582, -53.4620399475, 176.972915649, 12.6574954987, -13.0967121124, 67.3265609741, 241.191040039, 22.2053184509, -69.3344802856, 35.2936592102], [-5.21563339233, -103.694038391, -33.8713340759, 84.0872497559, -43.8350410461, 23.4393730164, 22.3489570618, 22.8390522003, -35.6604576111, 22.2053184509, 126.978912354, 23.7357120514, -35.7974281311], [-372.535125732, 11.5130138397, 160.972625732, 20.4801158905, -10.3918037415, 9.54986381531, 44.2046203613, 9.65859794617, -6.58101701736, -69.3344802856, 23.7357120514, 163.147735596, 24.7501754761], [-449.559783936, -158.201477051, 129.366256714, 153.881607056, 3.13782644272, 23.8788127899, -43.7404060364, -0.877676010132, 17.0119609833, 35.2936592102, -35.7974281311, 24.7501754761, 144.789978027]],
        "icov": [[0.000248145748628, -0.000366077700164, 0.000478023837786, -0.000352929899236, 0.000264295085799, 5.11233010911e-05, 4.02596233471e-05, 2.60922515736e-05, 4.35209040006e-05, 0.00038470965228, 8.65835972945e-05, 0.000290399853839, 0.000189510465134], [-0.000366077700164, 0.00404937472194, -0.00163119134959, 0.00391665799543, -0.00200194795616, 0.00217433879152, -0.00167747493833, 0.00294947624207, -0.00266307964921, 0.00248396047391, -0.00298459501937, 0.00163599348161, -0.00153157464229], [0.000478023837786, -0.00163119134959, 0.00214148568921, -0.00176400516648, 0.000673945003655, -0.000372964364942, 0.000121241624583, -1.3975206457e-05, 0.000844678841531, 0.000490435748361, 0.000913641124498, -0.000518658431247, -0.000157459231559], [-0.000352929899236, 0.00391665799543, -0.00176400516648, 0.0048061190173, -0.0015559802996, 0.00175283208955, -0.00112298259046, 0.00275389268063, -0.00271386024542, 0.00172262650449, -0.00357416900806, 0.00146488007158, -0.00216120062396], [0.000264295085799, -0.00200194795616, 0.000673945003655, -0.0015559802996, 0.00356972054578, -0.00057154922979, 0.00176829402335, -0.00161935400683, 0.000532458187081, -0.00121192343067, 0.00168593437411, -0.000738117145374, 0.00100188842043], [5.11233010911e-05, 0.00217433879152, -0.000372964364942, 0.00175283208955, -0.00057154922979, 0.00470223743469, -0.00271284417249, 0.00228222389705, -0.00318601261824, 0.000634626019746, -0.00194867735263, 0.000974833033979, -0.000992777058855], [4.02596233471e-05, -0.00167747493833, 0.000121241624583, -0.00112298259046, 0.00176829402335, -0.00271284417249, 0.00653423368931, -0.00347656477243, 0.00455877510831, -0.0032400554046, 0.00340843526646, -0.00326542276889, 0.00339432479814], [2.60922515736e-05, 0.00294947624207, -1.3975206457e-05, 0.00275389268063, -0.00161935400683, 0.00228222389705, -0.00347656477243, 0.0102640260011, -0.00460074096918, 0.00485959835351, -0.00523622194305, 0.00276700500399, -0.00335154379718], [4.35209040006e-05, -0.00266307964921, 0.000844678841531, -0.00271386024542, 0.000532458187081, -0.00318601261824, 0.00455877510831, -0.00460074096918, 0.0130377570167, -0.00630562426522, 0.00739070819691, -0.00476325117052, 0.00386480404995], [0.00038470965228, 0.00248396047391, 0.000490435748361, 0.00172262650449, -0.00121192343067, 0.000634626019746, -0.0032400554046, 0.00485959835351, -0.00630562426522, 0.0132513865829, -0.00666349567473, 0.00755622982979, -0.00481656659395], [8.65835972945e-05, -0.00298459501937, 0.000913641124498, -0.00357416900806, 0.00168593437411, -0.00194867735263, 0.00340843526646, -0.00523622194305, 0.00739070819691, -0.00666349567473, 0.0157311428338, -0.00632062135264, 0.00699850870296], [0.000290399853839, 0.00163599348161, -0.000518658431247, 0.00146488007158, -0.000738117145374, 0.000974833033979, -0.00326542276889, 0.00276700500399, -0.00476325117052, 0.00755622982979, -0.00632062135264, 0.0122363567352, -0.00445531774312], [0.000189510465134, -0.00153157464229, -0.000157459231559, -0.00216120062396, 0.00100188842043, -0.000992777058855, 0.00339432479814, -0.00335154379718, 0.00386480404995, -0.00481656659395, 0.00699850870296, -0.00445531774312, 0.0126180890948]]
    },
    "melbands": {
        "dmean": [0.000304103741655, 0.00204531685449, 0.000802557275165, 0.00035959618981, 0.000239580389461, 0.00035447627306, 0.000404718448408, 0.000363550352631, 0.00030134813278, 0.000182462550583, 8.64594258019e-05, 5.79254265176e-05, 6.66655250825e-05, 7.28882441763e-05, 6.22009320068e-05, 4.28349085269e-05, 2.87628172373e-05, 1.60812433023e-05, 1.46939528349e-05, 1.51277581608e-05, 1.67779871845e-05, 1.88244684978e-05, 1.01238756542e-05, 6.57412283545e-06, 8.40577376948e-06, 7.78929461376e-06, 5.05280104335e-06, 3.75826584786e-06, 5.11584084961e-06, 4.82781888422e-06, 2.2581509711e-06, 1.34754066039e-06, 9.41854409575e-07, 4.85367024794e-07, 2.47143958632e-07, 1.27023170648e-07, 9.63606154869e-08, 6.63518093802e-08, 3.20289181843e-08, 5.49495471347e-09],
        "dmean2": [0.000417661649408, 0.00283184205182, 0.00111619126983, 0.000479129521409, 0.000349498150172, 0.000530958932359, 0.000622928317171, 0.000559572305065, 0.000451642554253, 0.000259078311501, 0.000123362056911, 8.15575986053e-05, 9.82374695013e-05, 0.000113221532956, 9.55093782977e-05, 6.49840803817e-05, 4.45199366368e-05, 2.51088913501e-05, 2.26437514357e-05, 2.29449451581e-05, 2.47308944381e-05, 2.84414727503e-05, 1.51707745317e-05, 1.01371806522e-05, 1.30634780362e-05, 1.21291368487e-05, 8.03702096164e-06, 5.85395218877e-06, 7.7916392911e-06, 7.49523815102e-06, 3.53356404048e-06, 2.16221042137e-06, 1.49157597207e-06, 7.57672580676e-07, 3.91775046182e-07, 2.04251605851e-07, 1.52636545181e-07, 1.0679423923e-07, 5.00462462583e-08, 8.58845439211e-09],
        "dvar": [2.36410727439e-07, 6.22946345175e-06, 1.31614638121e-06, 2.0913010701e-07, 1.79717162041e-07, 5.16474699452e-07, 4.76573887909e-07, 4.09536824009e-07, 3.99194163947e-07, 2.16443524437e-07, 4.74348489377e-08, 1.88624600383e-08, 4.40657146328e-08, 4.76456385456e-08, 2.40399558038e-08, 9.35883281983e-09, 6.12479089668e-09, 1.90977655912e-09, 1.87153559317e-09, 1.87011495179e-09, 1.3345682337e-09, 1.07606024091e-09, 3.51192908088e-10, 1.64135718905e-10, 6.05063887882e-10, 3.142211491e-10, 1.28168045621e-10, 1.26667495937e-10, 3.73596681369e-10, 3.53746726356e-10, 6.65949517753e-11, 2.76155678186e-11, 1.2848723821e-11, 3.06236893483e-12, 7.19569315157e-13, 1.89298704207e-13, 9.24056228128e-14, 4.69020472688e-14, 1.04869810887e-14, 3.4426465648e-16],
        "dvar2": [4.32445091292e-07, 1.06075249278e-05, 2.42249598159e-06, 3.16145673196e-07, 3.26384224536e-07, 9.14961560738e-07, 1.01523596641e-06, 9.01622399851e-07, 7.50786682602e-07, 3.92279872585e-07, 8.72406999974e-08, 3.38895489449e-08, 1.03793283301e-07, 1.17093208019e-07, 5.2811838458e-08, 1.97580547479e-08, 1.40801095228e-08, 4.37051417279e-09, 4.07076283793e-09, 4.13088718787e-09, 2.95609936529e-09, 2.19178963867e-09, 7.49118711507e-10, 3.62833901812e-10, 1.54607127101e-09, 7.27706617187e-10, 3.08950476313e-10, 2.86451501408e-10, 7.901719834e-10, 7.15501435877e-10, 1.47711051723e-10, 6.61344590203e-11, 2.81992190015e-11, 6.58848973642e-12, 1.67049880873e-12, 4.56052676092e-13, 2.11961687351e-13, 1.09586364776e-13, 2.39436867956e-14, 7.9988465819e-16],
        "max": [0.0154630038887, 0.0224704202265, 0.0139362765476, 0.00639494555071, 0.00768101587892, 0.0159807167947, 0.0106615312397, 0.00806593894958, 0.00783262774348, 0.00762797286734, 0.00554031739011, 0.00345351733267, 0.00393007090315, 0.00523508666083, 0.00231541297399, 0.00107372133061, 0.000863138760906, 0.000709217449185, 0.000648370187264, 0.000906336586922, 0.000582330627367, 0.000507281918544, 0.000320343795465, 0.000228319244343, 0.000603981898166, 0.000290298426989, 0.000181192532182, 0.000180662900675, 0.000294233090244, 0.000249112898018, 9.78176612989e-05, 8.85940680746e-05, 5.75259509787e-05, 2.95436238957e-05, 1.20639315355e-05, 8.56509905134e-06, 3.84930626751e-06, 3.759251058e-06, 2.00783438231e-06, 4.67812441229e-07],
        "mean": [0.00069631653605, 0.00503568770364, 0.00169903947972, 0.000797569868155, 0.000411486398662, 0.000493230647407, 0.000501277623698, 0.000405402766773, 0.000340561469784, 0.000204519135877, 0.000102385849459, 7.35855137464e-05, 7.62668787502e-05, 7.4493138527e-05, 5.96072095504e-05, 4.32557317254e-05, 2.88448773063e-05, 1.57179492817e-05, 1.49317211253e-05, 1.60753061209e-05, 1.97044118977e-05, 2.301105269e-05, 1.201235591e-05, 7.48930096961e-06, 8.89437524165e-06, 8.52713947097e-06, 5.41670669918e-06, 3.74935257241e-06, 4.87785609948e-06, 4.75647630083e-06, 2.09892027669e-06, 1.23428230836e-06, 8.79599383552e-07, 4.54795213045e-07, 2.19018218672e-07, 1.14007242757e-07, 8.8684714683e-08, 6.05579870694e-08, 3.00032674261e-08, 5.15265075052e-09],
        "median": [0.000357396202162, 0.00467309588566, 0.00139513390604, 0.000511319260113, 0.000236475010752, 0.00022240812541, 0.000160677896929, 5.76524507778e-05, 1.78772370418e-05, 1.60115250765e-05, 1.23320241983e-05, 8.06729713076e-06, 5.93575214225e-06, 4.06026856581e-06, 2.75296315522e-06, 2.00319550459e-06, 1.49817742567e-06, 1.33502612698e-06, 1.4390020624e-06, 1.8513935629e-06, 3.3529695429e-06, 5.15922783961e-06, 3.07476238959e-06, 1.87429236576e-06, 1.71165731899e-06, 1.52114910179e-06, 9.64819946603e-07, 4.47896354672e-07, 2.35753773836e-07, 1.14853250466e-07, 7.80421629543e-08, 5.52277548138e-08, 3.25839728532e-08, 1.99770830989e-08, 1.11042464113e-08, 7.85006903925e-09, 5.6871272136e-09, 5.39110445175e-09, 3.49479800654e-09, 6.47935316511e-10],
        "min": [3.47764951889e-24, 5.81527038971e-24, 4.02769540683e-24, 3.57977860712e-24, 3.72735199995e-24, 5.22125694478e-24, 5.02768901687e-24, 4.8180283265e-24, 6.81432486084e-24, 2.70904971716e-24, 3.82540307174e-24, 7.48544117621e-24, 6.788598529e-24, 3.54010521447e-24, 4.53793576792e-24, 1.05425390858e-23, 8.509491494e-24, 9.9695349789e-24, 7.43709110247e-24, 7.77241615176e-24, 1.01628398217e-23, 7.411232242e-24, 1.21813013753e-23, 8.51861624809e-24, 9.89565105538e-24, 1.10129747089e-23, 1.06448756444e-23, 7.9078612026e-24, 8.58619007323e-24, 1.03850359063e-23, 6.62006391863e-24, 5.01202736689e-24, 6.22767030488e-24, 7.13270596675e-24, 8.86118540707e-24, 7.38706548817e-24, 7.21919115437e-24, 9.68406830541e-24, 8.06411403754e-24, 4.90864714526e-24],
        "var": [8.50163985433e-07, 1.8861155695e-05, 3.02012381326e-06, 8.70345047588e-07, 3.54129554125e-07, 9.28220572405e-07, 7.24410767816e-07, 5.64261142699e-07, 6.32477849649e-07, 3.42442461942e-07, 8.14376335256e-08, 3.59130858385e-08, 5.13861593276e-08, 4.97246759323e-08, 2.77866547549e-08, 1.22766490307e-08, 7.72767538848e-09, 2.0656982791e-09, 2.29122876227e-09, 2.26458585217e-09, 1.8526894463e-09, 1.84573600848e-09, 5.49863488075e-10, 2.39966907456e-10, 5.86799331348e-10, 3.99817595698e-10, 1.49897053103e-10, 1.44866146856e-10, 4.30659480299e-10, 4.35274039035e-10, 7.22954196508e-11, 2.64815443879e-11, 1.42363369357e-11, 3.52933762944e-12, 7.23059741421e-13, 1.8168692733e-13, 9.66712333014e-14, 4.61222585731e-14, 1.08180320577e-14, 3.35262628545e-16]
    },
    "mfcc": {
        "mean": [-743.043762207, 172.864685059, -5.73792743683, 55.0838470459, 6.81393814087, 0.119338169694, 1.70677983761, 8.25040054321, -1.13855576515, -0.917367875576, -1.81747758389, 5.29884719849, 1.36402404308],
        "cov": [[9469.33691406, 1802.50256348, -2525.5300293, -299.114654541, -708.141540527, -590.421508789, -335.980224609, 11.3883810043, -405.259277344, -20.6563129425, 102.029342651, 19.2064361572, -103.931144714], [1802.50256348, 5106.38330078, -601.281738281, -941.92791748, 179.560302734, -911.216674805, -160.922653198, 88.45728302, -146.922653198, -467.353851318, -192.615402222, -205.26461792, 143.450668335], [-2525.5300293, -601.281738281, 1468.88745117, 316.94241333, 56.2025146484, 233.976470947, 107.233154297, 74.2848358154, 68.374961853, -94.0545349121, -112.880142212, 4.38594675064, 23.9778842926], [-299.114654541, -941.92791748, 316.94241333, 775.91809082, 189.131881714, 57.6617355347, -29.9626426697, -54.6621246338, -47.218372345, 52.4053764343, -85.5572128296, -34.996925354, -9.2757101059], [-708.141540527, 179.560302734, 56.2025146484, 189.131881714, 620.668029785, -8.14527225494, -148.524139404, -63.3825950623, 18.5142364502, 59.2786064148, -76.7209014893, -98.0338058472, 43.7445106506], [-590.421508789, -911.216674805, 233.976470947, 57.6617355347, -8.14527225494, 489.890441895, 64.2647247314, -43.8065834045, 107.315589905, 90.4842529297, 96.8541412354, 85.7216567993, -33.2099342346], [-335.980224609, -160.922653198, 107.233154297, -29.9626426697, -148.524139404, 64.2647247314, 283.840881348, 49.2025566101, 2.01916575432, -13.3341169357, 52.964466095, 85.1960372925, -14.7669763565], [11.3883810043, 88.45728302, 74.2848358154, -54.6621246338, -63.3825950623, -43.8065834045, 49.2025566101, 299.394042969, -27.9297542572, -79.1949768066, 27.1802215576, -19.6280269623, 34.9678535461], [-405.259277344, -146.922653198, 68.374961853, -47.218372345, 18.5142364502, 107.315589905, 2.01916575432, -27.9297542572, 233.976379395, 27.6540260315, -2.7950463295, 36.4631919861, -30.5539569855], [-20.6563129425, -467.353851318, -94.0545349121, 52.4053764343, 59.2786064148, 90.4842529297, -13.3341169357, -79.1949768066, 27.6540260315, 253.154602051, 47.5273742676, -28.1630191803, -15.7871742249], [102.029342651, -192.615402222, -112.880142212, -85.5572128296, -76.7209014893, 96.8541412354, 52.964466095, 27.1802215576, -2.7950463295, 47.5273742676, 226.783325195, 70.1688308716, -34.9876098633], [19.2064361572, -205.26461792, 4.38594675064, -34.996925354, -98.0338058472, 85.7216567993, 85.1960372925, -19.6280269623, 36.4631919861, -28.1630191803, 70.1688308716, 167.207473755, -16.48138237], [-103.931144714, 143.450668335, 23.9778842926, -9.2757101059, 43.7445106506, -33.2099342346, -14.7669763565, 34.9678535461, -30.5539569855, -15.7871742249, -34.9876098633, -16.48138237, 117.691986084]],
