{
"lowlevel": {
    "average_loudness": 0.933598279953,
    "barkbands_crest": {
        "dmean": 3.42211318016,
        "dmean2": 5.58815145493,
        "dvar": 9.4940700531,
        "dvar2": 23.9413433075,
        "max": 26.1596450806,
        "mean": 11.0639886856,
        "median": 10.2889814377,
        "min": 2.35346293449,
        "var": 20.675453186
    },
    "barkbands_flatness_db": {
        "dmean": 0.0451699569821,
        "dmean2": 0.0673843249679,
        "dvar": 0.00215217284858,
        "dvar2": 0.00456532929093,
        "max": 0.58608353138,
        "mean": 0.240899398923,
        "median": 0.243403598666,
        "min": 0.0196568071842,
        "var": 0.00638285186142
    },
    "barkbands_kurtosis": {
        "dmean": 9.3137216568,
        "dmean2": 15.3285274506,
        "dvar": 371.335357666,
        "dvar2": 960.140197754,
        "max": 257.770294189,
        "mean": 10.5070257187,
        "median": 4.10681915283,
        "min": -1.95220255852,
        "var": 377.608306885
    },
    "barkbands_skewness": {
        "dmean": 1.24480390549,
        "dmean2": 1.8861014843,
        "dvar": 2.20897126198,
        "dvar2": 5.18497133255,
        "max": 14.0332422256,
        "mean": 1.54880774021,
        "median": 1.45290672779,
        "min": -7.53797960281,
        "var": 4.52710819244
    },
    "barkbands_spread": {
        "dmean": 9.42414283752,
        "dmean2": 15.5193681717,
        "dvar": 188.561920166,
        "dvar2": 497.318450928,
        "max": 104.58380127,
        "mean": 15.1573562622,
        "median": 10.1443891525,
        "min": 0.179700836539,
        "var": 239.002502441
    },
    "dissonance": {
        "dmean": 0.0357428975403,
        "dmean2": 0.054768987,
        "dvar": 0.00155586900655,
        "dvar2": 0.00361584429629,
        "max": 0.500000178814,
        "mean": 0.43194398284,
        "median": 0.448276698589,
        "min": 0.138805761933,
        "var": 0.00403665192425
    },
    "dynamic_complexity": 4.40077209473,
    "erbbands_crest": {
        "dmean": 3.64659643173,
        "dmean2": 6.01148080826,
        "dvar": 10.2693529129,
        "dvar2": 25.440864563,
        "max": 30.4459629059,
        "mean": 11.6161088943,
        "median": 10.7039546967,
        "min": 2.69377422333,
        "var": 23.0224838257
    },
    "erbbands_flatness_db": {
        "dmean": 0.0352212227881,
        "dmean2": 0.0533162653446,
        "dvar": 0.00118067848962,
        "dvar2": 0.002761651529,
        "max": 0.511306226254,
        "mean": 0.258727371693,
        "median": 0.264278411865,
        "min": 0.0860139280558,
        "var": 0.00353496638127
    },
    "erbbands_kurtosis": {
        "dmean": 4.18519306183,
        "dmean2": 6.70053720474,
        "dvar": 63.3289375305,
        "dvar2": 133.191925049,
        "max": 176.200881958,
        "mean": 3.84975910187,
        "median": 1.15268087387,
        "min": -1.8904453516,
        "var": 88.3467559814
    },
    "erbbands_skewness": {
        "dmean": 0.8883497715,
        "dmean2": 1.35231029987,
        "dvar": 1.00662899017,
        "dvar2": 2.2154507637,
        "max": 9.30000782013,
        "mean": 0.71749150753,
        "median": 0.670435845852,
        "min": -5.644780159,
        "var": 2.38955068588
    },
    "erbbands_spread": {
        "dmean": 13.4968566895,
        "dmean2": 21.9568595886,
        "dvar": 255.000900269,
        "dvar2": 660.836853027,
        "max": 132.242889404,
        "mean": 28.5137290955,
        "median": 22.8079662323,
        "min": 0.518331587315,
        "var": 408.126068115
    },
    "hfc": {
        "dmean": 9.80826568604,
        "dmean2": 14.5612487793,
        "dvar": 150.020126343,
        "dvar2": 309.962158203,
        "max": 85.2643737793,
        "mean": 15.5952577591,
        "median": 9.97636985779,
        "min": 1.15695383233e-16,
        "var": 285.320220947
    },
    "melbands_crest": {
        "dmean": 4.48727750778,
        "dmean2": 7.30347299576,
        "dvar": 17.6145820618,
        "dvar2": 42.6595001221,
        "max": 35.2544631958,
        "mean": 14.1993846893,
        "median": 12.9867668152,
        "min": 2.14798235893,
        "var": 37.9475021362
    },
    "melbands_flatness_db": {
        "dmean": 0.0569964833558,
        "dmean2": 0.080007866025,
        "dvar": 0.00393344135955,
        "dvar2": 0.00788051076233,
        "max": 0.641331553459,
        "mean": 0.260979652405,
        "median": 0.267677694559,
        "min": 0.00652393884957,
        "var": 0.012819067575
    },
    "melbands_kurtosis": {
        "dmean": 14.8496875763,
        "dmean2": 24.7020645142,
        "dvar": 1172.35400391,
        "dvar2": 3180.20727539,
        "max": 568.895629883,
        "mean": 18.1550998688,
        "median": 7.74132537842,
        "min": -1.89808154106,
        "var": 1105.59680176
    },
    "melbands_skewness": {
        "dmean": 1.3838275671,
        "dmean2": 2.14077425003,
        "dvar": 2.78700852394,
        "dvar2": 6.96775722504,
        "max": 17.0139923096,
        "mean": 2.321434021,
        "median": 2.03389906883,
        "min": -3.64676213264,
        "var": 5.24018573761
    },
    "melbands_spread": {
        "dmean": 16.9382247925,
        "dmean2": 27.4634513855,
        "dvar": 911.305725098,
        "dvar2": 2192.06933594,
        "max": 227.708084106,
        "mean": 26.1114788055,
        "median": 13.0093069077,
        "min": 0.220981031656,
        "var": 1300.71801758
    },
    "pitch_salience": {
        "dmean": 0.0977030098438,
        "dmean2": 0.154903918505,
        "dvar": 0.0104955881834,
        "dvar2": 0.0248413030058,
        "max": 0.97975987196,
        "mean": 0.640288352966,
        "median": 0.677446961403,
        "min": 0.0395914837718,
        "var": 0.0221484601498
    },
    "silence_rate_20dB": {
        "dmean": 0,
        "dmean2": 0,
        "dvar": 0,
        "dvar2": 0,
        "max": 1,
        "mean": 1,
        "median": 1,
        "min": 1,
        "var": 0
    },
    "silence_rate_30dB": {
        "dmean": 0,
        "dmean2": 0,
        "dvar": 0,
        "dvar2": 0,
        "max": 1,
        "mean": 1,
        "median": 1,
        "min": 1,
        "var": 0
    },
    "silence_rate_60dB": {
        "dmean": 0.114285714924,
        "dmean2": 0.228659719229,
        "dvar": 0.101224511862,
        "dvar2": 0.225043430924,
        "max": 1,
        "mean": 0.19760710001,
        "median": 0,
        "min": 0,
        "var": 0.158560618758
    },
    "spectral_centroid": {
        "dmean": 523.482116699,
        "dmean2": 778.054077148,
        "dvar": 552665.75,
        "dvar2": 974267.0625,
        "max": 11299.8515625,
        "mean": 1388.16308594,
        "median": 942.82635498,
        "min": 142.232452393,
        "var": 1445785
    },
    "spectral_complexity": {
        "dmean": 4.36602306366,
        "dmean2": 6.16763210297,
        "dvar": 23.0051345825,
        "dvar2": 41.0354919434,
        "max": 44,
        "mean": 10.3404092789,
        "median": 9,
        "min": 0,
        "var": 70.6661376953
    },
    "spectral_decrease": {
        "dmean": 2.91374702144e-09,
        "dmean2": 4.2639216602e-09,
        "dvar": 1.26630126941e-17,
        "dvar2": 2.72227770026e-17,
        "max": 5.25579601254e-29,
        "mean": -5.35134780932e-09,
        "median": -4.04253919228e-09,
        "min": -2.75064149236e-08,
        "var": 2.57923054451e-17
    },
    "spectral_energy": {
        "dmean": 0.0117110945284,
        "dmean2": 0.0172023978084,
        "dvar": 0.000201611605007,
        "dvar2": 0.000435310241301,
        "max": 0.10709272325,
        "mean": 0.0216117817909,
        "median": 0.0168490875512,
        "min": 1.04409200687e-20,
        "var": 0.000406605598982
    },
    "spectral_energyband_high": {
        "dmean": 0.000484836782562,
        "dmean2": 0.000713216955774,
        "dvar": 1.68446206317e-06,
        "dvar2": 3.22313303514e-06,
        "max": 0.015504498966,
        "mean": 0.000595736899413,
        "median": 6.3257648435e-05,
        "min": 7.5562666229e-21,
        "var": 2.66131473836e-06
    },
    "spectral_energyband_low": {
        "dmean": 0.00147400016431,
        "dmean2": 0.00216447003186,
        "dvar": 1.32769946504e-05,
        "dvar2": 3.0211156627e-05,
        "max": 0.0468652807176,
        "mean": 0.00276345084421,
        "median": 0.000232453123317,
        "min": 5.24169325428e-23,
        "var": 2.53664384218e-05
    },
    "spectral_energyband_middle_high": {
        "dmean": 0.00283931312151,
        "dmean2": 0.00422719446942,
        "dvar": 2.93751054414e-05,
        "dvar2": 5.68709401705e-05,
        "max": 0.0619213990867,
        "mean": 0.00364201446064,
        "median": 0.00105872412678,
        "min": 1.48402684435e-21,
        "var": 4.90028687636e-05
    },
    "spectral_energyband_middle_low": {
        "dmean": 0.00880049262196,
        "dmean2": 0.0130320014432,
        "dvar": 0.000120656863146,
        "dvar2": 0.000257744657574,
        "max": 0.0941034480929,
        "mean": 0.0152113428339,
        "median": 0.0108709204942,
        "min": 2.60149867748e-22,
        "var": 0.000248451455263
    },
    "spectral_entropy": {
        "dmean": 0.386317938566,
        "dmean2": 0.566012203693,
        "dvar": 0.195101186633,
        "dvar2": 0.37958085537,
        "max": 9.80650234222,
        "mean": 7.0643415451,
        "median": 7.08077526093,
        "min": 3.41833353043,
        "var": 0.613430082798
    },
    "spectral_flux": {
        "dmean": 0.039431694895,
        "dmean2": 0.0632007271051,
        "dvar": 0.00158056640066,
        "dvar2": 0.00369995320216,
        "max": 0.284423738718,
        "mean": 0.0911892950535,
        "median": 0.0834346190095,
        "min": 6.84590092948e-11,
        "var": 0.0034474756103
    },
    "spectral_kurtosis": {
        "dmean": 5.33995723724,
        "dmean2": 8.94340991974,
        "dvar": 44.3106765747,
        "dvar2": 112.121559143,
        "max": 81.2623443604,
        "mean": 7.27831554413,
        "median": 4.62985801697,
        "min": -1.17879116535,
        "var": 66.6023025513
    },
    "spectral_rms": {
        "dmean": 0.00133220409043,
        "dmean2": 0.0018575321883,
        "dvar": 2.0159864107e-06,
        "dvar2": 3.88532862416e-06,
        "max": 0.0102215800434,
        "mean": 0.00390530074947,
        "median": 0.00405439687893,
        "min": 3.19159260652e-12,
        "var": 5.83322798775e-06
    },
    "spectral_rolloff": {
        "dmean": 807.663513184,
        "dmean2": 1321.21008301,
        "dvar": 2014001.25,
        "dvar2": 3754252.5,
        "max": 18949.21875,
        "mean": 1700.94152832,
        "median": 689.0625,
        "min": 21.533203125,
        "var": 4239950
    },
    "spectral_skewness": {
        "dmean": 0.667675435543,
        "dmean2": 1.05201864243,
        "dvar": 0.49122607708,
        "dvar2": 1.15396904945,
        "max": 8.01497173309,
        "mean": 1.6089411974,
        "median": 1.40203201771,
        "min": -0.66988068819,
        "var": 1.10569918156
    },
    "spectral_spread": {
        "dmean": 731431.8125,
        "dmean2": 1170486,
        "dvar": 1.0307099689e+12,
        "dvar2": 2.1992725545e+12,
        "max": 40492236,
        "mean": 3235241.75,
        "median": 2902767.5,
        "min": 1033758,
        "var": 2.3717216256e+12
    },
    "spectral_strongpeak": {
        "dmean": 0.653840482235,
        "dmean2": 1.05204319954,
        "dvar": 0.615898013115,
        "dvar2": 1.45482587814,
        "max": 6.18221092224,
        "mean": 1.02520728111,
        "median": 0.678728818893,
        "min": 0,
        "var": 1.06745481491
    },
    "zerocrossingrate": {
        "dmean": 0.0196669884026,
        "dmean2": 0.0215486865491,
        "dvar": 0.000826079340186,
        "dvar2": 0.000943069171626,
        "max": 0.49609375,
        "mean": 0.0602479875088,
        "median": 0.0380859375,
        "min": 0.00341796875,
        "var": 0.00341010792181
    },
    "barkbands": {
        "dmean": [1.07109499368e-05, 0.00044750890811, 0.000931440794375, 0.000688907806762, 0.00259577040561, 0.00197392236441, 0.00238058739342, 0.00216592452489, 0.00168280652724, 0.000920590304304, 0.000376815121854, 0.000380768615287, 0.000382680766052, 0.000352401577402, 0.000327053014189, 0.000242968162638, 0.000245844450546, 0.000223914350499, 0.000209427482332, 0.000171226114617, 0.000184135016752, 0.000140953590744, 8.07103569969e-05, 3.59615405614e-05, 3.91696175939e-06, 3.09359542428e-08, 8.73545458191e-10],
        "dmean2": [1.59419705597e-05, 0.000638985598926, 0.00140582898166, 0.000971992034465, 0.00373050500639, 0.0029468506109, 0.0037244677078, 0.00348644470796, 0.00271782628261, 0.0014797950862, 0.000598275044467, 0.000603345572017, 0.000594775658101, 0.000554276921321, 0.000527177064214, 0.000389041670132, 0.000390300003346, 0.000352701754309, 0.000318725418765, 0.000252937694313, 0.000280873529846, 0.000211245496757, 0.000126265091239, 5.44588401681e-05, 6.10450024396e-06, 5.24388568124e-08, 1.61877011795e-09],
        "dvar": [2.06376116196e-09, 1.54381370976e-06, 7.07777053321e-06, 1.76150979314e-06, 1.95841384993e-05, 1.47321234181e-05, 2.82552591671e-05, 2.11282458622e-05, 1.71293904714e-05, 8.80513471202e-06, 1.73341493337e-06, 1.44290413573e-06, 1.09825612071e-06, 1.12465556867e-06, 8.52882578783e-07, 3.78012089186e-07, 3.70873749489e-07, 4.45214567435e-07, 2.62520586602e-07, 1.69826350316e-07, 3.41427607964e-07, 2.09239800597e-07, 8.63489475478e-08, 2.28467058605e-08, 1.82252629655e-10, 2.3933490213e-14, 1.72620527343e-18],
        "dvar2": [3.1701890002e-09, 2.98684244626e-06, 1.66919126059e-05, 3.49679248757e-06, 3.72944341507e-05, 2.93285847874e-05, 6.47158376523e-05, 4.74297303299e-05, 4.05859027524e-05, 2.01608872885e-05, 3.85774046663e-06, 3.26777922055e-06, 2.39246992351e-06, 2.4034964099e-06, 2.06913750844e-06, 9.05946819785e-07, 8.5243527792e-07, 1.00976922113e-06, 6.02010402417e-07, 3.62025673439e-07, 7.17570117104e-07, 4.0725487338e-07, 2.0293128955e-07, 5.19469018911e-08, 3.81948916939e-10, 5.51358275442e-14, 5.4646462941e-18],
        "max": [0.00244831526652, 0.0185414664447, 0.0385835394263, 0.0217897519469, 0.0517141669989, 0.0515290461481, 0.0802930891514, 0.0505175925791, 0.0421352870762, 0.0421988889575, 0.0195714645088, 0.0262150801718, 0.0129897994921, 0.0153087908402, 0.012277581729, 0.00775172701105, 0.0116537827998, 0.0132751353085, 0.00869768671691, 0.00719251297414, 0.0120975757018, 0.00673666968942, 0.00402459828183, 0.00363909662701, 0.000206177559448, 2.3872175916e-06, 1.2101045499e-08],
        "mean": [1.27996045194e-05, 0.00102546182461, 0.0013046648819, 0.00131345563568, 0.00430570309982, 0.00280605559237, 0.00254684919491, 0.00232080137357, 0.00156948145013, 0.000873572658747, 0.000347370398231, 0.00038783470518, 0.000388687301893, 0.000360064354027, 0.00033939871355, 0.000263860041741, 0.000270677119261, 0.000235336949117, 0.000245178554906, 0.00020099215908, 0.000206769356737, 0.000157510788995, 8.56854021549e-05, 3.91199719161e-05, 4.39389623352e-06, 2.71801248175e-08, 7.15418724262e-10],
        "median": [4.02428850066e-06, 1.21675311675e-05, 1.86317447515e-05, 0.000227848882787, 0.00155254988931, 0.000590459618252, 0.000271358614555, 0.000169235674548, 6.02441687079e-05, 2.93728044198e-05, 1.58446109708e-05, 2.58634281636e-05, 2.22366234084e-05, 2.10872294701e-05, 2.60042015725e-05, 3.5545337596e-05, 4.76306486235e-05, 3.62500759366e-05, 3.86411556974e-05, 2.83683748421e-05, 1.45999865708e-05, 8.27530038805e-06, 2.78777019957e-06, 2.00640488401e-06, 2.14530800235e-07, 4.08745842728e-10, 2.36866581904e-10],
        "min": [2.49578136864e-25, 1.13935077989e-23, 1.9461654099e-24, 3.71489493962e-23, 2.67464899191e-23, 4.6733851575e-24, 4.52001679246e-23, 3.34589704705e-23, 4.4653528338e-23, 5.90899100955e-23, 2.61236305919e-23, 7.30119545428e-23, 7.75184644588e-23, 9.44984114538e-23, 1.77463133737e-22, 1.8124773495e-22, 8.55288420804e-23, 1.62792984094e-22, 2.04306366402e-22, 2.09867911514e-22, 4.04389184139e-22, 5.53853359809e-22, 5.98925666002e-22, 9.44120848272e-22, 9.76311421915e-22, 1.74259288135e-21, 2.2270143646e-21],
        "var": [4.9790185308e-09, 5.5779782997e-06, 9.6337416835e-06, 5.4270540204e-06, 4.65416305815e-05, 2.79915784631e-05, 3.41641243722e-05, 2.8742611903e-05, 1.81539635378e-05, 9.89169348031e-06, 1.86761485566e-06, 1.78392792805e-06, 1.42787780533e-06, 1.43572390243e-06, 1.02695219084e-06, 4.89352771638e-07, 4.42030142267e-07, 5.2059834843e-07, 3.47357968167e-07, 2.48213382292e-07, 4.61422160924e-07, 2.98009865674e-07, 9.63601110016e-08, 2.41782682764e-08, 2.35814895388e-10, 2.47150017737e-14, 1.3605392269e-18]
    },
    "erbbands": {
        "dmean": [0.00398546690121, 0.13799738884, 0.951372206211, 1.50185513496, 5.23956871033, 10.1940279007, 11.5803575516, 18.6975860596, 34.0523643494, 34.5730247498, 48.1086120605, 35.9606018066, 33.4877281189, 19.1762256622, 15.1041955948, 15.4202928543, 16.8900566101, 17.193862915, 18.0730514526, 14.1805973053, 13.223742485, 13.8387756348, 12.0251150131, 11.2597055435, 10.0103178024, 7.47184991837, 8.83796405792, 6.01759147644, 5.10488891602, 4.67590093613, 1.55494606495, 1.00494194031, 0.432522654533, 0.0964033231139, 0.00424595968798, 0.000421845325036, 3.17197700497e-05, 5.95846631768e-06, 7.04567764842e-06, 1.3880014194e-05],
        "dmean2": [0.00567383039743, 0.19719094038, 1.41069257259, 2.19693660736, 7.4117193222, 14.8098554611, 16.5849781036, 27.5006694794, 53.0778884888, 54.3159217834, 77.1636428833, 57.2184371948, 52.5367851257, 30.0658283234, 23.9817676544, 23.8490257263, 25.735956192, 26.5405254364, 28.0858612061, 22.5196914673, 20.8425483704, 21.4139785767, 18.798242569, 17.3398895264, 14.9675207138, 11.1600589752, 13.328122139, 8.90374088287, 7.60368824005, 7.29888629913, 2.35133314133, 1.55502867699, 0.644994020462, 0.14459349215, 0.00633802684024, 0.000657365249936, 4.75881424791e-05, 8.59340616444e-06, 1.04347927845e-05, 2.0589441192e-05],
        "dvar": [0.000158487906447, 0.145632401109, 7.1492729187, 10.8314666748, 75.3287887573, 454.112731934, 836.215454102, 1494.36608887, 6515.24462891, 4882.42724609, 10470.0244141, 7768.64257812, 9725.80175781, 3670.44970703, 2278.77880859, 2414.73901367, 2085.08325195, 2594.14257812, 2534.62597656, 1621.87915039, 986.099487305, 1062.96923828, 1280.95544434, 693.663879395, 593.849731445, 336.955841064, 689.870727539, 404.039337158, 290.58505249, 273.251922607, 28.6254425049, 20.3924026489, 2.58064770699, 0.112853579223, 0.000188587859157, 2.97836731988e-06, 1.01534700647e-08, 1.95572308348e-10, 6.23601864591e-11, 2.65149818768e-10],
        "dvar2": [0.000246597395744, 0.291527986526, 16.5098304749, 24.6529865265, 142.599533081, 902.026367188, 1541.71777344, 3239.0703125, 14983.4589844, 11072.5068359, 23449.8515625, 18090.5195312, 21525.9609375, 8096.62939453, 4925.77783203, 5518.90869141, 4303.45458984, 5282.67675781, 5802.47412109, 3861.33642578, 2280.59814453, 2292.54003906, 2925.24194336, 1581.11254883, 1247.69812012, 718.466125488, 1504.25195312, 838.828613281, 572.297485352, 643, 62.0094223022, 48.4693145752, 5.65048742294, 0.236871927977, 0.000383781967685, 6.33345098322e-06, 2.15802398174e-08, 3.96645744027e-10, 1.4228961065e-10, 5.81119541376e-10],
        "max": [0.483030349016, 5.30265522003, 39.8103065491, 55.1811218262, 116.1043396, 283.60043335, 490.723144531, 621.31060791, 1282.92260742, 762.545715332, 1164.2800293, 897.654785156, 1172.66369629, 807.814819336, 827.155761719, 1087.78527832, 699.665649414, 933.045959473, 571.957275391, 584.126159668, 441.334381104, 697.164489746, 620.034729004, 341.690856934, 393.792449951, 295.536651611, 606.293518066, 349.480743408, 278.903137207, 246.962417603, 79.5560913086, 123.377418518, 30.7940311432, 5.55417490005, 0.192527040839, 0.0273764748126, 0.00156364985742, 0.000195380082005, 5.47574709344e-05, 0.000118969444884],
        "mean": [0.00893940776587, 0.309682130814, 1.5073171854, 2.75112581253, 9.72596740723, 14.8620738983, 16.4948234558, 26.612449646, 38.0323104858, 39.4978218079, 49.927822113, 35.2313842773, 33.5887451172, 18.3125476837, 15.4124603271, 15.4378995895, 17.7056274414, 17.9845676422, 19.1341514587, 15.6123552322, 15.2850522995, 15.5423355103, 12.9851322174, 12.6245889664, 12.207701683, 9.02900600433, 9.99038791656, 6.51041316986, 5.58799791336, 4.96230983734, 1.71575188637, 1.0558283329, 0.47553935647, 0.109465755522, 0.0049623879604, 0.000461218849523, 4.1711373342e-05, 8.27676649351e-06, 1.29477375594e-05, 2.58791133092e-05],
        "median": [0.000477861991385, 0.00430592382327, 0.0583088956773, 0.951323151588, 3.76075816154, 3.00319194794, 3.17310523987, 5.41081237793, 5.88849639893, 4.84797811508, 4.28180408478, 1.82468831539, 1.25719094276, 0.82045853138, 0.883153915405, 1.12570047379, 1.08964002132, 1.11728358269, 1.4125109911, 1.68610906601, 2.38994336128, 2.96840810776, 2.26902508736, 2.14949822426, 1.89275491238, 1.37010920048, 0.992899477482, 0.393564462662, 0.304592758417, 0.20639179647, 0.0669774934649, 0.0489625073969, 0.0227810628712, 0.00563722057268, 0.000309353345074, 3.59895129804e-05, 1.29971067508e-05, 2.89341733151e-06, 1.1111650565e-05, 2.15976997424e-05],
        "min": [5.56550784477e-22, 1.99050836212e-21, 3.60005400792e-21, 5.65274744974e-20, 1.34486888473e-19, 8.89039246711e-20, 3.57423999514e-20, 5.4821860386e-20, 4.80952845134e-19, 6.1771604418e-19, 5.70406483021e-19, 1.09583295228e-18, 1.06709018376e-18, 2.13308290563e-18, 2.26053406724e-18, 2.56727021596e-18, 3.72336286228e-18, 3.48205401167e-18, 6.71242674144e-18, 9.89557573004e-18, 9.19255989052e-18, 6.16054176291e-18, 1.00215048793e-17, 9.07738987947e-18, 1.24773470425e-17, 1.12694036135e-17, 1.62562017298e-17, 1.44101811024e-17, 1.93593515998e-17, 1.8691489282e-17, 1.78317177533e-17, 1.83012353951e-17, 1.43872681994e-17, 1.03316463238e-17, 6.90983628976e-18, 5.14823109824e-18, 3.47100618741e-18, 1.31318572177e-18, 2.92176865213e-19, 3.26195863439e-20],
        "var": [0.000549896911252, 0.476153463125, 11.1050224304, 20.1090984344, 217.136535645, 954.794372559, 1679.26818848, 2696.76611328, 7890.15527344, 7093.10595703, 13094.4023438, 8568.04101562, 11931.5869141, 4058.86132812, 2995.8659668, 2706.11694336, 2958.18676758, 3403.03442383, 3257.16870117, 2059.49560547, 1435.94958496, 1381.60229492, 1502.11669922, 905.488342285, 921.836730957, 493.966918945, 907.11328125, 537.314086914, 403.821838379, 304.854034424, 36.6808815002, 19.6694889069, 3.08674454689, 0.148173481226, 0.000278220162727, 3.80745154871e-06, 1.35512987498e-08, 3.0061300671e-10, 1.25280577579e-10, 5.31306554308e-10]
    },
    "gfcc": {
        "mean": [-130.423431396, 128.37940979, -149.201065063, 50.6956825256, -77.3133621216, -11.9318141937, -37.0810699463, -14.7511892319, -5.70881843567, -21.4784030914, 2.21111702919, -21.9689712524, 1.03408479691],
        "cov": [[14339.9257812, 1156.71350098, -2161.26416016, -693.164306641, -252.37828064, -1434.29638672, -182.132415771, -390.594055176, 63.9293785095, -287.495178223, -172.324386597, -554.67364502, -419.456695557], [1156.71350098, 3478.34399414, 610.546081543, -1326.09960938, 295.458526611, -960.322875977, -21.0941848755, -336.474487305, -69.4704055786, -467.397583008, 96.2291717529, -256.711334229, -165.577987671], [-2161.26416016, 610.546081543, 2104.07250977, 706.216552734, 153.326004028, 205.868560791, -163.242919922, 154.3855896, 98.947517395, -106.739402771, 99.217376709, 35.8249320984, 14.2092046738], [-693.164306641, -1326.09960938, 706.216552734, 1574.46862793, 209.546478271, 457.396606445, -185.650878906, 276.034881592, 228.986923218, 212.102371216, 15.234131813, 89.4520797729, 92.4636611938], [-252.37828064, 295.458526611, 153.326004028, 209.546478271, 533.623718262, 65.607170105, -107.672897339, -16.5220584869, 85.3660736084, 4.9383854866, 40.4044837952, -24.7273578644, 18.2834606171], [-1434.29638672, -960.322875977, 205.868560791, 457.396606445, 65.607170105, 1029.88928223, 172.443008423, 207.035888672, 55.8081741333, 177.779708862, 12.8063030243, 103.776771545, 54.2929611206], [-182.132415771, -21.0941848755, -163.242919922, -185.650878906, -107.672897339, 172.443008423, 410.446136475, 60.1700782776, -76.5988388062, 16.793762207, 8.59012794495, 22.3147010803, -21.8604679108], [-390.594055176, -336.474487305, 154.3855896, 276.034881592, -16.5220584869, 207.035888672, 60.1700782776, 343.148468018, 112.964912415, 67.2262191772, 25.9211025238, 24.3923625946, 16.2349720001], [63.9293785095, -69.4704055786, 98.947517395, 228.986923218, 85.3660736084, 55.8081741333, -76.5988388062, 112.964912415, 225.430557251, 70.1257705688, -14.7247238159, -7.99360609055, 7.00823879242], [-287.495178223, -467.397583008, -106.739402771, 212.102371216, 4.9383854866, 177.779708862, 16.793762207, 67.2262191772, 70.1257705688, 233.381134033, 21.8203659058, -13.4945278168, 29.9772224426], [-172.324386597, 96.2291717529, 99.217376709, 15.234131813, 40.4044837952, 12.8063030243, 8.59012794495, 25.9211025238, -14.7247238159, 21.8203659058, 127.127410889, 21.5957241058, -11.9677658081], [-554.67364502, -256.711334229, 35.8249320984, 89.4520797729, -24.7273578644, 103.776771545, 22.3147010803, 24.3923625946, -7.99360609055, -13.4945278168, 21.5957241058, 155.567886353, 47.1344985962], [-419.456695557, -165.577987671, 14.2092046738, 92.4636611938, 18.2834606171, 54.2929611206, -21.8604679108, 16.2349720001, 7.00823879242, 29.9772224426, -11.9677658081, 47.1344985962, 141.687301636]],
        "icov": [[0.000136716815177, -9.9798955489e-05, 0.000241803063545, -0.000222906339332, 0.000177886104211, 3.14992612402e-05, 2.90960761049e-05, 7.57927264203e-05, -0.000136790797114, 0.00027475686511, -8.36294566398e-05, 0.000356367934728, 0.000193131694687], [-9.9798955489e-05, 0.00194889283739, -0.00117643456906, 0.00177232676651, -0.00132542627398, 0.00090255914256, -0.000855860824231, 0.000629394606221, -0.00149468064774, 0.00158001831733, -0.00141272891778, 0.00169446447399, -0.000378923054086], [0.000241803063545, -0.00117643456906, 0.0016727943439, -0.00162013620138, 0.00105025002267, -0.000620732316747, 0.000623936764896, -0.000241834102781, 0.000388976593968, 0.000511755701154, -0.000167854319443, -1.2424509805e-05, 0.00031931954436], [-0.000222906339332, 0.00177232676651, -0.00162013620138, 0.00301455729641, -0.00165578478482, 0.00057184137404, -0.000204491021577, -0.000147390906932, -0.00123918324243, -5.24386668985e-05, -0.000462917028926, 0.000320986611769, -0.000487139215693], [0.000177886104211, -0.00132542627398, 0.00105025002267, -0.00165578478482, 0.00347274099477, -0.000947752618231, 0.000822177971713, 0.000477775902255, -0.000376951560611, 0.000232210397371, -0.000701034965459, 0.000324850872857, -0.000257686187979], [3.14992612402e-05, 0.00090255914256, -0.000620732316747, 0.00057184137404, -0.000947752618231, 0.0020686252974, -0.00107060838491, -0.000190837134141, -0.000376995594706, -0.00028067684616, -5.37709365744e-06, -5.39523716725e-06, 0.000102751946542], [2.90960761049e-05, -0.000855860824231, 0.000623936764896, -0.000204491021577, 0.000822177971713, -0.00107060838491, 0.003935883753, -0.00136791716795, 0.00197711959481, -0.00114287005272, 0.000792057951912, -0.00120043603238, 0.000835239479784], [7.57927264203e-05, 0.000629394606221, -0.000241834102781, -0.000147390906932, 0.000477775902255, -0.000190837134141, -0.00136791716795, 0.00508895190433, -0.00325388135388, 0.00147933501285, -0.00217609293759, 0.00147418119013, -0.000528604025021], [-0.000136790797114, -0.00149468064774, 0.000388976593968, -0.00123918324243, -0.000376951560611, -0.000376995594706, 0.00197711959481, -0.00325388135388, 0.00904676318169, -0.00414088880643, 0.00379811436869, -0.00267667183653, 0.00112885877024], [0.00027475686511, 0.00158001831733, 0.000511755701154, -5.24386668985e-05, 0.000232210397371, -0.00028067684616, -0.00114287005272, 0.00147933501285, -0.00414088880643, 0.010186303407, -0.00482997996733, 0.00555128091946, -0.00183053256478], [-8.36294566398e-05, -0.00141272891778, -0.000167854319443, -0.000462917028926, -0.000701034965459, -5.37709365744e-06, 0.000792057951912, -0.00217609293759, 0.00379811436869, -0.00482997996733, 0.0119222635403, -0.0047858688049, 0.0023176309187], [0.000356367934728, 0.00169446447399, -1.2424509805e-05, 0.000320986611769, 0.000324850872857, -5.39523716725e-06, -0.00120043603238, 0.00147418119013, -0.00267667183653, 0.00555128091946, -0.0047858688049, 0.0122539252043, -0.00308983190916], [0.000193131694687, -0.000378923054086, 0.00031931954436, -0.000487139215693, -0.000257686187979, 0.000102751946542, 0.000835239479784, -0.000528604025021, 0.00112885877024, -0.00183053256478, 0.0023176309187, -0.00308983190916, 0.00921102520078]]
    },
    "melbands": {
        "dmean": [7.56318841013e-05, 0.000386367348256, 0.00034430634696, 0.000553730351385, 0.000411935121519, 0.00041320186574, 0.000506177195348, 0.000397210504161, 0.000380442157621, 0.000226176038268, 0.000168265658431, 8.29071432236e-05, 5.05444986629e-05, 4.37287380919e-05, 3.98842603317e-05, 3.78500553779e-05, 3.24268767145e-05, 3.08018570649e-05, 2.37511067098e-05, 1.6578247596e-05, 1.58685415954e-05, 1.49530114868e-05, 1.24475009216e-05, 1.05148592411e-05, 9.33382943913e-06, 7.8477369243e-06, 6.66809546601e-06, 4.80890412291e-06, 5.8954628912e-06, 4.67720064989e-06, 3.20710773849e-06, 3.00959254673e-06, 2.84588691102e-06, 2.62829667008e-06, 9.4870091516e-07, 6.34280638678e-07, 6.08504535649e-07, 3.30199696918e-07, 1.94912246343e-07, 4.28973265798e-08],
        "dmean2": [0.000108645916043, 0.000566036847886, 0.000495086307637, 0.000800726062153, 0.00058951380197, 0.000611529569142, 0.000787800527178, 0.000626694120001, 0.000614922726527, 0.000361635844456, 0.000266268820269, 0.000132312721689, 7.9970814113e-05, 6.84413244016e-05, 6.19854399702e-05, 5.89961673541e-05, 5.06056785525e-05, 4.81804054289e-05, 3.84070590371e-05, 2.67390350928e-05, 2.52538884524e-05, 2.35022525885e-05, 1.964101466e-05, 1.66495647136e-05, 1.45582298501e-05, 1.21212597151e-05, 1.00626903077e-05, 7.36902120479e-06, 8.82461154106e-06, 7.19518538972e-06, 4.80005883219e-06, 4.50852076028e-06, 4.32557226304e-06, 4.17981118517e-06, 1.45958586018e-06, 9.98689642984e-07, 9.56737039814e-07, 5.0198872259e-07, 2.99546826454e-07, 6.55066330069e-08],
        "dvar": [4.36452438635e-08, 1.10829739697e-06, 3.6804345882e-07, 9.09930179205e-07, 8.7471784127e-07, 6.65130926336e-07, 1.35458537898e-06, 6.21948231583e-07, 6.38211020032e-07, 3.30917089286e-07, 2.54374810993e-07, 7.58635252396e-08, 2.78425638101e-08, 2.18701128318e-08, 1.30245698671e-08, 1.28106494302e-08, 1.02484998266e-08, 8.34944646755e-09, 5.07913888725e-09, 2.28809615699e-09, 1.53327706087e-09, 1.30714350455e-09, 1.48735457284e-09, 9.34180954815e-10, 5.40317957043e-10, 4.57051146929e-10, 3.12349979215e-10, 1.68199662531e-10, 2.78874506821e-10, 2.43962211544e-10, 1.32415051146e-10, 1.11881837128e-10, 9.11360362177e-11, 9.65880708748e-11, 1.21813028414e-11, 6.13566489283e-12, 8.48122700542e-12, 1.54432673247e-12, 5.64940672368e-13, 1.99914073468e-14],
        "dvar2": [8.03074868827e-08, 2.51569213106e-06, 7.68417294239e-07, 1.79901849151e-06, 1.60688000506e-06, 1.39901351304e-06, 3.12296333504e-06, 1.38932784921e-06, 1.425144319e-06, 7.74798934344e-07, 5.66083656395e-07, 1.72065057313e-07, 6.17205486719e-08, 4.98524954651e-08, 2.97421678397e-08, 2.89347994453e-08, 2.11967030594e-08, 1.95122993318e-08, 1.23009025188e-08, 5.46136647017e-09, 3.57738350054e-09, 2.80861600643e-09, 3.47673223544e-09, 2.10044670546e-09, 1.26156562974e-09, 1.06922826149e-09, 6.59480747789e-10, 3.74521941238e-10, 6.04381600322e-10, 5.32839383727e-10, 2.8521382478e-10, 2.27833210631e-10, 2.00717345522e-10, 2.36233310691e-10, 2.71106141009e-11, 1.39832338417e-11, 2.07674242386e-11, 3.48158633e-12, 1.23924026423e-12, 4.25098765054e-14],
        "max": [0.00340944784693, 0.0148682156578, 0.00782213173807, 0.0107524469495, 0.0135417869315, 0.0122245931998, 0.0188590344042, 0.00830891355872, 0.00780197605491, 0.00606775097549, 0.0057295919396, 0.00381271145307, 0.00235554366373, 0.00383017351851, 0.00183391908649, 0.00172816240229, 0.0019054163713, 0.0011630076915, 0.00114260276314, 0.000757370435167, 0.0005889867316, 0.000791849510279, 0.000662761041895, 0.000649734574836, 0.000316962046782, 0.000451193685876, 0.00025884329807, 0.000219453882892, 0.000346479442669, 0.000313901866321, 0.00023880097433, 0.000190017934074, 0.000139287003549, 0.000162667623954, 6.29899586784e-05, 4.38895258412e-05, 8.20588611532e-05, 2.26160827879e-05, 1.31257120302e-05, 1.94257654584e-06],
        "mean": [0.000178137008334, 0.000673258269671, 0.00069702626206, 0.000905127089936, 0.000615133438259, 0.000592788506765, 0.000566447677556, 0.000454405759228, 0.000389081833418, 0.000213027349673, 0.000166440120665, 7.66340526752e-05, 4.92734470754e-05, 4.45508412668e-05, 3.95780552935e-05, 3.74764022126e-05, 3.29734648403e-05, 3.1345502066e-05, 2.50960765698e-05, 1.75207878783e-05, 1.79598191608e-05, 1.65256387845e-05, 1.29321442728e-05, 1.09296597657e-05, 1.0093709534e-05, 9.20562251849e-06, 7.75700664235e-06, 5.53146401217e-06, 6.49416870147e-06, 5.07550703333e-06, 3.34290098181e-06, 3.15890861202e-06, 3.04143918584e-06, 2.68562303063e-06, 1.01594275748e-06, 6.53119855087e-07, 6.18144497366e-07, 3.51265867948e-07, 2.15073711729e-07, 4.78390589365e-08],
        "median": [3.91360299545e-06, 8.94666754903e-06, 0.000316485617077, 0.00033133092802, 0.000116749870358, 0.000117560601211, 8.43144298415e-05, 4.33240675193e-05, 2.7458936529e-05, 8.55196503835e-06, 5.77337232244e-06, 3.00675151266e-06, 2.43723729909e-06, 2.8994143122e-06, 2.5627841751e-06, 2.06974732464e-06, 1.85391400009e-06, 1.99993246497e-06, 1.91289336726e-06, 2.07611333281e-06, 2.46065246756e-06, 2.86582258013e-06, 2.20165111386e-06, 1.45748617797e-06, 1.43497686622e-06, 1.28169631353e-06, 1.0117327065e-06, 7.36916376809e-07, 6.12179178461e-07, 2.79288855154e-07, 1.45624767356e-07, 1.49901907776e-07, 1.38529642868e-07, 8.12995324395e-08, 3.35397949414e-08, 2.53456153843e-08, 2.78319483016e-08, 1.45786573924e-08, 9.09812847283e-09, 2.5292279382e-09],
        "min": [3.89051959516e-24, 2.24256490668e-24, 1.39464297156e-23, 7.32268733855e-24, 2.00310795383e-24, 1.07066736272e-24, 9.88389308359e-24, 7.32065996603e-24, 4.21797220704e-24, 7.15202595918e-24, 5.31004481739e-24, 8.96469815733e-24, 5.77598275004e-24, 7.94518378975e-24, 7.17062019958e-24, 7.93614107719e-24, 6.79263670798e-24, 1.07709655938e-23, 1.33745386915e-23, 1.18840396536e-23, 8.64268592468e-24, 5.55203657753e-24, 7.86737055006e-24, 8.06412192615e-24, 6.65977990976e-24, 7.93179524247e-24, 1.06153296481e-23, 6.36823782401e-24, 8.75415118172e-24, 1.24798268523e-23, 6.65187394577e-24, 1.06774193122e-23, 1.05841341436e-23, 1.06111549962e-23, 9.84627388474e-24, 8.99139715466e-24, 1.1739728595e-23, 9.57605115938e-24, 8.97145553984e-24, 8.43667963244e-24],
        "var": [1.70265465727e-07, 1.99662576961e-06, 9.63055981629e-07, 2.0865118131e-06, 1.89899014913e-06, 1.24111852529e-06, 1.63485810845e-06, 9.55538098424e-07, 7.93843867086e-07, 3.52346091859e-07, 3.09112522245e-07, 7.9687026755e-08, 3.25244258192e-08, 2.676298827e-08, 1.49772887426e-08, 1.51355479261e-08, 1.28855273118e-08, 1.00732782116e-08, 6.08269079549e-09, 2.69575761713e-09, 2.17680784509e-09, 1.70447489456e-09, 1.59328095162e-09, 1.1135516953e-09, 6.67510380303e-10, 5.83888160044e-10, 4.51510995259e-10, 2.21018967017e-10, 3.73613945337e-10, 3.08468361965e-10, 1.63261335007e-10, 1.47009932006e-10, 1.13053594264e-10, 9.92418092149e-11, 1.49584702264e-11, 6.63872212411e-12, 7.60362692948e-12, 1.75292950728e-12, 6.78585063574e-13, 2.66134973759e-14]
    },
    "mfcc": {
        "mean": [-750.236755371, 127.172966003, -8.74459171295, 34.1464424133, -8.83032035828, -6.54451799393, -16.3635520935, -5.98741579056, -10.6452312469, -2.684278965, -6.5532207489, -1.44770371914, -4.46571493149],
        "cov": [[13158.6884766, 806.905090332, -2463.74267578, 196.868865967, -971.628479004, -573.16229248, -758.768737793, -332.220245361, -362.199462891, 127.4998703, -35.3529624939, -117.42842865, -223.300125122], [806.905090332, 4571.80175781, -160.203613281, -465.332275391, -220.363845825, -772.425476074, -170.452346802, -213.649688721, -426.04574585, -320.660369873, -133.688980103, -143.415161133, -120.847923279], [-2463.74267578, -160.203613281, 2105.73657227, 505.780029297, 605.57623291, 202.989120483, 133.751525879, 282.969451904, 119.397155762, 121.962631226, -20.5478935242, 107.338981628, 287.857299805], [196.868865967, -465.332275391, 505.780029297, 958.994689941, 454.495452881, -25.030418396, -142.654830933, -1.40132582188, 44.9798851013, 107.714622498, -69.0183792114, 95.6108016968, 149.786697388], [-971.628479004, -220.363845825, 605.57623291, 454.495452881, 972.274536133, 230.843338013, -57.2046737671, 95.3826217651, 79.2181015015, 179.336868286, -45.8823623657, 85.1022109985, 209.484146118], [-573.16229248, -772.425476074, 202.989120483, -25.030418396, 230.843338013, 599.406860352, 201.445877075, 111.031661987, 131.769119263, 125.835639954, 70.1230010986, -5.05687665939, 79.3998336792], [-758.768737793, -170.452346802, 133.751525879, -142.654830933, -57.2046737671, 201.445877075, 413.221008301, 134.623275757, 48.8519706726, 65.8263549805, 65.6905975342, -6.28380393982, 68.6265411377], [-332.220245361, -213.649688721, 282.969451904, -1.40132582188, 95.3826217651, 111.031661987, 134.623275757, 339.177276611, 97.9001541138, 39.0099525452, 63.0652885437, 22.3486614227, 98.4112167358], [-362.199462891, -426.04574585, 119.397155762, 44.9798851013, 79.2181015015, 131.769119263, 48.8519706726, 97.9001541138, 254.559310913, 118.266906738, 30.4316902161, 31.5768642426, 73.4727249146], [127.4998703, -320.660369873, 121.962631226, 107.714622498, 179.336868286, 125.835639954, 65.8263549805, 39.0099525452, 118.266906738, 348.503997803, 58.8264541626, 2.74217200279, 141.784698486], [-35.3529624939, -133.688980103, -20.5478935242, -69.0183792114, -45.8823623657, 70.1230010986, 65.6905975342, 63.0652885437, 30.4316902161, 58.8264541626, 217.603164673, 27.641204834, 10.5471439362], [-117.42842865, -143.415161133, 107.338981628, 95.6108016968, 85.1022109985, -5.05687665939, -6.28380393982, 22.3486614227, 31.5768642426, 2.74217200279, 27.641204834, 173.628738403, 26.8939914703], [-223.300125122, -120.847923279, 287.857299805, 149.786697388, 209.484146118, 79.3998336792, 68.6265411377, 98.4112167358, 73.4727249146, 141.784698486, 10.5471439362, 26.8939914703, 252.884918213]],
