{
"lowlevel": {
    "average_loudness": 0.976836204529,
    "barkbands_crest": {
        "dmean": 3.08323264122,
        "dmean2": 4.86893558502,
        "dvar": 9.52571582794,
        "dvar2": 23.4079837799,
        "max": 26.1326560974,
        "mean": 11.0743408203,
        "median": 10.0019025803,
        "min": 2.68897294998,
        "var": 19.9112472534
    },
    "barkbands_flatness_db": {
        "dmean": 0.0463759824634,
        "dmean2": 0.0675344318151,
        "dvar": 0.00200838316232,
        "dvar2": 0.00398273998871,
        "max": 0.48981243372,
        "mean": 0.237886399031,
        "median": 0.236958712339,
        "min": 0.0370227135718,
        "var": 0.00678436132148
    },
    "barkbands_kurtosis": {
        "dmean": 9.10327911377,
        "dmean2": 14.845454216,
        "dvar": 257.662658691,
        "dvar2": 619.051940918,
        "max": 289.133666992,
        "mean": 11.3054275513,
        "median": 6.61313199997,
        "min": -1.94089138508,
        "var": 308.746368408
    },
    "barkbands_skewness": {
        "dmean": 1.2370762825,
        "dmean2": 1.88417518139,
        "dvar": 1.93867075443,
        "dvar2": 4.48250961304,
        "max": 13.2488059998,
        "mean": 1.94196474552,
        "median": 2.05280804634,
        "min": -14.644908905,
        "var": 3.82927775383
    },
    "barkbands_spread": {
        "dmean": 9.32967662811,
        "dmean2": 14.9811906815,
        "dvar": 180.037857056,
        "dvar2": 428.465667725,
        "max": 92.4824447632,
        "mean": 16.3976631165,
        "median": 9.70505714417,
        "min": 0.41234767437,
        "var": 311.124053955
    },
    "dissonance": {
        "dmean": 0.0223562289029,
        "dmean2": 0.034454267472,
        "dvar": 0.000723810400814,
        "dvar2": 0.00159710191656,
        "max": 0.500000119209,
        "mean": 0.452302962542,
        "median": 0.46550488472,
        "min": 0.210828602314,
        "var": 0.00211223703809
    },
    "dynamic_complexity": 5.03164100647,
    "erbbands_crest": {
        "dmean": 3.22054862976,
        "dmean2": 5.13744831085,
        "dvar": 9.36133956909,
        "dvar2": 21.4593086243,
        "max": 34.1158638,
        "mean": 9.77445602417,
        "median": 8.51608181,
        "min": 2.87886214256,
        "var": 21.9102573395
    },
    "erbbands_flatness_db": {
        "dmean": 0.0278182625771,
        "dmean2": 0.0413881018758,
        "dvar": 0.000805041985586,
        "dvar2": 0.00173298467416,
        "max": 0.467003077269,
        "mean": 0.225956872106,
        "median": 0.225133985281,
        "min": 0.093604683876,
        "var": 0.00260364706628
    },
    "erbbands_kurtosis": {
        "dmean": 4.06365919113,
        "dmean2": 6.54591417313,
        "dvar": 69.479637146,
        "dvar2": 166.758651733,
        "max": 172.693145752,
        "mean": 3.35586071014,
        "median": 0.416636109352,
        "min": -1.87406146526,
        "var": 86.2460021973
    },
    "erbbands_skewness": {
        "dmean": 0.843281567097,
        "dmean2": 1.24952685833,
        "dvar": 0.916774868965,
        "dvar2": 1.92077839375,
        "max": 6.76298999786,
        "mean": 0.506673932076,
        "median": 0.468409270048,
        "min": -6.09416770935,
        "var": 2.53962302208
    },
    "erbbands_spread": {
        "dmean": 13.8454589844,
        "dmean2": 22.3384914398,
        "dvar": 252.132202148,
        "dvar2": 641.932128906,
        "max": 132.156936646,
        "mean": 33.9306755066,
        "median": 30.110042572,
        "min": 0.351755142212,
        "var": 407.262054443
    },
    "hfc": {
        "dmean": 5.08620548248,
        "dmean2": 7.19595909119,
        "dvar": 39.6606864929,
        "dvar2": 78.5267868042,
        "max": 75.3680953979,
        "mean": 9.89505290985,
        "median": 6.93739843369,
        "min": 1.12357663139e-16,
        "var": 103.110298157
    },
    "melbands_crest": {
        "dmean": 4.03200817108,
        "dmean2": 6.38343143463,
        "dvar": 14.8234090805,
        "dvar2": 36.9464759827,
        "max": 36.298664093,
        "mean": 14.4788637161,
        "median": 13.3231239319,
        "min": 1.91451907158,
        "var": 30.3199195862
    },
    "melbands_flatness_db": {
        "dmean": 0.0624190829694,
        "dmean2": 0.0884125977755,
        "dvar": 0.00371899013408,
        "dvar2": 0.00725414324552,
        "max": 0.590869069099,
        "mean": 0.288115143776,
        "median": 0.293176829815,
        "min": 0.00604817364365,
        "var": 0.0128938248381
    },
    "melbands_kurtosis": {
        "dmean": 20.0043296814,
        "dmean2": 32.5907211304,
        "dvar": 1085.51782227,
        "dvar2": 2742.05664062,
        "max": 472.019470215,
        "mean": 25.7068309784,
        "median": 16.1349143982,
        "min": -1.91182434559,
        "var": 1198.42004395
    },
    "melbands_skewness": {
        "dmean": 1.59160637856,
        "dmean2": 2.48659729958,
        "dvar": 3.20589351654,
        "dvar2": 7.8488740921,
        "max": 19.9737148285,
        "mean": 3.21449565887,
        "median": 2.95197486877,
        "min": -8.43366336823,
        "var": 5.36441469193
    },
    "melbands_spread": {
        "dmean": 15.4356136322,
        "dmean2": 24.3509864807,
        "dvar": 735.84967041,
        "dvar2": 1542.90588379,
        "max": 208.091506958,
        "mean": 23.3566207886,
        "median": 8.56818389893,
        "min": 0.482517153025,
        "var": 1255.38256836
    },
    "pitch_salience": {
        "dmean": 0.0933669582009,
        "dmean2": 0.144463166595,
        "dvar": 0.00988021306694,
        "dvar2": 0.0236678421497,
        "max": 0.905858576298,
        "mean": 0.661423206329,
        "median": 0.7013412714,
        "min": 0.047570772469,
        "var": 0.0204630661756
    },
    "silence_rate_20dB": {
        "dmean": 0,
        "dmean2": 0,
        "dvar": 0,
        "dvar2": 0,
        "max": 1,
        "mean": 1,
        "median": 1,
        "min": 1,
        "var": 0
    },
    "silence_rate_30dB": {
        "dmean": 0.00307101733051,
        "dmean2": 0.00614439323545,
        "dvar": 0.00306164589711,
        "dvar2": 0.00917905662209,
        "max": 1,
        "mean": 0.998465061188,
        "median": 1,
        "min": 0,
        "var": 0.0015325815184
    },
    "silence_rate_60dB": {
        "dmean": 0.11055662483,
        "dmean2": 0.221198156476,
        "dvar": 0.0983333066106,
        "dvar2": 0.202221125364,
        "max": 1,
        "mean": 0.246354565024,
        "median": 0,
        "min": 0,
        "var": 0.185666725039
    },
    "spectral_centroid": {
        "dmean": 472.689056396,
        "dmean2": 702.275268555,
        "dvar": 454603.46875,
        "dvar2": 794601.75,
        "max": 11545.6113281,
        "mean": 1222.7779541,
        "median": 727.977478027,
        "min": 143.798568726,
        "var": 1362613.875
    },
    "spectral_complexity": {
        "dmean": 4.38003826141,
        "dmean2": 6.06835651398,
        "dvar": 21.5545921326,
        "dvar2": 36.7073936462,
        "max": 41,
        "mean": 10.0617809296,
        "median": 8,
        "min": 0,
        "var": 73.960723877
    },
    "spectral_decrease": {
        "dmean": 2.7972599792e-09,
        "dmean2": 3.75973829847e-09,
        "dvar": 1.18930762887e-17,
        "dvar2": 2.0995329563e-17,
        "max": -4.19081152192e-29,
        "mean": -6.31868468659e-09,
        "median": -5.01176788958e-09,
        "min": -3.44658701579e-08,
        "var": 3.71071766953e-17
    },
    "spectral_energy": {
        "dmean": 0.0109356427565,
        "dmean2": 0.0146800624207,
        "dvar": 0.000179330658284,
        "dvar2": 0.00031789278728,
        "max": 0.135153099895,
        "mean": 0.0247456748039,
        "median": 0.0197124779224,
        "min": 1.05205555897e-20,
        "var": 0.000562149914913
    },
    "spectral_energyband_high": {
        "dmean": 0.000157093047164,
        "dmean2": 0.000231069585425,
        "dvar": 2.51846927313e-07,
        "dvar2": 5.16421607699e-07,
        "max": 0.0140328994021,
        "mean": 0.000190964041394,
        "median": 3.67708998965e-05,
        "min": 7.5349949949e-21,
        "var": 3.749776738e-07
    },
    "spectral_energyband_low": {
        "dmean": 0.00351150101051,
        "dmean2": 0.00511343963444,
        "dvar": 2.31824833463e-05,
        "dvar2": 4.8574689572e-05,
        "max": 0.0659573599696,
        "mean": 0.00720913941041,
        "median": 0.00644726678729,
        "min": 4.52521822572e-23,
        "var": 4.89886988362e-05
    },
    "spectral_energyband_middle_high": {
        "dmean": 0.00125693448354,
        "dmean2": 0.00181169644929,
        "dvar": 3.54882013198e-06,
        "dvar2": 7.22172353562e-06,
        "max": 0.0234035830945,
        "mean": 0.00184542930219,
        "median": 0.000716401496902,
        "min": 1.52685181836e-21,
        "var": 7.07777508069e-06
    },
    "spectral_energyband_middle_low": {
        "dmean": 0.00782450195402,
        "dmean2": 0.0106847779825,
        "dvar": 0.000108184707642,
        "dvar2": 0.000194926644326,
        "max": 0.106592185795,
        "mean": 0.0165571905673,
        "median": 0.0111112324521,
        "min": 2.76960657721e-22,
        "var": 0.000317379744956
    },
    "spectral_entropy": {
        "dmean": 0.364945262671,
        "dmean2": 0.515847504139,
        "dvar": 0.154698237777,
        "dvar2": 0.290539175272,
        "max": 9.79850387573,
        "mean": 7.04407930374,
        "median": 7.08690547943,
        "min": 4.42528247833,
        "var": 0.568096101284
    },
    "spectral_flux": {
        "dmean": 0.0359330438077,
        "dmean2": 0.0583572983742,
        "dvar": 0.00125629350077,
        "dvar2": 0.00308845052496,
        "max": 0.315808862448,
        "mean": 0.0812216624618,
        "median": 0.0767451673746,
        "min": 6.78121933606e-11,
        "var": 0.00267315725796
    },
    "spectral_kurtosis": {
        "dmean": 5.73528289795,
        "dmean2": 9.36324119568,
        "dvar": 58.0131607056,
        "dvar2": 131.400939941,
        "max": 81.7288589478,
        "mean": 9.07825374603,
        "median": 5.68472766876,
        "min": -1.2471050024,
        "var": 106.871765137
    },
    "spectral_rms": {
        "dmean": 0.00118557002861,
        "dmean2": 0.00152323313523,
        "dvar": 1.62972651196e-06,
        "dvar2": 2.5325880415e-06,
        "max": 0.0114828860387,
        "mean": 0.00412524025887,
        "median": 0.00438539450988,
        "min": 3.20374109186e-12,
        "var": 7.12452492735e-06
    },
    "spectral_rolloff": {
        "dmean": 668.515136719,
        "dmean2": 1094.91796875,
        "dvar": 1569272.375,
        "dvar2": 3031130.5,
        "max": 18863.0859375,
        "mean": 1206.4473877,
        "median": 409.130859375,
        "min": 64.599609375,
        "var": 3123064.75
    },
    "spectral_skewness": {
        "dmean": 0.632296442986,
        "dmean2": 0.98143517971,
        "dvar": 0.434088766575,
        "dvar2": 0.927664518356,
        "max": 7.65658092499,
        "mean": 1.77131354809,
        "median": 1.52437376976,
        "min": -0.218564867973,
        "var": 1.27492821217
    },
    "spectral_spread": {
        "dmean": 591132.4375,
        "dmean2": 928426.5,
        "dvar": 1.16262332006e+12,
        "dvar2": 2.20322385101e+12,
        "max": 42094464,
        "mean": 3042496.25,
        "median": 2842880.5,
        "min": 1037462.5,
        "var": 3.16975087616e+12
    },
    "spectral_strongpeak": {
        "dmean": 0.360974282026,
        "dmean2": 0.577305316925,
        "dvar": 0.338513404131,
        "dvar2": 0.889538288116,
        "max": 9.34157848358,
        "mean": 0.644138455391,
        "median": 0.466775774956,
        "min": 0,
        "var": 0.486281335354
    },
    "zerocrossingrate": {
        "dmean": 0.0153687698767,
        "dmean2": 0.0171747859567,
        "dvar": 0.000547244097106,
        "dvar2": 0.000670725712553,
        "max": 0.49658203125,
        "mean": 0.0445992276073,
        "median": 0.025390625,
        "min": 0.0029296875,
        "var": 0.00228595524095
    },
    "barkbands": {
        "dmean": [2.79894193227e-05, 0.00133719656151, 0.00212262291461, 0.00170161761343, 0.00425324821845, 0.00189536472317, 0.00106369762216, 0.000591873424128, 0.000611513620242, 0.000238357722992, 0.000154300272698, 0.00012357677042, 0.000168596539879, 0.000226500036661, 0.00012876126857, 0.00012486425112, 0.000128832252813, 0.000124453596072, 0.000173082444235, 0.000147458151332, 6.17040641373e-05, 2.16499756789e-05, 1.27447447085e-05, 6.99878864907e-06, 2.49664799412e-06, 1.48628203078e-08, 9.1817881076e-10],
        "dmean2": [4.69709048048e-05, 0.00199790555052, 0.00307707628235, 0.00258267764002, 0.00581157533452, 0.00275061232969, 0.00161328364629, 0.000923605635762, 0.000869593408424, 0.000347119377693, 0.000238610140514, 0.000187378405826, 0.000251203833614, 0.000340812810464, 0.000195233093109, 0.00019307405455, 0.000203435018193, 0.000203052040888, 0.000271932425676, 0.000230976744206, 9.39974997891e-05, 3.42559615092e-05, 1.94134609046e-05, 1.06222214526e-05, 3.77733022106e-06, 2.44771953817e-08, 1.68680491797e-09],
        "dvar": [6.420168841e-09, 5.0994499361e-06, 9.75419970928e-06, 8.5272367869e-06, 4.05430801038e-05, 1.38141958814e-05, 5.31836940354e-06, 2.04517550628e-06, 2.2086280751e-06, 3.51973625357e-07, 2.33595969235e-07, 1.15019005875e-07, 1.45458599832e-07, 3.03300936366e-07, 7.68996955003e-08, 7.37397414241e-08, 6.35123527104e-08, 6.64840399622e-07, 3.03679939861e-07, 2.40190871637e-07, 4.70848959822e-08, 7.60836726954e-09, 1.55459967122e-09, 3.77663428308e-10, 5.13915472677e-11, 2.1220881599e-15, 1.81127635333e-18],
        "dvar2": [1.4192235831e-08, 1.11963299787e-05, 1.88373414858e-05, 1.97213630599e-05, 7.21631222405e-05, 2.84762227238e-05, 1.22253995869e-05, 4.46080503025e-06, 3.96535006075e-06, 7.32361229439e-07, 5.32523131369e-07, 2.58417998111e-07, 2.91466989211e-07, 6.40124824258e-07, 1.68949839008e-07, 1.71579614516e-07, 1.53679977188e-07, 1.70702151081e-06, 7.28480301859e-07, 5.47929118966e-07, 1.01898308458e-07, 1.75386496437e-08, 3.35899752457e-09, 7.85076337273e-10, 9.84109113644e-11, 4.59785662099e-15, 5.53175504361e-18],
        "max": [0.00259960186668, 0.0460490360856, 0.0315811038017, 0.0431577637792, 0.100243642926, 0.0438209362328, 0.0273249223828, 0.0202140621841, 0.0278073940426, 0.00924379192293, 0.00968470610678, 0.00454791868106, 0.00586914317682, 0.0103015918285, 0.00367567222565, 0.00378666608594, 0.00256083440036, 0.0222935359925, 0.0148637304083, 0.0132173364982, 0.00480401422828, 0.00195924052969, 0.000868965405971, 0.000390262721339, 0.000117165276606, 7.04626074821e-07, 1.44987719608e-08],
        "mean": [3.2563417335e-05, 0.00231378572062, 0.00385739258491, 0.00248251622543, 0.00870624743402, 0.00270319147967, 0.00117828173097, 0.00066630798392, 0.000722259632312, 0.000264557078481, 0.000167537771631, 0.000139494921314, 0.000201531860512, 0.000252804369666, 0.000155639339937, 0.00014866766287, 0.000149441257236, 0.000113135538413, 0.000201355971512, 0.000173819149495, 6.69900036883e-05, 2.33085902437e-05, 1.44024115798e-05, 7.77055629442e-06, 2.69538645625e-06, 1.40446152486e-08, 7.637600552e-10],
        "median": [1.11090757855e-05, 0.00100357481278, 0.00179736013524, 0.000442265940364, 0.00444572325796, 0.000654576637316, 0.000117452946142, 3.3076688851e-05, 4.23730234616e-05, 2.23433780775e-05, 1.50892619786e-05, 1.02242029243e-05, 1.95521351998e-05, 3.21013867506e-05, 2.8853512049e-05, 3.72160720872e-05, 3.25521759805e-05, 1.70251805685e-05, 4.44020188297e-05, 3.42718558386e-05, 5.82037409913e-06, 2.306425813e-06, 2.11390033655e-06, 1.35618779495e-06, 3.9906635152e-07, 1.01253228024e-09, 2.14637654872e-10],
        "min": [1.34457347687e-24, 1.49428083705e-23, 6.56325173396e-24, 1.63817206384e-23, 1.56405826625e-23, 1.91993156439e-23, 2.76782450887e-23, 2.0924087438e-23, 3.5277884925e-23, 2.78798968688e-23, 5.54079049758e-23, 8.90509924262e-23, 6.52863115318e-23, 5.85414876833e-23, 1.36768866728e-22, 1.2052907321e-22, 1.20642075957e-22, 1.43617214371e-22, 1.8834586751e-22, 2.28739016846e-22, 3.73252957806e-22, 3.82296661172e-22, 5.68967379395e-22, 7.18865592645e-22, 1.07007091051e-21, 1.60798428181e-21, 2.15089860211e-21],
        "var": [9.95526239222e-09, 9.48440901993e-06, 2.34879789787e-05, 1.78947484528e-05, 0.000121745666547, 2.59214302787e-05, 6.88623185852e-06, 2.84381940219e-06, 3.7575521219e-06, 5.06230037445e-07, 3.08939632987e-07, 1.50785410824e-07, 2.44009328298e-07, 4.18387202217e-07, 1.187240386e-07, 9.42089073419e-08, 8.19938392738e-08, 5.2672601214e-07, 3.51644416696e-07, 3.05421309577e-07, 6.78803502296e-08, 9.07856900767e-09, 2.04892947053e-09, 5.10030462308e-10, 7.66010518904e-11, 2.76587851607e-15, 1.64003125157e-18]
    },
    "erbbands": {
        "dmean": [0.0183220952749, 0.378600627184, 2.09428954124, 3.66376638412, 10.6505384445, 17.797870636, 16.1123771667, 15.7579116821, 15.1829185486, 13.7675924301, 13.5897016525, 13.5729789734, 9.42852783203, 6.40746450424, 5.83485937119, 5.02882289886, 7.18932580948, 11.1896057129, 8.56877803802, 6.19033432007, 7.08886909485, 7.0356669426, 6.1917757988, 6.96624898911, 10.4105329514, 6.84011125565, 3.06743192673, 2.12659072876, 0.841989099979, 0.582573711872, 0.311965852976, 0.183068290353, 0.0931661948562, 0.0460748784244, 0.00754040665925, 0.000429548148531, 1.78318787221e-05, 2.533017323e-06, 5.30746547156e-06, 1.22551136883e-05],
        "dmean2": [0.0298449900001, 0.558002591133, 3.00056672096, 5.54180431366, 14.8569116592, 24.6010837555, 22.8907260895, 22.4017295837, 22.6131362915, 21.0091667175, 20.3924884796, 19.6201171875, 13.5056114197, 9.26963806152, 8.84616756439, 7.4053440094, 10.4395656586, 16.4328289032, 13.1531705856, 9.30232143402, 10.9611930847, 11.0245342255, 10.1041946411, 11.2792100906, 15.9935703278, 10.697429657, 4.59524726868, 3.28906559944, 1.31089746952, 0.886099874973, 0.482173234224, 0.282904416323, 0.140151798725, 0.0699277743697, 0.0115792388096, 0.00064384273719, 2.62188423221e-05, 3.74617638954e-06, 7.23060338714e-06, 1.64662851603e-05],
        "dvar": [0.00222139852121, 0.362053990364, 8.42834377289, 44.0534324646, 258.6328125, 989.952880859, 782.378479004, 1258.9786377, 1217.78234863, 873.815246582, 1094.19128418, 1148.05236816, 546.312927246, 284.397399902, 320.053710938, 172.919067383, 242.730056763, 720.121826172, 364.344299316, 164.954406738, 221.531600952, 195.150787354, 1515.46606445, 1074.99523926, 945.005859375, 632.366638184, 102.760185242, 80.4180374146, 10.6537456512, 5.59918880463, 0.779795348644, 0.279904872179, 0.0614886432886, 0.0166009329259, 0.000634041382, 1.80836457275e-06, 1.89716042875e-09, 2.00064600303e-11, 3.87191285978e-11, 2.1945607831e-10],
        "dvar2": [0.00505626993254, 0.777004718781, 16.347902298, 107.844329834, 464.991455078, 1991.80236816, 1487.89050293, 2587.52734375, 2799.32080078, 1977.77685547, 2244.68310547, 1966.96777344, 1074.14880371, 558.731628418, 719.20489502, 372.913146973, 466.787384033, 1477.02734375, 811.241088867, 356.448181152, 532.630981445, 473.594665527, 4117.67041016, 2744.43920898, 2157.93725586, 1538.56762695, 206.543319702, 181.001068115, 22.9169692993, 12.1300420761, 1.71447432041, 0.592849075794, 0.121758878231, 0.0325233899057, 0.0013226242736, 3.51283142663e-06, 3.71818753564e-09, 3.89797152889e-11, 7.08271497007e-11, 3.93230115137e-10],
        "max": [1.08698546886, 11.4877557755, 32.4059638977, 108.792755127, 310.650421143, 603.061035156, 417.148773193, 514.087890625, 546.301696777, 468.078460693, 543.869018555, 877.29284668, 442.031860352, 340.949279785, 383.883209229, 218.768096924, 193.749359131, 559.598266602, 252.898147583, 170.856796265, 198.97064209, 143.766082764, 1310.96887207, 704.36114502, 1072.03100586, 705.168945312, 218.09135437, 206.031799316, 69.4794616699, 71.5009994507, 15.6703243256, 9.76502799988, 5.15324497223, 2.07494544983, 0.363702565432, 0.0208334196359, 0.000660824589431, 6.004707393e-05, 6.58580756863e-05, 0.000152039167006],
        "mean": [0.0270346943289, 0.698577165604, 4.07206773758, 6.46856641769, 19.6077251434, 31.3640842438, 24.7489700317, 21.4247913361, 17.8362770081, 15.4767513275, 16.0264148712, 16.3645992279, 10.9531679153, 7.42432975769, 6.60151767731, 5.87706899643, 8.82931232452, 12.9993991852, 10.2918987274, 7.64911556244, 8.60223197937, 8.25201034546, 5.9518661499, 7.2452545166, 12.3584737778, 8.03553295135, 3.54587268829, 2.25901937485, 0.922397553921, 0.633699893951, 0.357322394848, 0.203485876322, 0.105325445533, 0.0500750876963, 0.00781835056841, 0.000456625508377, 2.59340995399e-05, 3.99044438382e-06, 1.2424930901e-05, 2.79572977888e-05],
        "median": [0.0120981391519, 0.386281073093, 2.79878950119, 3.98323583603, 7.71250867844, 13.2326793671, 9.22850990295, 5.06330823898, 2.28268718719, 1.25192463398, 0.831397175789, 0.959834098816, 0.826436281204, 0.735966205597, 0.57814180851, 0.458868861198, 0.88957285881, 1.64998197556, 1.87360060215, 1.7353374958, 2.3624625206, 1.87957191467, 1.06368494034, 1.303170681, 2.79498672485, 1.5931417942, 0.580016613007, 0.153153538704, 0.0775438249111, 0.0881481468678, 0.0552197620273, 0.0324365906417, 0.0200640335679, 0.0082343230024, 0.00094489811454, 6.22447550995e-05, 1.34563033498e-05, 2.22903327085e-06, 1.05280532807e-05, 2.22146281885e-05],
        "min": [5.06463645333e-22, 1.98320429269e-21, 9.53180172346e-21, 3.73098005834e-20, 3.79430170359e-20, 5.36140732941e-20, 5.77829407968e-20, 1.54029560357e-19, 3.4656094026e-19, 4.82858565868e-19, 8.49777118936e-19, 7.51307212373e-19, 5.31916321553e-19, 1.47353240877e-18, 3.06451536553e-18, 2.94480661447e-18, 2.51631961254e-18, 3.63076826451e-18, 5.20035174863e-18, 9.02328647714e-18, 6.00639127909e-18, 7.41766521527e-18, 7.8062556419e-18, 9.58535735774e-18, 1.06091670737e-17, 1.19694250592e-17, 1.50320885741e-17, 1.67333095809e-17, 1.31242246154e-17, 1.29598381851e-17, 1.81354998332e-17, 1.55075470271e-17, 1.21453175718e-17, 1.03577686876e-17, 8.64744786684e-18, 5.33273911054e-18, 2.68001762179e-18, 1.19019792336e-18, 2.68989493378e-19, 2.94832825838e-20],
        "var": [0.00293658161536, 0.702057778835, 20.0714435577, 80.0888366699, 713.047607422, 2317.35888672, 1640.00158691, 2173.63623047, 1577.76000977, 1278.72241211, 1650.11608887, 1980.86083984, 821.331726074, 460.80670166, 430.2472229, 246.268173218, 437.595031738, 1066.83178711, 515.956115723, 257.012145996, 275.275817871, 251.576309204, 1074.0168457, 918.204833984, 1260.80737305, 720.44140625, 153.04019165, 102.241653442, 14.1316280365, 6.57189178467, 1.03954708576, 0.359486877918, 0.0908253192902, 0.0242197178304, 0.000831430428661, 2.61524269263e-06, 2.95126634242e-09, 3.66081331915e-11, 1.24729976347e-10, 6.93178570099e-10]
    },
    "gfcc": {
        "mean": [-123.427116394, 151.411407471, -127.500518799, 65.1405410767, -48.9608917236, 0.441753804684, -34.2775268555, -8.83442497253, -13.3696250916, -16.7129917145, 3.17273759842, -25.5949859619, 7.67841720581],
        "cov": [[11234.0947266, 1363.77685547, -921.977050781, -645.955200195, -420.220916748, -1051.32250977, -666.733703613, -101.669433594, -95.2387313843, -305.09487915, -39.3550033569, -592.394287109, -304.055145264], [1363.77685547, 2828.53540039, 706.749633789, -1135.41662598, 348.996612549, -731.829772949, -71.6005325317, -421.141021729, -76.1199493408, -474.568511963, 78.6025466919, -272.746643066, -58.4817237854], [-921.977050781, 706.749633789, 1074.37072754, -30.2988185883, 213.505279541, -203.422317505, -35.6003913879, -205.707962036, -53.1277694702, -206.790252686, -47.079536438, 51.3701286316, 33.9482040405], [-645.955200195, -1135.41662598, -30.2988185883, 946.755554199, 25.2745437622, 157.850326538, -38.3611602783, 98.5435333252, 64.1313095093, 150.164993286, -40.0292282104, 106.568847656, 68.1267242432], [-420.220916748, 348.996612549, 213.505279541, 25.2745437622, 339.057495117, -94.2460784912, -27.7170524597, -110.316688538, 9.38735485077, -55.3650474548, 9.94660282135, -22.4718017578, 14.6460514069], [-1051.32250977, -731.829772949, -203.422317505, 157.850326538, -94.2460784912, 555.377380371, 196.418731689, 142.88117981, 3.75486707687, 167.903823853, -29.3453025818, 102.193878174, 28.8623771667], [-666.733703613, -71.6005325317, -35.6003913879, -38.3611602783, -27.7170524597, 196.418731689, 309.354980469, 64.8273849487, -42.7769393921, 30.1900520325, -0.65135961771, 21.9192199707, 1.66136968136], [-101.669433594, -421.141021729, -205.707962036, 98.5435333252, -110.316688538, 142.88117981, 64.8273849487, 230.131240845, 20.7967453003, 88.2661819458, 17.0533638, 20.7355003357, 8.91158676147], [-95.2387313843, -76.1199493408, -53.1277694702, 64.1313095093, 9.38735485077, 3.75486707687, -42.7769393921, 20.7967453003, 117.50087738, 34.4429588318, -2.72098183632, -0.431368917227, 9.53587722778], [-305.09487915, -474.568511963, -206.790252686, 150.164993286, -55.3650474548, 167.903823853, 30.1900520325, 88.2661819458, 34.4429588318, 223.568252563, 11.7673425674, -3.81596398354, 24.6133975983], [-39.3550033569, 78.6025466919, -47.079536438, -40.0292282104, 9.94660282135, -29.3453025818, -0.65135961771, 17.0533638, -2.72098183632, 11.7673425674, 107.417419434, -8.41723918915, -23.4638404846], [-592.394287109, -272.746643066, 51.3701286316, 106.568847656, -22.4718017578, 102.193878174, 21.9192199707, 20.7355003357, -0.431368917227, -3.81596398354, -8.41723918915, 169.671005249, 28.5801696777], [-304.055145264, -58.4817237854, 33.9482040405, 68.1267242432, 14.6460514069, 28.8623771667, 1.66136968136, 8.91158676147, 9.53587722778, 24.6133975983, -23.4638404846, 28.5801696777, 89.5447158813]],
        "icov": [[0.000213203558815, -0.000234821098275, 0.00029525870923, -0.000207363060326, 0.000338498241035, 0.000143705139635, 0.000410219334299, -0.000159128772793, 0.000367859785911, 5.56975101063e-05, 0.000472703919513, 0.000273030571407, 0.000505189003889], [-0.000234821098275, 0.00318046333268, -0.00114902423229, 0.00275682588108, -0.00150430528447, 0.00120245176367, -0.00140646484215, 0.00170297385193, -0.00143652956467, 0.00242427387275, -0.00237644813024, 0.00232063326985, -0.00254369596951], [0.00029525870923, -0.00114902423229, 0.0020735450089, -0.00109923572745, 0.000263212394202, 7.08515799488e-05, 0.000654392526485, 1.15233524411e-05, 0.00116469117347, 0.000182018047781, 0.00154639489483, -0.000887803907972, 0.000737663533073], [-0.000207363060326, 0.00275682588108, -0.00109923572745, 0.00384145067073, -0.00173223053571, 0.00103095651139, -0.000843833026011, 0.000897406600416, -0.00149794807658, 0.00112161564175, -0.00145027297549, 0.0011342089856, -0.00242295186035], [0.000338498241035, -0.00150430528447, 0.000263212394202, -0.00173223053571, 0.0050557362847, -0.000360085599823, 0.000720185926184, 0.000862053304445, 0.000136145798024, -0.000328670226736, 0.000191349492525, 0.000363999861293, 0.000584836234339], [0.000143705139635, 0.00120245176367, 7.08515799488e-05, 0.00103095651139, -0.000360085599823, 0.00463843625039, -0.00207535433583, -0.000126211743918, -0.000122404686408, -0.00115253415424, 0.000936636875849, -0.000753938336857, -0.000107155596197], [0.000410219334299, -0.00140646484215, 0.000654392526485, -0.000843833026011, 0.000720185926184, -0.00207535433583, 0.0058907023631, -0.00177699816413, 0.00262199435383, -0.000254375772784, 0.00128374993801, 0.000103077545646, 0.00158115115482], [-0.000159128772793, 0.00170297385193, 1.15233524411e-05, 0.000897406600416, 0.000862053304445, -0.000126211743918, -0.00177699816413, 0.00801503285766, -0.0017820505891, 0.000880426901858, -0.00288345478475, 0.00129825551994, -0.00220242072828], [0.000367859785911, -0.00143652956467, 0.00116469117347, -0.00149794807658, 0.000136145798024, -0.000122404686408, 0.00262199435383, -0.0017820505891, 0.0109994504601, -0.00194309931248, 0.00211128941737, -0.000588868337218, 0.00125880725682], [5.56975101063e-05, 0.00242427387275, 0.000182018047781, 0.00112161564175, -0.000328670226736, -0.00115253415424, -0.000254375772784, 0.000880426901858, -0.00194309931248, 0.0105616906658, -0.0033691439312, 0.00462387921289, -0.00386242102832], [0.000472703919513, -0.00237644813024, 0.00154639489483, -0.00145027297549, 0.000191349492525, 0.000936636875849, 0.00128374993801, -0.00288345478475, 0.00211128941737, -0.0033691439312, 0.0134995197877, -0.00240763300098, 0.00550714600831], [0.000273030571407, 0.00232063326985, -0.000887803907972, 0.0011342089856, 0.000363999861293, -0.000753938336857, 0.000103077545646, 0.00129825551994, -0.000588868337218, 0.00462387921289, -0.00240763300098, 0.0110177686438, -0.00338699040003], [0.000505189003889, -0.00254369596951, 0.000737663533073, -0.00242295186035, 0.000584836234339, -0.000107155596197, 0.00158115115482, -0.00220242072828, 0.00125880725682, -0.00386242102832, 0.00550714600831, -0.00338699040003, 0.0163659173995]]
    },
    "melbands": {
        "dmean": [0.000259398337221, 0.000875407829881, 0.000766626035329, 0.0010199600365, 0.000589236849919, 0.000348092755303, 0.000226522926823, 0.000141185038956, 0.000111697409011, 8.37181505631e-05, 4.56747438875e-05, 2.6085823265e-05, 1.98190755327e-05, 1.43716251841e-05, 1.30836615426e-05, 1.89746642718e-05, 2.14389347093e-05, 1.52654483827e-05, 9.18068508327e-06, 8.28806787467e-06, 8.70300482347e-06, 8.23283335194e-06, 5.10168456458e-06, 6.30306385574e-06, 5.64324182051e-06, 7.30750707589e-06, 7.05223055775e-06, 4.29285773862e-06, 2.18515924644e-06, 1.50756613948e-06, 1.13569478799e-06, 4.91808464176e-07, 3.66421261333e-07, 3.18217701079e-07, 2.01797632826e-07, 1.20456562058e-07, 1.13762361309e-07, 7.62226548545e-08, 4.2078919904e-08, 3.82589782078e-08],
        "dmean2": [0.000400696037104, 0.00126003532205, 0.00112332869321, 0.00136117893271, 0.000837354164105, 0.000497161177918, 0.000336249679094, 0.000216065964196, 0.000164630153449, 0.000120800643344, 6.58907592879e-05, 3.78764270863e-05, 3.0300421713e-05, 2.16673415707e-05, 1.93768082681e-05, 2.77562976407e-05, 3.19182763633e-05, 2.37411713897e-05, 1.35905474963e-05, 1.28165547721e-05, 1.36705439218e-05, 1.29844293042e-05, 8.31972101878e-06, 1.03571082946e-05, 9.1798901849e-06, 1.15787734103e-05, 1.11313966045e-05, 6.77685966366e-06, 3.31039109369e-06, 2.31998933486e-06, 1.77965785042e-06, 7.75921989771e-07, 5.77297385007e-07, 4.91652656365e-07, 3.17996466492e-07, 1.86794906654e-07, 1.78309250032e-07, 1.16083164414e-07, 6.43929780608e-08, 5.83698955836e-08],
        "dvar": [2.49704953603e-07, 1.35899210818e-06, 1.33871810704e-06, 2.46925446845e-06, 8.95999619388e-07, 5.51270147753e-07, 2.51290771303e-07, 9.11289674832e-08, 7.36484579988e-08, 4.55093669416e-08, 1.33721487217e-08, 4.83341322521e-09, 3.87744902852e-09, 1.60102386904e-09, 1.10060638381e-09, 1.89448390309e-09, 2.78276157673e-09, 1.27013177753e-09, 3.70854791321e-10, 3.32300020833e-10, 3.64020397159e-10, 2.72298850135e-10, 4.44905695618e-10, 2.10584727434e-09, 7.90576604182e-10, 5.66378499656e-10, 4.06546629694e-10, 3.60634383467e-10, 5.9384601403e-11, 3.20636399376e-11, 3.0906555093e-11, 4.21893553079e-12, 2.86494829596e-12, 1.53975822977e-12, 3.92829974279e-13, 1.24701071409e-13, 1.18101844493e-13, 4.33621000705e-14, 1.29653283416e-14, 1.26743640539e-14],
        "dvar2": [5.62603418075e-07, 2.63430933956e-06, 2.94856340588e-06, 4.58341537524e-06, 1.63835125022e-06, 1.12331008495e-06, 5.72691988054e-07, 2.04709522222e-07, 1.4653845426e-07, 7.83811842098e-08, 2.63082231555e-08, 9.49656264737e-09, 8.7143909866e-09, 3.43970341099e-09, 2.33668040472e-09, 3.78230780029e-09, 5.89156767816e-09, 2.84794765548e-09, 7.52710449525e-10, 7.5025585744e-10, 9.11937414472e-10, 6.56638243779e-10, 1.216142409e-09, 5.33718313989e-09, 2.07612016467e-09, 1.27680777062e-09, 9.548690727e-10, 8.82009909553e-10, 1.20166349094e-10, 7.32105071011e-11, 7.33806349018e-11, 9.27088787683e-12, 7.08052063161e-12, 3.23228358141e-12, 9.23318279472e-13, 2.70023180248e-13, 2.59030752577e-13, 8.80576536168e-14, 2.61169649682e-14, 2.55617213187e-14],
        "max": [0.0109431957826, 0.0123565746471, 0.0155857410282, 0.0250571537763, 0.0160672552884, 0.0100103961304, 0.00735331047326, 0.00485302554443, 0.00396960414946, 0.00553672248498, 0.00221618521027, 0.00148223317228, 0.00128912343644, 0.000561391294468, 0.00043762466521, 0.000658562639728, 0.000994635513052, 0.000462775467895, 0.000299063976854, 0.000295167119475, 0.000281267799437, 0.000177964335307, 0.00066575530218, 0.00127768109087, 0.0005158354179, 0.000648820598144, 0.000505141564645, 0.000624991429504, 0.000185587559827, 0.000146997263073, 0.000137065522722, 4.59785915154e-05, 4.95774147566e-05, 3.13500349876e-05, 1.37794195325e-05, 6.43512657916e-06, 7.17157081453e-06, 4.51583400718e-06, 1.50082382788e-06, 1.84975021966e-06],
        "mean": [0.000433120207163, 0.00174847571179, 0.00146639242303, 0.00199046288617, 0.0009751796606, 0.000484462332679, 0.000266148155788, 0.000159688715939, 0.000132258865051, 0.000100567602203, 5.26418007212e-05, 2.98532268062e-05, 2.22383459914e-05, 1.67021826201e-05, 1.52837474161e-05, 2.25349540415e-05, 2.4234643206e-05, 1.73427997652e-05, 1.10951204988e-05, 9.90935131995e-06, 1.01939040178e-05, 9.46155341808e-06, 5.23971266375e-06, 5.57824387215e-06, 5.52183792024e-06, 8.65343190526e-06, 8.2011174527e-06, 4.77962839796e-06, 2.40509325522e-06, 1.60201693689e-06, 1.1553238437e-06, 5.26406097379e-07, 3.71607086436e-07, 3.43962597071e-07, 2.23048132852e-07, 1.34268191232e-07, 1.21822026244e-07, 8.43136689355e-08, 4.6528256803e-08, 4.01371380576e-08],
        "median": [0.000186929799384, 0.00148973590694, 0.00103387748823, 0.000985756167211, 0.000405350117944, 0.000108203530544, 3.14926728606e-05, 1.15926923172e-05, 6.60795922158e-06, 5.98271981289e-06, 4.00735916628e-06, 2.87508396468e-06, 2.0191700969e-06, 1.25511064653e-06, 1.17657032206e-06, 2.32787351706e-06, 2.94399478662e-06, 2.78029256151e-06, 2.10880853047e-06, 2.21072696149e-06, 2.68759390565e-06, 1.95109305423e-06, 9.68306039795e-07, 7.54159884764e-07, 8.15336989035e-07, 1.78868594958e-06, 1.60101467372e-06, 7.98606606622e-07, 3.5228043771e-07, 1.08800705334e-07, 5.2544876894e-08, 3.53511708795e-08, 4.21333616885e-08, 4.38997957986e-08, 3.23225393117e-08, 1.73209393495e-08, 1.95137079828e-08, 1.52809427334e-08, 8.02717181614e-09, 5.83469939031e-09],
        "min": [6.85523045422e-24, 3.61808884812e-24, 5.95648122491e-24, 3.17191424772e-24, 2.05872106993e-24, 3.65035641459e-24, 5.85571528832e-24, 4.93848304799e-24, 8.06525078611e-24, 3.96571499993e-24, 2.08089792213e-24, 5.48739770939e-24, 8.26260721851e-24, 1.08064138474e-23, 4.00111079432e-24, 6.15776776234e-24, 6.41000406464e-24, 7.45220094425e-24, 1.02057530661e-23, 8.98972713613e-24, 5.43432551427e-24, 7.12812110717e-24, 6.32172934605e-24, 6.9978643945e-24, 7.67139620196e-24, 7.70662120796e-24, 6.53672944146e-24, 7.84642708189e-24, 7.69371386583e-24, 9.19158875316e-24, 9.76002298881e-24, 7.55416910486e-24, 6.2772273358e-24, 7.32127369981e-24, 9.83399684247e-24, 9.23162659955e-24, 9.38238738487e-24, 8.38565374251e-24, 8.95524839254e-24, 7.94022027693e-24],
        "var": [4.07800456514e-07, 3.10130872094e-06, 2.97831252283e-06, 7.2180450843e-06, 2.12356121665e-06, 9.90076728158e-07, 3.39367801416e-07, 1.34780520966e-07, 1.15810387058e-07, 7.71090427065e-08, 1.9899989212e-08, 7.73764963213e-09, 5.15753173502e-09, 2.21703699843e-09, 1.61790814079e-09, 3.14432346826e-09, 3.90365428871e-09, 1.67256464234e-09, 6.41742936569e-10, 4.43485415058e-10, 4.13193285143e-10, 3.47827766589e-10, 3.33586047674e-10, 1.67611091673e-09, 6.28539165159e-10, 6.97731261656e-10, 5.26748256124e-10, 3.79399900385e-10, 8.13035888614e-11, 4.62176651117e-11, 3.3170407393e-11, 5.24326025306e-12, 2.75577607609e-12, 1.8879166893e-12, 4.64862415055e-13, 1.56521727545e-13, 1.41446221597e-13, 6.12277494872e-14, 1.90055931334e-14, 1.7452234658e-14]
    },
    "mfcc": {
        "mean": [-749.949523926, 151.849380493, -0.217643469572, 49.2164382935, 15.9358768463, 5.51537227631, 3.45974588394, -4.15489578247, -5.74707651138, 7.47696208954, -9.44503688812, -6.44101953506, -0.480198532343],
        "cov": [[9191.65625, 1013.77178955, -1066.63269043, -8.71909141541, -329.025634766, -852.79675293, -574.710632324, -352.640350342, -456.287902832, 301.796081543, -172.467880249, -87.4086761475, -59.8135261536], [1013.77178955, 3905.30712891, 234.242080688, -387.881164551, 139.101119995, -517.846435547, -75.8395004272, -190.114105225, -372.641204834, -149.088012695, -337.041564941, -179.059890747, 103.981178284], [-1066.63269043, 234.242080688, 727.6015625, 153.63999939, 117.305038452, 72.128616333, 14.6915273666, 55.1525001526, 28.5194396973, -139.606689453, -99.4139328003, -19.1186847687, 38.2857093811], [-8.71909141541, -387.881164551, 153.63999939, 641.26965332, 220.448394775, 4.13968372345, -94.2924499512, -30.3167324066, -10.7482309341, -0.747693181038, -79.1454696655, -37.41929245, 19.6832561493], [-329.025634766, 139.101119995, 117.305038452, 220.448394775, 379.40914917, 15.9223079681, -96.063949585, -47.73097229, -42.135181427, -10.5424575806, -75.0021057129, -23.524148941, 20.5875701904], [-852.79675293, -517.846435547, 72.128616333, 4.13968372345, 15.9223079681, 358.145324707, 104.098731995, 40.7397460938, 130.496368408, -32.50182724, 73.8184204102, 25.2219028473, -40.4597206116], [-574.710632324, -75.8395004272, 14.6915273666, -94.2924499512, -96.063949585, 104.098731995, 291.165557861, 67.6981430054, 63.4956207275, 16.4485359192, 80.9664916992, 29.6799907684, -20.2225933075], [-352.640350342, -190.114105225, 55.1525001526, -30.3167324066, -47.73097229, 40.7397460938, 67.6981430054, 214.036895752, 36.3865966797, -63.6011199951, 50.1107025146, -1.27020549774, -6.8103055954], [-456.287902832, -372.641204834, 28.5194396973, -10.7482309341, -42.135181427, 130.496368408, 63.4956207275, 36.3865966797, 219.830032349, 6.47297286987, 39.6352882385, 39.2073860168, -21.4419288635], [301.796081543, -149.088012695, -139.606689453, -0.747693181038, -10.5424575806, -32.50182724, 16.4485359192, -63.6011199951, 6.47297286987, 227.261871338, 32.6583709717, -0.0457456372678, -2.81869316101], [-172.467880249, -337.041564941, -99.4139328003, -79.1454696655, -75.0021057129, 73.8184204102, 80.9664916992, 50.1107025146, 39.6352882385, 32.6583709717, 180.465606689, 38.8783073425, -40.7135543823], [-87.4086761475, -179.059890747, -19.1186847687, -37.41929245, -23.524148941, 25.2219028473, 29.6799907684, -1.27020549774, 39.2073860168, -0.0457456372678, 38.8783073425, 111.059089661, 2.09839200974], [-59.8135261536, 103.981178284, 38.2857093811, 19.6832561493, 20.5875701904, -40.4597206116, -20.2225933075, -6.8103055954, -21.4419288635, -2.81869316101, -40.7135543823, 2.09839200974, 94.2754211426]],
