{
"lowlevel": {
    "average_loudness": 0.976073622704,
    "barkbands_crest": {
        "dmean": 3.13657927513,
        "dmean2": 4.96521520615,
        "dvar": 9.50484848022,
        "dvar2": 24.7383365631,
        "max": 26.1915416718,
        "mean": 11.2463378906,
        "median": 10.3338546753,
        "min": 3.04556751251,
        "var": 19.3879699707
    },
    "barkbands_flatness_db": {
        "dmean": 0.0468417778611,
        "dmean2": 0.0675083100796,
        "dvar": 0.00196905317716,
        "dvar2": 0.00424747494981,
        "max": 0.563401401043,
        "mean": 0.244353249669,
        "median": 0.245342209935,
        "min": 0.0541618429124,
        "var": 0.00702815316617
    },
    "barkbands_kurtosis": {
        "dmean": 9.85890960693,
        "dmean2": 15.7286844254,
        "dvar": 434.894134521,
        "dvar2": 1056.89685059,
        "max": 623.880004883,
        "mean": 12.5277004242,
        "median": 7.74240875244,
        "min": -1.96472227573,
        "var": 482.655731201
    },
    "barkbands_skewness": {
        "dmean": 1.25356578827,
        "dmean2": 1.87421309948,
        "dvar": 2.03959012032,
        "dvar2": 4.80964040756,
        "max": 22.1244106293,
        "mean": 1.91386675835,
        "median": 1.95450627804,
        "min": -7.98229217529,
        "var": 4.34885644913
    },
    "barkbands_spread": {
        "dmean": 8.67929840088,
        "dmean2": 14.0203199387,
        "dvar": 159.814620972,
        "dvar2": 404.752471924,
        "max": 99.6894378662,
        "mean": 14.7735872269,
        "median": 8.08993434906,
        "min": 0.189135894179,
        "var": 272.176239014
    },
    "dissonance": {
        "dmean": 0.0238468833268,
        "dmean2": 0.0352223813534,
        "dvar": 0.000766561948694,
        "dvar2": 0.00170545291621,
        "max": 0.499999970198,
        "mean": 0.444883197546,
        "median": 0.459169626236,
        "min": 0.239977866411,
        "var": 0.00272190454416
    },
    "dynamic_complexity": 5.58603382111,
    "erbbands_crest": {
        "dmean": 3.27224183083,
        "dmean2": 5.21989440918,
        "dvar": 9.14151859283,
        "dvar2": 21.0343456268,
        "max": 33.5105514526,
        "mean": 10.1298484802,
        "median": 8.99532699585,
        "min": 2.16811776161,
        "var": 21.8953552246
    },
    "erbbands_flatness_db": {
        "dmean": 0.0293861366808,
        "dmean2": 0.0436437316239,
        "dvar": 0.000879677245393,
        "dvar2": 0.00195037142839,
        "max": 0.457989484072,
        "mean": 0.230060473084,
        "median": 0.231286004186,
        "min": 0.0865192562342,
        "var": 0.0028965882957
    },
    "erbbands_kurtosis": {
        "dmean": 4.44129800797,
        "dmean2": 7.21696138382,
        "dvar": 107.288024902,
        "dvar2": 228.954116821,
        "max": 292.430999756,
        "mean": 4.22369003296,
        "median": 1.05470275879,
        "min": -1.84464764595,
        "var": 136.407546997
    },
    "erbbands_skewness": {
        "dmean": 0.867732942104,
        "dmean2": 1.27866637707,
        "dvar": 0.974463164806,
        "dvar2": 2.10588884354,
        "max": 7.05264949799,
        "mean": 0.669134318829,
        "median": 0.623534083366,
        "min": -11.67466259,
        "var": 2.78561067581
    },
    "erbbands_spread": {
        "dmean": 13.3072633743,
        "dmean2": 21.3042564392,
        "dvar": 232.421356201,
        "dvar2": 587.643615723,
        "max": 138.551239014,
        "mean": 30.5958709717,
        "median": 25.8639945984,
        "min": 0.587945103645,
        "var": 389.486297607
    },
    "hfc": {
        "dmean": 5.12412309647,
        "dmean2": 7.17752838135,
        "dvar": 43.9381828308,
        "dvar2": 85.2828826904,
        "max": 111.761825562,
        "mean": 9.91804790497,
        "median": 6.95191049576,
        "min": 1.18247519972e-16,
        "var": 110.021102905
    },
    "melbands_crest": {
        "dmean": 3.96418070793,
        "dmean2": 6.32889795303,
        "dvar": 15.4299345016,
        "dvar2": 39.2451820374,
        "max": 36.667591095,
        "mean": 14.4057331085,
        "median": 13.1003036499,
        "min": 1.58330869675,
        "var": 32.8482780457
    },
    "melbands_flatness_db": {
        "dmean": 0.0616366453469,
        "dmean2": 0.0852941423655,
        "dvar": 0.00349939940497,
        "dvar2": 0.00724997930229,
        "max": 0.676424741745,
        "mean": 0.294364601374,
        "median": 0.305565655231,
        "min": 0.00371800619178,
        "var": 0.0134370848536
    },
    "melbands_kurtosis": {
        "dmean": 19.6300067902,
        "dmean2": 31.7394657135,
        "dvar": 1483.44030762,
        "dvar2": 3344.31884766,
        "max": 887.791503906,
        "mean": 26.0344829559,
        "median": 15.0607833862,
        "min": -1.92607152462,
        "var": 1971.40185547
    },
    "melbands_skewness": {
        "dmean": 1.54135763645,
        "dmean2": 2.38985657692,
        "dvar": 3.09542012215,
        "dvar2": 7.40872001648,
        "max": 25.7469749451,
        "mean": 3.03968858719,
        "median": 2.68928289413,
        "min": -5.35201072693,
        "var": 5.97505283356
    },
    "melbands_spread": {
        "dmean": 14.4016494751,
        "dmean2": 23.053571701,
        "dvar": 647.740722656,
        "dvar2": 1476.71960449,
        "max": 219.416366577,
        "mean": 22.1181602478,
        "median": 7.45736217499,
        "min": 0.151271522045,
        "var": 1138.4519043
    },
    "pitch_salience": {
        "dmean": 0.0920362919569,
        "dmean2": 0.143722623587,
        "dvar": 0.00982697866857,
        "dvar2": 0.0233299378306,
        "max": 0.910890758038,
        "mean": 0.660725831985,
        "median": 0.705063462257,
        "min": 0.0349470041692,
        "var": 0.0228308457881
    },
    "silence_rate_20dB": {
        "dmean": 0,
        "dmean2": 0,
        "dvar": 0,
        "dvar2": 0,
        "max": 1,
        "mean": 1,
        "median": 1,
        "min": 1,
        "var": 0
    },
    "silence_rate_30dB": {
        "dmean": 0.00203596870415,
        "dmean2": 0.00407331995666,
        "dvar": 0.00203187018633,
        "dvar2": 0.00609356537461,
        "max": 1,
        "mean": 0.9989823699,
        "median": 1,
        "min": 0,
        "var": 0.00101657223422
    },
    "silence_rate_60dB": {
        "dmean": 0.101798437536,
        "dmean2": 0.203665986657,
        "dvar": 0.0914343073964,
        "dvar2": 0.185945257545,
        "max": 1,
        "mean": 0.270352780819,
        "median": 0,
        "min": 0,
        "var": 0.197263970971
    },
    "spectral_centroid": {
        "dmean": 443.54699707,
        "dmean2": 661.736694336,
        "dvar": 435311.96875,
        "dvar2": 805605.875,
        "max": 11109.3242188,
        "mean": 1172.60217285,
        "median": 648.814453125,
        "min": 121.468688965,
        "var": 1339709.625
    },
    "spectral_complexity": {
        "dmean": 3.79504585266,
        "dmean2": 5.23828935623,
        "dvar": 16.9897003174,
        "dvar2": 30.328207016,
        "max": 40,
        "mean": 9.16316127777,
        "median": 8,
        "min": 0,
        "var": 61.3936920166
    },
    "spectral_decrease": {
        "dmean": 2.7365723021e-09,
        "dmean2": 3.63710328521e-09,
        "dvar": 1.18321412016e-17,
        "dvar2": 2.01861831421e-17,
        "max": 1.43022362306e-28,
        "mean": -6.44885744805e-09,
        "median": -4.95413354784e-09,
        "min": -3.524198533e-08,
        "var": 3.95243506465e-17
    },
    "spectral_energy": {
        "dmean": 0.0106919081882,
        "dmean2": 0.0142227197066,
        "dvar": 0.000177914873348,
        "dvar2": 0.000304578599753,
        "max": 0.133595779538,
        "mean": 0.0252390671521,
        "median": 0.0195572189987,
        "min": 1.04795035206e-20,
        "var": 0.00059605325805
    },
    "spectral_energyband_high": {
        "dmean": 0.00016210701142,
        "dmean2": 0.000248593743891,
        "dvar": 3.00608775206e-07,
        "dvar2": 6.69842279422e-07,
        "max": 0.0109719494358,
        "mean": 0.000190583887161,
        "median": 2.83138506347e-05,
        "min": 7.99794633488e-21,
        "var": 3.86430286881e-07
    },
    "spectral_energyband_low": {
        "dmean": 0.0030698957853,
        "dmean2": 0.0042712665163,
        "dvar": 2.2228457965e-05,
        "dvar2": 4.21794138674e-05,
        "max": 0.132865339518,
        "mean": 0.00696991663426,
        "median": 0.00603668112308,
        "min": 5.56354566371e-23,
        "var": 5.34758401045e-05
    },
    "spectral_energyband_middle_high": {
        "dmean": 0.0012511293171,
        "dmean2": 0.0018296224298,
        "dvar": 4.1157936721e-06,
        "dvar2": 8.43381258164e-06,
        "max": 0.0321423783898,
        "mean": 0.00175151310395,
        "median": 0.000617588520981,
        "min": 1.42959367485e-21,
        "var": 7.40090945328e-06
    },
    "spectral_energyband_middle_low": {
        "dmean": 0.00794839393348,
        "dmean2": 0.0108165666461,
        "dvar": 0.000109960659756,
        "dvar2": 0.000187532030395,
        "max": 0.11442617327,
        "mean": 0.0173201356083,
        "median": 0.0115146404132,
        "min": 1.43912159997e-22,
        "var": 0.000345017033396
    },
    "spectral_entropy": {
        "dmean": 0.365711718798,
        "dmean2": 0.511020123959,
        "dvar": 0.150267869234,
        "dvar2": 0.286330968142,
        "max": 9.8126373291,
        "mean": 6.97516059875,
        "median": 7.00660133362,
        "min": 4.27948045731,
        "var": 0.622144818306
    },
    "spectral_flux": {
        "dmean": 0.0357792787254,
        "dmean2": 0.0582054369152,
        "dvar": 0.00128017237876,
        "dvar2": 0.00326940068044,
        "max": 0.308493763208,
        "mean": 0.0801073238254,
        "median": 0.074448466301,
        "min": 6.81719958262e-11,
        "var": 0.00288010877557
    },
    "spectral_kurtosis": {
        "dmean": 5.9373755455,
        "dmean2": 9.65439987183,
        "dvar": 53.5401573181,
        "dvar2": 126.36743927,
        "max": 92.9501342773,
        "mean": 9.64619255066,
        "median": 5.98354673386,
        "min": -1.22687077522,
        "var": 109.361099243
    },
    "spectral_rms": {
        "dmean": 0.00114197214134,
        "dmean2": 0.00144663976971,
        "dvar": 1.58473733336e-06,
        "dvar2": 2.40578879129e-06,
        "max": 0.0114165376872,
        "mean": 0.00412521837279,
        "median": 0.00436809007078,
        "min": 3.19748416112e-12,
        "var": 7.60608008932e-06
    },
    "spectral_rolloff": {
        "dmean": 594.41796875,
        "dmean2": 964.542663574,
        "dvar": 1227031,
        "dvar2": 2404655,
        "max": 18863.0859375,
        "mean": 1153.62939453,
        "median": 409.130859375,
        "min": 43.06640625,
        "var": 2754861.25
    },
    "spectral_skewness": {
        "dmean": 0.633852958679,
        "dmean2": 0.965955913067,
        "dvar": 0.404002726078,
        "dvar2": 0.891735732555,
        "max": 7.93419742584,
        "mean": 1.8941808939,
        "median": 1.61815106869,
        "min": -0.241831704974,
        "var": 1.34557318687
    },
    "spectral_spread": {
        "dmean": 595627.1875,
        "dmean2": 946785.4375,
        "dvar": 1.07801811354e+12,
        "dvar2": 2.23197318349e+12,
        "max": 41733588,
        "mean": 3001433.25,
        "median": 2804126,
        "min": 912931.75,
        "var": 2.87368072397e+12
    },
    "spectral_strongpeak": {
        "dmean": 0.402153611183,
        "dmean2": 0.631942033768,
        "dvar": 0.406317174435,
        "dvar2": 0.977704584599,
        "max": 8.75501537323,
        "mean": 0.7027156353,
        "median": 0.544271111488,
        "min": 0,
        "var": 0.588061332703
    },
    "zerocrossingrate": {
        "dmean": 0.0141936251894,
        "dmean2": 0.0154063841328,
        "dvar": 0.000442045653472,
        "dvar2": 0.000516864063684,
        "max": 0.50830078125,
        "mean": 0.0427585653961,
        "median": 0.0244140625,
        "min": 0.001953125,
        "var": 0.00221371557564
    },
    "barkbands": {
        "dmean": [4.34178509749e-05, 0.00120430695824, 0.00188991683535, 0.00153896096162, 0.00440925592557, 0.00193269352894, 0.00114189949818, 0.000656730146147, 0.000777906971052, 0.000248951022513, 0.000188871403225, 0.000179408001713, 0.000187232144526, 0.000188836012967, 0.000101351106423, 0.00011495770741, 0.000106238949229, 0.000128740663058, 0.000183394455235, 0.000138912524562, 6.75629635225e-05, 2.66521074082e-05, 1.17857507576e-05, 7.56603367336e-06, 2.36428127209e-06, 1.61043551827e-08, 9.76554614951e-10],
        "dmean2": [6.12995572737e-05, 0.00171573192347, 0.00262524862774, 0.00221128039993, 0.0059658056125, 0.0028627011925, 0.00180329824798, 0.000998629257083, 0.00110991671681, 0.000370216032024, 0.000292904762318, 0.000277397135505, 0.000280978449155, 0.000289681454888, 0.000155363683007, 0.000177710971911, 0.000167946651345, 0.00020929564198, 0.000286280817818, 0.000221161928494, 0.000105313811218, 4.23080855398e-05, 1.7946047592e-05, 1.13161195259e-05, 3.63273056792e-06, 2.65065871474e-08, 1.80981651887e-09],
        "dvar": [2.37485878074e-07, 7.52923961045e-06, 8.80066272657e-06, 5.98179622102e-06, 4.40951916971e-05, 1.21425246107e-05, 6.27260078545e-06, 2.62997855316e-06, 4.05050695917e-06, 3.88084373526e-07, 2.89237448214e-07, 4.36839741269e-07, 2.1795958105e-07, 2.89856131985e-07, 6.53854641541e-08, 8.44128109634e-08, 8.65964366881e-08, 4.17013126253e-07, 7.78843457283e-07, 1.97640133592e-07, 1.0286907326e-07, 2.72108611199e-08, 1.73306125006e-09, 7.29247384701e-10, 7.11365133466e-11, 4.21157571572e-15, 2.43270736904e-18],
        "dvar2": [3.3533811461e-07, 1.54109548021e-05, 1.71743031387e-05, 1.11480549094e-05, 7.41334515624e-05, 2.5513514629e-05, 1.45161402543e-05, 5.73946408622e-06, 7.6160476965e-06, 8.25760821499e-07, 7.02005706898e-07, 1.09966822492e-06, 4.53836520364e-07, 7.15278360985e-07, 1.49916914438e-07, 2.00595636102e-07, 1.91208414435e-07, 9.64453192864e-07, 1.7568866042e-06, 4.46553656275e-07, 2.48708232675e-07, 7.24634716676e-08, 3.44300032928e-09, 1.43148226606e-09, 1.32785921148e-10, 9.39077815347e-15, 7.61283269054e-18],
        "max": [0.0285496152937, 0.113785341382, 0.0363309904933, 0.0306196510792, 0.10612539947, 0.0521767809987, 0.0287379398942, 0.0177148170769, 0.0322286449373, 0.00884718634188, 0.00669497437775, 0.0150170940906, 0.00724002625793, 0.0128350472078, 0.00394922494888, 0.00494813732803, 0.00805375445634, 0.0157989580184, 0.0318048410118, 0.00930427666754, 0.00719379400834, 0.00571104325354, 0.00106214580592, 0.000576067483053, 0.000157136848429, 1.16669730232e-06, 1.20528200753e-08],
        "mean": [5.05506031914e-05, 0.00229386566207, 0.00368066970259, 0.00257371971384, 0.00917443819344, 0.00266901822761, 0.00118674244732, 0.000728511658963, 0.000886340625584, 0.000270257645752, 0.000192360908841, 0.000172721847775, 0.000203509014682, 0.000208780358662, 0.000108626292786, 0.000128294122987, 0.000120123368106, 0.000117476971354, 0.000188096251804, 0.000165302728419, 6.82616009726e-05, 2.71213593805e-05, 1.30746257128e-05, 8.50469496072e-06, 2.70137570624e-06, 1.49972514407e-08, 7.9888418103e-10],
        "median": [9.71599638433e-06, 0.000801514368504, 0.00172807672061, 0.000524829956703, 0.00460659805685, 0.000725042482372, 0.000114707152534, 3.35275763064e-05, 5.13241284352e-05, 2.07034663617e-05, 1.53436540131e-05, 1.10323644549e-05, 1.73414009623e-05, 2.40184890572e-05, 1.8745300622e-05, 2.49265594903e-05, 2.74541198451e-05, 1.25022161228e-05, 2.79167143162e-05, 2.86342310574e-05, 3.75118020202e-06, 2.48704645855e-06, 1.5242939071e-06, 1.14734234558e-06, 3.16513478538e-07, 7.64964425137e-10, 1.80314430054e-10],
        "min": [5.07807395732e-24, 1.4570399759e-23, 7.14789863892e-24, 2.38649612871e-24, 3.68676447529e-23, 1.75988856835e-23, 1.01922304124e-23, 2.83441288897e-23, 2.12892274852e-23, 5.61787987851e-23, 4.38189797646e-23, 8.01439323909e-23, 2.94593699504e-23, 4.22636174277e-23, 8.7313131852e-23, 8.30125651193e-23, 1.00749843827e-22, 1.7734365602e-22, 1.86133295687e-22, 2.71804031756e-22, 2.94076263548e-22, 4.26999679488e-22, 5.23755122966e-22, 7.81155362386e-22, 1.0598581784e-21, 1.6983671933e-21, 2.38644292635e-21],
        "var": [4.6616344207e-07, 1.38772311402e-05, 2.29825182032e-05, 1.59582959895e-05, 0.000136130562169, 2.1180119802e-05, 7.51849620428e-06, 3.80835581382e-06, 6.45395402898e-06, 5.19141110544e-07, 3.0046669508e-07, 3.86054097135e-07, 2.97811254768e-07, 3.25593390471e-07, 8.01765622782e-08, 9.58444985599e-08, 1.10789706298e-07, 3.8847366568e-07, 8.06825880773e-07, 2.65989115178e-07, 1.01484957327e-07, 2.05331307512e-08, 2.46215003941e-09, 1.08708331226e-09, 1.15578047133e-10, 5.58535897112e-15, 2.10410346005e-18]
    },
    "erbbands": {
        "dmean": [0.0176745951176, 0.333961933851, 1.88934636116, 3.14437580109, 10.5467119217, 17.6941375732, 18.019367218, 16.1853885651, 16.6515083313, 13.7967433929, 16.6501312256, 17.5604820251, 10.2091331482, 7.25349998474, 7.08173036575, 7.32805728912, 8.04120159149, 9.75340080261, 6.7457485199, 5.30838727951, 6.16023492813, 5.91646909714, 6.79674768448, 6.6884021759, 10.5710849762, 6.12712669373, 3.59054517746, 2.26011896133, 1.0226405859, 0.526515424252, 0.304014027119, 0.18652549386, 0.106684044003, 0.0449880361557, 0.00688536372036, 0.000410611537518, 1.74650340341e-05, 2.5704566724e-06, 5.22930349689e-06, 1.19769692901e-05],
        "dmean2": [0.0262508932501, 0.474972605705, 2.63373112679, 4.35801315308, 14.2793741226, 24.2142925262, 25.3557395935, 24.2445812225, 25.1717338562, 21.4475021362, 24.7354488373, 24.1695594788, 14.778468132, 10.5688152313, 10.685915947, 11.1556529999, 11.8567333221, 14.5095481873, 10.2802915573, 8.12247657776, 9.42489242554, 9.39438247681, 10.952378273, 10.7748832703, 16.5083236694, 9.56541919708, 5.8149266243, 3.50006532669, 1.62026023865, 0.786535263062, 0.461698889732, 0.280696988106, 0.16036207974, 0.0684109553695, 0.0105978222564, 0.000624458130915, 2.6095274734e-05, 3.85460816688e-06, 7.07838535163e-06, 1.60125728144e-05],
        "dvar": [0.0167770069093, 0.307220369577, 8.11095905304, 22.9947185516, 273.625488281, 1031.50268555, 985.658691406, 1294.94372559, 1327.3380127, 966.656494141, 1857.79272461, 2186.33081055, 571.260192871, 354.331054688, 380.204772949, 733.270263672, 372.782012939, 556.127990723, 402.600219727, 166.152542114, 207.463790894, 288.154327393, 1149.59936523, 957.852966309, 2275.39233398, 323.63079834, 297.798339844, 119.755584717, 31.8934555054, 3.29436969757, 1.18687975407, 0.432435721159, 0.14134414494, 0.0248107649386, 0.000648901157547, 2.28410999625e-06, 2.58066212844e-09, 2.866869242e-11, 3.81872901356e-11, 2.16753615057e-10],
        "dvar2": [0.0356842912734, 0.597625911236, 15.9928703308, 42.1331939697, 469.758605957, 1887.91271973, 1786.83081055, 2902.60327148, 2854.13647461, 2226.35546875, 3878.6640625, 4050.7043457, 1164.88183594, 764.198974609, 880.254272461, 1840.61706543, 778.335449219, 1205.03625488, 1037.62390137, 395.714355469, 490.351501465, 618.963989258, 2653.47241211, 2363.64282227, 5085.07177734, 700.834716797, 764.96282959, 286.715087891, 82.3989868164, 6.5688829422, 2.47664761543, 0.878007411957, 0.264435738325, 0.04612223804, 0.0011732885614, 4.00197268391e-06, 4.54300863595e-09, 5.19733596438e-11, 6.73840011567e-11, 3.7390318619e-10],
        "max": [6.71919107437, 11.8789329529, 34.3128242493, 55.5112915039, 192.754898071, 507.143981934, 610.065246582, 584.199035645, 617.899597168, 359.045166016, 655.47064209, 1000.21051025, 322.311828613, 315.599609375, 257.588165283, 630.038818359, 241.880249023, 342.281921387, 546.997375488, 167.483016968, 242.187194824, 395.801147461, 728.172729492, 762.966674805, 1502.97058105, 390.113372803, 433.400543213, 279.081420898, 187.774215698, 36.4402885437, 29.3257789612, 13.7912597656, 9.26884269714, 2.97182226181, 0.528339207172, 0.0314774625003, 0.00100234523416, 9.38073353609e-05, 5.97369216848e-05, 0.000143801924423],
        "mean": [0.0271797385067, 0.684838533401, 3.9017727375, 6.3840918541, 20.0112094879, 32.4070625305, 28.4626979828, 21.044719696, 18.6482276917, 14.9071846008, 19.0986175537, 19.8898277283, 11.8222579956, 7.98672437668, 7.56273937225, 7.24659872055, 9.06847190857, 11.2328290939, 7.48745441437, 5.85677480698, 7.17411899567, 6.83023118973, 6.48391342163, 6.45399665833, 11.5485887527, 7.43303918839, 3.78546142578, 2.26319742203, 1.04327344894, 0.58108574152, 0.333348184824, 0.208844423294, 0.120841093361, 0.0515441186726, 0.00780681427568, 0.000472630985314, 2.66627994279e-05, 4.04213187721e-06, 1.26384811665e-05, 2.84796624328e-05],
        "median": [0.010792888701, 0.321156978607, 2.66172361374, 4.03733825684, 6.89184856415, 13.5065898895, 10.9702014923, 5.88364744186, 2.41130256653, 1.24609875679, 0.886993408203, 1.13049864769, 0.767068386078, 0.700733065605, 0.595758795738, 0.496189802885, 0.798073410988, 1.24295020103, 1.20204281807, 1.13851761818, 1.55019545555, 1.57634460926, 0.810893058777, 0.903270840645, 1.94449782372, 1.34294140339, 0.428785413504, 0.100582048297, 0.0832555443048, 0.0715750604868, 0.0383156612515, 0.0250899679959, 0.0164735354483, 0.00634458940476, 0.000822979141958, 5.62002023798e-05, 1.29239633679e-05, 2.02431556318e-06, 1.09012535177e-05, 2.24310497288e-05],
        "min": [5.0830359713e-22, 3.42757392551e-21, 1.19091220351e-20, 7.34129659886e-21, 4.82482851387e-20, 6.59176998969e-20, 4.50861384468e-20, 1.72055493191e-19, 2.40930131133e-19, 2.77799432191e-19, 5.02109436866e-19, 5.64214415751e-19, 7.21077845188e-19, 2.35758406658e-18, 2.27533997982e-18, 2.82038376109e-18, 2.16742992621e-18, 2.44588166786e-18, 3.93796453245e-18, 5.09870862214e-18, 4.60538265431e-18, 5.56426779117e-18, 9.14179664351e-18, 8.12769637357e-18, 1.22967751692e-17, 1.18497419507e-17, 1.18903689265e-17, 1.21841561831e-17, 1.53119684431e-17, 1.38191779255e-17, 1.78445853749e-17, 1.62242179642e-17, 1.4640908245e-17, 9.82953114839e-18, 8.69713164316e-18, 6.43777134521e-18, 3.06637838307e-18, 1.19222937555e-18, 3.19922596759e-19, 3.14194700597e-20],
        "var": [0.0213006604463, 0.739187419415, 19.9476242065, 62.8428955078, 801.053405762, 2619.94335938, 2172.99682617, 1868.09326172, 1829.9029541, 1210.1361084, 2818.14453125, 3442.50317383, 877.233398438, 468.087127686, 432.781005859, 655.593933105, 530.667602539, 798.473205566, 398.332855225, 194.622543335, 252.691192627, 360.477478027, 1079.43835449, 839.565612793, 2470.5925293, 478.252838135, 275.242126465, 117.762176514, 26.1344547272, 4.60814809799, 1.59159958363, 0.635001957417, 0.219191536307, 0.0404407531023, 0.00105940597132, 3.91859657611e-06, 4.65651028847e-09, 5.56976478827e-11, 1.31335345377e-10, 7.29922844389e-10]
    },
    "gfcc": {
        "mean": [-132.608840942, 151.518051147, -124.28225708, 62.895565033, -52.37317276, 1.22541928291, -32.8624420166, -8.36951732635, -14.4239120483, -17.7697544098, 3.77762174606, -23.7533359528, 7.79814291],
        "cov": [[12220.1210938, 1546.14196777, -788.172363281, -848.354431152, -429.229949951, -1139.72460938, -579.899658203, -222.285476685, -217.383224487, -376.076477051, -70.0271606445, -643.301452637, -328.433013916], [1546.14196777, 2868.55175781, 952.620178223, -1167.57128906, 189.712265015, -700.733398438, -90.0027542114, -433.167449951, -61.9430923462, -513.430297852, 59.2242393494, -247.645278931, -79.1712341309], [-788.172363281, 952.620178223, 1251.52856445, -114.021316528, 155.701034546, -281.769439697, -50.49376297, -212.296844482, -45.2711601257, -268.224243164, -29.6093902588, 37.5617218018, 22.6707801819], [-848.354431152, -1167.57128906, -114.021316528, 967.732849121, 111.527015686, 151.868927002, -51.7393531799, 109.57019043, 62.2228317261, 182.739349365, -39.6577796936, 108.092208862, 91.55809021], [-429.229949951, 189.712265015, 155.701034546, 111.527015686, 358.086303711, -33.9511833191, -54.7852172852, -97.3901977539, 39.8260040283, -19.7447280884, 0.389426529408, -8.34574604034, 16.5317344666], [-1139.72460938, -700.733398438, -281.769439697, 151.868927002, -33.9511833191, 571.381591797, 187.408340454, 135.878631592, 24.3678684235, 180.95274353, -3.38877105713, 85.642250061, 30.6536598206], [-579.899658203, -90.0027542114, -50.49376297, -51.7393531799, -54.7852172852, 187.408340454, 298.808776855, 76.4095611572, -49.0059242249, 22.9722976685, 14.2766151428, 30.636182785, -1.49678051472], [-222.285476685, -433.167449951, -212.296844482, 109.57019043, -97.3901977539, 135.878631592, 76.4095611572, 236.576660156, 11.2997331619, 83.8739624023, 14.2205648422, 31.0397758484, 19.3641033173], [-217.383224487, -61.9430923462, -45.2711601257, 62.2228317261, 39.8260040283, 24.3678684235, -49.0059242249, 11.2997331619, 131.093765259, 40.6991500854, -8.03320789337, 5.40522384644, 15.7722921371], [-376.076477051, -513.430297852, -268.224243164, 182.739349365, -19.7447280884, 180.95274353, 22.9722976685, 83.8739624023, 40.6991500854, 235.378860474, 25.8840827942, -6.39315891266, 24.0566654205], [-70.0271606445, 59.2242393494, -29.6093902588, -39.6577796936, 0.389426529408, -3.38877105713, 14.2766151428, 14.2205648422, -8.03320789337, 25.8840827942, 101.400436401, -3.38295841217, -19.8947238922], [-643.301452637, -247.645278931, 37.5617218018, 108.092208862, -8.34574604034, 85.642250061, 30.636182785, 31.0397758484, 5.40522384644, -6.39315891266, -3.38295841217, 167.15020752, 28.1956501007], [-328.433013916, -79.1712341309, 22.6707801819, 91.55809021, 16.5317344666, 30.6536598206, -1.49678051472, 19.3641033173, 15.7722921371, 24.0566654205, -19.8947238922, 28.1956501007, 87.3433227539]],
        "icov": [[0.000181909825187, -0.000141451353556, 0.000249401084147, -0.000120488410175, 0.000229392549954, 0.00014824338723, 0.000286489957944, -4.98383342347e-05, 0.000304239656543, 0.000139552474138, 0.000282863155007, 0.000338454381563, 0.000399688637117], [-0.000141451353556, 0.00297242309898, -0.00110775046051, 0.00260969344527, -0.00123900768813, 0.00109916564543, -0.000976961222477, 0.00155942910351, -0.00145479931962, 0.00237082550302, -0.0022982780356, 0.00218434724957, -0.00241830665618], [0.000249401084147, -0.00110775046051, 0.0018814165378, -0.00103569636121, 0.000378670403734, 7.91905767983e-05, 0.000414552574512, 0.000118844909593, 0.000914041534998, 0.000487881829031, 0.000919889484067, -0.000635370844975, 0.000527535332367], [-0.000120488410175, 0.00260969344527, -0.00103569636121, 0.0039441799745, -0.00178497598972, 0.00111804576591, -0.000408552237786, 0.000653802067973, -0.00105590291787, 0.000657032767776, -0.00110580050386, 0.000865549314767, -0.00268129073083], [0.000229392549954, -0.00123900768813, 0.000378670403734, -0.00178497598972, 0.0044474164024, -0.000629745132755, 0.000697858515196, 0.00104321492836, -0.000336787576089, -0.000131032895297, 0.000170412677107, 0.000224741801503, 0.00073540082667], [0.00014824338723, 0.00109916564543, 7.91905767983e-05, 0.00111804576591, -0.000629745132755, 0.00417513540015, -0.00195190135855, 0.000179187583853, -0.000605308800004, -0.00119538838044, 0.000479586480651, -0.000336640310707, -0.000401607103413], [0.000286489957944, -0.000976961222477, 0.000414552574512, -0.000408552237786, 0.000697858515196, -0.00195190135855, 0.00582979712635, -0.00168902461883, 0.00270146480761, 5.71586460865e-05, 0.000508482335135, -0.000172308922629, 0.00120757019613], [-4.98383342347e-05, 0.00155942910351, 0.000118844909593, 0.000653802067973, 0.00104321492836, 0.000179187583853, -0.00168902461883, 0.00758127635345, -0.00150531344116, 0.00114408507943, -0.00231720902957, 0.000972218520474, -0.00234507489949], [0.000304239656543, -0.00145479931962, 0.000914041534998, -0.00105590291787, -0.000336787576089, -0.000605308800004, 0.00270146480761, -0.00150531344116, 0.0103934137151, -0.00228614150546, 0.00228390819393, -0.000964459555689, 0.000935548858251], [0.000139552474138, 0.00237082550302, 0.000487881829031, 0.000657032767776, -0.000131032895297, -0.00119538838044, 5.71586460865e-05, 0.00114408507943, -0.00228614150546, 0.0115779219195, -0.00473397271708, 0.00488968193531, -0.00338273402303], [0.000282863155007, -0.0022982780356, 0.000919889484067, -0.00110580050386, 0.000170412677107, 0.000479586480651, 0.000508482335135, -0.00231720902957, 0.00228390819393, -0.00473397271708, 0.0138055095449, -0.0025403695181, 0.00507873110473], [0.000338454381563, 0.00218434724957, -0.000635370844975, 0.000865549314767, 0.000224741801503, -0.000336640310707, -0.000172308922629, 0.000972218520474, -0.000964459555689, 0.00488968193531, -0.0025403695181, 0.0107896979898, -0.00286692776717], [0.000399688637117, -0.00241830665618, 0.000527535332367, -0.00268129073083, 0.00073540082667, -0.000401607103413, 0.00120757019613, -0.00234507489949, 0.000935548858251, -0.00338273402303, 0.00507873110473, -0.00286692776717, 0.0168211180717]]
    },
    "melbands": {
        "dmean": [0.000235390209127, 0.000785209529568, 0.000704452395439, 0.000977782066911, 0.000652540882584, 0.000355302094249, 0.000250753160799, 0.000142285629408, 0.000143621262396, 0.000107585910882, 4.98602203152e-05, 2.92467921099e-05, 2.4436687454e-05, 2.13730199903e-05, 1.69887462107e-05, 1.93193991436e-05, 1.83705378731e-05, 1.21513367048e-05, 7.27214955987e-06, 7.95479263616e-06, 7.30089095669e-06, 6.16806437392e-06, 7.18401770428e-06, 5.53262179892e-06, 5.29018689122e-06, 8.30656153994e-06, 6.96291135682e-06, 3.85115981771e-06, 2.63051515503e-06, 1.65024232501e-06, 1.23973677546e-06, 6.77145294503e-07, 3.40281673061e-07, 2.8578540423e-07, 1.92761973494e-07, 1.24816381231e-07, 1.16790978666e-07, 9.02558952021e-08, 4.43421797058e-08, 3.64953116616e-08],
        "dmean2": [0.000336836383212, 0.00110176007729, 0.000971464265604, 0.00133574265055, 0.000894403841812, 0.000526452553459, 0.000381525518605, 0.000220360874664, 0.000210493220948, 0.000149727449752, 7.29381426936e-05, 4.32333581557e-05, 3.70364759874e-05, 3.32780837198e-05, 2.63051624643e-05, 2.91055566777e-05, 2.75282563962e-05, 1.88478570635e-05, 1.11961826406e-05, 1.2316962966e-05, 1.13562728075e-05, 9.71408735495e-06, 1.19827809613e-05, 9.12077121029e-06, 8.86001271283e-06, 1.33006378746e-05, 1.10380260594e-05, 6.12790609011e-06, 4.30151385444e-06, 2.56945759247e-06, 1.9762071588e-06, 1.10079542992e-06, 5.21900915373e-07, 4.32017628782e-07, 3.00778651763e-07, 1.91550626027e-07, 1.76891120418e-07, 1.36017561658e-07, 6.70278978987e-08, 5.66435431892e-08],
        "dvar": [7.29672137822e-07, 1.28680198941e-06, 9.74371687334e-07, 2.31916737903e-06, 1.22023379845e-06, 5.4515373904e-07, 2.83626746977e-07, 9.87835946376e-08, 1.45350028902e-07, 8.36119440351e-08, 1.42208884668e-08, 6.05491834449e-09, 4.64708760362e-09, 6.45522479914e-09, 3.07058156679e-09, 2.20316831445e-09, 2.16591233837e-09, 1.68661784539e-09, 3.55604018454e-10, 4.4989020842e-10, 3.07454006698e-10, 2.13247863812e-10, 2.19205542606e-09, 8.00135679935e-10, 6.88552048711e-10, 2.59238452927e-09, 7.12997993979e-10, 1.46303760773e-10, 1.68129080103e-10, 7.17729209398e-11, 4.47618435373e-11, 2.25448028301e-11, 1.35165652542e-12, 1.07948123097e-12, 5.38576778661e-13, 1.89153299144e-13, 1.85847173696e-13, 1.0827915577e-13, 2.38851381842e-14, 1.77704818769e-14],
        "dvar2": [1.47591924815e-06, 2.52088466368e-06, 1.713459028e-06, 4.09634276366e-06, 2.03921877073e-06, 1.1834669067e-06, 6.09925223216e-07, 2.21615735541e-07, 2.94967435366e-07, 1.56322030875e-07, 2.96735134242e-08, 1.29117001535e-08, 1.08908428942e-08, 1.65187206136e-08, 7.23442594719e-09, 4.30306279497e-09, 4.861338887e-09, 4.50555504017e-09, 8.25334411925e-10, 1.08556896805e-09, 7.4204609124e-10, 4.89508988899e-10, 4.84331907913e-09, 1.87800086593e-09, 1.74479675152e-09, 6.46572706486e-09, 1.86810056313e-09, 3.51481538319e-10, 4.35065761195e-10, 1.74808445497e-10, 1.15320968053e-10, 6.09778061378e-11, 2.93068434104e-12, 2.1869515747e-12, 1.19107165537e-12, 4.00870092329e-13, 3.8358565998e-13, 2.09990092806e-13, 4.52014117867e-14, 3.47671381701e-14],
        "max": [0.0428970754147, 0.0124231968075, 0.0101802423596, 0.0175083614886, 0.0225206203759, 0.0113824149594, 0.00820560567081, 0.00319846440107, 0.00624291179702, 0.0058077480644, 0.00156897562556, 0.00132913736161, 0.000876724079717, 0.00168816826772, 0.00133224821184, 0.000820253044367, 0.000663760700263, 0.0012233016314, 0.000321447587339, 0.000411831861129, 0.000328365858877, 0.000381574325729, 0.00152949267067, 0.000560713466257, 0.000712347391527, 0.00194609840401, 0.000568872434087, 0.000292133510811, 0.000285467278445, 0.000202820345294, 0.000152390028234, 0.000171412350028, 2.19937519432e-05, 2.31641006394e-05, 2.07791108551e-05, 7.07528579369e-06, 9.25794211071e-06, 8.52822631714e-06, 3.52820279659e-06, 2.5302490485e-06],
        "mean": [0.000429306470323, 0.00168862869032, 0.0015094053233, 0.00195794925094, 0.0011314857984, 0.000473431835417, 0.000278432678897, 0.000153943168698, 0.000163312768564, 0.000121510252939, 5.65812042623e-05, 3.18028141919e-05, 2.57358242379e-05, 2.05634823942e-05, 1.78250393219e-05, 2.172274435e-05, 2.0694666091e-05, 1.28188248709e-05, 7.64705328038e-06, 8.53642268339e-06, 8.34900129121e-06, 7.05267439116e-06, 6.83067537466e-06, 5.04707895743e-06, 4.82960149384e-06, 8.23338541522e-06, 7.69376129028e-06, 4.35530046161e-06, 2.65063181359e-06, 1.61283412581e-06, 1.18220964396e-06, 6.4638919639e-07, 3.64295800637e-07, 3.02223980952e-07, 2.02520965331e-07, 1.35304560445e-07, 1.27616161194e-07, 9.89500890114e-08, 5.00264647485e-08, 4.07542550818e-08],
        "median": [0.000157436792506, 0.00137026212178, 0.00107766652945, 0.00100785458926, 0.000464531622129, 0.00013060081983, 3.31945848302e-05, 1.08266922325e-05, 7.08201059751e-06, 6.93988113198e-06, 3.56802820534e-06, 2.71582234745e-06, 2.03351828532e-06, 1.33406217628e-06, 1.2160071492e-06, 1.96987275558e-06, 2.10241842069e-06, 1.74602621428e-06, 1.32263733121e-06, 1.52325640101e-06, 1.65679909969e-06, 1.61531488629e-06, 8.51868776408e-07, 5.20404114468e-07, 5.81405743105e-07, 1.12525299301e-06, 1.21293555821e-06, 7.00313421476e-07, 2.64519599114e-07, 6.31152090591e-08, 3.85622200838e-08, 4.05584792418e-08, 4.17003036546e-08, 3.08037293451e-08, 2.10059134531e-08, 1.3910797847e-08, 1.51843764229e-08, 1.2322154852e-08, 6.17774009726e-09, 4.56833948448e-09],
        "min": [4.03633185602e-24, 8.24264036014e-24, 2.40672903042e-24, 6.16142807694e-24, 1.48911153015e-24, 3.84848671954e-24, 3.33389815714e-24, 4.11711200157e-24, 4.27856658532e-24, 3.36523526217e-24, 3.48009025453e-24, 1.01289393132e-23, 6.87813818605e-24, 9.40515312173e-24, 6.74114933442e-24, 3.34563325197e-24, 4.26045749438e-24, 6.09468413347e-24, 6.85476975946e-24, 6.81019596287e-24, 5.04004139536e-24, 5.88518476515e-24, 6.50467683959e-24, 6.53789380016e-24, 6.1456465201e-24, 6.94656240325e-24, 6.96072561194e-24, 7.71431575723e-24, 7.13873444179e-24, 6.56922143886e-24, 6.76152876704e-24, 7.13981518123e-24, 7.26595482883e-24, 5.85312821898e-24, 9.43897553304e-24, 1.11672041156e-23, 7.92343410573e-24, 8.58975887996e-24, 1.01299869204e-23, 7.07813888021e-24],
        "var": [1.12897259896e-06, 3.13867553814e-06, 2.89589320346e-06, 6.72125452184e-06, 3.06776678372e-06, 8.50896583415e-07, 3.91893820506e-07, 1.31649187551e-07, 2.20656971806e-07, 1.29989118136e-07, 2.09542569962e-08, 7.95921373253e-09, 5.14786124839e-09, 5.48874679041e-09, 3.16351833618e-09, 3.27675819811e-09, 2.92812707414e-09, 1.45347511804e-09, 4.18486995057e-10, 4.8441950451e-10, 3.62795488096e-10, 2.85923701382e-10, 2.07785877393e-09, 7.33840432865e-10, 5.63362412276e-10, 2.2020385515e-09, 7.13252956697e-10, 1.81896664397e-10, 1.50951612321e-10, 6.92317245199e-11, 3.74644135159e-11, 1.5905316994e-11, 1.70521485387e-12, 1.4600919215e-12, 6.51542947198e-13, 2.58223482744e-13, 2.62935479596e-13, 1.59013861106e-13, 3.73149319603e-14, 2.73227417796e-14]
    },
    "mfcc": {
        "mean": [-760.531066895, 153.001541138, 4.03860521317, 46.983669281, 12.9359931946, 4.81035995483, 4.26335430145, -2.41743421555, -6.06264925003, 4.92181062698, -9.01582622528, -5.85028171539, -0.428579747677],
        "cov": [[10188.7958984, 1229.19335938, -1079.48156738, -57.4872589111, -424.982452393, -817.855529785, -487.11227417, -400.591918945, -509.674926758, 256.281463623, -242.008911133, -140.157592773, -72.9151229858], [1229.19335938, 3971.82055664, 576.134643555, -441.428649902, 54.8332290649, -522.739929199, -155.166763306, -132.477172852, -393.285339355, -189.397949219, -342.65234375, -160.890029907, 78.5656814575], [-1079.48156738, 576.134643555, 866.274658203, 130.239273071, 92.764503479, -19.3564491272, -2.07494735718, 64.59715271, -11.4618730545, -147.444366455, -113.64881897, -44.4791145325, 27.6803455353], [-57.4872589111, -441.428649902, 130.239273071, 681.815551758, 233.411819458, -4.03363800049, -94.4934539795, -40.7397766113, 9.48892498016, -31.7581729889, -65.3225860596, -31.7257137299, -7.32656812668], [-424.982452393, 54.8332290649, 92.764503479, 233.411819458, 427.692901611, 73.8857421875, -106.416389465, -53.7932891846, -3.73479247093, -6.66406726837, -48.9873352051, -1.81210899353, -6.08936738968], [-817.855529785, -522.739929199, -19.3564491272, -4.03363800049, 73.8857421875, 376.920837402, 93.8828811646, 20.2412204742, 114.492790222, 3.21630311012, 82.3831253052, 36.610622406, -24.6932201385], [-487.11227417, -155.166763306, -2.07494735718, -94.4934539795, -106.416389465, 93.8828811646, 296.14755249, 70.4702606201, 53.9094200134, 19.3987903595, 82.9341201782, 31.6402854919, -7.81122207642], [-400.591918945, -132.477172852, 64.59715271, -40.7397766113, -53.7932891846, 20.2412204742, 70.4702606201, 210.400848389, 48.1906013489, -73.9046173096, 43.0771522522, -2.98575782776, -2.88733053207], [-509.674926758, -393.285339355, -11.4618730545, 9.48892498016, -3.73479247093, 114.492790222, 53.9094200134, 48.1906013489, 207.637390137, 14.1754198074, 38.7151031494, 32.4222602844, -9.49371814728], [256.281463623, -189.397949219, -147.444366455, -31.7581729889, -6.66406726837, 3.21630311012, 19.3987903595, -73.9046173096, 14.1754198074, 241.145721436, 30.6557807922, -6.24757289886, 6.63454008102], [-242.008911133, -342.65234375, -113.64881897, -65.3225860596, -48.9873352051, 82.3831253052, 82.9341201782, 43.0771522522, 38.7151031494, 30.6557807922, 171.381546021, 48.3022880554, -25.0933685303], [-140.157592773, -160.890029907, -44.4791145325, -31.7257137299, -1.81210899353, 36.610622406, 31.6402854919, -2.98575782776, 32.4222602844, -6.24757289886, 48.3022880554, 111.067703247, 4.31451320648], [-72.9151229858, 78.5656814575, 27.6803455353, -7.32656812668, -6.08936738968, -24.6932201385, -7.81122207642, -2.88733053207, -9.49371814728, 6.63454008102, -25.0933685303, 4.31451320648, 95.4316864014]],
