{
"lowlevel": {
    "average_loudness": 0.97429805994,
    "barkbands_crest": {
        "dmean": 4.0966591835,
        "dmean2": 6.78301095963,
        "dvar": 13.0207939148,
        "dvar2": 31.1781959534,
        "max": 26.6359024048,
        "mean": 12.505900383,
        "median": 11.590886116,
        "min": 2.29823422432,
        "var": 26.8601551056
    },
    "barkbands_flatness_db": {
        "dmean": 0.0498399138451,
        "dmean2": 0.0744863152504,
        "dvar": 0.00244824588299,
        "dvar2": 0.00518490327522,
        "max": 0.540194690228,
        "mean": 0.254283547401,
        "median": 0.249658659101,
        "min": 0.0366013124585,
        "var": 0.00673709530383
    },
    "barkbands_kurtosis": {
        "dmean": 15.2434453964,
        "dmean2": 25.0147609711,
        "dvar": 948.034912109,
        "dvar2": 2303.71948242,
        "max": 476.806335449,
        "mean": 15.0614080429,
        "median": 4.41449356079,
        "min": -1.96463692188,
        "var": 1034.67504883
    },
    "barkbands_skewness": {
        "dmean": 1.58995950222,
        "dmean2": 2.40224671364,
        "dvar": 3.11263084412,
        "dvar2": 6.45448160172,
        "max": 17.2332744598,
        "mean": 1.81256234646,
        "median": 1.4816391468,
        "min": -6.11804246902,
        "var": 6.59321308136
    },
    "barkbands_spread": {
        "dmean": 10.1474199295,
        "dmean2": 17.0850162506,
        "dvar": 251.143676758,
        "dvar2": 636.250610352,
        "max": 111.789726257,
        "mean": 14.6526603699,
        "median": 8.47497653961,
        "min": 0.100223988295,
        "var": 304.849609375
    },
    "dissonance": {
        "dmean": 0.0560635142028,
        "dmean2": 0.0887747704983,
        "dvar": 0.00324173900299,
        "dvar2": 0.0072407652624,
        "max": 0.500000119209,
        "mean": 0.391539037228,
        "median": 0.400592803955,
        "min": 0.0975815281272,
        "var": 0.00829635001719
    },
    "dynamic_complexity": 4.84296751022,
    "erbbands_crest": {
        "dmean": 4.12061214447,
        "dmean2": 6.82716989517,
        "dvar": 12.6220998764,
        "dvar2": 30.2055606842,
        "max": 30.7656574249,
        "mean": 12.3379573822,
        "median": 11.5323257446,
        "min": 2.63895130157,
        "var": 26.1273841858
    },
    "erbbands_flatness_db": {
        "dmean": 0.0378442183137,
        "dmean2": 0.057978965342,
        "dvar": 0.00146888254676,
        "dvar2": 0.00312705640681,
        "max": 0.45174202323,
        "mean": 0.263563424349,
        "median": 0.274061232805,
        "min": 0.0828596577048,
        "var": 0.00407691253349
    },
    "erbbands_kurtosis": {
        "dmean": 4.68472194672,
        "dmean2": 7.8207192421,
        "dvar": 70.431854248,
        "dvar2": 174.375915527,
        "max": 87.8806533813,
        "mean": 4.55419206619,
        "median": 1.89139842987,
        "min": -1.91508543491,
        "var": 76.1400909424
    },
    "erbbands_skewness": {
        "dmean": 0.98057281971,
        "dmean2": 1.52626109123,
        "dvar": 1.28185558319,
        "dvar2": 2.77775502205,
        "max": 7.53065776825,
        "mean": 0.638627231121,
        "median": 0.711810052395,
        "min": -6.38017177582,
        "var": 2.61747574806
    },
    "erbbands_spread": {
        "dmean": 14.3956832886,
        "dmean2": 24.0586261749,
        "dvar": 370.075134277,
        "dvar2": 963.858276367,
        "max": 155.445205688,
        "mean": 26.1514854431,
        "median": 18.8850975037,
        "min": 1.02226221561,
        "var": 466.259887695
    },
    "hfc": {
        "dmean": 8.81835651398,
        "dmean2": 12.3752527237,
        "dvar": 101.886581421,
        "dvar2": 181.096069336,
        "max": 91.5552444458,
        "mean": 14.8206186295,
        "median": 9.22213554382,
        "min": 1.16122221663e-16,
        "var": 244.515609741
    },
    "melbands_crest": {
        "dmean": 5.39970684052,
        "dmean2": 8.67921257019,
        "dvar": 21.1441936493,
        "dvar2": 49.4870147705,
        "max": 37.0799179077,
        "mean": 16.6403198242,
        "median": 15.7323789597,
        "min": 1.81872487068,
        "var": 45.8470878601
    },
    "melbands_flatness_db": {
        "dmean": 0.065617673099,
        "dmean2": 0.0939190909266,
        "dvar": 0.00428152363747,
        "dvar2": 0.00848204642534,
        "max": 0.640952408314,
        "mean": 0.288413047791,
        "median": 0.285422503948,
        "min": 0.00336305587552,
        "var": 0.012356845662
    },
    "melbands_kurtosis": {
        "dmean": 21.7304000854,
        "dmean2": 36.8181533813,
        "dvar": 1820.15075684,
        "dvar2": 4717.69628906,
        "max": 530.083129883,
        "mean": 22.5244674683,
        "median": 6.56165981293,
        "min": -1.91101682186,
        "var": 1827.1673584
    },
    "melbands_skewness": {
        "dmean": 1.72064840794,
        "dmean2": 2.70801520348,
        "dvar": 3.63264584541,
        "dvar2": 8.38443279266,
        "max": 18.1535644531,
        "mean": 2.59161114693,
        "median": 1.96190047264,
        "min": -3.0287027359,
        "var": 6.72709608078
    },
    "melbands_spread": {
        "dmean": 19.1206035614,
        "dmean2": 31.9964599609,
        "dvar": 1354.72521973,
        "dvar2": 3191.09887695,
        "max": 305.233306885,
        "mean": 26.6510906219,
        "median": 11.5991487503,
        "min": 0.309018075466,
        "var": 1901.50268555
    },
    "pitch_salience": {
        "dmean": 0.121558427811,
        "dmean2": 0.194461092353,
        "dvar": 0.013906955719,
        "dvar2": 0.0287666898221,
        "max": 0.899575591087,
        "mean": 0.576815247536,
        "median": 0.620366156101,
        "min": 0.0769956409931,
        "var": 0.0295685622841
    },
    "silence_rate_20dB": {
        "dmean": 0,
        "dmean2": 0,
        "dvar": 0,
        "dvar2": 0,
        "max": 1,
        "mean": 1,
        "median": 1,
        "min": 1,
        "var": 0
    },
    "silence_rate_30dB": {
        "dmean": 0.000772200757638,
        "dmean2": 0.00154499802738,
        "dvar": 0.000771604303736,
        "dvar2": 0.00231510750018,
        "max": 1,
        "mean": 0.999614059925,
        "median": 1,
        "min": 0,
        "var": 0.000385775172617
    },
    "silence_rate_60dB": {
        "dmean": 0.112741313875,
        "dmean2": 0.225569725037,
        "dvar": 0.100031130016,
        "dvar2": 0.210992828012,
        "max": 1,
        "mean": 0.215746819973,
        "median": 0,
        "min": 0,
        "var": 0.169195950031
    },
    "spectral_centroid": {
        "dmean": 537.501342773,
        "dmean2": 801.203918457,
        "dvar": 684218.5625,
        "dvar2": 1153478.5,
        "max": 11123.8046875,
        "mean": 1256.16320801,
        "median": 792.661376953,
        "min": 149.626800537,
        "var": 1652929.125
    },
    "spectral_complexity": {
        "dmean": 3.18841695786,
        "dmean2": 4.48976421356,
        "dvar": 11.3172779083,
        "dvar2": 20.5596084595,
        "max": 28,
        "mean": 7.10961008072,
        "median": 6,
        "min": 0,
        "var": 32.7561073303
    },
    "spectral_decrease": {
        "dmean": 2.60074028979e-09,
        "dmean2": 3.56602569695e-09,
        "dvar": 9.44083401547e-18,
        "dvar2": 1.70527452268e-17,
        "max": 1.68280400886e-29,
        "mean": -5.1999573536e-09,
        "median": -4.30780922045e-09,
        "min": -2.75610716471e-08,
        "var": 2.42166157137e-17
    },
    "spectral_energy": {
        "dmean": 0.0104496516287,
        "dmean2": 0.0143167180941,
        "dvar": 0.000151968371938,
        "dvar2": 0.000275714002782,
        "max": 0.111883200705,
        "mean": 0.0209701322019,
        "median": 0.0170257557184,
        "min": 1.04691209499e-20,
        "var": 0.000387940526707
    },
    "spectral_energyband_high": {
        "dmean": 0.000431192427641,
        "dmean2": 0.000629920570645,
        "dvar": 8.75453565641e-07,
        "dvar2": 1.57004365064e-06,
        "max": 0.00760882953182,
        "mean": 0.000543896341696,
        "median": 5.60894259252e-05,
        "min": 7.41676067389e-21,
        "var": 1.57605586537e-06
    },
    "spectral_energyband_low": {
        "dmean": 0.000606953923125,
        "dmean2": 0.000908550980967,
        "dvar": 2.91841320177e-06,
        "dvar2": 6.83484222463e-06,
        "max": 0.0455586574972,
        "mean": 0.00111251580529,
        "median": 0.000167014630279,
        "min": 3.28262535375e-23,
        "var": 6.17699197392e-06
    },
    "spectral_energyband_middle_high": {
        "dmean": 0.00284868129529,
        "dmean2": 0.00385231268592,
        "dvar": 2.36849391513e-05,
        "dvar2": 3.67964967154e-05,
        "max": 0.0472185462713,
        "mean": 0.00376766058616,
        "median": 0.000555883452762,
        "min": 1.51344103151e-21,
        "var": 5.27162774233e-05
    },
    "spectral_energyband_middle_low": {
        "dmean": 0.00860398169607,
        "dmean2": 0.0122865457088,
        "dvar": 0.00010906947864,
        "dvar2": 0.000204843803658,
        "max": 0.0879905223846,
        "mean": 0.0163440499455,
        "median": 0.0137332146987,
        "min": 2.44263345077e-22,
        "var": 0.000253881211393
    },
    "spectral_entropy": {
        "dmean": 0.488496780396,
        "dmean2": 0.718907594681,
        "dvar": 0.277441084385,
        "dvar2": 0.52151876688,
        "max": 9.80654239655,
        "mean": 6.8404135704,
        "median": 6.84872245789,
        "min": 3.75441980362,
        "var": 0.801668703556
    },
    "spectral_flux": {
        "dmean": 0.0412206538022,
        "dmean2": 0.067209251225,
        "dvar": 0.00153891812079,
        "dvar2": 0.00371062825434,
        "max": 0.305769979954,
        "mean": 0.0903724059463,
        "median": 0.0823499783874,
        "min": 6.8642966311e-11,
        "var": 0.00353015959263
    },
    "spectral_kurtosis": {
        "dmean": 7.09299945831,
        "dmean2": 11.6100234985,
        "dvar": 98.4889984131,
        "dvar2": 229.190124512,
        "max": 97.5553894043,
        "mean": 9.54980182648,
        "median": 5.16271495819,
        "min": -1.29007732868,
        "var": 150.565338135
    },
    "spectral_rms": {
        "dmean": 0.00123087025713,
        "dmean2": 0.00164108688477,
        "dvar": 1.7218648054e-06,
        "dvar2": 2.81731854557e-06,
        "max": 0.0104476958513,
        "mean": 0.00382560701109,
        "median": 0.00407559704036,
        "min": 3.19589992491e-12,
        "var": 5.82339953326e-06
    },
    "spectral_rolloff": {
        "dmean": 893.237670898,
        "dmean2": 1465.14660645,
        "dvar": 2880013.75,
        "dvar2": 5387658.5,
        "max": 19207.6171875,
        "mean": 1593.00976562,
        "median": 710.595703125,
        "min": 43.06640625,
        "var": 5194232.5
    },
    "spectral_skewness": {
        "dmean": 0.799927890301,
        "dmean2": 1.22645235062,
        "dvar": 0.739095509052,
        "dvar2": 1.5862673521,
        "max": 8.30681419373,
        "mean": 1.8795684576,
        "median": 1.66673839092,
        "min": -0.85926759243,
        "var": 1.8255699873
    },
    "spectral_spread": {
        "dmean": 849184.25,
        "dmean2": 1336303.25,
        "dvar": 1.67566311424e+12,
        "dvar2": 3.17265176166e+12,
        "max": 42467620,
        "mean": 3312910.25,
        "median": 3074186.5,
        "min": 646766.5,
        "var": 3.27345294541e+12
    },
    "spectral_strongpeak": {
        "dmean": 0.742415308952,
        "dmean2": 1.14698135853,
        "dvar": 0.870333909988,
        "dvar2": 1.87286937237,
        "max": 8.22466087341,
        "mean": 1.15263485909,
        "median": 0.708033919334,
        "min": 0,
        "var": 1.53938937187
    },
    "zerocrossingrate": {
        "dmean": 0.0219402294606,
        "dmean2": 0.0237605683506,
        "dvar": 0.00112701207399,
        "dvar2": 0.00122753973119,
        "max": 0.5126953125,
        "mean": 0.0559631362557,
        "median": 0.033203125,
        "min": 0.001953125,
        "var": 0.00431087939069
    },
    "barkbands": {
        "dmean": [2.34643575823e-05, 0.00013858822058, 0.000190375780221, 0.00107769842725, 0.00274767051451, 0.00107005622704, 0.00152738229372, 0.00252278731205, 0.00303699285723, 0.00122530106455, 0.000756493012886, 0.000509867502842, 0.00047235249076, 0.000324785010889, 0.00021898408886, 9.42868500715e-05, 7.7705080912e-05, 0.00013989112631, 7.20060052117e-05, 9.62727135629e-05, 0.000194350097445, 0.00010917034524, 5.55855658604e-05, 6.91012828611e-05, 9.39218716667e-06, 9.63295292422e-08, 7.51129825005e-10],
        "dmean2": [3.89691304008e-05, 0.000239974149736, 0.000289312476525, 0.0014817325864, 0.00389462173916, 0.00161025661509, 0.0023136024829, 0.00401527993381, 0.00474217906594, 0.00188390712719, 0.00112565839663, 0.000771941209678, 0.000710001389962, 0.000483125593746, 0.000330094422679, 0.000146976482938, 0.000120867342048, 0.000210466299905, 0.000114722432045, 0.000151986198034, 0.000294719153317, 0.000158776470926, 7.83446521382e-05, 0.000101504461782, 1.45156936924e-05, 1.5537955278e-07, 1.3888695749e-09],
        "dvar": [8.75497541131e-09, 1.1442318737e-06, 5.9539496533e-07, 3.55868746738e-06, 1.95974571398e-05, 4.71525572721e-06, 1.37974811878e-05, 2.65987309831e-05, 4.11110813729e-05, 9.70704240899e-06, 4.66021037937e-06, 1.52760094352e-06, 1.45487672398e-06, 5.70168992908e-07, 3.27572678316e-07, 7.25305895344e-08, 6.82863330326e-08, 9.97289717475e-08, 2.93540693974e-08, 6.11244956872e-08, 1.79280903012e-07, 1.19935563703e-07, 4.51394797096e-08, 5.18808036531e-08, 1.3597695192e-09, 1.72823439045e-13, 1.31028448917e-18],
        "dvar2": [2.3151722317e-08, 3.14450335281e-06, 1.26631618969e-06, 6.59532361169e-06, 3.42370694852e-05, 9.00292889128e-06, 2.88651408482e-05, 5.93260483583e-05, 8.98561265785e-05, 1.9640156097e-05, 1.00554580058e-05, 3.3050246202e-06, 3.05056596517e-06, 1.14051272249e-06, 6.68709049023e-07, 1.66036286942e-07, 1.56721867484e-07, 1.97827418447e-07, 7.16795724998e-08, 1.49674519889e-07, 3.96728268015e-07, 2.19839435545e-07, 8.69460095032e-08, 1.04136425705e-07, 3.27774829501e-09, 4.01810935869e-13, 4.09686634171e-18],
        "max": [0.00332886935212, 0.0416396707296, 0.0156757161021, 0.0205891225487, 0.050179798156, 0.0388445295393, 0.044740203768, 0.0677134767175, 0.0806732177734, 0.046555519104, 0.0306791141629, 0.0196129642427, 0.0182478856295, 0.00974943395704, 0.0109311947599, 0.00369240855798, 0.00391338067129, 0.00496533559635, 0.0023777151946, 0.00371666927822, 0.00596562726423, 0.0041241296567, 0.0038749659434, 0.00317728612572, 0.000619983416982, 8.09188713902e-06, 1.14723572864e-08],
        "mean": [2.52962599916e-05, 0.000157908536494, 0.000314889475703, 0.00206033024006, 0.00496040517464, 0.00152747763786, 0.00160572957247, 0.00262850522995, 0.00309237628244, 0.00124263006728, 0.000745981233194, 0.000557236780878, 0.000497877190355, 0.000346758635715, 0.000223493698286, 9.45233623497e-05, 7.87507815403e-05, 0.000156940630404, 7.59567992645e-05, 9.87458915915e-05, 0.000212869723327, 0.000121723933262, 5.95592755417e-05, 7.53951972001e-05, 8.69683299243e-06, 8.65179714538e-08, 6.70257682689e-10],
        "median": [7.73102055973e-06, 4.6513046982e-05, 8.83625762071e-06, 0.000200072667212, 0.00199027173221, 0.00022077432368, 0.00011599806021, 0.00012878740381, 0.000116635324957, 2.76491882687e-05, 1.81739742402e-05, 1.97406770894e-05, 1.55173111125e-05, 1.35200880322e-05, 1.26569429995e-05, 8.46983675729e-06, 6.28124189461e-06, 1.72341424332e-05, 1.23632407849e-05, 1.18007783385e-05, 2.23820461542e-05, 2.8971771826e-06, 7.22038805634e-07, 2.64373716163e-06, 2.88735975573e-07, 4.42146069757e-10, 2.40020808784e-10],
        "min": [3.66723172707e-24, 1.29036944384e-23, 1.06202592399e-23, 5.23888601386e-24, 3.89339333655e-23, 3.95463860396e-23, 4.01222450341e-23, 2.57130852887e-23, 3.5691238573e-23, 5.31952384891e-23, 5.37784969989e-23, 6.06224459533e-23, 6.53567915205e-23, 8.45534565918e-23, 6.40964757839e-23, 5.86491514197e-23, 2.5131192455e-22, 1.34523869566e-22, 1.28133225331e-22, 2.31708465998e-22, 3.79816886383e-22, 5.84709307018e-22, 6.23362734067e-22, 7.08319544706e-22, 1.17204374118e-21, 1.57248892372e-21, 2.22325529723e-21],
        "var": [8.83218120862e-09, 8.89979901331e-07, 1.46913203025e-06, 1.0930298231e-05, 5.13204031449e-05, 1.03301908894e-05, 1.85654280358e-05, 3.37006167683e-05, 5.110496204e-05, 1.29419386212e-05, 5.88431248616e-06, 2.20517176786e-06, 2.03261038223e-06, 8.89738885235e-07, 4.80237190459e-07, 8.27903718914e-08, 8.03375783676e-08, 1.48523710664e-07, 3.17980450859e-08, 6.53448708476e-08, 2.42193664235e-07, 1.87681337138e-07, 6.75956428609e-08, 7.34717531259e-08, 1.31150779126e-09, 1.71506065643e-13, 1.07692980734e-18]
    },
    "erbbands": {
        "dmean": [0.00482058199123, 0.0300099346787, 0.161375761032, 1.69621682167, 7.41892957687, 10.353272438, 8.06241703033, 9.39499092102, 15.5759000778, 33.7290802002, 60.0041923523, 67.5542221069, 51.0873374939, 34.9994659424, 24.0099487305, 20.0146617889, 20.107460022, 17.1754455566, 13.7553796768, 7.64514446259, 4.45720148087, 4.52439689636, 6.46486949921, 6.1228094101, 2.87116646767, 4.34318971634, 7.21357011795, 7.32452106476, 3.61569404602, 2.86499142647, 1.61125254631, 1.65382897854, 1.0144354105, 0.221992358565, 0.00902551505715, 0.00118823489174, 6.93609254085e-05, 8.65215679369e-06, 6.61293051962e-06, 1.22016990645e-05],
        "dmean2": [0.00861318781972, 0.051022797823, 0.239764556289, 2.3308391571, 10.3734960556, 14.4814596176, 11.4594593048, 14.2597074509, 23.7987728119, 51.5370635986, 92.9273376465, 104.970329285, 77.5578384399, 49.7646713257, 34.0304794312, 29.6203346252, 29.6425743103, 24.5169429779, 20.4272422791, 11.7618751526, 6.66104412079, 6.94809913635, 9.73019599915, 9.29693698883, 4.53691148758, 6.86977958679, 11.2602005005, 11.1867160797, 5.32087850571, 4.10847091675, 2.32755589485, 2.48396205902, 1.50567293167, 0.337461709976, 0.0135442391038, 0.00183583283797, 0.0001050333085, 1.24466887428e-05, 9.37873210205e-06, 1.69776285475e-05],
        "dvar": [0.00249579572119, 0.0317258611321, 0.417589396238, 10.0953330994, 128.691986084, 467.732910156, 459.135223389, 396.665893555, 1362.87756348, 5688.32177734, 15294.5078125, 22615.6640625, 15001.8720703, 8125.22998047, 3760.24365234, 2346.47485352, 2586.25756836, 1480.84204102, 1023.88110352, 398.60345459, 142.56262207, 217.999679565, 249.582214355, 152.588851929, 62.2631835938, 128.007263184, 283.346923828, 294.832794189, 125.182754517, 107.846969604, 41.8024368286, 34.8251876831, 10.8268327713, 0.630051851273, 0.00107916200068, 2.20197707677e-05, 5.54320997992e-08, 5.06426289792e-10, 5.51203735433e-11, 2.01147570822e-10],
        "dvar2": [0.00723813008517, 0.0807505622506, 0.915274739265, 19.1089687347, 219.698791504, 834.087768555, 827.271362305, 876.261901855, 2977.39257812, 11536.7167969, 33652.90625, 50615.3867188, 31893.5585938, 15477.6396484, 8012.38720703, 4746.34228516, 5502.80664062, 2826.57080078, 2007.74047852, 879.68560791, 284.771148682, 485.334960938, 492.064880371, 336.75894165, 154.120117188, 318.521209717, 660.632507324, 634.110412598, 233.387619019, 203.372558594, 84.4982070923, 72.2246551514, 22.8725357056, 1.43374204636, 0.00237843347713, 4.93373299832e-05, 1.20725914599e-07, 9.95632021272e-10, 1.09044176466e-10, 3.69166641701e-10],
        "max": [1.94576609135, 6.48891639709, 13.0770969391, 40.3092346191, 129.886535645, 301.300170898, 360.895965576, 405.822540283, 526.429626465, 996.687316895, 1780.43981934, 1850.54980469, 1747.80541992, 1198.74108887, 1057.77624512, 1006.3692627, 719.497802734, 674.61730957, 366.387268066, 342.929626465, 214.616531372, 222.956451416, 240.19708252, 138.610641479, 138.769042969, 168.834350586, 227.77482605, 216.715560913, 143.88230896, 183.399002075, 127.751358032, 97.9751815796, 47.3799591064, 11.3837270737, 0.548874855042, 0.0794757157564, 0.00305089890026, 0.000256730534602, 6.01912543061e-05, 0.000130777538288],
        "mean": [0.00497581530362, 0.0378727577627, 0.301146119833, 3.48677968979, 14.4562273026, 15.7677555084, 12.2142400742, 13.1246185303, 18.2038021088, 37.4317131042, 63.7310752869, 68.4508285522, 53.6331214905, 37.899105072, 26.142375946, 22.6119384766, 21.9577312469, 19.1690425873, 15.4376869202, 7.99003696442, 4.82665967941, 4.79964590073, 7.39169788361, 6.87155199051, 3.12561559677, 4.52078533173, 7.73620080948, 8.13679695129, 4.18015050888, 3.09831142426, 1.70555090904, 1.77884721756, 1.05893003941, 0.219022274017, 0.00902701541781, 0.00114302430302, 7.67108649598e-05, 1.09088387035e-05, 1.2989175957e-05, 2.51393976214e-05],
        "median": [0.00181737414096, 0.0103444447741, 0.0353166013956, 0.729231774807, 6.32939386368, 2.76604795456, 1.54174005985, 2.84210777283, 3.40158486366, 5.12345647812, 5.42259454727, 3.7914917469, 1.66405415535, 0.925956428051, 0.886081695557, 0.905171334743, 0.782050311565, 0.804801166058, 0.753515958786, 0.674224793911, 0.462884753942, 0.426678210497, 0.771102547646, 1.13893961906, 0.550899386406, 0.583831310272, 0.962756156921, 0.717702507973, 0.154207468033, 0.031725179404, 0.024605711922, 0.0441722236574, 0.0418915525079, 0.00935456901789, 0.000388033600757, 3.78010226996e-05, 1.22736646517e-05, 2.68023381977e-06, 1.17382833196e-05, 2.19413959712e-05],
        "min": [4.38859553176e-22, 2.71128135732e-21, 1.06101261638e-20, 1.7205364819e-20, 3.8952025518e-20, 9.59670519007e-20, 3.20098631133e-19, 3.37873656822e-19, 6.63780698518e-19, 4.90963333209e-19, 6.65056055926e-19, 8.22205017771e-19, 1.90078680819e-18, 1.45916335095e-18, 2.84219899538e-18, 2.3790481627e-18, 3.13305989379e-18, 4.47791618987e-18, 4.09567685599e-18, 4.81950207818e-18, 4.29844818903e-18, 1.42227502474e-17, 7.7827041555e-18, 8.00382442248e-18, 1.02023373146e-17, 1.06612099691e-17, 1.60684184958e-17, 1.40872514456e-17, 1.96465735239e-17, 1.84782636267e-17, 1.85514575304e-17, 1.58654614607e-17, 1.15164874255e-17, 1.17730738885e-17, 7.93453067539e-18, 5.71209199767e-18, 2.88200768275e-18, 1.17495319146e-18, 2.99802048744e-19, 3.15591020245e-20],
        "var": [0.00154371489771, 0.034421466291, 1.00784850121, 30.7762145996, 396.822296143, 1017.18939209, 1165.41967773, 596.12878418, 1807.88696289, 8156.74951172, 19512.6855469, 27099.34375, 20495.9121094, 12381.0742188, 5476.56982422, 3485.89111328, 3572.47387695, 2606.49755859, 1700.22558594, 538.134277344, 196.766769409, 268.618621826, 383.4972229, 200.227844238, 64.1389694214, 134.40574646, 337.213806152, 411.291107178, 197.00390625, 159.073043823, 57.6055679321, 48.1437072754, 14.105014801, 0.686496973038, 0.00120577588677, 2.35798306676e-05, 6.53250893379e-08, 7.49808160005e-10, 1.30213229088e-10, 5.04764952058e-10]
    },
    "gfcc": {
        "mean": [-140.664337158, 137.883148193, -137.497619629, 38.5777854919, -78.9771881104, -3.77616548538, -27.8119792938, -13.465508461, -14.6128168106, -17.8761005402, -0.480723530054, -28.8423900604, 7.04801464081],
        "cov": [[13319.0498047, -350.575714111, -2623.91674805, -1246.79638672, -1406.86279297, -982.845336914, -244.961105347, -101.043266296, -415.576690674, -355.009216309, -125.629829407, -733.486694336, -125.11605072], [-350.575714111, 3522.05371094, -134.12677002, -1743.46948242, 518.175598145, -874.48236084, 200.908065796, -366.124694824, -135.930282593, -344.52230835, 66.4125823975, -350.787322998, -94.5606231689], [-2623.91674805, -134.12677002, 1615.69335938, 666.294372559, 70.4916305542, 110.957382202, -138.228347778, -83.136756897, 58.2113037109, -4.43671607971, -75.42237854, 199.849487305, -55.2524414062], [-1246.79638672, -1743.46948242, 666.294372559, 1763.02392578, -11.8074789047, 413.715454102, -197.075622559, 142.916290283, 210.390762329, 184.424407959, -104.919029236, 311.368774414, 27.4462890625], [-1406.86279297, 518.175598145, 70.4916305542, -11.8074789047, 575.446289062, 77.4132385254, 0.720658540726, -13.1992168427, 61.5298500061, 4.82262849808, -4.53736257553, 15.4183473587, 7.30457830429], [-982.845336914, -874.48236084, 110.957382202, 413.715454102, 77.4132385254, 859.491149902, 122.648368835, 151.854217529, 71.2993240356, 146.281005859, 67.650680542, 112.855789185, 10.8288640976], [-244.961105347, 200.908065796, -138.228347778, -197.075622559, 0.720658540726, 122.648368835, 365.230926514, -4.7744512558, -79.0937042236, 18.8518199921, 63.7608222961, -22.2198524475, -29.509141922], [-101.043266296, -366.124694824, -83.136756897, 142.916290283, -13.1992168427, 151.854217529, -4.7744512558, 289.197265625, 46.046962738, 14.9972867966, 68.8239212036, 48.7714385986, 15.1860523224], [-415.576690674, -135.930282593, 58.2113037109, 210.390762329, 61.5298500061, 71.2993240356, -79.0937042236, 46.046962738, 227.31930542, 56.7819976807, -48.1956291199, 82.3745498657, 38.8436431885], [-355.009216309, -344.52230835, -4.43671607971, 184.424407959, 4.82262849808, 146.281005859, 18.8518199921, 14.9972867966, 56.7819976807, 176.197097778, -7.06401586533, 36.8475532532, 48.1630172729], [-125.629829407, 66.4125823975, -75.42237854, -104.919029236, -4.53736257553, 67.650680542, 63.7608222961, 68.8239212036, -48.1956291199, -7.06401586533, 198.547866821, 39.7781639099, -27.2081871033], [-733.486694336, -350.787322998, 199.849487305, 311.368774414, 15.4183473587, 112.855789185, -22.2198524475, 48.7714385986, 82.3745498657, 36.8475532532, 39.7781639099, 222.819885254, 50.8230209351], [-125.11605072, -94.5606231689, -55.2524414062, 27.4462890625, 7.30457830429, 10.8288640976, -29.509141922, 15.1860523224, 38.8436431885, 48.1630172729, -27.2081871033, 50.8230209351, 146.884902954]],
        "icov": [[0.000245089060627, 4.49222316092e-05, 0.000381447840482, -2.60576616711e-05, 0.000483075011289, 5.37678897672e-05, 0.000266721413936, 0.000132533823489, 9.56311487244e-05, 0.000380229117582, 0.000117810748634, 0.000356028525857, 0.000146604856127], [4.49222316092e-05, 0.00188387557864, -0.000564736954402, 0.00121092388872, -0.00152746541426, 0.00128833227791, -0.00111675006337, 0.0011281297775, -0.00164997694083, 0.00175134686287, -0.00144205242395, 0.00172616983764, -0.000549962685909], [0.000381447840482, -0.000564736954402, 0.0016992483288, -0.000661663536448, 0.00119326170534, -0.000433801673353, 0.00104654778261, 0.000206106255064, 0.000973396119662, 0.000219239271246, 0.00105382956099, -0.000860040017869, 0.00104924628977], [-2.60576616711e-05, 0.00121092388872, -0.000661663536448, 0.00201255851425, -0.000990420696326, 0.00051882583648, -0.000236694701016, 0.00018191235722, -0.000936117896345, 6.81582387188e-05, 0.000137357215863, -0.000456464593299, 0.000485648895847], [0.000483075011289, -0.00152746541426, 0.00119326170534, -0.000990420696326, 0.00420137634501, -0.00122576765716, 0.00148694717791, -0.000457737449324, 0.000944697647355, -0.000468864600407, 0.00135974900331, -0.000584288383834, 0.000647503882647], [5.37678897672e-05, 0.00128833227791, -0.000433801673353, 0.00051882583648, -0.00122576765716, 0.00266383704729, -0.00143808871508, 0.000118322466733, -0.0012498338474, 0.000203231800697, -0.0013583463151, 0.00115412170999, -0.000208572761039], [0.000266721413936, -0.00111675006337, 0.00104654778261, -0.000236694701016, 0.00148694717791, -0.00143808871508, 0.0047387573868, -0.00037020232412, 0.00240594823845, -0.00154105888214, 0.000977314077318, -0.0014660616871, 0.00152587541379], [0.000132533823489, 0.0011281297775, 0.000206106255064, 0.00018191235722, -0.000457737449324, 0.000118322466733, -0.00037020232412, 0.0054718060419, -0.00203237868845, 0.00225947331637, -0.00282875658013, 0.00162902171724, -0.00103440578096], [9.56311487244e-05, -0.00164997694083, 0.000973396119662, -0.000936117896345, 0.000944697647355, -0.0012498338474, 0.00240594823845, -0.00203237868845, 0.00848868023604, -0.00314960093237, 0.0038223080337, -0.00417790282518, 0.00124047650024], [0.000380229117582, 0.00175134686287, 0.000219239271246, 6.81582387188e-05, -0.000468864600407, 0.000203231800697, -0.00154105888214, 0.00225947331637, -0.00314960093237, 0.0107132969424, -0.00213797367178, 0.00352766504511, -0.00331034278497], [0.000117810748634, -0.00144205242395, 0.00105382956099, 0.000137357215863, 0.00135974900331, -0.0013583463151, 0.000977314077318, -0.00282875658013, 0.0038223080337, -0.00213797367178, 0.00958741363138, -0.0052429116331, 0.00334428716451], [0.000356028525857, 0.00172616983764, -0.000860040017869, -0.000456464593299, -0.000584288383834, 0.00115412170999, -0.0014660616871, 0.00162902171724, -0.00417790282518, 0.00352766504511, -0.0052429116331, 0.011638905853, -0.00439283717424], [0.000146604856127, -0.000549962685909, 0.00104924628977, 0.000485648895847, 0.000647503882647, -0.000208572761039, 0.00152587541379, -0.00103440578096, 0.00124047650024, -0.00331034278497, 0.00334428716451, -0.00439283717424, 0.010176316835]]
    },
    "melbands": {
        "dmean": [3.95697788917e-05, 6.51565933367e-05, 0.000454416556749, 0.000642198836431, 0.000316041638143, 0.000210857208003, 0.000259919441305, 0.000409872154705, 0.000499146408401, 0.000433478213381, 0.00025211184402, 0.000143711687997, 9.03077889234e-05, 5.81150925427e-05, 5.26422991243e-05, 4.20351789217e-05, 3.16325749736e-05, 2.43179238169e-05, 1.52199454533e-05, 7.66561970522e-06, 4.75880460726e-06, 4.61962872578e-06, 5.0022126743e-06, 7.10328413334e-06, 5.05946718476e-06, 2.26796942115e-06, 2.18651052819e-06, 3.11414487442e-06, 4.67882819066e-06, 4.61037143396e-06, 4.18086301579e-06, 1.90918945009e-06, 2.38788334173e-06, 1.19936373721e-06, 8.74618592661e-07, 1.06223035345e-06, 1.04098762677e-06, 8.15267355847e-07, 4.55249079323e-07, 9.42061291198e-08],
        "dmean2": [6.97305804351e-05, 0.000100378609204, 0.000630703987554, 0.000899401726201, 0.000444050150691, 0.000320712570101, 0.000395810697228, 0.000629695889074, 0.00077712041093, 0.000672294001561, 0.000386122148484, 0.000207264136407, 0.000130635016831, 8.65533293108e-05, 7.83188879723e-05, 6.30272988928e-05, 4.63013275294e-05, 3.6411020119e-05, 2.31139347306e-05, 1.21835555547e-05, 7.15299484e-06, 7.18368482922e-06, 7.61940009397e-06, 1.07757859951e-05, 7.8026941992e-06, 3.64072911907e-06, 3.41226905221e-06, 4.98498820889e-06, 7.38715925763e-06, 7.14597672413e-06, 6.47114711683e-06, 2.85972805614e-06, 3.52531878889e-06, 1.73611067567e-06, 1.32314255552e-06, 1.59120611443e-06, 1.57567569659e-06, 1.2207144664e-06, 6.94811092217e-07, 1.44764726429e-07],
        "dvar": [1.30682181521e-07, 6.67289725698e-08, 5.10699692313e-07, 1.07215305434e-06, 5.42338568721e-07, 1.80708155995e-07, 3.76909383704e-07, 6.83474070229e-07, 1.03181196209e-06, 9.6582198239e-07, 3.75108101025e-07, 1.42879798659e-07, 5.75927678881e-08, 2.10009005741e-08, 1.9190007805e-08, 1.1114495102e-08, 5.4021445095e-09, 3.3719360637e-09, 2.1036428155e-09, 4.98707519725e-10, 2.02800706783e-10, 2.55460569365e-10, 2.67168009938e-10, 2.39334829732e-10, 1.1470607103e-10, 4.23702531394e-11, 4.61693565323e-11, 7.41389033498e-11, 1.30760846595e-10, 1.06066683214e-10, 1.15296688863e-10, 3.76728648277e-11, 7.22373549866e-11, 2.11167038716e-11, 1.65709234529e-11, 1.63371451783e-11, 1.42885382345e-11, 7.64919291102e-12, 2.55904021931e-12, 1.34935018345e-13],
        "dvar2": [3.71874932625e-07, 1.44976723959e-07, 9.03205830127e-07, 1.83807014764e-06, 9.79965193437e-07, 3.81867835131e-07, 8.1631952753e-07, 1.41453642755e-06, 2.23475262828e-06, 2.13414909922e-06, 7.96755273313e-07, 2.77728048559e-07, 1.24654519595e-07, 4.38303260353e-08, 3.97865171919e-08, 2.3437600305e-08, 1.086485657e-08, 6.93041446453e-09, 4.48825110411e-09, 1.19528231757e-09, 4.05152300598e-10, 5.91646565073e-10, 5.78685044328e-10, 4.64658700405e-10, 2.63199712025e-10, 1.05467551359e-10, 1.11806064407e-10, 1.89421089924e-10, 3.04622965741e-10, 2.44782027981e-10, 2.52709825288e-10, 7.5527833987e-11, 1.37677577672e-10, 3.94144820948e-11, 3.4654185771e-11, 3.53785611917e-11, 3.07426271939e-11, 1.67229390058e-11, 5.91736642325e-12, 3.15228393518e-13],
        "max": [0.0142144300044, 0.00518523575738, 0.00709377415478, 0.0111339064315, 0.010844534263, 0.00806193519384, 0.00892202276736, 0.00951784290373, 0.0127307232469, 0.0134975090623, 0.00848488509655, 0.00494273891672, 0.00348191335797, 0.00207865890115, 0.00237074284814, 0.0013841498876, 0.00111738150008, 0.000670950277708, 0.00109883479308, 0.000335718912538, 0.000301457184833, 0.000236661842791, 0.000317568512401, 0.000255139748333, 0.000130260435981, 9.84776488622e-05, 0.000119660755445, 0.00014872396423, 0.000146644859342, 0.000142190299812, 0.000155842033564, 8.48929630592e-05, 0.000118335716252, 8.58739804244e-05, 8.98959769984e-05, 5.59774016438e-05, 6.47387641948e-05, 4.40808471467e-05, 2.37648328039e-05, 6.83807002133e-06],
        "mean": [4.35102847405e-05, 0.000107824263978, 0.000956948613748, 0.00115852372255, 0.000479868147522, 0.000294977333397, 0.000294216879411, 0.000448803795734, 0.000518807792105, 0.00043633041787, 0.000259462336544, 0.000151454791194, 9.35161660891e-05, 6.52303060633e-05, 5.61891101825e-05, 4.5036249503e-05, 3.39175821864e-05, 2.61407458311e-05, 1.51675249072e-05, 7.48464071876e-06, 5.01774002259e-06, 4.58764498035e-06, 5.51729817744e-06, 7.9394903878e-06, 5.46048840988e-06, 2.32439469983e-06, 2.19322555495e-06, 3.12350289278e-06, 4.84870633954e-06, 4.884032478e-06, 4.6001505325e-06, 2.11872065847e-06, 2.51607639257e-06, 1.29492093492e-06, 9.03550301246e-07, 1.08322331016e-06, 1.09446546048e-06, 8.3891234226e-07, 4.45118587322e-07, 8.82059154605e-08],
        "median": [1.50659134306e-05, 9.96315156954e-06, 0.000335122400429, 0.000543699949048, 4.86332937726e-05, 5.17573389516e-05, 4.37270209659e-05, 4.60397386632e-05, 2.89646013698e-05, 1.76897228812e-05, 6.89258877173e-06, 3.30420743921e-06, 2.74357307717e-06, 2.30185492001e-06, 1.81445045655e-06, 1.49193010657e-06, 1.26722181903e-06, 1.1437973626e-06, 9.80490881375e-07, 6.80242294493e-07, 4.37250378127e-07, 3.53706496981e-07, 4.56809829075e-07, 8.71462646046e-07, 7.8044519114e-07, 3.29481423478e-07, 2.65388052867e-07, 3.52451877461e-07, 5.47511547211e-07, 5.00853673202e-07, 3.16913343568e-07, 7.03908682453e-08, 1.46455709782e-08, 8.81839223865e-09, 9.87719328549e-09, 1.83091586337e-08, 2.7527280011e-08, 2.82758580994e-08, 2.00473078138e-08, 2.89797719155e-09],
        "min": [3.83974495742e-24, 5.02407406177e-24, 3.55393039627e-24, 4.5649487319e-24, 1.06710555713e-23, 7.64466959449e-24, 9.73636031709e-24, 4.31567420787e-24, 5.96967847342e-24, 4.67687665586e-24, 9.36740218311e-24, 5.19871208897e-24, 7.29338904453e-24, 5.90778681338e-24, 8.14587947037e-24, 5.99158395747e-24, 9.01232169017e-24, 6.98706962187e-24, 5.9362173604e-24, 3.88247755266e-24, 4.95892519506e-24, 1.52253357483e-23, 9.08132966444e-24, 7.35754710195e-24, 5.28281609995e-24, 6.44624749006e-24, 7.90631897953e-24, 7.47917446518e-24, 7.98933160145e-24, 8.90077754704e-24, 8.49585130008e-24, 1.01351452819e-23, 1.18863312945e-23, 9.47303696921e-24, 8.76014810232e-24, 9.84069821586e-24, 1.02489842214e-23, 7.47607424182e-24, 8.29095887945e-24, 1.09838838853e-23],
        "var": [8.6958159784e-08, 1.660946225e-07, 1.68197823314e-06, 2.80596282209e-06, 1.387560701e-06, 3.06225558688e-07, 4.95783808674e-07, 9.80976437859e-07, 1.31648300794e-06, 1.17444619718e-06, 5.08964319579e-07, 2.10110499665e-07, 7.73433512791e-08, 3.2299258379e-08, 2.58868855241e-08, 1.61278705946e-08, 8.67984439878e-09, 5.21418064281e-09, 2.75973044417e-09, 5.26213961294e-10, 2.65611366235e-10, 2.80272166586e-10, 3.75199482594e-10, 3.54771684252e-10, 1.39643699382e-10, 4.24982653235e-11, 4.75607296602e-11, 7.24584212075e-11, 1.50770340657e-10, 1.32020533394e-10, 1.54136273189e-10, 5.4602312255e-11, 1.04203715101e-10, 3.17798357075e-11, 2.08357914255e-11, 2.11952139867e-11, 1.85221143978e-11, 9.51717090553e-12, 2.76212169456e-12, 1.35427205474e-13]
    },
    "mfcc": {
        "mean": [-765.500793457, 139.614746094, 2.75865340233, 21.6557292938, -14.189997673, -4.60830783844, 0.693392574787, -12.8895578384, -0.922244846821, -3.46931385994, -7.07968854904, 3.12058711052, -20.1079425812],
        "cov": [[11498.3359375, 121.906494141, -2544.24731445, -657.180480957, -1467.73852539, -1096.88269043, -154.887207031, -536.385925293, -211.597076416, -18.6083126068, -225.809005737, 261.7081604, -948.841491699], [121.906494141, 4722.77197266, -1030.50109863, -895.076477051, -358.586425781, -782.652404785, 113.108360291, -428.491851807, -267.186401367, -246.098022461, -1.25181686878, -132.099273682, -555.700683594], [-2544.24731445, -1030.50109863, 1786.29870605, 536.960632324, 349.227783203, 408.553466797, -150.798614502, 236.18107605, -0.99408352375, -60.599281311, 9.8861656189, -49.8249893188, 322.505706787], [-657.180480957, -895.076477051, 536.960632324, 949.932250977, 275.13293457, 96.6890716553, -239.53527832, 22.3451461792, 91.3738021851, -146.685424805, -10.0753126144, 52.3262062073, 141.79309082], [-1467.73852539, -358.586425781, 349.227783203, 275.13293457, 694.589904785, 218.563873291, -143.046417236, 125.640174866, 98.6649398804, 1.6967754364, 38.8078422546, -17.5965805054, 155.00680542], [-1096.88269043, -782.652404785, 408.553466797, 96.6890716553, 218.563873291, 645.606140137, 53.8085479736, 133.797546387, 86.6714553833, 117.529823303, 52.8295021057, -95.819480896, 220.702026367], [-154.887207031, 113.108360291, -150.798614502, -239.53527832, -143.046417236, 53.8085479736, 448.446655273, 82.3961791992, -91.8708648682, 133.245864868, 6.49435949326, -23.6140346527, 55.1474113464], [-536.385925293, -428.491851807, 236.18107605, 22.3451461792, 125.640174866, 133.797546387, 82.3961791992, 324.479309082, -14.5918045044, 68.7267227173, 29.4342250824, 2.47984910011, 190.303482056], [-211.597076416, -267.186401367, -0.99408352375, 91.3738021851, 98.6649398804, 86.6714553833, -91.8708648682, -14.5918045044, 270.041870117, 13.8447980881, -0.256145685911, 3.24289703369, 14.4176855087], [-18.6083126068, -246.098022461, -60.599281311, -146.685424805, 1.6967754364, 117.529823303, 133.245864868, 68.7267227173, 13.8447980881, 250.147338867, 23.3515377045, -34.3166809082, 71.1293792725], [-225.809005737, -1.25181686878, 9.8861656189, -10.0753126144, 38.8078422546, 52.8295021057, 6.49435949326, 29.4342250824, -0.256145685911, 23.3515377045, 145.165908813, 6.40875148773, 10.231877327], [261.7081604, -132.099273682, -49.8249893188, 52.3262062073, -17.5965805054, -95.819480896, -23.6140346527, 2.47984910011, 3.24289703369, -34.3166809082, 6.40875148773, 162.912490845, -10.1904649734], [-948.841491699, -555.700683594, 322.505706787, 141.79309082, 155.00680542, 220.702026367, 55.1474113464, 190.303482056, 14.4176855087, 71.1293792725, 10.231877327, -10.1904649734, 311.952758789]],
