{
"lowlevel": {
    "average_loudness": 0.96469783783,
    "barkbands_crest": {
        "dmean": 3.62533783913,
        "dmean2": 5.95739889145,
        "dvar": 10.4257831573,
        "dvar2": 26.8258609772,
        "max": 26.5263786316,
        "mean": 11.822766304,
        "median": 11.0935869217,
        "min": 2.91661119461,
        "var": 22.8930301666
    },
    "barkbands_flatness_db": {
        "dmean": 0.038672581315,
        "dmean2": 0.0582766123116,
        "dvar": 0.00155953806825,
        "dvar2": 0.00347458268516,
        "max": 0.53188085556,
        "mean": 0.236302047968,
        "median": 0.237567052245,
        "min": 0.0296477656811,
        "var": 0.00441948696971
    },
    "barkbands_kurtosis": {
        "dmean": 12.1580171585,
        "dmean2": 19.1419334412,
        "dvar": 3460.85644531,
        "dvar2": 7997.74316406,
        "max": 2149.83544922,
        "mean": 11.9109954834,
        "median": 3.57361936569,
        "min": -1.9605025053,
        "var": 3382.91162109
    },
    "barkbands_skewness": {
        "dmean": 1.17710673809,
        "dmean2": 1.78704094887,
        "dvar": 2.89948987961,
        "dvar2": 6.66652154922,
        "max": 36.0940818787,
        "mean": 1.88166892529,
        "median": 1.59634160995,
        "min": -5.09044027328,
        "var": 4.90996313095
    },
    "barkbands_spread": {
        "dmean": 7.97159814835,
        "dmean2": 12.8290042877,
        "dvar": 138.563735962,
        "dvar2": 329.999084473,
        "max": 100.100486755,
        "mean": 15.3473892212,
        "median": 10.650015831,
        "min": 0.07658559829,
        "var": 223.107543945
    },
    "dissonance": {
        "dmean": 0.0367994792759,
        "dmean2": 0.0575425364077,
        "dvar": 0.00146454107016,
        "dvar2": 0.00341504369862,
        "max": 0.5,
        "mean": 0.420734465122,
        "median": 0.430373162031,
        "min": 0.150075316429,
        "var": 0.00372912921011
    },
    "dynamic_complexity": 4.05185127258,
    "erbbands_crest": {
        "dmean": 3.88428711891,
        "dmean2": 6.27662181854,
        "dvar": 12.1352472305,
        "dvar2": 30.6187953949,
        "max": 31.6860389709,
        "mean": 11.9540538788,
        "median": 11.1149997711,
        "min": 2.5134241581,
        "var": 25.936876297
    },
    "erbbands_flatness_db": {
        "dmean": 0.0292124450207,
        "dmean2": 0.0427241511643,
        "dvar": 0.000878163788002,
        "dvar2": 0.0018270049477,
        "max": 0.406495690346,
        "mean": 0.25639218092,
        "median": 0.265399754047,
        "min": 0.0767710581422,
        "var": 0.00262090773322
    },
    "erbbands_kurtosis": {
        "dmean": 2.83844470978,
        "dmean2": 4.55039548874,
        "dvar": 21.9711151123,
        "dvar2": 54.8583450317,
        "max": 78.0736999512,
        "mean": 2.30640816689,
        "median": 0.524293899536,
        "min": -1.90694844723,
        "var": 27.4353847504
    },
    "erbbands_skewness": {
        "dmean": 0.750546813011,
        "dmean2": 1.11993026733,
        "dvar": 0.645411968231,
        "dvar2": 1.34820222855,
        "max": 6.82742500305,
        "mean": 0.699705481529,
        "median": 0.736143290997,
        "min": -5.17950487137,
        "var": 1.74712431431
    },
    "erbbands_spread": {
        "dmean": 11.9974889755,
        "dmean2": 19.2637023926,
        "dvar": 212.459655762,
        "dvar2": 543.518310547,
        "max": 142.872451782,
        "mean": 29.8917007446,
        "median": 25.6218318939,
        "min": 0.78719753027,
        "var": 341.27923584
    },
    "hfc": {
        "dmean": 7.10766458511,
        "dmean2": 10.1713981628,
        "dvar": 70.4702529907,
        "dvar2": 133.173706055,
        "max": 81.8678741455,
        "mean": 13.7392940521,
        "median": 9.51201820374,
        "min": 1.08418046727e-16,
        "var": 181.382827759
    },
    "melbands_crest": {
        "dmean": 4.74068689346,
        "dmean2": 7.6670331955,
        "dvar": 19.5022621155,
        "dvar2": 46.5504150391,
        "max": 38.8272094727,
        "mean": 15.5141830444,
        "median": 14.368139267,
        "min": 2.20125937462,
        "var": 42.9065704346
    },
    "melbands_flatness_db": {
        "dmean": 0.0467948429286,
        "dmean2": 0.0674580261111,
        "dvar": 0.00253002298996,
        "dvar2": 0.005204746034,
        "max": 0.627669692039,
        "mean": 0.265239238739,
        "median": 0.267537325621,
        "min": 0.0050301332958,
        "var": 0.0077374917455
    },
    "melbands_kurtosis": {
        "dmean": 16.4596252441,
        "dmean2": 27.1613903046,
        "dvar": 2076.4206543,
        "dvar2": 4797.46923828,
        "max": 939.008972168,
        "mean": 19.7852325439,
        "median": 8.54359436035,
        "min": -1.92226433754,
        "var": 2647.39575195
    },
    "melbands_skewness": {
        "dmean": 1.27706027031,
        "dmean2": 1.9756064415,
        "dvar": 2.91951298714,
        "dvar2": 7.00198841095,
        "max": 26.3395957947,
        "mean": 2.62639451027,
        "median": 2.22196769714,
        "min": -3.51036310196,
        "var": 5.24657487869
    },
    "melbands_spread": {
        "dmean": 12.122209549,
        "dmean2": 19.3124465942,
        "dvar": 546.561462402,
        "dvar2": 1186.109375,
        "max": 201.302642822,
        "mean": 21.6480331421,
        "median": 12.3087806702,
        "min": 0.215679943562,
        "var": 873.825195312
    },
    "pitch_salience": {
        "dmean": 0.100927107036,
        "dmean2": 0.160191595554,
        "dvar": 0.00948007404804,
        "dvar2": 0.0222953110933,
        "max": 0.919452190399,
        "mean": 0.616437256336,
        "median": 0.645815730095,
        "min": 0.0224276147783,
        "var": 0.0224172789603
    },
    "silence_rate_20dB": {
        "dmean": 0,
        "dmean2": 0,
        "dvar": 0,
        "dvar2": 0,
        "max": 1,
        "mean": 1,
        "median": 1,
        "min": 1,
        "var": 0
    },
    "silence_rate_30dB": {
        "dmean": 0.000771604944021,
        "dmean2": 0.00154380546883,
        "dvar": 0.000771009654272,
        "dvar2": 0.00231332494877,
        "max": 1,
        "mean": 0.999614357948,
        "median": 1,
        "min": 0,
        "var": 0.000385502760764
    },
    "silence_rate_60dB": {
        "dmean": 0.100308641791,
        "dmean2": 0.200694710016,
        "dvar": 0.0902451202273,
        "dvar2": 0.199785456061,
        "max": 1,
        "mean": 0.168530657887,
        "median": 0,
        "min": 0,
        "var": 0.140128940344
    },
    "spectral_centroid": {
        "dmean": 433.439971924,
        "dmean2": 646.929931641,
        "dvar": 394668.6875,
        "dvar2": 695980.4375,
        "max": 10915.8623047,
        "mean": 1236.30114746,
        "median": 963.598205566,
        "min": 113.476844788,
        "var": 935374.0625
    },
    "spectral_complexity": {
        "dmean": 3.86574077606,
        "dmean2": 5.43033599854,
        "dvar": 16.1154441833,
        "dvar2": 30.2126140594,
        "max": 43,
        "mean": 10.3887386322,
        "median": 9,
        "min": 0,
        "var": 62.9916915894
    },
    "spectral_decrease": {
        "dmean": 2.32988806026e-09,
        "dmean2": 3.28931948346e-09,
        "dvar": 7.58960380458e-18,
        "dvar2": 1.43474361442e-17,
        "max": 6.29648188764e-29,
        "mean": -5.17513054632e-09,
        "median": -4.39578107247e-09,
        "min": -3.2482638801e-08,
        "var": 2.03642685106e-17
    },
    "spectral_energy": {
        "dmean": 0.00936397723854,
        "dmean2": 0.0132175059989,
        "dvar": 0.000121296994621,
        "dvar2": 0.00022876849107,
        "max": 0.130022674799,
        "mean": 0.0207783337682,
        "median": 0.0175076071173,
        "min": 1.05628734713e-20,
        "var": 0.000327088142512
    },
    "spectral_energyband_high": {
        "dmean": 0.000227964934311,
        "dmean2": 0.000347454013536,
        "dvar": 2.844328435e-07,
        "dvar2": 6.14994803527e-07,
        "max": 0.00850807316601,
        "mean": 0.000281137909042,
        "median": 5.89529445278e-05,
        "min": 7.34283867678e-21,
        "var": 4.04946320032e-07
    },
    "spectral_energyband_low": {
        "dmean": 0.000938604469411,
        "dmean2": 0.00136822916102,
        "dvar": 1.11056733658e-05,
        "dvar2": 2.31360081671e-05,
        "max": 0.0846590772271,
        "mean": 0.00167893315665,
        "median": 0.000500572787132,
        "min": 5.50077631703e-23,
        "var": 1.58211132657e-05
    },
    "spectral_energyband_middle_high": {
        "dmean": 0.00210143928416,
        "dmean2": 0.00297751044855,
        "dvar": 1.18029029181e-05,
        "dvar2": 2.26542251767e-05,
        "max": 0.0376078486443,
        "mean": 0.00320040551014,
        "median": 0.00123461929616,
        "min": 1.59678291134e-21,
        "var": 2.38445663854e-05
    },
    "spectral_energyband_middle_low": {
        "dmean": 0.00767901958898,
        "dmean2": 0.0110379103571,
        "dvar": 9.16700664675e-05,
        "dvar2": 0.000177877969691,
        "max": 0.111771717668,
        "mean": 0.0161092951894,
        "median": 0.0130850365385,
        "min": 2.17544209698e-22,
        "var": 0.000228578588576
    },
    "spectral_entropy": {
        "dmean": 0.336845785379,
        "dmean2": 0.49287545681,
        "dvar": 0.128095656633,
        "dvar2": 0.260765999556,
        "max": 9.80242156982,
        "mean": 6.99698543549,
        "median": 6.98037862778,
        "min": 4.56941223145,
        "var": 0.405098259449
    },
    "spectral_flux": {
        "dmean": 0.0360182821751,
        "dmean2": 0.0585569776595,
        "dvar": 0.00113683519885,
        "dvar2": 0.00297926738858,
        "max": 0.327649742365,
        "mean": 0.0882413610816,
        "median": 0.0824186578393,
        "min": 6.73791647476e-11,
        "var": 0.00275464588776
    },
    "spectral_kurtosis": {
        "dmean": 4.89356803894,
        "dmean2": 8.29137516022,
        "dvar": 25.4660587311,
        "dvar2": 67.6891403198,
        "max": 46.1601524353,
        "mean": 7.11040830612,
        "median": 5.45633411407,
        "min": -1.20934081078,
        "var": 41.74609375
    },
    "spectral_rms": {
        "dmean": 0.00110366265289,
        "dmean2": 0.00149677298032,
        "dvar": 1.30905311835e-06,
        "dvar2": 2.30204454965e-06,
        "max": 0.0112628322095,
        "mean": 0.00393494777381,
        "median": 0.0041328673251,
        "min": 3.21017800016e-12,
        "var": 4.78770971313e-06
    },
    "spectral_rolloff": {
        "dmean": 632.74621582,
        "dmean2": 1075.17980957,
        "dvar": 1386774.25,
        "dvar2": 2837789.5,
        "max": 19121.484375,
        "mean": 1286.16125488,
        "median": 645.99609375,
        "min": 21.533203125,
        "var": 2385156.5
    },
    "spectral_skewness": {
        "dmean": 0.589855968952,
        "dmean2": 0.94393748045,
        "dvar": 0.2922347188,
        "dvar2": 0.704234957695,
        "max": 5.52065420151,
        "mean": 1.52497696877,
        "median": 1.3892865181,
        "min": -0.551849424839,
        "var": 0.745592832565
    },
    "spectral_spread": {
        "dmean": 575673.8125,
        "dmean2": 872953.875,
        "dvar": 973738737664,
        "dvar2": 1.29422340915e+12,
        "max": 41144148,
        "mean": 3022995,
        "median": 2750055.25,
        "min": 1116033.375,
        "var": 2.30741691597e+12
    },
    "spectral_strongpeak": {
        "dmean": 0.643413424492,
        "dmean2": 0.98680460453,
        "dvar": 0.560432553291,
        "dvar2": 1.21330571175,
        "max": 8.72157382965,
        "mean": 1.15347230434,
        "median": 0.850314259529,
        "min": 0,
        "var": 1.19109916687
    },
    "zerocrossingrate": {
        "dmean": 0.0139231737703,
        "dmean2": 0.0163141712546,
        "dvar": 0.000506239011884,
        "dvar2": 0.000717633985914,
        "max": 0.509765625,
        "mean": 0.0471832603216,
        "median": 0.037109375,
        "min": 0,
        "var": 0.00170237594284
    },
    "barkbands": {
        "dmean": [0.000180782124517, 0.000436453032307, 0.000325298984535, 0.000590408570133, 0.00189409486484, 0.00158063368872, 0.00320050260052, 0.00251649739221, 0.00168931100052, 0.000533645797987, 0.000268542324193, 0.000311233394314, 0.000351575377863, 0.000283931498416, 0.000290308526019, 0.000242040739977, 0.000228221935686, 0.000191749044461, 0.000136776361614, 0.0001608353341, 8.35619721329e-05, 3.85932362406e-05, 1.65135897987e-05, 8.5915753516e-06, 1.28514136577e-06, 1.02198463026e-08, 8.49812331616e-10],
        "dmean2": [0.000313034222927, 0.000662203645334, 0.000461932679173, 0.000836435065139, 0.00276595237665, 0.00236707134172, 0.00489370105788, 0.00390856759623, 0.00261516077444, 0.000800640438683, 0.000408756750403, 0.000491380516905, 0.000540650740732, 0.000440546864411, 0.000453664310044, 0.000375639559934, 0.000352005998138, 0.000294906349154, 0.000209135876503, 0.000246213603532, 0.00013270911586, 5.80337764404e-05, 2.49728400377e-05, 1.34372876346e-05, 2.0461461645e-06, 1.77939707413e-08, 1.57506141463e-09],
        "dvar": [1.13584626149e-07, 8.76290596352e-06, 6.86611542733e-07, 1.48656351939e-06, 1.01431787698e-05, 1.04851260403e-05, 3.93712543882e-05, 2.57418414549e-05, 1.58122875291e-05, 2.3976808734e-06, 5.25960615505e-07, 8.4173467485e-07, 7.67261951751e-07, 5.82818017847e-07, 6.32998649053e-07, 3.46518618244e-07, 2.48131982516e-07, 1.34319336098e-07, 8.73975878335e-08, 8.77676029631e-08, 7.05000573475e-08, 3.34088916532e-08, 4.31907309917e-09, 1.13122777812e-09, 2.22656754145e-11, 2.67653708069e-15, 4.7001990592e-18],
        "dvar2": [2.97834930052e-07, 1.840162804e-05, 1.28702413349e-06, 3.09151801048e-06, 2.01918901439e-05, 2.17252800212e-05, 8.5023813881e-05, 5.70592274016e-05, 3.39546386385e-05, 4.56824955108e-06, 1.11647159429e-06, 1.9886147129e-06, 1.64891309851e-06, 1.20352160593e-06, 1.39416874845e-06, 7.66087339343e-07, 5.96286042764e-07, 3.04689052655e-07, 2.11078429402e-07, 1.99495403308e-07, 1.6605987696e-07, 6.9301400174e-08, 8.42642933208e-09, 2.55543608496e-09, 5.05347430568e-11, 6.83713687134e-15, 1.40069652954e-17],
        "max": [0.0104654496536, 0.0728552564979, 0.018260134384, 0.0236348584294, 0.0417481064796, 0.0607648231089, 0.0660835132003, 0.0483703128994, 0.0400349572301, 0.0249370541424, 0.0124203851447, 0.0180158317089, 0.0142912510782, 0.0154261253774, 0.0108945909888, 0.00904806051403, 0.00648545147851, 0.0044216979295, 0.00545406993479, 0.00430062040687, 0.00539559684694, 0.0048090047203, 0.00151400186587, 0.000674950599205, 7.78982575866e-05, 9.9550129562e-07, 6.89663153253e-08],
        "mean": [0.000148042076034, 0.000467221747385, 0.000687321764417, 0.00106991652865, 0.0035998148378, 0.00248830299824, 0.00401314441115, 0.00287699792534, 0.0018385933945, 0.00057873717742, 0.000304325454636, 0.000329625996528, 0.000384094397305, 0.000324440188706, 0.000319389626384, 0.000276755454252, 0.00029070553137, 0.000243627888267, 0.000178561109351, 0.000200523194508, 9.27500732359e-05, 3.8515907363e-05, 1.68241931533e-05, 8.74298439157e-06, 1.33341063702e-06, 7.68096253267e-09, 6.91391777163e-10],
        "median": [1.35964219226e-05, 3.50714071828e-05, 5.16632608196e-05, 0.000223721930524, 0.00181036407594, 0.000684822211042, 0.000778010871727, 0.000386244646506, 0.000125763850519, 3.54757175955e-05, 2.05816013477e-05, 2.75701131613e-05, 2.56753719441e-05, 3.06855799863e-05, 3.11820658681e-05, 3.74825467588e-05, 4.95905187563e-05, 5.07910917804e-05, 3.80871169909e-05, 4.81947063236e-05, 1.41827867992e-05, 2.26148654292e-06, 1.61955824751e-06, 1.52567849909e-06, 2.86755863499e-07, 3.73056252556e-10, 2.31319796651e-10],
        "min": [1.97637878257e-24, 2.72755599956e-23, 1.62967745184e-23, 7.71966817847e-24, 3.28187467371e-23, 4.16734421855e-23, 4.04010884314e-23, 1.44701718255e-23, 3.51155184181e-23, 5.0718985175e-23, 2.90834493301e-23, 7.74022999574e-23, 5.7931281685e-23, 5.16028060005e-23, 1.32770654603e-22, 9.65598880149e-23, 1.74728070937e-22, 1.62004097945e-22, 2.30276121786e-22, 3.02802655504e-22, 3.72148931192e-22, 4.93076688393e-22, 5.70152614506e-22, 8.26989771323e-22, 7.94256158455e-22, 1.42264129854e-21, 2.3406672844e-21],
        "var": [1.21142505805e-07, 9.9442231658e-06, 2.06898403121e-06, 3.58452552973e-06, 2.51505789493e-05, 2.14152478293e-05, 6.02884720138e-05, 3.55655138264e-05, 2.07872581086e-05, 3.55717065759e-06, 7.73859312631e-07, 1.0939842241e-06, 1.04937350898e-06, 9.45026727095e-07, 8.10385301975e-07, 4.70235960393e-07, 3.63052492958e-07, 1.99027681447e-07, 1.2149591555e-07, 1.30479790528e-07, 8.03035931085e-08, 4.15561842715e-08, 5.51369128132e-09, 1.21998089408e-09, 2.44665069454e-11, 2.21062470223e-15, 2.86732812201e-18]
    },
    "erbbands": {
        "dmean": [0.0186784751713, 0.079899661243, 0.263178020716, 1.17592573166, 4.02232646942, 7.24063539505, 8.8068447113, 14.896946907, 36.7840423584, 53.9214515686, 51.2456054688, 39.0776290894, 23.8935928345, 12.3199052811, 10.6164999008, 12.8663873672, 15.1871891022, 14.0354003906, 14.3043212891, 14.8492231369, 12.51649189, 12.2476816177, 10.9944267273, 7.46782016754, 6.40419149399, 7.09769773483, 5.16105175018, 2.60657095909, 1.42694795132, 0.798537373543, 0.417642563581, 0.218686118722, 0.119088478386, 0.027910657227, 0.00326903513633, 0.000210222206078, 1.36497883432e-05, 2.74384387922e-06, 4.98409144711e-06, 1.08827116492e-05],
        "dmean2": [0.0286116600037, 0.119122803211, 0.368618190289, 1.6447378397, 5.71840143204, 10.573600769, 12.672170639, 22.1227016449, 55.6038742065, 82.025428772, 79.433631897, 59.7293701172, 35.0389213562, 18.2027835846, 16.3107223511, 19.6672821045, 22.958322525, 21.3703479767, 21.7427940369, 22.3903884888, 19.2513847351, 18.7619075775, 16.8005027771, 11.3005561829, 9.72633075714, 10.7171030045, 8.15839385986, 4.01108503342, 2.15143585205, 1.21906518936, 0.643394112587, 0.341529488564, 0.186615750194, 0.0440422669053, 0.00504783401266, 0.00033084928873, 2.12456088775e-05, 4.18406625613e-06, 7.11762368155e-06, 1.53990094987e-05],
        "dvar": [0.0193914901465, 0.228172048926, 0.397023230791, 5.86117982864, 56.368473053, 218.453872681, 394.072662354, 1054.08032227, 5656.24755859, 13088.7050781, 10496.8662109, 8879.13378906, 4022.65942383, 1093.53161621, 916.303161621, 1343.23693848, 1330.65319824, 1240.20593262, 1515.00244141, 1466.82592773, 830.207397461, 689.506835938, 433.448059082, 248.32131958, 162.999923706, 168.611526489, 159.730545044, 120.551338196, 44.6383705139, 11.4133996964, 2.53114199638, 0.813251912594, 0.22925388813, 0.0100521426648, 0.000154983441462, 7.08108927938e-07, 2.10511874599e-09, 7.52475512455e-11, 3.16860357397e-11, 1.60088053924e-10],
        "dvar2": [0.0415818914771, 0.488304108381, 0.740507483482, 12.2887134552, 100.210823059, 445.342285156, 766.609130859, 2163.73706055, 13323.4277344, 27926.3046875, 23773.6757812, 19582.4648438, 7975.32666016, 2303.58691406, 2117.54321289, 2990.45581055, 2844.27099609, 2625.13867188, 3175.80249023, 3308.96020508, 1863.79467773, 1643.64489746, 981.017578125, 592.63482666, 361.705230713, 387.466339111, 379.951843262, 279.036682129, 89.2815093994, 21.8020553589, 4.90326356888, 1.85965168476, 0.537807047367, 0.0226512774825, 0.000328666239511, 1.54033830313e-06, 5.18874898603e-09, 2.01993297089e-10, 6.09435626964e-11, 3.02302793909e-10],
        "max": [3.95929455757, 11.3322238922, 11.5303592682, 45.140499115, 125.786094666, 229.479248047, 353.500152588, 675.832336426, 1162.6484375, 1701.51782227, 1208.48583984, 1167.44360352, 873.355163574, 551.685302734, 658.061706543, 851.460083008, 419.115631104, 491.483032227, 742.936645508, 626.146911621, 387.825531006, 403.242675781, 282.678527832, 283.682281494, 206.322250366, 153.829223633, 233.729293823, 207.694503784, 172.641479492, 77.9770050049, 28.2109355927, 15.9844579697, 10.1531362534, 1.75307071209, 0.232955530286, 0.0149653181434, 0.00102796242572, 0.000267155963229, 6.65053084958e-05, 0.000149762723595],
        "mean": [0.0182633027434, 0.0980866849422, 0.605118989944, 2.42171883583, 8.17603588104, 12.306438446, 13.7946844101, 23.4549655914, 48.6531639099, 66.2600250244, 59.0967330933, 43.082447052, 26.3793678284, 13.928560257, 12.3963689804, 14.1558465958, 17.4218883514, 16.3058357239, 16.7861366272, 16.5295848846, 15.7882223129, 16.3992595673, 14.310377121, 9.95791530609, 8.50010585785, 9.07047367096, 6.45758104324, 2.59184288979, 1.46226775646, 0.812893390656, 0.425741881132, 0.223004102707, 0.119938999414, 0.0292836166918, 0.00340776331723, 0.000213884675759, 1.95570009964e-05, 4.27408349424e-06, 1.11757026389e-05, 2.42404257733e-05],
        "median": [0.00169949326664, 0.00859192479402, 0.10121499747, 1.02389001846, 2.60939311981, 4.26245355606, 3.35011291504, 6.65238523483, 12.9269428253, 14.6355571747, 11.0894470215, 4.40891981125, 1.89750576019, 1.10875022411, 1.03319633007, 1.25166344643, 1.32280302048, 1.62485408783, 1.82740080357, 2.05626177788, 2.54391169548, 3.12569403648, 3.24814558029, 2.24279999733, 2.1852209568, 2.275639534, 1.28199696541, 0.298917472363, 0.0979732200503, 0.0616522915661, 0.0442369952798, 0.0349087901413, 0.021069444716, 0.00645567802712, 0.000693053414579, 4.35181282228e-05, 1.12580046334e-05, 2.61441618932e-06, 9.47621629166e-06, 2.031907934e-05],
        "min": [7.08599495664e-22, 6.36775025433e-21, 1.92573753522e-20, 3.27068345114e-20, 6.21878908161e-20, 1.43429757795e-19, 3.75641431122e-19, 2.81590142444e-19, 4.61343960027e-19, 4.48949795921e-19, 5.45173493532e-19, 7.06901985742e-19, 9.14649999247e-19, 3.01873670889e-18, 2.94341612386e-18, 2.80344517009e-18, 2.20609296843e-18, 4.32758852124e-18, 4.41641407055e-18, 6.68562484882e-18, 5.90372699813e-18, 9.26552880107e-18, 9.86199385153e-18, 7.89886347455e-18, 1.14934239757e-17, 1.14719437496e-17, 1.44032063155e-17, 1.67474940741e-17, 1.63229601683e-17, 1.69329794003e-17, 1.71575043427e-17, 1.4996653811e-17, 1.43157815965e-17, 8.70272090256e-18, 6.52785958572e-18, 4.67385087515e-18, 2.73712658487e-18, 1.33067821358e-18, 3.07941661068e-19, 3.14734952934e-20],
        "var": [0.0207509547472, 0.265412867069, 1.42642045021, 15.093952179, 176.699508667, 468.729125977, 840.721679688, 2058.44458008, 8142.19726562, 19602.1171875, 13758.6669922, 11360.7822266, 5718.33105469, 1434.54260254, 1230.34155273, 1904.2980957, 1931.53137207, 1817.39416504, 2316.77880859, 1852.69384766, 1260.53564453, 1036.59020996, 666.984802246, 341.811065674, 254.239685059, 254.805923462, 216.012924194, 126.171112061, 58.6667060852, 15.0149278641, 3.23408579826, 0.848539948463, 0.231462657452, 0.0111604761332, 0.000181360344868, 8.06526259112e-07, 2.04642591761e-09, 6.38694999666e-11, 8.80507125545e-11, 4.36179009577e-10]
    },
    "gfcc": {
        "mean": [-118.184524536, 143.036895752, -154.683807373, 43.4962310791, -71.8413314819, -19.8783359528, -38.2183990479, -8.55514621735, -8.75646114349, -16.0097351074, 5.06374502182, -27.4896564484, 3.00296401978],
        "cov": [[10592.3876953, 1102.19128418, -1755.88500977, -1170.51904297, -551.504272461, -1382.04431152, -412.254058838, -79.1057510376, -109.589530945, -258.259063721, -39.5603599548, -562.136779785, -183.73135376], [1102.19128418, 1900.38037109, 172.228225708, -878.11932373, 251.065322876, -519.593811035, 57.3468360901, -132.947891235, -59.3333587646, -213.39805603, 123.492622375, -192.387207031, -98.9040527344], [-1755.88500977, 172.228225708, 1053.95922852, 433.893554688, 124.858566284, 150.224594116, -1.20901620388, -115.688560486, 14.0593366623, -16.5831546783, -4.7544760704, 127.555183411, 1.12710189819], [-1170.51904297, -878.11932373, 433.893554688, 1127.41247559, 113.02256012, 254.606796265, -133.925323486, 23.3632717133, 107.400222778, 125.275894165, -73.170791626, 135.399475098, 58.6637954712], [-551.504272461, 251.065322876, 124.858566284, 113.02256012, 402.260192871, 55.062915802, -3.6940805912, 33.3984489441, 59.2747573853, 7.03679084778, 23.4147071838, -8.47449207306, 2.29852390289], [-1382.04431152, -519.593811035, 150.224594116, 254.606796265, 55.062915802, 759.974609375, 265.849822998, 85.7265319824, 7.21699905396, 112.437042236, -11.9813518524, 143.110565186, 25.4843063354], [-412.254058838, 57.3468360901, -1.20901620388, -133.925323486, -3.6940805912, 265.849822998, 357.017333984, 81.7971191406, -63.4858818054, 21.2795848846, 57.042137146, 34.2093925476, -6.53237342834], [-79.1057510376, -132.947891235, -115.688560486, 23.3632717133, 33.3984489441, 85.7265319824, 81.7971191406, 217.819015503, 67.2220916748, 19.1568927765, 26.4722290039, 29.6054363251, 8.6173620224], [-109.589530945, -59.3333587646, 14.0593366623, 107.400222778, 59.2747573853, 7.21699905396, -63.4858818054, 67.2220916748, 173.657089233, 45.2353744507, -19.9147605896, 28.5535125732, 23.4471893311], [-258.259063721, -213.39805603, -16.5831546783, 125.275894165, 7.03679084778, 112.437042236, 21.2795848846, 19.1568927765, 45.2353744507, 146.281051636, 16.820230484, 8.43470287323, 25.5056667328], [-39.5603599548, 123.492622375, -4.7544760704, -73.170791626, 23.4147071838, -11.9813518524, 57.042137146, 26.4722290039, -19.9147605896, 16.820230484, 130.332748413, 30.2681999207, -22.677526474], [-562.136779785, -192.387207031, 127.555183411, 135.399475098, -8.47449207306, 143.110565186, 34.2093925476, 29.6054363251, 28.5535125732, 8.43470287323, 30.2681999207, 164.638931274, 37.7069664001], [-183.73135376, -98.9040527344, 1.12710189819, 58.6637954712, 2.29852390289, 25.4843063354, -6.53237342834, 8.6173620224, 23.4471893311, 25.5056667328, -22.677526474, 37.7069664001, 105.984848022]],
        "icov": [[0.000216977554373, -0.000277095561614, 0.000420578377089, -0.000220038680709, 0.000384851446142, 8.72027158039e-05, 0.000137651353725, -3.87053696613e-05, 2.73624009424e-05, 5.62174645893e-05, 0.00010433197167, 0.000127755149151, 0.000174488232005], [-0.000277095561614, 0.0029902306851, -0.00174145633355, 0.00213056360371, -0.00221993634477, 0.00105288159102, -0.00138818332925, 0.00135259656236, -0.00159004342277, 0.00185104343109, -0.00192059378605, 0.0017843816895, -0.000390722532757], [0.000420578377089, -0.00174145633355, 0.00286570866592, -0.00187591311987, 0.0011671356624, -0.000349187175743, 0.000269616284641, 0.000641538121272, 0.000307530863211, -2.39269847953e-05, 0.000867991999257, -0.00147528725211, 0.000783278141171], [-0.000220038680709, 0.00213056360371, -0.00187591311987, 0.00320953456685, -0.00192133744713, 0.000447333120974, 0.000142212724313, 0.000146092104842, -0.000557096151169, -0.000332667317707, -0.000160882205819, 0.000177808135049, -0.000113178604806], [0.000384851446142, -0.00221993634477, 0.0011671356624, -0.00192133744713, 0.00494909938425, -0.00124164996669, 0.00121142528951, -0.00105314957909, -0.000384110986488, 8.0777790572e-05, -0.000475722627016, 0.000899462029338, -0.000358129502274], [8.72027158039e-05, 0.00105288159102, -0.000349187175743, 0.000447333120974, -0.00124164996669, 0.00367110362276, -0.00270308787003, 0.000297333463095, 6.48713103146e-05, -0.00147457059938, 0.00179798377212, -0.00186443433631, 0.00123178830836], [0.000137651353725, -0.00138818332925, 0.000269616284641, 0.000142212724313, 0.00121142528951, -0.00270308787003, 0.00672787101939, -0.00305953156203, 0.00316941877827, -0.00126160052605, -0.000708387931809, -0.000192590450752, -0.000331889954396], [-3.87053696613e-05, 0.00135259656236, 0.000641538121272, 0.000146092104842, -0.00105314957909, 0.000297333463095, -0.00305953156203, 0.00839773751795, -0.00488846423104, 0.00284871063195, -0.00272367219441, 0.000921786937397, -0.000327385991113], [2.73624009424e-05, -0.00159004342277, 0.000307530863211, -0.000557096151169, -0.000384110986488, 6.48713103146e-05, 0.00316941877827, -0.00488846423104, 0.0112288184464, -0.00546679086983, 0.00436133611947, -0.00401805341244, 0.000648416869808], [5.62174645893e-05, 0.00185104343109, -2.39269847953e-05, -0.000332667317707, 8.0777790572e-05, -0.00147457059938, -0.00126160052605, 0.00284871063195, -0.00546679086983, 0.0135971996933, -0.00670292088762, 0.0059851873666, -0.00357375084423], [0.00010433197167, -0.00192059378605, 0.000867991999257, -0.000160882205819, -0.000475722627016, 0.00179798377212, -0.000708387931809, -0.00272367219441, 0.00436133611947, -0.00670292088762, 0.0146883763373, -0.0075704427436, 0.0047086593695], [0.000127755149151, 0.0017843816895, -0.00147528725211, 0.000177808135049, 0.000899462029338, -0.00186443433631, -0.000192590450752, 0.000921786937397, -0.00401805341244, 0.0059851873666, -0.0075704427436, 0.0140672568232, -0.00503019616008], [0.000174488232005, -0.000390722532757, 0.000783278141171, -0.000113178604806, -0.000358129502274, 0.00123178830836, -0.000331889954396, -0.000327385991113, 0.000648416869808, -0.00357375084423, 0.0047086593695, -0.00503019616008, 0.0126589620486]]
    },
    "melbands": {
        "dmean": [0.000144145131344, 0.000123229794553, 0.000262543821009, 0.000409060186939, 0.000302042753901, 0.000334694719641, 0.000576294027269, 0.000584798166528, 0.000396919698687, 0.000240215362282, 0.000118499716336, 5.18441593158e-05, 3.50630871253e-05, 3.70391389879e-05, 3.41713348462e-05, 3.30766597472e-05, 2.62169251073e-05, 2.35400293604e-05, 2.3053102268e-05, 1.77746351255e-05, 1.52200382217e-05, 1.38070108733e-05, 1.09448610601e-05, 8.90601313586e-06, 6.09416611042e-06, 5.19095328855e-06, 4.56683801531e-06, 5.07206732436e-06, 4.28522298535e-06, 1.64836944805e-06, 1.51704171003e-06, 8.77580305314e-07, 5.98765382165e-07, 4.07349205034e-07, 2.70461754326e-07, 1.52640623696e-07, 1.27981763853e-07, 9.6756259893e-08, 4.7231239364e-08, 1.5648762286e-08],
        "dmean2": [0.000221204201807, 0.000175282693817, 0.000368379376596, 0.000593030301388, 0.000432965200162, 0.000499424757436, 0.000877678510733, 0.000887367525138, 0.000615651078988, 0.000367228785763, 0.00017556201783, 7.83281211625e-05, 5.32929079782e-05, 5.88854200032e-05, 5.3500138165e-05, 5.06407704961e-05, 4.05878890888e-05, 3.62008213415e-05, 3.54130570486e-05, 2.78501302091e-05, 2.38220309257e-05, 2.13254970731e-05, 1.71199953911e-05, 1.34627334774e-05, 9.34260788199e-06, 7.99345798441e-06, 7.07921844878e-06, 7.76270098868e-06, 6.81146184434e-06, 2.63604601969e-06, 2.36265714193e-06, 1.33375704081e-06, 9.15497253118e-07, 6.11590508015e-07, 4.2202927375e-07, 2.39206002561e-07, 2.01063997451e-07, 1.52942249088e-07, 7.45397272794e-08, 2.45572415736e-08],
        "dvar": [9.96760604721e-07, 1.07387947423e-07, 2.09816477081e-07, 5.47558045128e-07, 3.78919253308e-07, 4.8342815262e-07, 1.25690303321e-06, 1.35357583986e-06, 6.09401354268e-07, 3.60137164535e-07, 1.03866419465e-07, 2.11598347732e-08, 9.40178335185e-09, 1.38899585167e-08, 7.90581644594e-09, 7.70521069171e-09, 4.45849668296e-09, 4.88272533516e-09, 4.26552038135e-09, 2.34263164423e-09, 1.30793631481e-09, 9.81567382929e-10, 4.88288520728e-10, 3.05691250091e-10, 2.06863637331e-10, 1.30141591947e-10, 9.96949814369e-11, 9.44279307524e-11, 1.1273210837e-10, 3.20644621965e-11, 5.23435392252e-11, 2.05569155448e-11, 6.46684138531e-12, 3.40129920756e-12, 1.1966689575e-12, 3.6487317074e-13, 2.88864445601e-13, 1.82326254246e-13, 2.88328931043e-14, 3.21109999722e-15],
        "dvar2": [2.10502662412e-06, 2.13333976262e-07, 3.99185438482e-07, 1.06550146484e-06, 7.38859910143e-07, 1.01584896584e-06, 2.81729239759e-06, 2.90013667836e-06, 1.36089363423e-06, 7.90488513758e-07, 2.0663564726e-07, 4.4549182121e-08, 2.0404113954e-08, 3.33392478069e-08, 1.8404858082e-08, 1.610341549e-08, 9.62197610477e-09, 1.01103969641e-08, 9.74575886659e-09, 5.23955634435e-09, 3.02332359148e-09, 2.35815567073e-09, 1.15117393396e-09, 6.87746970485e-10, 5.06358899255e-10, 3.11939890585e-10, 2.27157223587e-10, 2.16301906941e-10, 2.73963962627e-10, 7.44627901006e-11, 1.21183368895e-10, 4.32306551668e-11, 1.35033312657e-11, 6.90991491456e-12, 2.34853456127e-12, 8.2249674736e-13, 6.67809069762e-13, 4.46728862669e-13, 6.60101991514e-14, 7.20084985427e-15],
        "max": [0.0266077034175, 0.00634183362126, 0.00844818726182, 0.0114708757028, 0.00915191601962, 0.01420823019, 0.0149036366493, 0.0164831988513, 0.00855034217238, 0.00697087775916, 0.00449528032914, 0.00230108690448, 0.00196465663612, 0.00231900508516, 0.00123566761613, 0.00156343518756, 0.000880357343704, 0.00165116973221, 0.0011100199772, 0.000805500254501, 0.000522885879036, 0.000477991212392, 0.000247606571065, 0.000225069117732, 0.000276656763162, 0.00025043298956, 0.000170350307599, 0.000140432501212, 0.000201361370273, 0.000121065233543, 0.000118605261378, 0.000120688921015, 5.84174013056e-05, 5.09699348186e-05, 2.08066212508e-05, 1.14548756756e-05, 1.04701757664e-05, 1.02914209492e-05, 2.98641339214e-06, 1.00998965991e-06],
        "mean": [0.000148665392771, 0.000248169322731, 0.000566628237721, 0.000783673662227, 0.00049647182459, 0.000531755329575, 0.000770869432017, 0.000717473274563, 0.00045208708616, 0.000256844534306, 0.000126480299514, 5.65333029954e-05, 4.13042434957e-05, 3.81663885491e-05, 3.72671565856e-05, 3.74657502107e-05, 2.94267010759e-05, 2.69019856205e-05, 2.50743960351e-05, 1.94037984329e-05, 1.85631215572e-05, 1.77772144525e-05, 1.40239835673e-05, 1.11241397462e-05, 7.70001679484e-06, 6.69224255034e-06, 5.58262263439e-06, 6.27291137789e-06, 5.24211827724e-06, 1.71758745182e-06, 1.40636961987e-06, 8.7571476115e-07, 5.83616952099e-07, 4.03771849733e-07, 2.71722484513e-07, 1.53468562303e-07, 1.27653578375e-07, 9.48322096406e-08, 4.78159662975e-08, 1.63915547802e-08],
        "median": [1.78307345777e-05, 2.53970501944e-05, 0.000270020915195, 0.000333831383614, 0.000140617645229, 0.000149122832227, 0.000197829591343, 0.000138304749271, 6.13474185229e-05, 1.88588637684e-05, 7.74477211962e-06, 4.13414136347e-06, 3.30371085511e-06, 3.08811581817e-06, 2.94129131362e-06, 2.4583978302e-06, 2.69345764536e-06, 2.51142023444e-06, 2.53020084529e-06, 2.47495677286e-06, 2.55707391261e-06, 2.79235746348e-06, 3.05206776829e-06, 2.17456022256e-06, 1.44958403325e-06, 1.34568801968e-06, 1.36489052238e-06, 1.38975963182e-06, 8.82450308382e-07, 2.50848103178e-07, 9.14723230494e-08, 4.97763146257e-08, 3.71901229812e-08, 3.07997112259e-08, 2.49112872552e-08, 2.14355146966e-08, 1.97629113075e-08, 1.61657016662e-08, 9.13130904223e-09, 3.66093066972e-09],
        "min": [7.30885308486e-24, 9.80351525709e-24, 5.17367877144e-24, 7.1717033056e-24, 1.08729574202e-23, 6.35126469277e-24, 7.98992798029e-24, 4.91287425642e-24, 4.9971660163e-24, 4.37717735392e-24, 3.90921954291e-24, 1.19395391737e-23, 6.75021807938e-24, 8.54119423605e-24, 3.13278418303e-24, 6.4949951497e-24, 6.83359042187e-24, 5.92107517533e-24, 1.00597980214e-23, 6.64854179731e-24, 6.49801845912e-24, 8.82744582615e-24, 9.54125608257e-24, 7.14618286645e-24, 4.54701003491e-24, 5.64390258539e-24, 1.18072937427e-23, 6.70465426236e-24, 7.99214704602e-24, 9.14535755981e-24, 1.03715250856e-23, 9.83899112086e-24, 8.59041047907e-24, 9.7173542913e-24, 1.01012818498e-23, 7.20189695675e-24, 9.29700660251e-24, 9.05548579233e-24, 9.50168760842e-24, 6.26900424973e-24],
        "var": [1.11374913558e-06, 2.64777440862e-07, 6.29084922821e-07, 1.46248351029e-06, 8.61102023464e-07, 9.63806769505e-07, 1.92390348275e-06, 2.08568894777e-06, 8.26482221328e-07, 4.5091502443e-07, 1.45820763464e-07, 2.69668856134e-08, 1.41182718849e-08, 1.70912812791e-08, 9.67792690432e-09, 1.06702895408e-08, 6.48059783614e-09, 7.60413421119e-09, 5.20674348081e-09, 2.75303757569e-09, 1.97099025989e-09, 1.41056244463e-09, 7.05218550223e-10, 4.46788051001e-10, 2.5690616301e-10, 1.88023194236e-10, 1.31527469471e-10, 1.381162823e-10, 1.49037074348e-10, 3.55001514296e-11, 5.35357140563e-11, 2.4985419983e-11, 8.06538776738e-12, 4.09466471146e-12, 1.48645646573e-12, 3.84612209702e-13, 2.98722038859e-13, 1.67895957011e-13, 3.18147573986e-14, 3.54425054911e-15]
    },
    "mfcc": {
        "mean": [-739.087280273, 145.983932495, -19.3758201599, 36.802028656, -6.73945474625, -15.2564582825, -11.2602777481, -12.1828317642, -10.0753698349, 2.53268313408, -7.72659730911, 4.21450901031, -4.01175546646],
        "cov": [[9347.67089844, 1061.50158691, -1756.93151855, -289.554107666, -731.912109375, -1117.99719238, -567.245544434, -412.605651855, -418.50604248, 182.804595947, -261.65322876, 26.3518638611, -284.187103271], [1061.50158691, 2731.18359375, -303.960327148, -392.633911133, -127.725540161, -510.679168701, 62.8382759094, -147.281082153, -240.777603149, -64.279510498, -66.4504241943, -0.472541242838, -34.5358047485], [-1756.93151855, -303.960327148, 1015.53271484, 296.770019531, 156.862960815, 361.239959717, 41.8517494202, 100.498764038, 69.2380981445, -143.435134888, 4.45696401596, 31.324306488, 105.457298279], [-289.554107666, -392.633911133, 296.770019531, 698.157226562, 319.191833496, 19.6934566498, -154.305145264, -59.8683624268, 10.1626701355, -21.396446228, -74.0073471069, 30.3206920624, 76.7079315186], [-731.912109375, -127.725540161, 156.862960815, 319.191833496, 500.579803467, 116.710548401, -96.3574981689, 19.3121261597, 65.268371582, 15.2779521942, 13.733502388, -6.45144701004, 52.8286476135], [-1117.99719238, -510.679168701, 361.239959717, 19.6934566498, 116.710548401, 537.891662598, 171.288223267, 103.723846436, 132.393814087, -5.82779741287, 97.8633651733, -29.7217884064, 30.2029800415], [-567.245544434, 62.8382759094, 41.8517494202, -154.305145264, -96.3574981689, 171.288223267, 393.329315186, 136.230178833, 19.3332576752, 52.4762535095, 90.9753723145, -17.0029067993, 15.125872612], [-412.605651855, -147.281082153, 100.498764038, -59.8683624268, 19.3121261597, 103.723846436, 136.230178833, 272.132415771, 84.0672225952, -14.2431983948, 93.8593902588, 13.2275800705, 44.4029693604], [-418.50604248, -240.777603149, 69.2380981445, 10.1626701355, 65.268371582, 132.393814087, 19.3332576752, 84.0672225952, 215.092041016, 50.7889175415, 26.663974762, 4.85261917114, 21.1083450317], [182.804595947, -64.279510498, -143.435134888, -21.396446228, 15.2779521942, -5.82779741287, 52.4762535095, -14.2431983948, 50.7889175415, 179.796066284, 51.0889320374, -20.5828323364, -17.0808677673], [-261.65322876, -66.4504241943, 4.45696401596, -74.0073471069, 13.733502388, 97.8633651733, 90.9753723145, 93.8593902588, 26.663974762, 51.0889320374, 182.318328857, 25.1476593018, -5.98235321045], [26.3518638611, -0.472541242838, 31.324306488, 30.3206920624, -6.45144701004, -29.7217884064, -17.0029067993, 13.2275800705, 4.85261917114, -20.5828323364, 25.1476593018, 145.257751465, 50.8612060547], [-284.187103271, -34.5358047485, 105.457298279, 76.7079315186, 52.8286476135, 30.2029800415, 15.125872612, 44.4029693604, 21.1083450317, -17.0808677673, -5.98235321045, 50.8612060547, 127.163833618]],
