{
"lowlevel": {
    "average_loudness": 0.921200573444,
    "barkbands_crest": {
        "dmean": 3.26723909378,
        "dmean2": 5.25215005875,
        "dvar": 9.48762798309,
        "dvar2": 21.2691841125,
        "max": 26.3977489471,
        "mean": 11.2804479599,
        "median": 10.2464094162,
        "min": 2.50541186333,
        "var": 20.9691696167
    },
    "barkbands_flatness_db": {
        "dmean": 0.0344221070409,
        "dmean2": 0.0509023442864,
        "dvar": 0.00122807640582,
        "dvar2": 0.00246354239061,
        "max": 0.409201800823,
        "mean": 0.241337835789,
        "median": 0.247845172882,
        "min": 0.0220552068204,
        "var": 0.00363174593076
    },
    "barkbands_kurtosis": {
        "dmean": 6.84132432938,
        "dmean2": 11.2487678528,
        "dvar": 213.694976807,
        "dvar2": 544.568359375,
        "max": 193.971038818,
        "mean": 7.57618331909,
        "median": 3.06148958206,
        "min": -1.91396188736,
        "var": 230.33682251
    },
    "barkbands_skewness": {
        "dmean": 1.00257134438,
        "dmean2": 1.52409350872,
        "dvar": 1.56436920166,
        "dvar2": 3.55439281464,
        "max": 13.5744228363,
        "mean": 1.51542782784,
        "median": 1.39467394352,
        "min": -6.67455244064,
        "var": 3.33180451393
    },
    "barkbands_spread": {
        "dmean": 6.97747373581,
        "dmean2": 10.8499279022,
        "dvar": 96.4347381592,
        "dvar2": 209.838088989,
        "max": 97.952041626,
        "mean": 14.7255496979,
        "median": 10.4825839996,
        "min": 0.797481358051,
        "var": 173.633422852
    },
    "dissonance": {
        "dmean": 0.0278348047286,
        "dmean2": 0.0421758964658,
        "dvar": 0.000982206081972,
        "dvar2": 0.00217943242751,
        "max": 0.500000119209,
        "mean": 0.43814176321,
        "median": 0.449880033731,
        "min": 0.194318085909,
        "var": 0.003003541613
    },
    "dynamic_complexity": 5.6596660614,
    "erbbands_crest": {
        "dmean": 3.5037612915,
        "dmean2": 5.71675682068,
        "dvar": 9.39404392242,
        "dvar2": 22.7145423889,
        "max": 29.8863239288,
        "mean": 11.2401771545,
        "median": 10.4596261978,
        "min": 2.85269021988,
        "var": 21.4406700134
    },
    "erbbands_flatness_db": {
        "dmean": 0.0289520062506,
        "dmean2": 0.0411928854883,
        "dvar": 0.000819031032734,
        "dvar2": 0.00150677282363,
        "max": 0.446214318275,
        "mean": 0.272225797176,
        "median": 0.278706610203,
        "min": 0.0858157202601,
        "var": 0.00388456997462
    },
    "erbbands_kurtosis": {
        "dmean": 2.64395403862,
        "dmean2": 4.13889026642,
        "dvar": 15.5794839859,
        "dvar2": 36.6658210754,
        "max": 50.2954902649,
        "mean": 2.19641232491,
        "median": 0.300451278687,
        "min": -1.84724855423,
        "var": 28.6278743744
    },
    "erbbands_skewness": {
        "dmean": 0.699900627136,
        "dmean2": 1.0315656662,
        "dvar": 0.504878818989,
        "dvar2": 1.04797148705,
        "max": 5.6532869339,
        "mean": 0.453142225742,
        "median": 0.451810270548,
        "min": -5.86564064026,
        "var": 1.72510969639
    },
    "erbbands_spread": {
        "dmean": 9.4437828064,
        "dmean2": 14.7518072128,
        "dvar": 117.001853943,
        "dvar2": 281.006408691,
        "max": 100.437446594,
        "mean": 26.5795078278,
        "median": 24.4428100586,
        "min": 0.768455922604,
        "var": 233.635147095
    },
    "hfc": {
        "dmean": 5.78105163574,
        "dmean2": 7.95539903641,
        "dvar": 65.532333374,
        "dvar2": 117.76133728,
        "max": 104.372650146,
        "mean": 11.1713991165,
        "median": 5.85467147827,
        "min": 1.12722853453e-16,
        "var": 196.517852783
    },
    "melbands_crest": {
        "dmean": 4.20908689499,
        "dmean2": 6.66254425049,
        "dvar": 15.8911914825,
        "dvar2": 34.9145202637,
        "max": 39.0523796082,
        "mean": 14.87159729,
        "median": 13.5831575394,
        "min": 2.0099439621,
        "var": 40.33360672
    },
    "melbands_flatness_db": {
        "dmean": 0.0382562540472,
        "dmean2": 0.0530872233212,
        "dvar": 0.00146428565495,
        "dvar2": 0.00265277759172,
        "max": 0.492761045694,
        "mean": 0.274825721979,
        "median": 0.285273045301,
        "min": 0.00511824339628,
        "var": 0.00612250110134
    },
    "melbands_kurtosis": {
        "dmean": 9.80266857147,
        "dmean2": 15.7210235596,
        "dvar": 303.370788574,
        "dvar2": 752.094970703,
        "max": 242.244644165,
        "mean": 12.5619745255,
        "median": 6.32174396515,
        "min": -1.90702235699,
        "var": 370.65447998
    },
    "melbands_skewness": {
        "dmean": 1.07886457443,
        "dmean2": 1.60959005356,
        "dvar": 1.4557352066,
        "dvar2": 3.35392618179,
        "max": 11.8288125992,
        "mean": 2.19248628616,
        "median": 2.01704955101,
        "min": -5.27345848083,
        "var": 3.35601258278
    },
    "melbands_spread": {
        "dmean": 10.1267499924,
        "dmean2": 15.6976633072,
        "dvar": 281.662384033,
        "dvar2": 634.558227539,
        "max": 189.280975342,
        "mean": 19.6930122375,
        "median": 12.3676013947,
        "min": 0.66561537981,
        "var": 438.876922607
    },
    "pitch_salience": {
        "dmean": 0.0893875136971,
        "dmean2": 0.138736441731,
        "dvar": 0.00857265759259,
        "dvar2": 0.0184740629047,
        "max": 0.916990935802,
        "mean": 0.648545742035,
        "median": 0.688044130802,
        "min": 0.0380846001208,
        "var": 0.0267920084298
    },
    "silence_rate_20dB": {
        "dmean": 0,
        "dmean2": 0,
        "dvar": 0,
        "dvar2": 0,
        "max": 1,
        "mean": 1,
        "median": 1,
        "min": 1,
        "var": 0
    },
    "silence_rate_30dB": {
        "dmean": 0,
        "dmean2": 0,
        "dvar": 0,
        "dvar2": 0,
        "max": 1,
        "mean": 1,
        "median": 1,
        "min": 1,
        "var": 0
    },
    "silence_rate_60dB": {
        "dmean": 0.109567902982,
        "dmean2": 0.219220384955,
        "dvar": 0.097564548254,
        "dvar2": 0.201271682978,
        "max": 1,
        "mean": 0.285383731127,
        "median": 0,
        "min": 0,
        "var": 0.203944191337
    },
    "spectral_centroid": {
        "dmean": 336.731109619,
        "dmean2": 486.301055908,
        "dvar": 224464.796875,
        "dvar2": 380613.15625,
        "max": 11070.9990234,
        "mean": 1192.51940918,
        "median": 919.663757324,
        "min": 179.99420166,
        "var": 683868.25
    },
    "spectral_complexity": {
        "dmean": 3.48765420914,
        "dmean2": 4.70783472061,
        "dvar": 14.3347120285,
        "dvar2": 22.4390735626,
        "max": 47,
        "mean": 10.3220205307,
        "median": 9,
        "min": 0,
        "var": 69.3610229492
    },
    "spectral_decrease": {
        "dmean": 1.91287563567e-09,
        "dmean2": 2.56319832026e-09,
        "dvar": 5.95138749067e-18,
        "dvar2": 9.85288742017e-18,
        "max": -6.2076965172e-30,
        "mean": -4.27636637212e-09,
        "median": -2.73360911685e-09,
        "min": -2.37214976551e-08,
        "var": 1.99941481998e-17
    },
    "spectral_energy": {
        "dmean": 0.00770491873845,
        "dmean2": 0.0103349825367,
        "dvar": 9.59792087087e-05,
        "dvar2": 0.000159278759384,
        "max": 0.0966246053576,
        "mean": 0.0171532742679,
        "median": 0.0110518382862,
        "min": 1.02477273514e-20,
        "var": 0.000321135652484
    },
    "spectral_energyband_high": {
        "dmean": 5.87272625125e-05,
        "dmean2": 8.98901271285e-05,
        "dvar": 5.71590206278e-08,
        "dvar2": 1.30759943318e-07,
        "max": 0.00503286998719,
        "mean": 7.45488214307e-05,
        "median": 7.7413260442e-06,
        "min": 6.99477577686e-21,
        "var": 7.17368777714e-08
    },
    "spectral_energyband_low": {
        "dmean": 0.00100616877899,
        "dmean2": 0.00141090119723,
        "dvar": 3.60660919796e-06,
        "dvar2": 7.17678904039e-06,
        "max": 0.0274862721562,
        "mean": 0.00230367691256,
        "median": 0.000688521948177,
        "min": 5.64789256496e-23,
        "var": 1.32853092509e-05
    },
    "spectral_energyband_middle_high": {
        "dmean": 0.00170237268321,
        "dmean2": 0.00239146407694,
        "dvar": 9.10822927835e-06,
        "dvar2": 1.68294263858e-05,
        "max": 0.0498181171715,
        "mean": 0.00290657137521,
        "median": 0.000872720207553,
        "min": 1.72875800288e-21,
        "var": 2.67439099844e-05
    },
    "spectral_energyband_middle_low": {
        "dmean": 0.00611046189442,
        "dmean2": 0.00833867676556,
        "dvar": 6.90835513524e-05,
        "dvar2": 0.000117188887089,
        "max": 0.081374078989,
        "mean": 0.0125006791204,
        "median": 0.00688381260261,
        "min": 3.84623561029e-22,
        "var": 0.000210034821066
    },
    "spectral_entropy": {
        "dmean": 0.248906925321,
        "dmean2": 0.340380996466,
        "dvar": 0.0662400871515,
        "dvar2": 0.113229624927,
        "max": 9.80614185333,
        "mean": 7.00673007965,
        "median": 6.96512269974,
        "min": 5.17488098145,
        "var": 0.326009333134
    },
    "spectral_flux": {
        "dmean": 0.0292686447501,
        "dmean2": 0.0464705787599,
        "dvar": 0.000848034629598,
        "dvar2": 0.00204649427906,
        "max": 0.294588625431,
        "mean": 0.0732709467411,
        "median": 0.0668923556805,
        "min": 1.01231058258e-10,
        "var": 0.00251794047654
    },
    "spectral_kurtosis": {
        "dmean": 6.69652175903,
        "dmean2": 11.5978069305,
        "dvar": 52.626537323,
        "dvar2": 149.31072998,
        "max": 77.2145233154,
        "mean": 10.523563385,
        "median": 7.48919582367,
        "min": -1.17320752144,
        "var": 98.5179672241
    },
    "spectral_rms": {
        "dmean": 0.00094994524261,
        "dmean2": 0.0012115315767,
        "dvar": 9.50063167693e-07,
        "dvar2": 1.43118222695e-06,
        "max": 0.00970916636288,
        "mean": 0.00340556143783,
        "median": 0.00328363850713,
        "min": 3.16192710036e-12,
        "var": 5.13704162586e-06
    },
    "spectral_rolloff": {
        "dmean": 468.582092285,
        "dmean2": 773.850036621,
        "dvar": 727679.8125,
        "dvar2": 1293229,
        "max": 19078.4179688,
        "mean": 1180.36608887,
        "median": 624.462890625,
        "min": 21.533203125,
        "var": 1362489
    },
    "spectral_skewness": {
        "dmean": 0.637999951839,
        "dmean2": 1.04600560665,
        "dvar": 0.348509192467,
        "dvar2": 0.900166153908,
        "max": 5.90811920166,
        "mean": 1.80474197865,
        "median": 1.63107562065,
        "min": -0.592447817326,
        "var": 0.97499448061
    },
    "spectral_spread": {
        "dmean": 456920.4375,
        "dmean2": 690042.625,
        "dvar": 568960614400,
        "dvar2": 743425703936,
        "max": 39431928,
        "mean": 2477691,
        "median": 2362644.25,
        "min": 787151.5625,
        "var": 1.18404939776e+12
    },
    "spectral_strongpeak": {
        "dmean": 0.508977353573,
        "dmean2": 0.779246091843,
        "dvar": 0.482680380344,
        "dvar2": 1.1119736433,
        "max": 8.65190696716,
        "mean": 0.88614076376,
        "median": 0.590264081955,
        "min": 0,
        "var": 0.926662325859
    },
    "zerocrossingrate": {
        "dmean": 0.0106103215367,
        "dmean2": 0.0122383143753,
        "dvar": 0.000271115044598,
        "dvar2": 0.000324042281136,
        "max": 0.49609375,
        "mean": 0.0424842350185,
        "median": 0.0341796875,
        "min": 0,
        "var": 0.000963357510045
    },
    "barkbands": {
        "dmean": [0.000192134393728, 0.000124317739392, 0.000635684875306, 0.000650144764222, 0.000867447291967, 0.00166379811708, 0.0024133566767, 0.00219814642332, 0.00082945835311, 0.000162430485943, 0.000110724598926, 0.000173511827597, 0.000358579738531, 0.000357247045031, 0.000345572014339, 0.000276611623121, 0.000280639855191, 0.000168954851688, 0.000146959762787, 4.74815024063e-05, 2.67007853836e-05, 1.71284627868e-05, 3.92888659917e-06, 1.30217028982e-06, 8.85645476956e-08, 7.4447248366e-10, 6.92670143465e-10],
        "dmean2": [0.000342906365404, 0.000184491771506, 0.000887754547875, 0.000921637867577, 0.00120120029896, 0.00235842098482, 0.00363050447777, 0.00336650409736, 0.00123540102504, 0.000238761072978, 0.000167359612533, 0.000262532848865, 0.000535171828233, 0.000529953918885, 0.000519058317877, 0.000423929624958, 0.000439893512521, 0.000244613416726, 0.000226931719226, 7.25416102796e-05, 4.24169193138e-05, 2.72406778095e-05, 6.11165569353e-06, 2.10437792703e-06, 1.36944194651e-07, 1.38415989781e-09, 1.28556520984e-09],
        "dvar": [9.74886447125e-08, 1.11675866776e-07, 1.73117973645e-06, 2.89184526991e-06, 3.58128204425e-06, 9.48920023802e-06, 1.85671615327e-05, 2.16938315134e-05, 7.05924094291e-06, 2.25787218255e-07, 1.33434440386e-07, 2.42783471549e-07, 1.55338466357e-06, 1.00292072602e-06, 1.29257705339e-06, 9.34876027259e-07, 5.96240795403e-07, 6.02340605838e-07, 2.33603785205e-07, 2.77538507731e-08, 1.96659417639e-08, 4.05154620964e-09, 3.43623046684e-10, 3.27820270929e-11, 1.00344069805e-13, 2.84639011275e-18, 1.39136452602e-18],
        "dvar2": [2.35785819314e-07, 2.10227966591e-07, 3.40194196724e-06, 5.84160034123e-06, 6.72082705933e-06, 2.02259925572e-05, 3.72298163711e-05, 4.71122366434e-05, 1.38973991852e-05, 4.50018319498e-07, 2.59338037267e-07, 5.24288282122e-07, 3.52003098669e-06, 2.01123862098e-06, 2.36316623159e-06, 2.23795905185e-06, 1.44345642639e-06, 1.22243170608e-06, 5.2377981774e-07, 6.13417796558e-08, 4.79847059864e-08, 9.93612836453e-09, 8.35592817161e-10, 8.76810360428e-11, 2.38894190888e-13, 8.36685579536e-18, 4.42187015387e-18],
        "max": [0.00732644600794, 0.0127618080005, 0.0164687670767, 0.0260387323797, 0.0450071394444, 0.056129232049, 0.0458701848984, 0.0675275474787, 0.0466744601727, 0.00827670656145, 0.00966703426093, 0.00743721565232, 0.0345307812095, 0.0201088450849, 0.0334862656891, 0.0372813791037, 0.0130608715117, 0.0259944144636, 0.0095456764102, 0.00402260851115, 0.0026952852495, 0.001014780486, 0.000594304059632, 0.000125165694044, 5.32173316969e-06, 3.05836245218e-08, 1.7972471511e-08],
        "mean": [0.000207254430279, 0.000238749285927, 0.0012613015715, 0.00123196083587, 0.00165409455076, 0.00292843952775, 0.0031662133988, 0.00250224210322, 0.000940106227063, 0.000195791712031, 0.000134315618197, 0.000198066351004, 0.000405818893341, 0.000446543243015, 0.000437807000708, 0.000347769528162, 0.000366057473002, 0.000207192599191, 0.000174270069692, 5.54069483769e-05, 2.78493043879e-05, 1.98002999241e-05, 4.66758228868e-06, 1.46141667301e-06, 1.02110377043e-07, 5.90618054463e-10, 5.71075908784e-10],
        "median": [2.40048066189e-05, 4.61373856524e-05, 0.000150797975948, 5.18201231898e-05, 0.0005703890929, 0.00104035448749, 0.000790589896496, 0.000263399240794, 6.67163767503e-05, 1.91332146642e-05, 7.59209024181e-06, 1.16434903248e-05, 2.06174991035e-05, 2.82735345536e-05, 4.2793348257e-05, 5.19259519933e-05, 4.44214019808e-05, 1.78946047527e-05, 2.02452993108e-05, 4.82023961013e-06, 1.73665921466e-06, 1.09011932636e-06, 7.13106828698e-07, 2.96454913951e-07, 2.35456649733e-08, 1.50088622086e-10, 1.59866231364e-10],
        "min": [4.29818027067e-23, 2.12649794787e-23, 7.92448013529e-24, 1.00876558554e-23, 6.719633311e-23, 3.41824663612e-23, 4.4823505775e-23, 2.90678519723e-23, 1.42859933145e-22, 1.08474634868e-22, 4.90128936071e-23, 1.82897628067e-22, 7.82799171808e-23, 1.03892974907e-22, 7.35926192779e-23, 2.69287653821e-22, 2.11919341143e-22, 2.53001424795e-22, 1.93567104339e-22, 2.98621995629e-22, 3.4969446622e-22, 5.51730831725e-22, 5.44958189485e-22, 7.04318846092e-22, 1.12038069776e-21, 1.68666630349e-21, 2.27296953867e-21],
        "var": [1.03421633924e-07, 2.67262208808e-07, 5.35352819497e-06, 9.02993633645e-06, 1.03521606434e-05, 2.22197741095e-05, 3.23680324072e-05, 3.12738666253e-05, 9.57432712312e-06, 3.55108056738e-07, 2.37235127543e-07, 3.7585553514e-07, 1.90038690562e-06, 2.07651510209e-06, 2.22012408813e-06, 1.47583637045e-06, 8.79647927832e-07, 9.61709019975e-07, 2.90491726673e-07, 3.66845540611e-08, 1.92258262643e-08, 4.82464601603e-09, 3.5034461443e-10, 2.8933733881e-11, 1.11530379929e-13, 2.00804256193e-18, 1.10995158117e-18]
    },
    "erbbands": {
        "dmean": [0.00308254454285, 0.0365319214761, 0.495686233044, 1.59740328789, 1.99085664749, 3.45466709137, 7.4362039566, 16.2585124969, 28.4118232727, 49.4424324036, 37.9424514771, 18.8576030731, 7.52090549469, 4.20272922516, 5.26368761063, 7.74302768707, 14.9419822693, 17.6149311066, 19.0552177429, 15.8586034775, 14.974489212, 14.4809150696, 9.49817371368, 7.96041917801, 5.98568439484, 2.18888902664, 1.24678325653, 0.872457921505, 0.659781038761, 0.347693800926, 0.0761094763875, 0.0411979481578, 0.0138390185311, 0.00223014364019, 8.72867676662e-05, 1.0455220945e-05, 3.90647119275e-06, 1.28772387598e-06, 4.00528278988e-06, 8.95326138561e-06],
        "dmean2": [0.0047741830349, 0.0530244968832, 0.678969919682, 2.28419685364, 2.70123434067, 4.71765756607, 10.4614257812, 23.1296195984, 42.7043800354, 74.9417724609, 56.0570373535, 27.2351493835, 10.7207241058, 6.0689907074, 7.6548409462, 11.2970466614, 22.0108776093, 25.2777233124, 27.9871463776, 23.4571590424, 23.0166072845, 22.3892993927, 13.6805057526, 12.0967350006, 9.31116867065, 3.31357765198, 1.95879912376, 1.40259218216, 1.0508440733, 0.546122848988, 0.116228736937, 0.066306643188, 0.0215900670737, 0.0033975308761, 0.000135324735311, 1.56772657647e-05, 5.54959615329e-06, 1.86770898836e-06, 5.39717120773e-06, 1.20353352031e-05],
        "dvar": [0.000291356845992, 0.00557179609314, 0.977335631847, 14.1298208237, 22.3045768738, 57.547164917, 320.117156982, 895.090759277, 2982.50439453, 9714.53515625, 7115.14794922, 3029.81689453, 569.043701172, 126.991706848, 309.074920654, 428.257415771, 2413.59521484, 2428.99780273, 3295.20874023, 3057.00683594, 1522.6784668, 1562.21557617, 2073.96728516, 765.984130859, 344.758422852, 54.6233787537, 43.3519515991, 23.8531894684, 6.48903465271, 2.24270939827, 0.101403638721, 0.0281016472727, 0.00354404794052, 6.72207825119e-05, 1.19333989801e-07, 6.53888665436e-10, 2.64753288737e-11, 3.65562354693e-12, 2.53378828335e-11, 1.2846804176e-10],
        "dvar2": [0.000498692737892, 0.0123587492853, 1.96832466125, 27.9535961151, 39.7947921753, 88.9823913574, 583.559997559, 1933.30163574, 6273.8125, 20891.1660156, 14995.9091797, 5863.10595703, 1068.40991211, 258.074859619, 589.102294922, 903.951843262, 5381.66748047, 4701.65087891, 6234.71875, 6560.57128906, 3262.40795898, 3689.91113281, 4270.94189453, 1656.55773926, 780.612487793, 122.045471191, 101.212539673, 62.1376037598, 16.2737960815, 5.25815963745, 0.233380585909, 0.0739867389202, 0.00903913099319, 0.000159040893777, 2.93049822631e-07, 1.68265645861e-09, 5.62737842436e-11, 7.71023262597e-12, 4.27775141698e-11, 2.1461031563e-10],
        "max": [0.855559051037, 1.1711653471, 13.526517868, 57.9014968872, 89.8231658936, 212.713653564, 418.096191406, 483.747528076, 617.929748535, 1163.24499512, 1164.27539062, 989.792419434, 646.419311523, 217.729141235, 458.353057861, 333.540771484, 1349.03820801, 1141.11608887, 1717.48876953, 1692.70935059, 1164.06494141, 767.274780273, 1696.95568848, 522.432617188, 337.607574463, 175.811538696, 145.794647217, 121.948516846, 38.9352722168, 39.4897346497, 10.5482225418, 3.77538490295, 1.14496040344, 0.134873241186, 0.00814177375287, 0.000540828565136, 7.10957101546e-05, 2.45731989708e-05, 5.48777279619e-05, 0.000117316514661],
        "mean": [0.00442664697766, 0.0823435112834, 1.07345604897, 3.36463356018, 3.781052351, 6.19082736969, 13.4157438278, 26.6101131439, 39.2977180481, 59.3901252747, 44.8751945496, 22.0686016083, 8.87931346893, 5.34580183029, 6.39978218079, 9.04589080811, 17.5487384796, 22.3842639923, 24.2196140289, 20.6931877136, 19.8884143829, 20.07330513, 12.3423042297, 9.72459983826, 7.19113731384, 2.64147663116, 1.38740170002, 0.971699714661, 0.764838159084, 0.384049385786, 0.0966881737113, 0.0465650446713, 0.0160621292889, 0.00273406226188, 0.000111251072667, 1.89835864148e-05, 8.40469056129e-06, 2.4664261673e-06, 8.94649110705e-06, 1.98869020096e-05],
        "median": [0.00204917183146, 0.0225074961782, 0.239652365446, 0.388730317354, 0.936541259289, 1.80188047886, 3.84080243111, 9.40902042389, 13.0340852737, 10.8621387482, 5.18631696701, 1.79354786873, 0.914362251759, 0.513512670994, 0.358875006437, 0.571110785007, 1.02711355686, 1.47251570225, 2.49912166595, 2.51944565773, 3.41706705093, 2.52293515205, 1.19043779373, 1.23805260658, 0.783503115177, 0.269396692514, 0.11772493273, 0.0549840591848, 0.0380374453962, 0.0352995879948, 0.0173522587866, 0.00967279076576, 0.00330260535702, 0.000643214734737, 3.69635563402e-05, 1.13980886454e-05, 5.77057335249e-06, 1.36478263357e-06, 5.90489935348e-06, 1.28639967443e-05],
        "min": [1.15463053915e-21, 3.16483078798e-21, 1.15889918289e-20, 1.31692266852e-20, 7.98919857678e-20, 2.0804391152e-19, 5.0561895741e-19, 1.6638887948e-19, 4.43697302429e-19, 7.23934358337e-19, 1.40171234869e-18, 3.24219086598e-18, 3.77541030719e-18, 2.10704512111e-18, 4.00873314257e-18, 6.06190998744e-18, 3.67833032255e-18, 4.72056135075e-18, 4.27253716994e-18, 5.59811147235e-18, 1.73729799292e-17, 1.34191963947e-17, 1.45790334808e-17, 1.00282877603e-17, 1.22339905063e-17, 1.60563168435e-17, 1.57112468704e-17, 1.0958749317e-17, 2.14969136885e-17, 1.60318637302e-17, 1.57261146148e-17, 1.40502483481e-17, 1.26633642459e-17, 1.18927569969e-17, 8.3441513419e-18, 5.48953615873e-18, 3.26288196182e-18, 1.19075885521e-18, 2.84845382498e-19, 3.5957825571e-20],
        "var": [0.000442892720457, 0.0181093253195, 3.19455218315, 50.2965812683, 62.1786613464, 189.108917236, 817.130371094, 2016.29699707, 4841.67919922, 14134.3466797, 10632.9316406, 4372.06494141, 836.452270508, 227.46522522, 541.236938477, 669.005371094, 3153.71118164, 4949.21923828, 6020.484375, 4492.68896484, 2977.2746582, 2577.07226562, 3389.14453125, 1048.45666504, 457.356536865, 74.7686920166, 45.5081672668, 21.9122676849, 7.59524726868, 2.51816248894, 0.1149450019, 0.0258212573826, 0.00345487031154, 7.5497693615e-05, 1.18530564919e-07, 7.8491130262e-10, 7.82450285119e-11, 9.59095389913e-12, 8.57730206305e-11, 4.29402818858e-10]
    },
    "gfcc": {
        "mean": [-157.216598511, 158.092102051, -162.569290161, 41.5305404663, -59.7269020081, -23.1140823364, -38.017414093, -16.2915325165, 12.405002594, -15.6541910172, 9.85885238647, -19.1012458801, -2.59418082237],
        "cov": [[11201.1630859, 2070.15551758, -447.191497803, -1067.72973633, -135.846176147, -1435.62890625, -359.35256958, -480.052276611, 67.4379806519, -198.271179199, -144.910339355, -456.712493896, -673.698852539], [2070.15551758, 1360.96386719, 545.68359375, -573.552062988, -96.4835662842, -358.562988281, -43.810043335, -213.897659302, -58.9322967529, -138.380661011, -30.0976047516, -145.5390625, -154.634399414], [-447.191497803, 545.68359375, 1345.72009277, 646.42590332, -69.8793334961, 67.7034606934, 66.826675415, -133.086593628, -193.273086548, -168.230316162, -111.354179382, -156.779602051, -9.95514392853], [-1067.72973633, -573.552062988, 646.42590332, 1587.30895996, 199.211029053, 289.265228271, 30.128194809, -26.979265213, -81.9247589111, -26.3604717255, -115.769325256, -94.5793762207, 62.1198692322], [-135.846176147, -96.4835662842, -69.8793334961, 199.211029053, 381.644805908, 1.98161923885, -161.389709473, 23.9490776062, 80.6557769775, 23.9649906158, -2.32380771637, -49.1245269775, 0.874683260918], [-1435.62890625, -358.562988281, 67.7034606934, 289.265228271, 1.98161923885, 515.399597168, 251.638427734, 54.8905601501, -78.0386734009, 33.469959259, 9.42517089844, 34.008644104, 69.3916168213], [-359.35256958, -43.810043335, 66.826675415, 30.128194809, -161.389709473, 251.638427734, 430.47946167, 33.5563850403, -135.777664185, -20.7229957581, 6.39758586884, 61.9225158691, 9.17665195465], [-480.052276611, -213.897659302, -133.086593628, -26.979265213, 23.9490776062, 54.8905601501, 33.5563850403, 238.600769043, 54.6296539307, -9.02114486694, 35.3257789612, -1.20699036121, 19.0905971527], [67.4379806519, -58.9322967529, -193.273086548, -81.9247589111, 80.6557769775, -78.0386734009, -135.777664185, 54.6296539307, 199.361694336, 61.7341156006, -7.32827329636, 15.3381576538, 24.0356292725], [-198.271179199, -138.380661011, -168.230316162, -26.3604717255, 23.9649906158, 33.469959259, -20.7229957581, -9.02114486694, 61.7341156006, 134.495986938, 49.3781394958, 30.587808609, 29.3669033051], [-144.910339355, -30.0976047516, -111.354179382, -115.769325256, -2.32380771637, 9.42517089844, 6.39758586884, 35.3257789612, -7.32827329636, 49.3781394958, 125.22114563, 54.2945480347, 5.15921115875], [-456.712493896, -145.5390625, -156.779602051, -94.5793762207, -49.1245269775, 34.008644104, 61.9225158691, -1.20699036121, 15.3381576538, 30.587808609, 54.2945480347, 207.614440918, 98.8698883057], [-673.698852539, -154.634399414, -9.95514392853, 62.1198692322, 0.874683260918, 69.3916168213, 9.17665195465, 19.0905971527, 24.0356292725, 29.3669033051, 5.15921115875, 98.8698883057, 147.95123291]],
        "icov": [[0.00029014001484, -0.000462302239612, 0.000490999605972, -0.000277811806882, 0.000154245615704, 0.000543769448996, -0.000212307248148, 0.000274145946605, -7.14149427949e-05, 0.000163350894582, 8.15044695628e-05, 0.000299256469589, 0.000485855474835], [-0.000462302239612, 0.0041089206934, -0.00267955777235, 0.00223019719124, -0.00104001851287, 0.000641531834844, -0.00145807373337, 0.00265715364367, -0.00218721432611, 0.00221422826871, -0.00231730611995, 0.00168352853507, -0.000602829677518], [0.000490999605972, -0.00267955777235, 0.00337638612837, -0.00201250868849, 0.00117542466614, 0.000133471534355, 0.000435034889961, -0.000255145190749, 0.00121002364904, 0.000758947338909, 0.000552127952687, 0.000846647133585, -0.00048851268366], [-0.000277811806882, 0.00223019719124, -0.00201250868849, 0.00230120145716, -0.00120596494526, -0.000192321196664, -0.000513370498084, 0.00101343437564, -0.000570892705582, 0.000330274633598, -0.000125830454635, 0.000608914648183, -0.000412627094192], [0.000154245615704, -0.00104001851287, 0.00117542466614, -0.00120596494526, 0.00418490311131, -0.000735962123144, 0.00168816931546, -0.000375142291887, -0.000627759087365, 0.000348685745848, -0.000432531669503, 0.000612359785009, 0.000103573322122], [0.000543769448996, 0.000641531834844, 0.000133471534355, -0.000192321196664, -0.000735962123144, 0.00543712079525, -0.00343610905111, 0.0012942426838, -0.000345479493262, 3.76774478354e-05, -0.000836805789731, 0.00216733384877, -0.000633835559711], [-0.000212307248148, -0.00145807373337, 0.000435034889961, -0.000513370498084, 0.00168816931546, -0.00343610905111, 0.0066659799777, -0.00366152799688, 0.00444327574223, -0.00278442585841, 0.00337632303126, -0.00414709560573, 0.00189919699915], [0.000274145946605, 0.00265715364367, -0.000255145190749, 0.00101343437564, -0.000375142291887, 0.0012942426838, -0.00366152799688, 0.0104258889332, -0.00665636314079, 0.00770957767963, -0.00707491347566, 0.00587210571393, -0.00226644030772], [-7.14149427949e-05, -0.00218721432611, 0.00121002364904, -0.000570892705582, -0.000627759087365, -0.000345479493262, 0.00444327574223, -0.00665636314079, 0.013550825417, -0.00873258709908, 0.00782110076398, -0.00464352406561, 0.000821226392873], [0.000163350894582, 0.00221422826871, 0.000758947338909, 0.000330274633598, 0.000348685745848, 3.76774478354e-05, -0.00278442585841, 0.00770957767963, -0.00873258709908, 0.0183060802519, -0.0105456933379, 0.00609989417717, -0.00379484682344], [8.15044695628e-05, -0.00231730611995, 0.000552127952687, -0.000125830454635, -0.000432531669503, -0.000836805789731, 0.00337632303126, -0.00707491347566, 0.00782110076398, -0.0105456933379, 0.0176518429071, -0.00796063337475, 0.00466451374814], [0.000299256469589, 0.00168352853507, 0.000846647133585, 0.000608914648183, 0.000612359785009, 0.00216733384877, -0.00414709560573, 0.00587210571393, -0.00464352406561, 0.00609989417717, -0.00796063337475, 0.014045917429, -0.00816218741238], [0.000485855474835, -0.000602829677518, -0.00048851268366, -0.000412627094192, 0.000103573322122, -0.000633835559711, 0.00189919699915, -0.00226644030772, 0.000821226392873, -0.00379484682344, 0.00466451374814, -0.00816218741238, 0.0148646039888]]
    },
    "melbands": {
        "dmean": [3.41884333466e-05, 0.00019080824859, 0.00026120187249, 0.000180871706107, 0.000221473455895, 0.000354809337296, 0.000440253235865, 0.000546783325262, 0.000284267531242, 0.000105421015178, 3.50474983861e-05, 1.66698082467e-05, 1.6195277567e-05, 1.89053316717e-05, 2.62526955339e-05, 3.62107784895e-05, 3.39862963301e-05, 3.2384552469e-05, 2.57114988926e-05, 1.93099731405e-05, 1.87957066373e-05, 1.72743493749e-05, 1.06521711132e-05, 7.77512104833e-06, 6.5965664362e-06, 5.58075817025e-06, 2.8611111702e-06, 1.19046080727e-06, 8.2141502844e-07, 6.09534197338e-07, 4.93580216698e-07, 4.01118654736e-07, 3.04564906628e-07, 1.53232136313e-07, 4.00349833285e-08, 3.19633670642e-08, 2.28492851306e-08, 1.110053649e-08, 4.85922635463e-09, 7.84152520694e-10],
        "dmean2": [5.31138502993e-05, 0.000263090449153, 0.000365393323591, 0.000252291240031, 0.000301860185573, 0.000508473080117, 0.000658716191538, 0.000823455804493, 0.000421220931457, 0.000154492081492, 5.07682743773e-05, 2.43030463025e-05, 2.36647902057e-05, 2.81678276224e-05, 3.87404325011e-05, 5.42934030818e-05, 4.98763074575e-05, 4.88112127641e-05, 3.78809272661e-05, 2.96351172437e-05, 2.93910616165e-05, 2.73196292255e-05, 1.58820676006e-05, 1.15848961286e-05, 1.0302964256e-05, 8.64086905494e-06, 4.41108932137e-06, 1.85143153431e-06, 1.31306683215e-06, 9.76538899522e-07, 8.07894821264e-07, 6.39799623059e-07, 4.91201376462e-07, 2.43937961386e-07, 6.15362480971e-08, 5.03330568336e-08, 3.75896789251e-08, 1.76729049173e-08, 7.41961159179e-09, 1.22981014261e-09],
        "dvar": [1.33452262574e-08, 1.39315801562e-07, 3.39875384725e-07, 1.29967503426e-07, 2.51829987974e-07, 4.06256560836e-07, 6.4321886839e-07, 1.13922715173e-06, 4.11999792505e-07, 1.05207526246e-07, 1.42788101343e-08, 2.11812611894e-09, 2.88565638051e-09, 3.30646066082e-09, 6.44483799661e-09, 1.43296547961e-08, 9.8708792251e-09, 1.00019210691e-08, 6.91017865151e-09, 8.49066683628e-09, 2.7974187411e-09, 2.39119990475e-09, 1.59175972403e-09, 1.61346092042e-09, 5.54573165168e-10, 3.78335057727e-10, 1.04909615717e-10, 1.68053470445e-11, 2.00098167202e-11, 1.09144793897e-11, 7.8980060339e-12, 2.46698451598e-12, 1.55165268655e-12, 5.62291261729e-13, 2.72447588443e-14, 1.27930045707e-14, 1.16737081292e-14, 2.51388579075e-15, 3.34435156765e-16, 8.37195370947e-18],
        "dvar2": [2.34299317725e-08, 2.82699886611e-07, 6.58228941575e-07, 2.16842721557e-07, 4.35971827528e-07, 8.60879936226e-07, 1.3099854641e-06, 2.46248555413e-06, 8.39729125346e-07, 2.01723935334e-07, 2.73955382823e-08, 4.29397495338e-09, 5.60662494209e-09, 7.07164948821e-09, 1.44925467183e-08, 3.08540002436e-08, 1.93949247773e-08, 2.00327541222e-08, 1.19060681314e-08, 2.09043502508e-08, 5.93406168647e-09, 5.82694070772e-09, 3.41297523576e-09, 3.427109041e-09, 1.2296273999e-09, 8.75638728193e-10, 2.5072305343e-10, 3.78360814901e-11, 4.65216719314e-11, 2.63562453112e-11, 2.06545319043e-11, 6.25210430302e-12, 3.79963768782e-12, 1.36250917233e-12, 6.26138003208e-14, 2.99257079078e-14, 3.20285485145e-14, 6.53057574245e-15, 7.74005419372e-16, 2.06205207925e-17],
        "max": [0.00558027252555, 0.00503706373274, 0.00873790867627, 0.00756657030433, 0.0142611181363, 0.0105745140463, 0.00913386978209, 0.0138978026807, 0.00850812438875, 0.00596793787554, 0.00341866654344, 0.000952172791585, 0.00132104533259, 0.00102770701051, 0.00193481158931, 0.00287861539982, 0.00244106841274, 0.00253124488518, 0.00270958337933, 0.00370225962251, 0.00144461600576, 0.0010189054301, 0.00098729878664, 0.001327877515, 0.000423341669375, 0.0003739191161, 0.000268637289992, 8.28697302495e-05, 0.000108696578536, 7.66886296333e-05, 7.17135117156e-05, 2.38940392592e-05, 2.4057151677e-05, 2.22850776481e-05, 5.4549577726e-06, 2.82943301499e-06, 2.62643357019e-06, 9.19206570416e-07, 3.08310063701e-07, 4.89000626658e-08],
        "mean": [5.84320659982e-05, 0.000410867127357, 0.000588430964854, 0.000338991696481, 0.000432276894571, 0.000601685838774, 0.000616409466602, 0.00065010524122, 0.000333614210831, 0.000121560435218, 4.09403546655e-05, 2.106390275e-05, 1.95394241018e-05, 2.15929958358e-05, 2.98750401271e-05, 4.20299184043e-05, 4.14355963585e-05, 3.89462475141e-05, 3.27291709254e-05, 2.39103974309e-05, 2.3584214432e-05, 2.26427109737e-05, 1.35738991958e-05, 9.33741830522e-06, 7.72042494646e-06, 6.46708394925e-06, 3.23166250382e-06, 1.39299129387e-06, 9.14265172014e-07, 6.02833495122e-07, 5.60093667445e-07, 4.61704388499e-07, 3.19035336815e-07, 1.66941632074e-07, 5.0815454955e-08, 3.80410547507e-08, 2.38972130973e-08, 1.22945671421e-08, 5.86412873815e-09, 8.72828698206e-10],
        "median": [2.7079902793e-05, 9.26095090108e-05, 9.65895087575e-05, 0.000107882166049, 0.000129126361571, 0.000221551264985, 0.000199817979592, 0.000103142439912, 3.22030937241e-05, 9.29857105803e-06, 3.99575083065e-06, 1.95556845028e-06, 1.10142741505e-06, 1.18516595649e-06, 1.64823177329e-06, 2.1371222374e-06, 2.22575454245e-06, 3.35677668772e-06, 3.16664795719e-06, 3.11430358124e-06, 3.77898345505e-06, 2.7023650091e-06, 1.06966263047e-06, 7.89584362337e-07, 8.58770590639e-07, 6.05185732638e-07, 2.58853162904e-07, 1.14861585132e-07, 6.56028262824e-08, 3.96163208904e-08, 2.47190019564e-08, 1.96951326359e-08, 2.05392254315e-08, 1.61958606526e-08, 9.29783361414e-09, 7.96978749662e-09, 4.45651471281e-09, 2.26697416394e-09, 1.26882004903e-09, 1.93626267797e-10],
        "min": [1.08707004892e-23, 5.45953119791e-24, 4.98564391392e-24, 8.40653252409e-24, 1.76583784175e-23, 4.57445292808e-24, 8.01882868842e-24, 7.57446649595e-24, 1.49464544856e-23, 1.99892288896e-23, 1.88025564739e-23, 8.52140171594e-24, 1.03452078969e-23, 2.08209722736e-23, 1.08271143464e-23, 6.46940134649e-24, 9.95005011454e-24, 7.12590204144e-24, 6.86259683736e-24, 1.09823424511e-23, 2.10303438465e-23, 1.31053083531e-23, 1.26534646038e-23, 1.16406997301e-23, 7.2449600847e-24, 9.16837809875e-24, 1.09503912178e-23, 9.23832323977e-24, 1.030643775e-23, 7.80312177363e-24, 5.73590979935e-24, 1.15290041257e-23, 1.21827276358e-23, 7.90620775014e-24, 7.39911297191e-24, 1.12662803121e-23, 7.77650402897e-24, 9.16889085834e-24, 9.79886097775e-24, 9.42929226543e-24],
        "var": [2.33054606724e-08, 4.51146405567e-07, 1.30132787035e-06, 4.18699386273e-07, 7.67441861171e-07, 9.39894221119e-07, 1.11390068014e-06, 1.68350720742e-06, 6.2353018393e-07, 1.50424696699e-07, 1.99562197878e-08, 3.79927733718e-09, 4.94037788457e-09, 5.11164177652e-09, 8.26569657164e-09, 2.01693932667e-08, 1.89116189375e-08, 1.6839726058e-08, 1.24881811558e-08, 9.73305969154e-09, 4.47608927701e-09, 3.60991947446e-09, 2.74838929393e-09, 2.28710095307e-09, 7.04491909254e-10, 4.38825059623e-10, 1.23755297676e-10, 2.29590461226e-11, 2.11157324265e-11, 1.08385314612e-11, 7.34577502992e-12, 2.89649033924e-12, 1.6664841165e-12, 5.77227772958e-13, 3.10783062967e-14, 1.43695988539e-14, 9.36058058187e-15, 2.34355402956e-15, 3.82477383226e-16, 8.43818192522e-18]
    },
    "mfcc": {
        "mean": [-773.629821777, 160.155807495, -27.5724906921, 36.579536438, 2.91814279556, -8.58725833893, -26.9646072388, -8.03495025635, -11.0926189423, 4.51605463028, 3.11359715462, 1.81866180897, 1.91524791718],
        "cov": [[9460.56445312, 2279.5234375, -1107.14318848, 233.25668335, -634.448120117, -463.058074951, -970.463378906, -253.157714844, -730.840881348, 165.984603882, -44.4692687988, -31.5775547028, -190.411499023], [2279.5234375, 2096.91503906, 28.7017536163, -478.910797119, -290.902832031, -384.670776367, -293.628051758, -181.840194702, -280.696075439, -68.126373291, -74.9305953979, -24.8607158661, -11.8295183182], [-1107.14318848, 28.7017536163, 1418.83483887, 572.262329102, 14.5094976425, 273.556488037, 311.647674561, 68.6292114258, 59.3331336975, -46.0907440186, -187.222106934, -74.1608963013, -11.1840419769], [233.25668335, -478.910797119, 572.262329102, 1042.45532227, 338.85748291, 229.690628052, 19.7369537354, 22.1719818115, 5.24875211716, 70.1386642456, -115.990478516, -109.665328979, -28.6023101807], [-634.448120117, -290.902832031, 14.5094976425, 338.85748291, 656.609924316, 24.0050640106, -122.365882874, -56.5264205933, 27.2196941376, 133.332748413, -29.4020023346, -66.330909729, 4.61289262772], [-463.058074951, -384.670776367, 273.556488037, 229.690628052, 24.0050640106, 460.651245117, 224.319976807, 28.5237865448, 89.2350540161, -35.6414489746, 3.04458117485, 11.4864273071, -15.3156242371], [-970.463378906, -293.628051758, 311.647674561, 19.7369537354, -122.365882874, 224.319976807, 485.559906006, 155.825805664, 68.7480010986, -22.0240345001, 24.429151535, 29.5305328369, -2.56692528725], [-253.157714844, -181.840194702, 68.6292114258, 22.1719818115, -56.5264205933, 28.5237865448, 155.825805664, 216.85055542, 76.3633346558, -12.653632164, 29.3066310883, 9.67273044586, -16.3752803802], [-730.840881348, -280.696075439, 59.3331336975, 5.24875211716, 27.2196941376, 89.2350540161, 68.7480010986, 76.3633346558, 214.088317871, 9.64008426666, -1.98281431198, 11.0955286026, 8.69760131836], [165.984603882, -68.126373291, -46.0907440186, 70.1386642456, 133.332748413, -35.6414489746, -22.0240345001, -12.653632164, 9.64008426666, 221.28465271, 17.8637447357, -35.7465362549, 0.585568785667], [-44.4692687988, -74.9305953979, -187.222106934, -115.990478516, -29.4020023346, 3.04458117485, 24.429151535, 29.3066310883, -1.98281431198, 17.8637447357, 153.281082153, 57.7588806152, -27.8814945221], [-31.5775547028, -24.8607158661, -74.1608963013, -109.665328979, -66.330909729, 11.4864273071, 29.5305328369, 9.67273044586, 11.0955286026, -35.7465362549, 57.7588806152, 125.766181946, 16.0636062622], [-190.411499023, -11.8295183182, -11.1840419769, -28.6023101807, 4.61289262772, -15.3156242371, -2.56692528725, -16.3752803802, 8.69760131836, 0.585568785667, -27.8814945221, 16.0636062622, 122.592147827]],
