{
"lowlevel": {
    "average_loudness": 0.968551397324,
    "barkbands_crest": {
        "dmean": 2.86060166359,
        "dmean2": 4.5965180397,
        "dvar": 8.84481143951,
        "dvar2": 19.0734100342,
        "max": 26.3394641876,
        "mean": 10.8167123795,
        "median": 9.86719799042,
        "min": 2.96394658089,
        "var": 18.6966133118
    },
    "barkbands_flatness_db": {
        "dmean": 0.0341340601444,
        "dmean2": 0.0506630502641,
        "dvar": 0.00118747993838,
        "dvar2": 0.00253125862218,
        "max": 0.47394785285,
        "mean": 0.246247157454,
        "median": 0.247976496816,
        "min": 0.0306600537151,
        "var": 0.00350620551035
    },
    "barkbands_kurtosis": {
        "dmean": 7.09081888199,
        "dmean2": 11.4097213745,
        "dvar": 336.787445068,
        "dvar2": 808.409851074,
        "max": 373.10168457,
        "mean": 8.30013275146,
        "median": 3.65926218033,
        "min": -1.93205094337,
        "var": 372.080596924
    },
    "barkbands_skewness": {
        "dmean": 0.946413755417,
        "dmean2": 1.42472493649,
        "dvar": 1.57209968567,
        "dvar2": 3.43813633919,
        "max": 18.3699588776,
        "mean": 1.72339725494,
        "median": 1.54290735722,
        "min": -6.74163675308,
        "var": 3.02545690536
    },
    "barkbands_spread": {
        "dmean": 7.88349580765,
        "dmean2": 12.3917579651,
        "dvar": 143.817993164,
        "dvar2": 313.695587158,
        "max": 98.5721817017,
        "mean": 15.8142566681,
        "median": 10.544169426,
        "min": 0.353280007839,
        "var": 256.499481201
    },
    "dissonance": {
        "dmean": 0.0251512266695,
        "dmean2": 0.0374490134418,
        "dvar": 0.000793237006292,
        "dvar2": 0.00171494064853,
        "max": 0.500000119209,
        "mean": 0.435437768698,
        "median": 0.445083886385,
        "min": 0.200588449836,
        "var": 0.00294518936425
    },
    "dynamic_complexity": 4.74236011505,
    "erbbands_crest": {
        "dmean": 3.1009657383,
        "dmean2": 4.99055194855,
        "dvar": 7.54692029953,
        "dvar2": 18.7850437164,
        "max": 29.8171157837,
        "mean": 10.6876983643,
        "median": 9.96318817139,
        "min": 2.9156999588,
        "var": 15.9605293274
    },
    "erbbands_flatness_db": {
        "dmean": 0.0250374842435,
        "dmean2": 0.0372041687369,
        "dvar": 0.000663055514451,
        "dvar2": 0.00133815035224,
        "max": 0.390548080206,
        "mean": 0.253382503986,
        "median": 0.261280268431,
        "min": 0.0976737439632,
        "var": 0.002329045441
    },
    "erbbands_kurtosis": {
        "dmean": 2.9520740509,
        "dmean2": 4.71460390091,
        "dvar": 33.6668930054,
        "dvar2": 79.5122299194,
        "max": 73.5563735962,
        "mean": 2.53206038475,
        "median": 0.456995487213,
        "min": -1.87289965153,
        "var": 47.7544975281
    },
    "erbbands_skewness": {
        "dmean": 0.724442720413,
        "dmean2": 1.08495771885,
        "dvar": 0.686014413834,
        "dvar2": 1.38622784615,
        "max": 7.57832384109,
        "mean": 0.46127474308,
        "median": 0.568731844425,
        "min": -6.73069000244,
        "var": 1.90916728973
    },
    "erbbands_spread": {
        "dmean": 10.7410993576,
        "dmean2": 16.8051319122,
        "dvar": 162.991073608,
        "dvar2": 390.035491943,
        "max": 108.592498779,
        "mean": 29.7654781342,
        "median": 26.449092865,
        "min": 1.41521823406,
        "var": 313.991210938
    },
    "hfc": {
        "dmean": 5.83017778397,
        "dmean2": 8.23635101318,
        "dvar": 57.471988678,
        "dvar2": 115.397369385,
        "max": 71.2831192017,
        "mean": 12.0092811584,
        "median": 7.91023015976,
        "min": 1.20887999602e-16,
        "var": 160.393737793
    },
    "melbands_crest": {
        "dmean": 3.85278725624,
        "dmean2": 5.98393344879,
        "dvar": 16.2833652496,
        "dvar2": 35.6591796875,
        "max": 39.4097290039,
        "mean": 15.0149755478,
        "median": 13.5707702637,
        "min": 2.02763795853,
        "var": 40.5845489502
    },
    "melbands_flatness_db": {
        "dmean": 0.0423266664147,
        "dmean2": 0.0584285147488,
        "dvar": 0.00183305738028,
        "dvar2": 0.00352617632598,
        "max": 0.586013138294,
        "mean": 0.291892141104,
        "median": 0.298924148083,
        "min": 0.00677588256076,
        "var": 0.00743701215833
    },
    "melbands_kurtosis": {
        "dmean": 12.2910690308,
        "dmean2": 19.750875473,
        "dvar": 904.613891602,
        "dvar2": 2166.3112793,
        "max": 805.898498535,
        "mean": 16.0797328949,
        "median": 8.03532123566,
        "min": -1.93972146511,
        "var": 1001.62609863
    },
    "melbands_skewness": {
        "dmean": 1.10289573669,
        "dmean2": 1.65647137165,
        "dvar": 1.97407186031,
        "dvar2": 4.42545700073,
        "max": 24.4792461395,
        "mean": 2.55310153961,
        "median": 2.24139237404,
        "min": -3.66226196289,
        "var": 3.93673443794
    },
    "melbands_spread": {
        "dmean": 11.7198953629,
        "dmean2": 18.5646972656,
        "dvar": 551.112426758,
        "dvar2": 1174.55737305,
        "max": 218.02923584,
        "mean": 20.861448288,
        "median": 11.436249733,
        "min": 0.357720196247,
        "var": 884.546875
    },
    "pitch_salience": {
        "dmean": 0.0866350904107,
        "dmean2": 0.136661276221,
        "dvar": 0.00983622763306,
        "dvar2": 0.0206002872437,
        "max": 0.927108943462,
        "mean": 0.641451716423,
        "median": 0.686836659908,
        "min": 0.0294584687799,
        "var": 0.0266822893173
    },
    "silence_rate_20dB": {
        "dmean": 0,
        "dmean2": 0,
        "dvar": 0,
        "dvar2": 0,
        "max": 1,
        "mean": 1,
        "median": 1,
        "min": 1,
        "var": 0
    },
    "silence_rate_30dB": {
        "dmean": 0.000772200757638,
        "dmean2": 0.00154499802738,
        "dvar": 0.000771604303736,
        "dvar2": 0.00154260871932,
        "max": 1,
        "mean": 0.998456180096,
        "median": 1,
        "min": 0,
        "var": 0.00154142279644
    },
    "silence_rate_60dB": {
        "dmean": 0.0818532854319,
        "dmean2": 0.163769796491,
        "dvar": 0.0751521736383,
        "dvar2": 0.153946205974,
        "max": 1,
        "mean": 0.198379009962,
        "median": 0,
        "min": 0,
        "var": 0.15902839601
    },
    "spectral_centroid": {
        "dmean": 380.182250977,
        "dmean2": 562.875976562,
        "dvar": 347084.09375,
        "dvar2": 577645.6875,
        "max": 10589.8496094,
        "mean": 1152.7376709,
        "median": 787.940185547,
        "min": 149.260406494,
        "var": 977349.5
    },
    "spectral_complexity": {
        "dmean": 3.6718146801,
        "dmean2": 5.07686376572,
        "dvar": 16.140953064,
        "dvar2": 30.3875350952,
        "max": 44,
        "mean": 10.9810886383,
        "median": 10,
        "min": 0,
        "var": 66.8019180298
    },
    "spectral_decrease": {
        "dmean": 2.28380425682e-09,
        "dmean2": 3.07423042578e-09,
        "dvar": 7.70874510975e-18,
        "dvar2": 1.36979430262e-17,
        "max": 1.64886867185e-29,
        "mean": -5.83109471819e-09,
        "median": -5.05727948408e-09,
        "min": -4.87247433512e-08,
        "var": 2.66058971346e-17
    },
    "spectral_energy": {
        "dmean": 0.00907189119607,
        "dmean2": 0.0122333308682,
        "dvar": 0.000120829434309,
        "dvar2": 0.000216075146454,
        "max": 0.186384886503,
        "mean": 0.0230971612036,
        "median": 0.0197559669614,
        "min": 1.09026637573e-20,
        "var": 0.000416232272983
    },
    "spectral_energyband_high": {
        "dmean": 0.000136632486829,
        "dmean2": 0.000201079892577,
        "dvar": 3.1381023291e-07,
        "dvar2": 6.51887205549e-07,
        "max": 0.0114119583741,
        "mean": 0.000167485835846,
        "median": 1.51479125634e-05,
        "min": 8.0398578963e-21,
        "var": 4.84619874896e-07
    },
    "spectral_energyband_low": {
        "dmean": 0.0023945402354,
        "dmean2": 0.00333322351798,
        "dvar": 2.18200184463e-05,
        "dvar2": 4.49131293863e-05,
        "max": 0.155506417155,
        "mean": 0.00625917455181,
        "median": 0.00433768797666,
        "min": 1.03540593896e-22,
        "var": 6.20611244813e-05
    },
    "spectral_energyband_middle_high": {
        "dmean": 0.00159392284695,
        "dmean2": 0.00229961634614,
        "dvar": 5.99385748501e-06,
        "dvar2": 1.21556768136e-05,
        "max": 0.0244147349149,
        "mean": 0.00258822808973,
        "median": 0.00100886018481,
        "min": 1.40433063786e-21,
        "var": 1.28695146486e-05
    },
    "spectral_energyband_middle_low": {
        "dmean": 0.00656561320648,
        "dmean2": 0.00897653680295,
        "dvar": 7.0197005698e-05,
        "dvar2": 0.000121060016681,
        "max": 0.0833377540112,
        "mean": 0.0149687323719,
        "median": 0.0114539563656,
        "min": 3.01605934578e-22,
        "var": 0.000226442687563
    },
    "spectral_entropy": {
        "dmean": 0.275873959064,
        "dmean2": 0.388424992561,
        "dvar": 0.0852309837937,
        "dvar2": 0.150179341435,
        "max": 9.79493236542,
        "mean": 6.95734262466,
        "median": 6.93522644043,
        "min": 4.42316389084,
        "var": 0.388191729784
    },
    "spectral_flux": {
        "dmean": 0.0307219959795,
        "dmean2": 0.0493786074221,
        "dvar": 0.000939085381106,
        "dvar2": 0.00238757370971,
        "max": 0.271727591753,
        "mean": 0.0777481496334,
        "median": 0.0726036950946,
        "min": 1.0441582321e-10,
        "var": 0.00227866484784
    },
    "spectral_kurtosis": {
        "dmean": 6.07829666138,
        "dmean2": 10.2669095993,
        "dvar": 41.7542762756,
        "dvar2": 111.188514709,
        "max": 65.8092727661,
        "mean": 9.32600593567,
        "median": 6.51421451569,
        "min": -1.22615993023,
        "var": 85.042098999
    },
    "spectral_rms": {
        "dmean": 0.00100155663677,
        "dmean2": 0.00130340538453,
        "dvar": 1.11409337933e-06,
        "dvar2": 1.75938168923e-06,
        "max": 0.0134847657755,
        "mean": 0.0041339811869,
        "median": 0.00439022947103,
        "min": 3.261402216e-12,
        "var": 5.44401063962e-06
    },
    "spectral_rolloff": {
        "dmean": 545.107543945,
        "dmean2": 930.277404785,
        "dvar": 1083286,
        "dvar2": 2029230.25,
        "max": 18540.0878906,
        "mean": 1061.0703125,
        "median": 516.796875,
        "min": 21.533203125,
        "var": 1939817.25
    },
    "spectral_skewness": {
        "dmean": 0.648732662201,
        "dmean2": 1.02718281746,
        "dvar": 0.341930389404,
        "dvar2": 0.802910506725,
        "max": 6.55294418335,
        "mean": 1.73293030262,
        "median": 1.55183517933,
        "min": -0.488314688206,
        "var": 1.18991076946
    },
    "spectral_spread": {
        "dmean": 476255.34375,
        "dmean2": 729573.625,
        "dvar": 660871184384,
        "dvar2": 898815819776,
        "max": 41649560,
        "mean": 2619473,
        "median": 2414491,
        "min": 1036781.5,
        "var": 1.25105825382e+12
    },
    "spectral_strongpeak": {
        "dmean": 0.449888378382,
        "dmean2": 0.702358841896,
        "dvar": 0.447030007839,
        "dvar2": 1.07242572308,
        "max": 6.65301418304,
        "mean": 0.841135025024,
        "median": 0.508954763412,
        "min": 0,
        "var": 0.868303120136
    },
    "zerocrossingrate": {
        "dmean": 0.0119263166562,
        "dmean2": 0.013485728763,
        "dvar": 0.000370060821297,
        "dvar2": 0.000398102070903,
        "max": 0.5185546875,
        "mean": 0.0393008925021,
        "median": 0.0283203125,
        "min": 0,
        "var": 0.0014911131002
    },
    "barkbands": {
        "dmean": [0.000322850421071, 0.000612059957348, 0.0015828559408, 0.000799641537014, 0.00145276507828, 0.00174280407373, 0.00223106029443, 0.00196244427934, 0.000884574255906, 0.000168685946846, 0.000154271387146, 0.00026829863782, 0.000333691743435, 0.000285605288809, 0.000255028542597, 0.000170362269273, 0.000237833504798, 9.27491128095e-05, 0.000171923122252, 9.93042922346e-05, 5.66536327824e-05, 3.59940240742e-05, 9.32976854529e-06, 3.64637776329e-06, 2.71115993655e-07, 1.76082759484e-09, 9.35824195913e-10],
        "dmean2": [0.000559291278478, 0.000903049658518, 0.00218462687917, 0.00109873549081, 0.00195992155932, 0.00249416474253, 0.00327413156629, 0.00293435133062, 0.00131503050216, 0.000259726250079, 0.00023350425181, 0.000409273867263, 0.000504422641825, 0.000427455001045, 0.000393092108425, 0.000247122865403, 0.000365365209291, 0.00014452522737, 0.00026338812313, 0.000150780047989, 8.55046964716e-05, 5.47939816897e-05, 1.44448413266e-05, 5.58121791983e-06, 4.12920343251e-07, 3.12670467295e-09, 1.72414460486e-09],
        "dvar": [4.79795630781e-07, 1.02737130874e-05, 6.72121041134e-06, 3.46587671629e-06, 5.02671491631e-06, 8.26680843602e-06, 1.60917006724e-05, 1.78115406015e-05, 6.94164282322e-06, 2.27430888344e-07, 2.26262997671e-07, 6.50251990919e-07, 9.55007294579e-07, 5.9136903019e-07, 4.52327185485e-07, 2.12561744206e-07, 1.95905101918e-07, 1.06089061092e-07, 2.70042875172e-07, 1.18550822492e-07, 7.88085472436e-08, 2.72874540741e-08, 1.56328461287e-09, 2.16239207096e-10, 9.1855115094e-13, 9.8591505009e-17, 2.02772863333e-18],
        "dvar2": [6.79271124682e-07, 2.57298615907e-05, 1.20638032968e-05, 5.6115895859e-06, 7.87361295806e-06, 1.52092015924e-05, 3.14680291922e-05, 3.64053230442e-05, 1.48333720063e-05, 5.16588897881e-07, 4.92023161769e-07, 1.57450222105e-06, 2.21093864639e-06, 1.30399746467e-06, 9.72172983893e-07, 4.68802966225e-07, 4.32371933812e-07, 2.50987881145e-07, 5.16396653438e-07, 2.29147644859e-07, 1.8098590715e-07, 5.69505260728e-08, 3.47254691668e-09, 4.61439469968e-10, 1.88265895928e-12, 2.09037672866e-16, 6.23222027171e-18],
        "max": [0.0324807502329, 0.130084887147, 0.0423009246588, 0.0380821377039, 0.0556793212891, 0.0569068007171, 0.0556690692902, 0.0526213645935, 0.0410259328783, 0.0085186464712, 0.00815771892667, 0.0118173770607, 0.0158166717738, 0.0122015569359, 0.00943546183407, 0.00884150248021, 0.00522744329646, 0.00999509729445, 0.0108125247061, 0.0083850286901, 0.0069225365296, 0.00391669990495, 0.000750586797949, 0.000335901568178, 2.0195986508e-05, 3.97314323664e-07, 1.48197552008e-08],
        "mean": [0.000363583356375, 0.0012342404807, 0.00381479365751, 0.00161461427342, 0.00331736146472, 0.00330471643247, 0.0032619710546, 0.00238179950975, 0.00101882056333, 0.000194834938156, 0.000174940141733, 0.000286951893941, 0.000346319138771, 0.000318003352731, 0.000325904082274, 0.000220789239393, 0.000336539291311, 0.000114042915811, 0.000218227491132, 0.000131477543619, 6.04623674008e-05, 4.21157383244e-05, 1.02936510302e-05, 4.04947377319e-06, 3.09569117007e-07, 1.41289369093e-09, 8.01363031488e-10],
        "median": [0.000137842594995, 0.000359428289812, 0.00202496442944, 0.000229953293456, 0.0022008807864, 0.00175618589856, 0.000783431052696, 0.000235179250012, 7.43386990507e-05, 2.38638658629e-05, 1.12786765385e-05, 2.00514732569e-05, 2.1406363885e-05, 2.7036488973e-05, 2.94031833619e-05, 3.17212143273e-05, 5.93065560679e-05, 1.99343685381e-05, 3.01186883007e-05, 1.73365206138e-05, 2.56498719864e-06, 2.01649186238e-06, 1.12096347493e-06, 6.72483110975e-07, 5.50960201906e-08, 2.61891952569e-10, 2.36916125607e-10],
        "min": [1.58916755109e-23, 6.53963734053e-23, 2.36197971228e-23, 3.09592327672e-24, 7.33948486935e-23, 5.46643120648e-23, 4.03583416367e-23, 5.62739669647e-23, 4.43890011884e-23, 8.74299968619e-23, 3.63516823892e-23, 3.51698520018e-23, 5.5417295576e-23, 9.3527853794e-23, 1.5942996277e-22, 2.16664699209e-22, 2.6261750039e-22, 1.68826305893e-22, 1.75858944065e-22, 3.45250995756e-22, 7.55230288084e-22, 5.75569173295e-22, 5.0770184141e-22, 8.79226146226e-22, 1.05150215979e-21, 1.61870572193e-21, 2.74315971875e-21],
        "var": [1.09041252472e-06, 1.64692955877e-05, 2.40190238401e-05, 1.31406959554e-05, 1.73432072188e-05, 2.32827333093e-05, 3.58788456651e-05, 2.71404405794e-05, 9.93227422441e-06, 2.80481657455e-07, 2.97078287304e-07, 7.62835838941e-07, 1.14386182304e-06, 8.09982395822e-07, 7.59730255595e-07, 3.31189141889e-07, 3.98905342536e-07, 1.34190770495e-07, 4.57271937648e-07, 2.13058129361e-07, 9.3516916877e-08, 4.35507168106e-08, 1.80010484296e-09, 2.41758002506e-10, 1.19768897491e-12, 9.85815656067e-17, 1.75715764817e-18]
    },
    "erbbands": {
        "dmean": [0.0164526309818, 0.155217751861, 1.37739825249, 2.54482245445, 2.83673787117, 5.63915157318, 10.3516693115, 16.3934879303, 25.9592456818, 41.3824234009, 38.5041236877, 20.6558742523, 6.91025781631, 5.50379180908, 7.32444572449, 11.2258214951, 14.5006561279, 13.1543054581, 14.5219564438, 10.5017747879, 9.91979598999, 13.226307869, 5.26766395569, 6.76347589493, 9.40829658508, 4.59468460083, 2.7276968956, 2.06525731087, 1.33622550964, 0.736047923565, 0.210421979427, 0.104772210121, 0.0454925186932, 0.00670976750553, 0.00037768232869, 3.17445010296e-05, 5.87281101616e-06, 1.76294577159e-06, 4.607745268e-06, 1.03798784039e-05],
        "dmean2": [0.0260616559535, 0.219685822725, 1.8924485445, 3.44186973572, 3.80407977104, 7.56037950516, 14.517250061, 23.4391708374, 37.7639808655, 61.1234474182, 56.9955024719, 30.1758708954, 10.1768283844, 8.22541713715, 10.7297019958, 17.0532264709, 21.6864070892, 18.9613990784, 21.6585063934, 15.6527996063, 14.4577732086, 20.147851944, 7.95396852493, 10.4504241943, 14.1606273651, 6.80978441238, 4.05375146866, 3.2568488121, 2.04981517792, 1.08626425266, 0.327510237694, 0.161476537585, 0.0692673549056, 0.0100454976782, 0.000569117604755, 4.80450798932e-05, 8.7541375251e-06, 2.65388234766e-06, 6.29393343843e-06, 1.40551364893e-05],
        "dvar": [0.0327145271003, 0.193838551641, 4.73572015762, 26.5160617828, 31.5988903046, 98.5884780884, 368.880004883, 926.296020508, 2273.15942383, 7215.68798828, 7417.81835938, 3343.68261719, 369.956329346, 282.890014648, 449.466400146, 1083.28063965, 1721.92297363, 1103.00085449, 1442.70092773, 841.035522461, 629.926757812, 639.702514648, 156.870788574, 726.519470215, 805.56237793, 256.598754883, 154.724594116, 149.396652222, 39.4960174561, 9.30544948578, 0.909021914005, 0.187526553869, 0.0406195521355, 0.000657427241094, 3.44709951605e-06, 2.00643519577e-08, 1.14505467608e-10, 9.22860399211e-12, 2.94478885721e-11, 1.55262941393e-10],
        "dvar2": [0.0850839391351, 0.442811965942, 8.6463766098, 44.5948448181, 51.1927032471, 150.640762329, 666.413879395, 1691.04516602, 4358.91357422, 14654.5859375, 14761.3994141, 6954.6796875, 780.184265137, 663.804382324, 978.9140625, 2593.25561523, 3815.64892578, 2262.26489258, 2984.24536133, 1780.40478516, 1423.03161621, 1417.3996582, 326.4296875, 1546.35449219, 1666.48181152, 531.432128906, 327.177429199, 378.984313965, 80.7833175659, 19.0515213013, 1.97564101219, 0.426315039396, 0.0813785940409, 0.00122081348673, 7.76030992711e-06, 4.23987387421e-08, 2.46120346326e-10, 1.98029231901e-11, 5.57217431918e-11, 2.82633472182e-10],
        "max": [7.6433057785, 14.13667202, 35.3315315247, 80.4363021851, 191.889480591, 301.660308838, 388.406036377, 740.597045898, 869.469543457, 1197.93249512, 1000.98974609, 853.659179688, 328.488342285, 328.418426514, 372.263153076, 459.77355957, 738.857971191, 618.289978027, 688.235778809, 453.386260986, 542.315307617, 311.313964844, 317.629730225, 808.94934082, 607.364379883, 451.311950684, 318.588256836, 299.749908447, 157.986297607, 64.0635299683, 24.9048023224, 9.29371643066, 5.61765384674, 0.593626260757, 0.04524544999, 0.0043473886326, 0.000218532601139, 5.51000703126e-05, 8.41258224682e-05, 0.00020311755361],
        "mean": [0.0222825128585, 0.379501760006, 3.54049181938, 5.81934595108, 6.60935544968, 12.1153268814, 18.8694648743, 29.8941249847, 41.4928436279, 54.7637329102, 47.4305305481, 24.5835857391, 8.37467765808, 6.38180828094, 8.36393070221, 12.3440341949, 15.655122757, 15.6837463379, 17.8215293884, 14.8116798401, 13.6568908691, 18.8771038055, 7.32216930389, 8.35719394684, 11.8226795197, 6.01888132095, 3.08080291748, 2.13148188591, 1.5546900034, 0.852109193802, 0.235514521599, 0.114071659744, 0.0519260466099, 0.00821420457214, 0.000406598497648, 4.29594365414e-05, 1.2350783436e-05, 3.20603294313e-06, 1.17911995403e-05, 2.64239170065e-05],
        "median": [0.00599316461012, 0.190344020724, 2.24926066399, 2.01503825188, 3.23018074036, 6.42491054535, 9.75213336945, 13.1926040649, 13.4671669006, 9.86014556885, 4.82683897018, 1.91711688042, 1.05001270771, 0.630467116833, 0.61429387331, 0.950662493706, 1.12420630455, 1.54264616966, 1.69040286541, 1.68036901951, 2.36329364777, 3.43480372429, 1.54918861389, 1.2877022028, 1.70145952702, 0.835858643055, 0.225502684712, 0.0855320170522, 0.0729328766465, 0.0582643263042, 0.027342973277, 0.0180767439306, 0.00849877111614, 0.00158673257101, 7.39749666536e-05, 1.98140387511e-05, 9.53303424467e-06, 1.98798261408e-06, 1.00648358057e-05, 2.23788611038e-05],
        "min": [1.86109922685e-21, 1.44749934822e-20, 3.44774760049e-20, 1.6742217993e-20, 1.06695461661e-19, 2.98227717243e-19, 4.87659522143e-19, 2.60547313896e-19, 6.13126794443e-19, 6.8873368737e-19, 1.12721814928e-18, 1.22979650685e-18, 2.48525505143e-18, 2.40731271744e-18, 7.69080480303e-19, 1.7179718278e-18, 2.60405328344e-18, 3.71885183281e-18, 7.12122849915e-18, 9.58870909358e-18, 1.11205392274e-17, 1.54285512786e-17, 9.31240264484e-18, 1.08043477839e-17, 9.56137491024e-18, 1.40251665776e-17, 3.29559641738e-17, 2.45229173858e-17, 2.06546949324e-17, 1.72944821434e-17, 1.38182762986e-17, 1.92090479194e-17, 1.29824996252e-17, 1.13958613312e-17, 7.45636155151e-18, 5.83096901863e-18, 3.20905938731e-18, 1.47556820365e-18, 3.9627085031e-19, 3.52129138865e-20],
        "var": [0.0478327013552, 0.389178901911, 16.9712810516, 103.259757996, 116.940490723, 316.034973145, 849.611328125, 2557.98754883, 5603.02978516, 12309.4824219, 11568.4716797, 5003.63183594, 529.974914551, 347.010498047, 618.806518555, 1297.77294922, 2170.14599609, 1832.59863281, 2181.95361328, 1661.53222656, 994.790161133, 1288.50170898, 282.668548584, 1125.13574219, 1196.79125977, 447.87298584, 206.844818115, 153.388427734, 62.8407173157, 13.5858125687, 1.03300321102, 0.195220753551, 0.0475803874433, 0.000888594076969, 3.60999251825e-06, 2.29056471568e-08, 2.0636065079e-10, 1.80135992928e-11, 1.03163783072e-10, 5.36478028668e-10]
    },
    "gfcc": {
        "mean": [-127.222763062, 166.712005615, -140.059936523, 56.500125885, -54.1585350037, -16.6007022858, -32.9165306091, -15.4641695023, 4.19493961334, -18.4103298187, 9.86919307709, -23.1416683197, -2.9579885006],
        "cov": [[9796.05761719, 1908.52514648, -906.109069824, -1061.46459961, -47.723400116, -1127.83239746, -454.372497559, -171.993453979, 8.91261768341, -265.431304932, 35.748260498, -340.475067139, -582.449157715], [1908.52514648, 2153.01611328, 353.346435547, -1204.58178711, 199.50428772, -506.519195557, -133.653747559, -149.011169434, -54.4292945862, -313.653930664, 52.3639831543, -75.9808578491, -162.687240601], [-906.109069824, 353.346435547, 911.106567383, 73.6047210693, 26.0465621948, 40.6167259216, -41.6528091431, -119.010566711, -81.6278305054, -90.7789535522, -2.78080677986, 39.3036499023, 76.2074890137], [-1061.46459961, -1204.58178711, 73.6047210693, 1189.58349609, 54.7093887329, 201.996200562, -71.3500671387, -28.9920902252, 56.3278884888, 189.409072876, -37.8528175354, 24.6892814636, 159.558914185], [-47.723400116, 199.50428772, 26.0465621948, 54.7093887329, 384.964202881, -75.0584716797, -203.494064331, -48.3445510864, 33.2922668457, 2.43407607079, 14.0428981781, -58.2817077637, 21.138250351], [-1127.83239746, -506.519195557, 40.6167259216, 201.996200562, -75.0584716797, 477.961303711, 181.014389038, 47.8801689148, -21.0380630493, 81.9525909424, 11.9968309402, 30.4086399078, 48.5098381042], [-454.372497559, -133.653747559, -41.6528091431, -71.3500671387, -203.494064331, 181.014389038, 412.134887695, 97.3339080811, -103.630516052, -12.8144845963, 28.7026233673, 86.6283874512, -7.72517728806], [-171.993453979, -149.011169434, -119.010566711, -28.9920902252, -48.3445510864, 47.8801689148, 97.3339080811, 224.403961182, -1.39882028103, -1.5927273035, 41.528503418, 6.02809762955, 5.57892894745], [8.91261768341, -54.4292945862, -81.6278305054, 56.3278884888, 33.2922668457, -21.0380630493, -103.630516052, -1.39882028103, 201.050064087, 61.3267555237, -60.5367202759, -18.5292606354, 19.6896896362], [-265.431304932, -313.653930664, -90.7789535522, 189.409072876, 2.43407607079, 81.9525909424, -12.8144845963, -1.5927273035, 61.3267555237, 162.081390381, 8.29453849792, -20.7579250336, 33.5423965454], [35.748260498, 52.3639831543, -2.78080677986, -37.8528175354, 14.0428981781, 11.9968309402, 28.7026233673, 41.528503418, -60.5367202759, 8.29453849792, 121.858322144, 16.3429336548, -27.2915630341], [-340.475067139, -75.9808578491, 39.3036499023, 24.6892814636, -58.2817077637, 30.4086399078, 86.6283874512, 6.02809762955, -18.5292606354, -20.7579250336, 16.3429336548, 141.747024536, 37.7556152344], [-582.449157715, -162.687240601, 76.2074890137, 159.558914185, 21.138250351, 48.5098381042, -7.72517728806, 5.57892894745, 19.6896896362, 33.5423965454, -27.2915630341, 37.7556152344, 138.243682861]],
        "icov": [[0.000257640582277, -0.000395215000026, 0.000384685699828, -0.000314879318466, 0.000410264357924, 0.000185725366464, 0.000293133256491, -1.85583921848e-05, 0.000225929397857, -3.57814205927e-05, 0.000109350585262, 0.00015292482567, 0.00061731954338], [-0.000395215000026, 0.00394276855513, -0.00188419246115, 0.0032763062045, -0.00214488361962, 0.00169732887298, -0.00180465518497, 0.00220954371616, -0.00233504688367, 0.00272097648121, -0.0027773163747, 0.00171010685153, -0.0015686082188], [0.000384685699828, -0.00188419246115, 0.00257001607679, -0.00165368942544, 0.00137330335565, -0.000829685362987, 0.00118866853882, 6.93996189511e-05, 0.00132755585946, 0.000278605875792, 0.000544361304492, -0.000341518287314, -1.58213006216e-05], [-0.000314879318466, 0.0032763062045, -0.00165368942544, 0.00399034423754, -0.001870434382, 0.00108372222167, -0.00103462149855, 0.00172367482446, -0.00147065531928, 0.000829655851703, -0.0017104765866, 0.000975369941443, -0.00198259321041], [0.000410264357924, -0.00214488361962, 0.00137330335565, -0.001870434382, 0.00517558166757, -0.000719487317838, 0.00269632041454, -0.00047456214088, 0.000990039552562, -0.000304015906295, -0.000322456646245, 0.00057074270444, -4.96750581078e-05], [0.000185725366464, 0.00169732887298, -0.000829685362987, 0.00108372222167, -0.000719487317838, 0.00443198112771, -0.0021768163424, 0.00104103633203, -0.00104966701474, 0.000184015065315, -0.00145561923273, 0.00155543012079, -0.000229646262596], [0.000293133256491, -0.00180465518497, 0.00118866853882, -0.00103462149855, 0.00269632041454, -0.0021768163424, 0.00643650488928, -0.00263643963262, 0.00377133465372, -0.00192734750453, 0.00251295301132, -0.00320922303945, 0.0017708708765], [-1.85583921848e-05, 0.00220954371616, 6.93996189511e-05, 0.00172367482446, -0.00047456214088, 0.00104103633203, -0.00263643963262, 0.0080088423565, -0.00334632722661, 0.00416089454666, -0.00556457741186, 0.00322696380317, -0.00278174225241], [0.000225929397857, -0.00233504688367, 0.00132755585946, -0.00147065531928, 0.000990039552562, -0.00104966701474, 0.00377133465372, -0.00334632722661, 0.0104695120826, -0.00607611984015, 0.00725876493379, -0.00325178354979, 0.00203650142066], [-3.57814205927e-05, 0.00272097648121, 0.000278605875792, 0.000829655851703, -0.000304015906295, 0.000184015065315, -0.00192734750453, 0.00416089454666, -0.00607611984015, 0.0145165054128, -0.00742072751746, 0.0052129747346, -0.00389898428693], [0.000109350585262, -0.0027773163747, 0.000544361304492, -0.0017104765866, -0.000322456646245, -0.00145561923273, 0.00251295301132, -0.00556457741186, 0.00725876493379, -0.00742072751746, 0.0163978952914, -0.00564886955544, 0.00533816032112], [0.00015292482567, 0.00171010685153, -0.000341518287314, 0.000975369941443, 0.00057074270444, 0.00155543012079, -0.00320922303945, 0.00322696380317, -0.00325178354979, 0.0052129747346, -0.00564886955544, 0.0121671203524, -0.00446316832677], [0.00061731954338, -0.0015686082188, -1.58213006216e-05, -0.00198259321041, -4.96750581078e-05, -0.000229646262596, 0.0017708708765, -0.00278174225241, 0.00203650142066, -0.00389898428693, 0.00533816032112, -0.00446316832677, 0.0135136730969]]
    },
    "melbands": {
        "dmean": [0.000152846274432, 0.00053919974016, 0.000405640312238, 0.000288636423647, 0.00032615440432, 0.000356134551112, 0.000411481276387, 0.00044996078941, 0.000296638871077, 0.000115321527119, 3.17372650898e-05, 2.154730646e-05, 2.20058791456e-05, 2.82657711068e-05, 3.28424794134e-05, 3.17800768244e-05, 2.46240415436e-05, 2.54563274211e-05, 1.89767597476e-05, 1.09438042273e-05, 1.23750087369e-05, 1.53322180267e-05, 7.82094593887e-06, 4.00790258936e-06, 5.65532127439e-06, 7.27545375412e-06, 5.70126530874e-06, 2.61066952589e-06, 1.86817408121e-06, 1.32330978886e-06, 1.22084725263e-06, 8.02566034963e-07, 6.60654848161e-07, 3.17103456382e-07, 1.23417606801e-07, 7.8181720653e-08, 6.12833659375e-08, 3.81792659709e-08, 1.45273961749e-08, 2.60633825633e-09],
        "dmean2": [0.000235575324041, 0.000740112795029, 0.000552413985133, 0.000387074396713, 0.000452853855677, 0.000511630612891, 0.000596410187427, 0.000665083061904, 0.000438326940639, 0.000169403865584, 4.72114443255e-05, 3.22606865666e-05, 3.2354339055e-05, 4.32049528172e-05, 5.1018789236e-05, 4.88994992338e-05, 3.56129821739e-05, 3.83043989132e-05, 2.93421908282e-05, 1.61361767823e-05, 1.85423505172e-05, 2.35072784562e-05, 1.19063070088e-05, 6.23466985417e-06, 8.90549836186e-06, 1.1018866644e-05, 8.75329806149e-06, 3.96476843889e-06, 2.83248618871e-06, 2.02825845008e-06, 1.95772054212e-06, 1.23568145227e-06, 1.03123761619e-06, 4.82548273339e-07, 1.96572997879e-07, 1.21753544136e-07, 9.61556736456e-08, 5.85302828426e-08, 2.16220570337e-08, 4.0103951271e-09],
        "dvar": [1.31548085847e-06, 6.84333315348e-07, 5.61302385904e-07, 2.15525929548e-07, 3.32294717964e-07, 3.83900328416e-07, 5.22442405781e-07, 8.27295309591e-07, 4.67505827828e-07, 1.13099702048e-07, 8.42335534657e-09, 4.27863477981e-09, 4.21981116716e-09, 7.31375271457e-09, 9.06079300478e-09, 1.06713295978e-08, 4.1389114358e-09, 5.07123187887e-09, 2.8137805419e-09, 9.27250387583e-10, 1.0744906076e-09, 8.83552953024e-10, 2.77661726944e-10, 2.34895936035e-10, 5.97159655058e-10, 4.59438403988e-10, 3.23666288216e-10, 1.18471718547e-10, 9.61908747099e-11, 4.52618394153e-11, 5.90563153935e-11, 1.52165502421e-11, 9.97608072539e-12, 1.70929871819e-12, 3.23384141731e-13, 1.62813203674e-13, 6.23609101641e-14, 2.87322113801e-14, 4.07407728091e-15, 1.00585579385e-16],
        "dvar2": [3.24611755786e-06, 1.26799181999e-06, 9.2964853593e-07, 3.0928833894e-07, 5.87520332829e-07, 7.07298966063e-07, 9.98361088023e-07, 1.67310622601e-06, 9.29354825985e-07, 2.36590238956e-07, 1.81140240585e-08, 1.00417434368e-08, 9.10200004256e-09, 1.72570082668e-08, 2.16682085608e-08, 2.45017517386e-08, 8.69271588044e-09, 1.07455777609e-08, 6.20439788435e-09, 1.81612114236e-09, 2.48722109575e-09, 1.94745730653e-09, 6.14184536563e-10, 5.29272681238e-10, 1.29762434131e-09, 8.85470308187e-10, 6.92087942511e-10, 2.49334219937e-10, 2.16700685174e-10, 1.0463990785e-10, 1.552123291e-10, 3.39511058156e-11, 2.05961307037e-11, 3.68036330578e-12, 7.30438387726e-13, 3.64879404902e-13, 1.48002974893e-13, 5.85474187577e-14, 7.82264234129e-15, 2.22061201477e-16],
        "max": [0.0493742264807, 0.0130068454891, 0.0130826858804, 0.0152103258297, 0.0119579127058, 0.0141859715804, 0.0126904165372, 0.0133635308594, 0.00753941852599, 0.00526466965675, 0.00158297934104, 0.00122799316887, 0.0011624355102, 0.00154488731641, 0.00133645941969, 0.00177998049185, 0.00110034190584, 0.00138966599479, 0.000846201728564, 0.000499915448017, 0.000746201374568, 0.000358653313015, 0.000270271528279, 0.000400702498155, 0.000725413381588, 0.000477247085655, 0.000477104855236, 0.000310579576762, 0.000299436593195, 0.000178190588485, 0.000198319758056, 8.54903410072e-05, 8.30343706184e-05, 2.61805489572e-05, 1.4287022168e-05, 1.20081895147e-05, 5.49778542336e-06, 4.86031422042e-06, 2.00269278139e-06, 2.08897589005e-07],
        "mean": [0.000269589858362, 0.00141245720442, 0.00100782187656, 0.000671469897497, 0.000646730768494, 0.000664641847834, 0.000650768808555, 0.000590468291193, 0.000362776947441, 0.000134177113068, 3.73577131541e-05, 2.47993230005e-05, 2.50717221206e-05, 3.13413002004e-05, 3.46230917785e-05, 3.38002646458e-05, 2.81804623228e-05, 2.88484843622e-05, 2.43297708948e-05, 1.50753212438e-05, 1.64561188285e-05, 2.15270138142e-05, 1.02450849226e-05, 4.93337256557e-06, 6.68852862873e-06, 8.87498936208e-06, 7.12403243597e-06, 3.29065892402e-06, 2.03736317417e-06, 1.38070913636e-06, 1.19944638755e-06, 8.9384786861e-07, 7.39970516861e-07, 3.56750518904e-07, 1.31898474365e-07, 8.41896721226e-08, 6.439462652e-08, 4.22369943465e-08, 1.71411489447e-08, 2.87583534764e-09],
        "median": [8.85916379048e-05, 0.00100769603159, 0.000493526691571, 0.000419910880737, 0.000363835599273, 0.000329594040522, 0.000196265551494, 9.56553558353e-05, 3.07382833853e-05, 9.76526007435e-06, 4.77905632579e-06, 2.47554726229e-06, 1.79099515663e-06, 2.15647014556e-06, 2.37899507738e-06, 2.16205899051e-06, 2.37963831751e-06, 2.50375910582e-06, 2.25946246246e-06, 1.92664924725e-06, 2.58253180618e-06, 3.49158267454e-06, 1.78099605819e-06, 7.9883085391e-07, 9.07949186058e-07, 1.19207766147e-06, 9.86138502412e-07, 3.36974295578e-07, 1.10954069044e-07, 5.25768335535e-08, 3.85478600151e-08, 3.66227439486e-08, 3.71775144004e-08, 2.68620077293e-08, 1.47666474604e-08, 1.12137046315e-08, 9.48215461705e-09, 6.11793993244e-09, 3.10772740875e-09, 4.60663646118e-10],
        "min": [1.81876898854e-23, 1.90725614737e-23, 3.90290628909e-24, 1.63155651851e-23, 1.54558598375e-23, 6.89547813761e-24, 9.45010793814e-24, 8.98823697788e-24, 8.48462738712e-24, 7.42832843554e-24, 1.26320643852e-23, 1.02629959688e-23, 3.33179110966e-24, 3.5073051669e-24, 4.62698869779e-24, 5.84261861957e-24, 7.70403137761e-24, 1.11248935609e-23, 1.18019563098e-23, 1.70624397575e-23, 1.04863469458e-23, 1.68555373193e-23, 1.1026659079e-23, 8.01904404744e-24, 8.91725921793e-24, 6.13934036603e-24, 7.51476786923e-24, 9.18283791914e-24, 2.01061854074e-23, 2.15100233417e-23, 1.21179787216e-23, 1.27145808136e-23, 9.70076533533e-24, 1.00334145684e-23, 7.72622519031e-24, 8.6154489242e-24, 1.3037240701e-23, 8.42252194578e-24, 1.08649851919e-23, 9.26697230127e-24],
        "var": [2.14192277781e-06, 2.44493776336e-06, 2.32765478358e-06, 8.22159847758e-07, 8.36811636873e-07, 1.09381608127e-06, 1.32206344006e-06, 1.4120483911e-06, 7.35781384265e-07, 1.64402024438e-07, 1.15705871551e-08, 5.24434984328e-09, 5.79350212249e-09, 8.9826679428e-09, 1.05861648336e-08, 1.25053620792e-08, 6.55844578645e-09, 6.90388324287e-09, 4.75783457077e-09, 1.79471804085e-09, 1.56403090479e-09, 1.78062842249e-09, 4.86986950765e-10, 3.17131210181e-10, 8.85425566199e-10, 7.30396743087e-10, 4.71658101464e-10, 2.06466746477e-10, 1.1335718475e-10, 5.34410397879e-11, 5.68974589665e-11, 2.27612165227e-11, 1.38180066347e-11, 2.23777615362e-12, 3.44506080564e-13, 1.65423583035e-13, 6.06732681674e-14, 3.30116996564e-14, 5.06202432334e-15, 1.17458111735e-16]
    },
    "mfcc": {
        "mean": [-750.084960938, 165.987609863, -8.8348608017, 49.8869819641, 8.06370544434, -1.51783549786, -14.0683574677, -4.03218841553, -11.631893158, 5.58443546295, -0.443295121193, 1.92877650261, 2.43471026421],
        "cov": [[8308.16992188, 1832.28955078, -1295.61181641, -38.6227149963, -366.035461426, -646.376403809, -716.995788574, -102.311561584, -683.75402832, 117.367286682, -37.2590293884, 41.109664917, -18.3002738953], [1832.28955078, 3287.64868164, -106.943023682, -711.974365234, 8.90845108032, -619.747619629, -172.038604736, -18.7549114227, -336.978759766, -219.49307251, -133.851821899, -30.835105896, 68.7346343994], [-1295.61181641, -106.943023682, 860.924255371, 93.7184295654, -8.05309677124, 176.696960449, 123.406730652, 27.607755661, 64.2261962891, -91.8767929077, -94.0809173584, -7.15699338913, 8.02713489532], [-38.6227149963, -711.974365234, 93.7184295654, 675.984130859, 220.552871704, 107.920562744, -93.7545394897, -94.9679794312, 14.314997673, 40.302192688, -65.7021713257, -75.1573791504, -0.742024183273], [-366.035461426, 8.90845108032, -8.05309677124, 220.552871704, 637.814575195, 38.5825576782, -162.459228516, -155.546447754, -28.4885826111, 87.4527893066, -69.2969894409, -79.0415878296, -8.72008514404], [-646.376403809, -619.747619629, 176.696960449, 107.920562744, 38.5825576782, 409.66708374, 58.3012542725, -45.6352920532, 100.315307617, 10.5133934021, 33.3478279114, 19.3450374603, -41.1047363281], [-716.995788574, -172.038604736, 123.406730652, -93.7545394897, -162.459228516, 58.3012542725, 443.640960693, 128.337402344, 13.2611732483, -43.8808021545, 47.2770729065, 75.6740112305, 4.16969919205], [-102.311561584, -18.7549114227, 27.607755661, -94.9679794312, -155.546447754, -45.6352920532, 128.337402344, 225.746917725, 25.4444885254, -51.695728302, 42.1532173157, 28.2074108124, 6.99568367004], [-683.75402832, -336.978759766, 64.2261962891, 14.314997673, -28.4885826111, 100.315307617, 13.2611732483, 25.4444885254, 236.117034912, 33.1522445679, 8.19130420685, 6.46201133728, -9.91419029236], [117.367286682, -219.49307251, -91.8767929077, 40.302192688, 87.4527893066, 10.5133934021, -43.8808021545, -51.695728302, 33.1522445679, 207.74887085, 28.2766952515, -27.6384143829, -7.46309185028], [-37.2590293884, -133.851821899, -94.0809173584, -65.7021713257, -69.2969894409, 33.3478279114, 47.2770729065, 42.1532173157, 8.19130420685, 28.2766952515, 174.925125122, 57.2505187988, -38.2730522156], [41.109664917, -30.835105896, -7.15699338913, -75.1573791504, -79.0415878296, 19.3450374603, 75.6740112305, 28.2074108124, 6.46201133728, -27.6384143829, 57.2505187988, 137.364898682, 7.62258529663], [-18.3002738953, 68.7346343994, 8.02713489532, -0.742024183273, -8.72008514404, -41.1047363281, 4.16969919205, 6.99568367004, -9.91419029236, -7.46309185028, -38.2730522156, 7.62258529663, 121.710144043]],
