{
"lowlevel": {
    "average_loudness": 0.962221324444,
    "barkbands_crest": {
        "dmean": 3.00010633469,
        "dmean2": 4.76842308044,
        "dvar": 8.34906864166,
        "dvar2": 21.2440757751,
        "max": 26.5096759796,
        "mean": 11.0220851898,
        "median": 10.2571735382,
        "min": 2.22945666313,
        "var": 18.4978179932
    },
    "barkbands_flatness_db": {
        "dmean": 0.0344614610076,
        "dmean2": 0.0509260594845,
        "dvar": 0.00141167046968,
        "dvar2": 0.00290790386498,
        "max": 0.503678441048,
        "mean": 0.243203863502,
        "median": 0.247599333525,
        "min": 0.0278288945556,
        "var": 0.00505824759603
    },
    "barkbands_kurtosis": {
        "dmean": 8.1422328949,
        "dmean2": 13.4636230469,
        "dvar": 683.140258789,
        "dvar2": 1511.01696777,
        "max": 652.455200195,
        "mean": 9.79617023468,
        "median": 3.91371965408,
        "min": -1.91314148903,
        "var": 690.217529297
    },
    "barkbands_skewness": {
        "dmean": 1.00656104088,
        "dmean2": 1.54381048679,
        "dvar": 2.09336137772,
        "dvar2": 4.81832456589,
        "max": 23.1825904846,
        "mean": 1.78712081909,
        "median": 1.64576303959,
        "min": -4.74960565567,
        "var": 3.69193267822
    },
    "barkbands_spread": {
        "dmean": 7.63480710983,
        "dmean2": 12.1812791824,
        "dvar": 143.893371582,
        "dvar2": 350.796508789,
        "max": 94.4675216675,
        "mean": 15.5447950363,
        "median": 10.2379102707,
        "min": 0.440137684345,
        "var": 241.666595459
    },
    "dissonance": {
        "dmean": 0.0297694765031,
        "dmean2": 0.0431711897254,
        "dvar": 0.00114238238893,
        "dvar2": 0.00233540753834,
        "max": 0.500000178814,
        "mean": 0.424812406301,
        "median": 0.439689069986,
        "min": 0.117109261453,
        "var": 0.0040896278806
    },
    "dynamic_complexity": 4.9225435257,
    "erbbands_crest": {
        "dmean": 3.30631494522,
        "dmean2": 5.25834751129,
        "dvar": 9.07433319092,
        "dvar2": 23.1664791107,
        "max": 31.5557727814,
        "mean": 11.2899398804,
        "median": 10.5937566757,
        "min": 2.52374458313,
        "var": 22.6228675842
    },
    "erbbands_flatness_db": {
        "dmean": 0.0271039623767,
        "dmean2": 0.0393327996135,
        "dvar": 0.000889239599928,
        "dvar2": 0.00175888475496,
        "max": 0.418683379889,
        "mean": 0.254778772593,
        "median": 0.265408545732,
        "min": 0.0905456095934,
        "var": 0.00315795675851
    },
    "erbbands_kurtosis": {
        "dmean": 2.66695857048,
        "dmean2": 4.31046628952,
        "dvar": 21.2534198761,
        "dvar2": 52.1996307373,
        "max": 70.0698394775,
        "mean": 2.36885380745,
        "median": 0.55625295639,
        "min": -1.89078712463,
        "var": 29.7294158936
    },
    "erbbands_skewness": {
        "dmean": 0.708204627037,
        "dmean2": 1.08145201206,
        "dvar": 0.696994841099,
        "dvar2": 1.56157815456,
        "max": 5.92300128937,
        "mean": 0.647449016571,
        "median": 0.676125228405,
        "min": -7.4625954628,
        "var": 1.81284081936
    },
    "erbbands_spread": {
        "dmean": 11.3699817657,
        "dmean2": 18.0139808655,
        "dvar": 204.692825317,
        "dvar2": 505.5675354,
        "max": 137.348251343,
        "mean": 31.1390151978,
        "median": 28.456079483,
        "min": 2.73956131935,
        "var": 375.661621094
    },
    "hfc": {
        "dmean": 5.8420419693,
        "dmean2": 8.05426120758,
        "dvar": 64.9941635132,
        "dvar2": 124.169593811,
        "max": 90.3011779785,
        "mean": 11.6331520081,
        "median": 7.36342763901,
        "min": 1.16245372313e-16,
        "var": 162.420959473
    },
    "melbands_crest": {
        "dmean": 4.27070045471,
        "dmean2": 6.78346681595,
        "dvar": 18.8345546722,
        "dvar2": 45.3307266235,
        "max": 39.3686141968,
        "mean": 14.5197343826,
        "median": 13.1470441818,
        "min": 2.19866657257,
        "var": 39.7354431152
    },
    "melbands_flatness_db": {
        "dmean": 0.0432997494936,
        "dmean2": 0.0609196461737,
        "dvar": 0.00260459678248,
        "dvar2": 0.00517870858312,
        "max": 0.573338508606,
        "mean": 0.280759632587,
        "median": 0.289665162563,
        "min": 0.00364273437299,
        "var": 0.00938281603158
    },
    "melbands_kurtosis": {
        "dmean": 16.5933208466,
        "dmean2": 27.2606258392,
        "dvar": 4672.86816406,
        "dvar2": 9982.06054688,
        "max": 2190.3112793,
        "mean": 20.7207126617,
        "median": 8.99446582794,
        "min": -1.86592316628,
        "var": 4802.9296875
    },
    "melbands_skewness": {
        "dmean": 1.23281419277,
        "dmean2": 1.89846611023,
        "dvar": 3.27251958847,
        "dvar2": 7.34702730179,
        "max": 35.5599594116,
        "mean": 2.65997838974,
        "median": 2.35647988319,
        "min": -2.49670672417,
        "var": 5.72353887558
    },
    "melbands_spread": {
        "dmean": 11.4476852417,
        "dmean2": 18.1322746277,
        "dvar": 514.109313965,
        "dvar2": 1242.49157715,
        "max": 215.925643921,
        "mean": 21.5930271149,
        "median": 11.2567491531,
        "min": 0.244359597564,
        "var": 922.938171387
    },
    "pitch_salience": {
        "dmean": 0.0928452014923,
        "dmean2": 0.148018449545,
        "dvar": 0.0101734837517,
        "dvar2": 0.0235680826008,
        "max": 0.942372500896,
        "mean": 0.644423604012,
        "median": 0.682667434216,
        "min": 0.0174118429422,
        "var": 0.0214110482484
    },
    "silence_rate_20dB": {
        "dmean": 0,
        "dmean2": 0,
        "dvar": 0,
        "dvar2": 0,
        "max": 1,
        "mean": 1,
        "median": 1,
        "min": 1,
        "var": 0
    },
    "silence_rate_30dB": {
        "dmean": 0.00154202000704,
        "dmean2": 0.00308522954583,
        "dvar": 0.00153964722995,
        "dvar2": 0.00384703325108,
        "max": 1,
        "mean": 0.99884390831,
        "median": 1,
        "min": 0,
        "var": 0.00115478469525
    },
    "silence_rate_60dB": {
        "dmean": 0.0986892804503,
        "dmean2": 0.197454690933,
        "dvar": 0.0889484211802,
        "dvar2": 0.189323678613,
        "max": 1,
        "mean": 0.2277456671,
        "median": 0,
        "min": 0,
        "var": 0.175879493356
    },
    "spectral_centroid": {
        "dmean": 405.583374023,
        "dmean2": 617.471557617,
        "dvar": 417496.78125,
        "dvar2": 803747.5,
        "max": 10946.0917969,
        "mean": 1221.73010254,
        "median": 851.516113281,
        "min": 139.498443604,
        "var": 1057820
    },
    "spectral_complexity": {
        "dmean": 3.59830379486,
        "dmean2": 4.9903588295,
        "dvar": 18.1857204437,
        "dvar2": 32.7198982239,
        "max": 42,
        "mean": 9.81965351105,
        "median": 9,
        "min": 0,
        "var": 61.0323524475
    },
    "spectral_decrease": {
        "dmean": 2.12462580862e-09,
        "dmean2": 2.85548829027e-09,
        "dvar": 8.69570144788e-18,
        "dvar2": 1.60947327655e-17,
        "max": 8.3299611768e-29,
        "mean": -5.01620522897e-09,
        "median": -4.02746502814e-09,
        "min": -3.64744430215e-08,
        "var": 2.27735511586e-17
    },
    "spectral_energy": {
        "dmean": 0.0085063111037,
        "dmean2": 0.0114320917055,
        "dvar": 0.000137875875225,
        "dvar2": 0.000255649531027,
        "max": 0.141351088881,
        "mean": 0.0199874769896,
        "median": 0.0159350987524,
        "min": 1.09962401797e-20,
        "var": 0.000361277488992
    },
    "spectral_energyband_high": {
        "dmean": 0.000145023528603,
        "dmean2": 0.000224288582103,
        "dvar": 1.49822298567e-07,
        "dvar2": 3.35158460985e-07,
        "max": 0.00599167775363,
        "mean": 0.000178546106326,
        "median": 2.87752955046e-05,
        "min": 8.16174505983e-21,
        "var": 2.15149555061e-07
    },
    "spectral_energyband_low": {
        "dmean": 0.00137809058651,
        "dmean2": 0.00194809422828,
        "dvar": 2.0048362785e-05,
        "dvar2": 3.97121075366e-05,
        "max": 0.130389645696,
        "mean": 0.00326288980432,
        "median": 0.00209285574965,
        "min": 3.03433075274e-23,
        "var": 3.51448361471e-05
    },
    "spectral_energyband_middle_high": {
        "dmean": 0.00166427635122,
        "dmean2": 0.00233618845232,
        "dvar": 1.01381347122e-05,
        "dvar2": 1.67594625964e-05,
        "max": 0.0578163564205,
        "mean": 0.00260280282237,
        "median": 0.000905602704734,
        "min": 1.58830451201e-21,
        "var": 2.28769949899e-05
    },
    "spectral_energyband_middle_low": {
        "dmean": 0.00659682927653,
        "dmean2": 0.00897458195686,
        "dvar": 8.26812683954e-05,
        "dvar2": 0.000154818961164,
        "max": 0.0790523290634,
        "mean": 0.0144914099947,
        "median": 0.0108665572479,
        "min": 2.15375889816e-22,
        "var": 0.000216983389691
    },
    "spectral_entropy": {
        "dmean": 0.299983739853,
        "dmean2": 0.42706695199,
        "dvar": 0.115465939045,
        "dvar2": 0.218823820353,
        "max": 9.79034900665,
        "mean": 6.96981811523,
        "median": 6.93991851807,
        "min": 4.61503171921,
        "var": 0.476654708385
    },
    "spectral_flux": {
        "dmean": 0.0318835824728,
        "dmean2": 0.0503740720451,
        "dvar": 0.00108464155346,
        "dvar2": 0.00256324675865,
        "max": 0.314972817898,
        "mean": 0.0747242867947,
        "median": 0.0652687847614,
        "min": 1.04862958594e-10,
        "var": 0.00281849410385
    },
    "spectral_kurtosis": {
        "dmean": 5.29482936859,
        "dmean2": 8.8798494339,
        "dvar": 36.0219230652,
        "dvar2": 93.6283111572,
        "max": 72.2037124634,
        "mean": 8.27517414093,
        "median": 5.30147075653,
        "min": -1.20849144459,
        "var": 79.1884536743
    },
    "spectral_rms": {
        "dmean": 0.000988806714304,
        "dmean2": 0.0012476798147,
        "dvar": 1.31495301048e-06,
        "dvar2": 2.1211242256e-06,
        "max": 0.0117432316765,
        "mean": 0.00376616208814,
        "median": 0.00394289707765,
        "min": 3.27536847471e-12,
        "var": 5.31602745468e-06
    },
    "spectral_rolloff": {
        "dmean": 583.515014648,
        "dmean2": 967.790222168,
        "dvar": 1311694.125,
        "dvar2": 2785934.5,
        "max": 19143.0175781,
        "mean": 1263.72802734,
        "median": 559.86328125,
        "min": 21.533203125,
        "var": 2727144
    },
    "spectral_skewness": {
        "dmean": 0.591612994671,
        "dmean2": 0.935234069824,
        "dvar": 0.320501297712,
        "dvar2": 0.737533688545,
        "max": 6.28485870361,
        "mean": 1.61923456192,
        "median": 1.38689243793,
        "min": -0.381338328123,
        "var": 1.0934997797
    },
    "spectral_spread": {
        "dmean": 556985.9375,
        "dmean2": 835129.1875,
        "dvar": 1.08477087744e+12,
        "dvar2": 1.34599920845e+12,
        "max": 41127800,
        "mean": 2881802.75,
        "median": 2661306.25,
        "min": 945700,
        "var": 2.03385470976e+12
    },
    "spectral_strongpeak": {
        "dmean": 0.505093276501,
        "dmean2": 0.774831533432,
        "dvar": 0.433057457209,
        "dvar2": 0.959408998489,
        "max": 7.23294878006,
        "mean": 0.993304908276,
        "median": 0.691006660461,
        "min": 0,
        "var": 1.00771558285
    },
    "zerocrossingrate": {
        "dmean": 0.0130388410762,
        "dmean2": 0.0156330969185,
        "dvar": 0.00047504727263,
        "dvar2": 0.000704400707036,
        "max": 0.52783203125,
        "mean": 0.0468687899411,
        "median": 0.033203125,
        "min": 0,
        "var": 0.00199575559236
    },
    "barkbands": {
        "dmean": [8.86887210072e-05, 0.000429422740126, 0.000789982033893, 0.000525639799889, 0.00149309216067, 0.00162224727683, 0.00252651795745, 0.00187124172226, 0.00115318223834, 0.000362797029084, 0.000198483059648, 0.000281813874608, 0.000305458059302, 0.000178403613972, 0.000163733304362, 0.000200024063815, 0.000224219547817, 0.000105008461105, 0.000135930225952, 0.000129305786686, 5.93112345086e-05, 2.13087041629e-05, 1.09252705442e-05, 4.78030233353e-06, 6.87014619416e-07, 4.98662577897e-09, 8.693609721e-10],
        "dmean2": [0.000141699463711, 0.000636447453871, 0.00110600236803, 0.000747409532778, 0.00198799930513, 0.00225203158334, 0.0037626393605, 0.00278516439721, 0.00175068469252, 0.000520856527146, 0.000297330116155, 0.000428851635661, 0.000471677602036, 0.000281164451735, 0.000260847242316, 0.000300522311591, 0.000337795296218, 0.000156573441927, 0.000208264813409, 0.00019730652275, 9.67247397057e-05, 3.39991347573e-05, 1.66232002812e-05, 7.59552449381e-06, 1.08232723051e-06, 8.86274875711e-09, 1.60565150065e-09],
        "dvar": [2.22391790317e-07, 1.21498078443e-05, 2.96092980534e-06, 1.91483331946e-06, 6.26465498499e-06, 8.96243909665e-06, 2.35830411839e-05, 1.56815385708e-05, 1.31741144287e-05, 1.95433312911e-06, 4.79622940475e-07, 9.57256816037e-07, 8.95738537565e-07, 4.40042413175e-07, 2.58308148204e-07, 2.67427566314e-07, 2.21743519546e-07, 7.27281630475e-08, 1.46613544416e-07, 7.05328204731e-08, 3.96736048458e-08, 9.57961265868e-09, 3.313007646e-09, 3.88321153011e-10, 6.11595843414e-12, 1.41102739996e-15, 1.28877857907e-17],
        "dvar2": [4.83401947804e-07, 2.22363760258e-05, 6.51463187751e-06, 4.02292926083e-06, 1.00798779386e-05, 1.62026790349e-05, 4.84115444124e-05, 3.52599963662e-05, 2.88694445771e-05, 3.45486796505e-06, 1.07070854938e-06, 1.80375252512e-06, 1.89164165931e-06, 1.08787446607e-06, 5.94193636516e-07, 5.67379174754e-07, 4.77667356336e-07, 1.56205857138e-07, 3.51366907125e-07, 1.48661186472e-07, 9.97034490524e-08, 2.09525214956e-08, 7.12417191906e-09, 8.72384997574e-10, 1.36912174306e-11, 4.00503477835e-15, 3.7415450366e-17],
        "max": [0.0169650278986, 0.117993585765, 0.0426775664091, 0.0350919403136, 0.0315991230309, 0.0482001826167, 0.0648298114538, 0.0459839776158, 0.0600937567651, 0.0405572913587, 0.0202715210617, 0.0250714551657, 0.0149670979008, 0.0129400966689, 0.00977054983377, 0.00674937246367, 0.00721278972924, 0.00624213181436, 0.00842459872365, 0.00414316123351, 0.00434540910646, 0.00234119780362, 0.00184933922719, 0.000436202186393, 3.88972985093e-05, 1.21574055356e-06, 1.28395384991e-07],
        "mean": [7.77077439125e-05, 0.000655859941617, 0.00205478956923, 0.000883825414348, 0.00346611766145, 0.00283782999031, 0.00340169831179, 0.00244971434586, 0.00130131281912, 0.000464169977931, 0.000223323426326, 0.000306344853016, 0.000328940950567, 0.000182927004062, 0.000209339705179, 0.000254672719166, 0.000297166232485, 0.000145873957081, 0.000170362982317, 0.000175082022906, 6.16103206994e-05, 2.22012222366e-05, 1.08760423245e-05, 4.97487872053e-06, 7.51804066113e-07, 3.65123398183e-09, 7.09099223783e-10],
        "median": [3.86729425372e-06, 8.85686604306e-05, 0.000902679050341, 0.000174378830707, 0.00187574152369, 0.00122904032469, 0.000635433010757, 0.000210421261727, 6.31306465948e-05, 1.81288705789e-05, 1.18986508824e-05, 1.39149942697e-05, 1.43488950926e-05, 1.45930698636e-05, 1.3648107597e-05, 2.5809111321e-05, 5.40422188351e-05, 1.73702101165e-05, 2.67657305812e-05, 2.72008219326e-05, 7.21013611837e-06, 1.29447846575e-06, 6.49456239898e-07, 6.65111883791e-07, 1.41701747225e-07, 3.13771009175e-10, 1.96361329974e-10],
        "min": [3.42136074342e-24, 4.97446023286e-24, 9.9481663147e-24, 5.57866181638e-24, 4.45591269312e-23, 4.74897483496e-23, 2.07513694982e-23, 2.20259509955e-23, 2.53179937707e-23, 1.18670340213e-22, 3.89898352047e-23, 5.48411494362e-23, 8.48456506711e-23, 1.81588005369e-22, 1.70810663412e-22, 1.66448590773e-22, 1.02504144262e-22, 1.53213675728e-22, 1.7554237734e-22, 2.99712340239e-22, 4.36358927216e-22, 4.52955702381e-22, 6.65040287796e-22, 7.69593009165e-22, 1.00534574414e-21, 1.71945989503e-21, 2.29848915109e-21],
        "var": [2.55387845982e-07, 1.87869009096e-05, 7.60620514484e-06, 4.18978515881e-06, 2.09999598155e-05, 2.16030784941e-05, 4.11032815464e-05, 2.71066455753e-05, 1.6244541257e-05, 3.91206413042e-06, 6.11946916251e-07, 1.32363709326e-06, 1.23620498016e-06, 4.79756351979e-07, 4.84401709855e-07, 4.37464194647e-07, 3.51664226628e-07, 1.42380969237e-07, 1.87909463989e-07, 1.29982851149e-07, 4.02816766609e-08, 1.3101156604e-08, 3.72566244522e-09, 4.05932981673e-10, 6.69570301981e-12, 8.47658481086e-16, 7.6828659371e-18]
    },
    "erbbands": {
        "dmean": [0.0173112843186, 0.0897433385253, 0.670828223228, 1.49359226227, 2.37841677666, 6.50916004181, 8.68885707855, 15.5343999863, 32.1245536804, 42.0146179199, 35.115020752, 27.7685050964, 14.494301796, 9.21050739288, 8.37540149689, 12.0608329773, 14.3268566132, 9.9664516449, 7.74095487595, 9.09020614624, 11.6621847153, 12.2349634171, 6.52747631073, 5.48583364487, 7.42907333374, 5.76774978638, 3.54108452797, 1.57263743877, 0.780575752258, 0.571821987629, 0.263843119144, 0.119623564184, 0.0676062181592, 0.0153675740585, 0.00191125471611, 0.000113451365905, 9.93188496068e-06, 2.22853304876e-06, 4.41367683379e-06, 9.82261553872e-06],
        "dmean2": [0.0251133423299, 0.132865533233, 0.944778740406, 2.10762929916, 3.12534236908, 8.58535575867, 12.0215768814, 21.9822540283, 46.766784668, 61.652961731, 52.5005607605, 42.2609672546, 21.2268486023, 12.4780702591, 12.0275411606, 17.7049484253, 21.6445484161, 15.3914413452, 12.2778282166, 13.8499403, 17.3823051453, 18.2724590302, 9.54557514191, 8.30928230286, 11.3131561279, 8.75185108185, 5.49326610565, 2.55750656128, 1.23950970173, 0.867912471294, 0.399336516857, 0.186904534698, 0.108711630106, 0.0243165232241, 0.00299368984997, 0.000177269845153, 1.56472833623e-05, 3.48959429175e-06, 5.9789244915e-06, 1.32186578412e-05],
        "dvar": [0.0360937975347, 0.311682730913, 2.67768311501, 11.2445850372, 26.1117839813, 135.466705322, 440.874023438, 928.996643066, 4605.34912109, 7903.60351562, 6240.03320312, 8222.06347656, 2367.4074707, 1278.69848633, 655.219177246, 1746.98010254, 2005.35351562, 1201.95214844, 612.483825684, 637.159240723, 841.278442383, 676.886352539, 249.852539062, 233.535446167, 358.491760254, 139.55581665, 108.43637085, 39.5467453003, 11.5223751068, 7.64642333984, 1.65423715115, 0.230619594455, 0.0832218751311, 0.00343396468088, 5.14817947987e-05, 1.92419250311e-07, 4.6609045512e-09, 2.10630970998e-10, 3.43907576028e-11, 1.80208833966e-10],
        "dvar2": [0.073669731617, 0.589748382568, 6.42718505859, 24.0317211151, 42.9733390808, 226.946563721, 855.348632812, 1725.54882812, 9210.49707031, 17404.6035156, 14242.0283203, 18865.1269531, 5110.25927734, 2175.74853516, 1264.6574707, 3381.37597656, 4201.17333984, 2784.23388672, 1446.13146973, 1379.63806152, 1695.33398438, 1441.07287598, 513.776855469, 482.863769531, 900.284973145, 292.530456543, 253.836959839, 98.6086959839, 25.5008220673, 13.0824384689, 3.57767558098, 0.499253541231, 0.196759626269, 0.0080027198419, 0.000114513306471, 4.11113830978e-07, 1.34997568679e-08, 6.11741934886e-10, 6.48956860472e-11, 3.36068728402e-10],
        "max": [6.42385005951, 17.280632019, 48.2265090942, 55.9570999146, 114.810325623, 178.224822998, 329.566375732, 532.52166748, 1018.22497559, 1220.02111816, 1181.96057129, 1638.08081055, 627.979736328, 1215.36193848, 694.432006836, 1258.56518555, 725.858154297, 669.576904297, 456.856872559, 491.981170654, 423.754852295, 450.757629395, 462.212188721, 330.037811279, 476.206604004, 193.00163269, 206.188995361, 135.522888184, 79.5625915527, 94.4389877319, 30.5431613922, 10.8639326096, 6.90072011948, 1.14826726913, 0.133013054729, 0.00777929881588, 0.00240608910099, 0.000528234930243, 6.53586757835e-05, 0.000156089765369],
        "mean": [0.0191961415112, 0.178236037493, 1.82714807987, 3.11277103424, 5.34003925323, 14.2031641006, 15.3328323364, 27.0580348969, 45.1474380493, 57.1975784302, 45.8812522888, 31.4115428925, 17.5230903625, 11.8127622604, 9.95653629303, 13.2135868073, 15.5505781174, 10.7986907959, 8.96575927734, 12.4135780334, 15.5093917847, 16.6715698242, 9.37459182739, 7.32861280441, 9.52288627625, 7.85496664047, 4.18445444107, 1.54194152355, 0.816752195358, 0.597929000854, 0.263870060444, 0.124681308866, 0.0686957240105, 0.0164759363979, 0.00203930377029, 0.000121421056974, 1.48842154886e-05, 3.41768190992e-06, 1.03969932752e-05, 2.30382611335e-05],
        "median": [0.00218044430949, 0.0559001676738, 0.862547576427, 1.50046408176, 2.36105179787, 4.99751806259, 5.44880342484, 11.2541017532, 10.7801589966, 9.9840297699, 4.38447856903, 1.78335428238, 0.830507934093, 0.563093721867, 0.554972290993, 0.621782720089, 0.688880085945, 0.800277531147, 0.792608320713, 0.931126117706, 2.15715074539, 3.16218137741, 1.398909688, 1.04485666752, 1.65392017365, 1.31782865524, 0.536771953106, 0.18295788765, 0.0569062121212, 0.0311678927392, 0.0174590051174, 0.0148344496265, 0.00971246045083, 0.00307104946114, 0.000362051767297, 2.95121008094e-05, 9.03565614863e-06, 1.91205094779e-06, 8.35082391859e-06, 1.79671696969e-05],
        "min": [3.21928253674e-22, 6.08982039579e-22, 8.41119656006e-21, 2.17425651856e-20, 6.89751597737e-20, 2.22725824555e-19, 1.72430076761e-19, 3.93232926112e-19, 3.58281882745e-19, 3.46700087548e-19, 5.37713720274e-19, 7.67818719676e-19, 2.8757376537e-18, 3.15203955294e-18, 8.07963294068e-19, 2.74152180905e-18, 3.97079905327e-18, 8.05907016123e-18, 8.45831963723e-18, 8.61439455675e-18, 9.91483663061e-18, 6.6682950014e-18, 1.03613412806e-17, 1.06636360899e-17, 8.78442318602e-18, 1.24983384049e-17, 1.4782943428e-17, 2.14561138319e-17, 1.71733729755e-17, 1.58599855251e-17, 2.00607544371e-17, 1.66510530865e-17, 1.28578799028e-17, 1.06098511521e-17, 7.55266191842e-18, 6.31927565451e-18, 2.99204400412e-18, 1.28625768411e-18, 2.75337458345e-19, 3.24523052208e-20],
        "var": [0.0448580570519, 0.488933235407, 5.88694620132, 22.1208572388, 88.6117782593, 458.259246826, 993.57623291, 1977.53857422, 8405.23046875, 12849.0351562, 10017.4931641, 9605.48242188, 3421.72143555, 2324.89746094, 1047.09020996, 2371.42675781, 2772.7175293, 1445.70825195, 826.916259766, 1215.11682129, 1451.69750977, 1089.9564209, 502.655456543, 423.584014893, 437.649078369, 249.686004639, 152.391891479, 37.0235862732, 15.1946144104, 12.1987810135, 1.86488866806, 0.255294710398, 0.0801456198096, 0.00348618347198, 5.6003107602e-05, 2.13688281292e-07, 2.74188893812e-09, 1.24418308989e-10, 9.2690292941e-11, 4.74278172291e-10]
    },
    "gfcc": {
        "mean": [-134.902282715, 152.874206543, -142.229766846, 51.4925765991, -63.2304534912, -20.3786373138, -37.3098144531, -8.21415805817, -7.68203639984, -15.1167011261, 5.78270864487, -24.1518096924, 3.24269366264],
        "cov": [[10786.0908203, 1821.82458496, -1263.515625, -1095.62854004, -112.740493774, -1627.67138672, -246.416290283, -86.8428344727, -138.209579468, -186.680541992, -89.2945175171, -682.340087891, -247.409362793], [1821.82458496, 2450.11108398, 392.0184021, -1172.15441895, 312.119873047, -746.116943359, 53.2286949158, -175.976608276, -103.051811218, -317.787719727, 49.8711738586, -199.233810425, -99.9082565308], [-1263.515625, 392.0184021, 973.709838867, 233.25390625, 111.0210495, 16.6171398163, -28.7482261658, -116.093765259, -36.0171318054, -118.007568359, 12.7693548203, 113.89705658, 38.1488800049], [-1095.62854004, -1172.15441895, 233.25390625, 1279.78588867, 98.2685012817, 295.934112549, -234.320617676, 41.9428100586, 114.263153076, 146.855255127, 10.0926933289, 133.023483276, 108.282600403], [-112.740493774, 312.119873047, 111.0210495, 98.2685012817, 403.924560547, -48.2319374084, -101.889183044, 7.54448080063, 52.1358184814, -19.6755867004, 41.9806938171, -22.2997665405, 0.60482609272], [-1627.67138672, -746.116943359, 16.6171398163, 295.934112549, -48.2319374084, 882.9765625, 280.547790527, 78.53074646, 24.8231258392, 119.259048462, 15.5634908676, 150.799026489, -18.7543582916], [-246.416290283, 53.2286949158, -28.7482261658, -234.320617676, -101.889183044, 280.547790527, 415.283203125, 79.777015686, -68.4044799805, -7.25738859177, 25.1983833313, 34.5246696472, -58.6258964539], [-86.8428344727, -175.976608276, -116.093765259, 41.9428100586, 7.54448080063, 78.53074646, 79.777015686, 186.538238525, 35.0426750183, 22.9763202667, 23.0825901031, 17.6356449127, -2.46454572678], [-138.209579468, -103.051811218, -36.0171318054, 114.263153076, 52.1358184814, 24.8231258392, -68.4044799805, 35.0426750183, 147.722015381, 65.8016052246, -24.2670669556, 5.09212970734, 26.0602283478], [-186.680541992, -317.787719727, -118.007568359, 146.855255127, -19.6755867004, 119.259048462, -7.25738859177, 22.9763202667, 65.8016052246, 188.147186279, 13.2814416885, -21.4128246307, 26.4964771271], [-89.2945175171, 49.8711738586, 12.7693548203, 10.0926933289, 41.9806938171, 15.5634908676, 25.1983833313, 23.0825901031, -24.2670669556, 13.2814416885, 120.806594849, 32.2406730652, -24.6144504547], [-682.340087891, -199.233810425, 113.89705658, 133.023483276, -22.2997665405, 150.799026489, 34.5246696472, 17.6356449127, 5.09212970734, -21.4128246307, 32.2406730652, 155.315124512, 25.2868766785], [-247.409362793, -99.9082565308, 38.1488800049, 108.282600403, 0.60482609272, -18.7543582916, -58.6258964539, -2.46454572678, 26.0602283478, 26.4964771271, -24.6144504547, 25.2868766785, 106.2237854]],
        "icov": [[0.000231270736549, -0.000326694687828, 0.000424582889536, -0.000330978655256, 0.00027527907514, 0.000227990254643, -6.73722024658e-06, -4.70082522952e-05, 0.000182303585461, -1.07458527054e-05, 0.000217643086216, 0.000277532846667, 0.000392496702261], [-0.000326694687828, 0.00318395067006, -0.0018893921515, 0.00254502217285, -0.00217431597412, 0.000870531483088, -0.00117084337398, 0.0015402227873, -0.00197206134908, 0.00208571134135, -0.00231015286408, 0.00179790984839, -0.00112621253356], [0.000424582889536, -0.0018893921515, 0.00291130016558, -0.00199568085372, 0.000920566963032, -1.05360968519e-05, 3.8323305489e-06, 0.000418706942583, 0.00106696574949, -1.16682022053e-05, 0.00121442961972, -0.00126485503279, 0.000529046694282], [-0.000330978655256, 0.00254502217285, -0.00199568085372, 0.00354109774344, -0.00187122542411, -2.75356469501e-05, 0.00049798208056, 0.000385662016924, -0.00124957214575, 0.000541078217793, -0.00161581172142, 0.000508167722728, -0.00130440760404], [0.00027527907514, -0.00217431597412, 0.000920566963032, -0.00187122542411, 0.0049478081055, -0.000990777043626, 0.00152378482744, -0.00128739129286, -0.000531123951077, 0.000298881408526, -0.000823831418529, 0.000990491127595, 0.000410085427575], [0.000227990254643, 0.000870531483088, -1.05360968519e-05, -2.75356469501e-05, -0.000990777043626, 0.0033300970681, -0.00245954398997, 0.000854223035276, -0.000363768544048, -0.000979892793112, 0.000753363361582, -0.0012923629256, 0.00145349942613], [-6.73722024658e-06, -0.00117084337398, 3.8323305489e-06, 0.00049798208056, 0.00152378482744, -0.00245954398997, 0.00615724129602, -0.00322633143514, 0.00283137499355, -0.00137430476025, 0.000822411093395, -0.00102719757706, 0.001337803551], [-4.70082522952e-05, 0.0015402227873, 0.000418706942583, 0.000385662016924, -0.00128739129286, 0.000854223035276, -0.00322633143514, 0.00869672000408, -0.00384566257708, 0.00252500455827, -0.0030197603628, 0.00115788693074, -0.00128682120703], [0.000182303585461, -0.00197206134908, 0.00106696574949, -0.00124957214575, -0.000531123951077, -0.000363768544048, 0.00283137499355, -0.00384566257708, 0.0129791498184, -0.00644336361438, 0.00610658945516, -0.00421743001789, 0.0017146600876], [-1.07458527054e-05, 0.00208571134135, -1.16682022053e-05, 0.000541078217793, 0.000298881408526, -0.000979892793112, -0.00137430476025, 0.00252500455827, -0.00644336361438, 0.0128506757319, -0.00662043597549, 0.00725542614236, -0.00437129521742], [0.000217643086216, -0.00231015286408, 0.00121442961972, -0.00161581172142, -0.000823831418529, 0.000753363361582, 0.000822411093395, -0.0030197603628, 0.00610658945516, -0.00662043597549, 0.015009435825, -0.00731789926067, 0.00543995946646], [0.000277532846667, 0.00179790984839, -0.00126485503279, 0.000508167722728, 0.000990491127595, -0.0012923629256, -0.00102719757706, 0.00115788693074, -0.00421743001789, 0.00725542614236, -0.00731789926067, 0.0153613667935, -0.00462786154822], [0.000392496702261, -0.00112621253356, 0.000529046694282, -0.00130440760404, 0.000410085427575, 0.00145349942613, 0.001337803551, -0.00128682120703, 0.0017146600876, -0.00437129521742, 0.00543995946646, -0.00462786154822, 0.0144034288824]]
    },
    "melbands": {
        "dmean": [0.000127883104142, 0.000267737632385, 0.000261191074969, 0.000298747705529, 0.000300905521726, 0.000350001704646, 0.000487071461976, 0.000450068386272, 0.000277035549516, 0.000163773671375, 7.10334934411e-05, 3.89059714507e-05, 2.74581489066e-05, 2.97172573482e-05, 3.67594038835e-05, 2.84764573735e-05, 1.79695362021e-05, 1.23770269056e-05, 1.25182596094e-05, 1.32409895741e-05, 1.44007944982e-05, 1.41606888064e-05, 8.00778252597e-06, 4.67976178697e-06, 4.54322980659e-06, 5.50228924112e-06, 5.48304251424e-06, 3.62068271897e-06, 2.67038399215e-06, 1.38285088269e-06, 7.51284403577e-07, 4.20966557613e-07, 4.31936200584e-07, 2.93403530804e-07, 1.75847262085e-07, 8.20682615199e-08, 7.03835780769e-08, 5.63231949968e-08, 2.56312375768e-08, 8.64667804024e-09],
        "dmean2": [0.000185372744454, 0.000375717878342, 0.000359005702194, 0.000393637630623, 0.000408227235312, 0.000492936233059, 0.000714410445653, 0.000661239319015, 0.000412689463701, 0.000250809738645, 0.000105533530586, 5.38118038094e-05, 4.08047308156e-05, 4.31888911407e-05, 5.53786849196e-05, 4.3596704927e-05, 2.81457996607e-05, 2.00406539079e-05, 1.92510415218e-05, 2.04377120099e-05, 2.15368781937e-05, 2.14561423491e-05, 1.16033852464e-05, 7.03932664692e-06, 6.91905279382e-06, 8.51642835187e-06, 8.3009890659e-06, 5.60041507924e-06, 4.11030441683e-06, 2.32008051171e-06, 1.21798086639e-06, 6.80511107021e-07, 6.73215936331e-07, 4.44109758746e-07, 2.67426713663e-07, 1.28255166487e-07, 1.12378174322e-07, 9.18356803936e-08, 4.139168297e-08, 1.35979343341e-08],
        "dvar": [1.51086624101e-06, 5.5144965927e-07, 2.86589425968e-07, 2.62144254748e-07, 4.0905118226e-07, 4.27264325253e-07, 9.5134168987e-07, 8.74135025697e-07, 4.20890074793e-07, 3.08217181555e-07, 6.03507643859e-08, 2.68156199468e-08, 8.86607143258e-09, 8.97998209126e-09, 1.60790278869e-08, 8.01047495003e-09, 4.39622249715e-09, 1.89735871459e-09, 1.49485623879e-09, 1.39064426641e-09, 1.2967585894e-09, 9.76487668503e-10, 3.12399411895e-10, 1.70802080812e-10, 1.85952683807e-10, 2.89716334256e-10, 1.44359718623e-10, 7.07075648032e-11, 6.85479312201e-11, 3.03906691479e-11, 1.01916365972e-11, 3.74512703835e-12, 5.12138942366e-12, 2.44758141706e-12, 7.71949886826e-13, 1.36047220039e-13, 7.86557573088e-14, 6.19172952927e-14, 1.15591003362e-14, 9.3037304833e-16],
        "dvar2": [2.84471252598e-06, 1.33141259084e-06, 5.95964536387e-07, 4.31141700119e-07, 7.36892218356e-07, 7.92377079506e-07, 1.8936818833e-06, 1.90886430573e-06, 9.4854596e-07, 6.96712390891e-07, 1.2854684428e-07, 4.44621051088e-08, 1.94508675833e-08, 1.81984809444e-08, 3.29633564888e-08, 1.74881265025e-08, 1.04876507478e-08, 4.52753701197e-09, 3.16986303872e-09, 3.2090186064e-09, 2.61564414572e-09, 2.14072781723e-09, 5.99164939885e-10, 3.83854781294e-10, 3.90664667282e-10, 7.43250183621e-10, 3.25896476472e-10, 1.50308876457e-10, 1.52727816505e-10, 8.04434227564e-11, 2.51585540595e-11, 8.85845823778e-12, 1.02238738309e-11, 4.78356156769e-12, 1.66958417577e-12, 3.17074247717e-13, 1.71867267596e-13, 1.4943250901e-13, 2.78767318203e-14, 2.10110143632e-15],
        "max": [0.042378809303, 0.0234171524644, 0.0117344409227, 0.00802366621792, 0.0101075544953, 0.0112330708653, 0.0144184436649, 0.0117424717173, 0.00961966440082, 0.0105614345521, 0.00322525203228, 0.00574780581519, 0.00306679704227, 0.00258398917504, 0.00240140617825, 0.00130186846945, 0.0011988960905, 0.000873777491506, 0.00096112472238, 0.000563030072954, 0.000565658905543, 0.000554895552341, 0.000437953858636, 0.000271295342827, 0.000308287068037, 0.000448211445473, 0.000187232464668, 0.000176527319127, 0.000181467767106, 0.000133057546918, 5.89656301599e-05, 4.96923821629e-05, 7.84695876064e-05, 5.97082653258e-05, 2.06374716072e-05, 8.96327674127e-06, 6.50467700325e-06, 6.13909651292e-06, 2.43508429776e-06, 4.98928045545e-07],
        "mean": [0.000168730970472, 0.000716335722245, 0.000577628670726, 0.000709476065822, 0.000585715984926, 0.000609524839092, 0.000690572254825, 0.000619569967967, 0.000347534369212, 0.000182616495294, 8.41417349875e-05, 4.92870167363e-05, 3.14157805406e-05, 3.22894047713e-05, 3.85582643503e-05, 3.00445226458e-05, 1.86254419532e-05, 1.31584893097e-05, 1.67096059158e-05, 1.66798181453e-05, 1.84096843441e-05, 1.86436263903e-05, 1.11585468403e-05, 6.25222810413e-06, 5.75548847337e-06, 6.71045017953e-06, 7.08331572241e-06, 4.77736239191e-06, 3.15424495057e-06, 1.34449646794e-06, 6.97754501289e-07, 4.33675836575e-07, 4.43299853714e-07, 2.92083512932e-07, 1.71744233057e-07, 8.24036661129e-08, 7.21652497759e-08, 5.59946933265e-08, 2.58457326652e-08, 9.46573575078e-09],
        "median": [2.5205894417e-05, 0.000360761885531, 0.000362232269254, 0.000350872753188, 0.000214112980757, 0.000260720815277, 0.000157460890478, 9.10130765988e-05, 2.59039425146e-05, 8.88225531526e-06, 3.67516940969e-06, 2.14943497667e-06, 1.76215678493e-06, 1.56807527674e-06, 1.44593536788e-06, 1.4550432752e-06, 1.34931394769e-06, 1.11030647076e-06, 1.01422688203e-06, 1.35301604587e-06, 2.51669166573e-06, 3.25221662933e-06, 1.57992928962e-06, 7.0594319368e-07, 7.39207280276e-07, 9.9782550933e-07, 1.00866986941e-06, 7.36377785415e-07, 3.21694614058e-07, 1.56581208444e-07, 5.90871529482e-08, 2.82912662186e-08, 2.00594545419e-08, 1.39734623872e-08, 9.50156664459e-09, 8.93061002927e-09, 8.3480902191e-09, 7.39265404448e-09, 4.28805968511e-09, 1.81834836077e-09],
        "min": [2.25653228065e-24, 3.03678829112e-24, 7.03156374351e-24, 1.13590503546e-23, 6.92538069908e-24, 8.83926690681e-24, 4.76773804936e-24, 3.84173762007e-24, 4.77388012037e-24, 3.91091756601e-24, 1.45815100759e-23, 1.34315465136e-23, 3.78297655453e-24, 2.42612396464e-24, 7.92931900808e-24, 5.68254493683e-24, 1.67915512336e-23, 1.26350344465e-23, 1.14730746764e-23, 8.25280562177e-24, 1.02157763327e-23, 6.65541040921e-24, 8.80250914407e-24, 9.05408556422e-24, 8.76435115323e-24, 4.54503354391e-24, 8.82704824025e-24, 7.58545769494e-24, 1.11238451648e-23, 7.59653882408e-24, 1.36742648147e-23, 8.92820150755e-24, 9.6219660195e-24, 8.03223774608e-24, 1.08411994579e-23, 1.03833792984e-23, 9.51522525042e-24, 9.24378215724e-24, 8.61667560291e-24, 8.91985772575e-24],
        "var": [2.16888906834e-06, 1.02561364201e-06, 7.02889281001e-07, 8.86451061888e-07, 1.08585254566e-06, 9.41045811942e-07, 1.75118520929e-06, 1.48790513776e-06, 6.39367158328e-07, 3.57936670525e-07, 8.86701414515e-08, 4.92952274556e-08, 1.18633352031e-08, 1.22566437e-08, 2.04687609084e-08, 1.07041397968e-08, 4.99803087806e-09, 2.16125339847e-09, 3.32960148341e-09, 1.96045291112e-09, 2.13324113929e-09, 1.46637757492e-09, 6.43928133037e-10, 2.96291213786e-10, 3.18128245969e-10, 3.15044046406e-10, 2.36635461226e-10, 1.16918641435e-10, 1.05740555201e-10, 2.58544245041e-11, 9.55039866635e-12, 4.22327624261e-12, 7.37376479321e-12, 3.22244856667e-12, 8.7191874814e-13, 1.33198926064e-13, 8.61582737121e-14, 5.7729449205e-14, 1.07358630856e-14, 1.01556709277e-15]
    },
    "mfcc": {
        "mean": [-759.012145996, 155.806472778, -11.2239952087, 47.1712417603, 0.474442958832, -12.341463089, -9.93397521973, -11.3108167648, -8.10087203979, -0.682989656925, -8.43197822571, 6.01731300354, 0.626598894596],
        "cov": [[9168.97265625, 1701.8482666, -1600.17785645, 130.414581299, -589.427612305, -1066.41210938, -445.246246338, -539.93548584, -335.758300781, 243.8934021, -283.087158203, 7.78661251068, -92.1242141724], [1701.8482666, 3624.91210938, -221.01322937, -423.236999512, -180.46206665, -709.875305176, 2.1637840271, -183.169326782, -208.828399658, -189.99899292, -165.522781372, -42.3500823975, -32.5523414612], [-1600.17785645, -221.01322937, 909.708068848, 203.524047852, 104.221000671, 278.041503906, 67.2645568848, 125.331268311, 37.6970672607, -156.671951294, -17.5198497772, -15.8827867508, 39.3473320007], [130.414581299, -423.236999512, 203.524047852, 765.734863281, 384.675170898, -60.8042221069, -175.061935425, -108.042633057, -32.3702812195, -12.3262586594, -117.078475952, 4.47429180145, 55.6608581543], [-589.427612305, -180.46206665, 104.221000671, 384.675170898, 620.874450684, 87.9628143311, -124.446990967, -36.0092277527, 1.76498556137, 3.91467165947, -12.8237428665, -2.38487291336, 33.1201171875], [-1066.41210938, -709.875305176, 278.041503906, -60.8042221069, 87.9628143311, 567.113708496, 154.766296387, 143.504882812, 111.997901917, 34.4916763306, 152.259231567, 1.41209125519, 12.9895009995], [-445.246246338, 2.1637840271, 67.2645568848, -175.061935425, -124.446990967, 154.766296387, 348.160430908, 178.280487061, 0.945271551609, 29.8564052582, 112.132217407, 2.57110548019, 8.39801120758], [-539.93548584, -183.169326782, 125.331268311, -108.042633057, -36.0092277527, 143.504882812, 178.280487061, 328.165466309, 44.5846862793, -36.0029335022, 123.463378906, -4.60825634003, -3.51429915428], [-335.758300781, -208.828399658, 37.6970672607, -32.3702812195, 1.76498556137, 111.997901917, 0.945271551609, 44.5846862793, 189.260314941, 64.6002883911, 20.8056793213, 1.93294644356, 15.033370018], [243.8934021, -189.99899292, -156.671951294, -12.3262586594, 3.91467165947, 34.4916763306, 29.8564052582, -36.0029335022, 64.6002883911, 206.18862915, 59.4879608154, -3.79026484489, 26.2084007263], [-283.087158203, -165.522781372, -17.5198497772, -117.078475952, -12.8237428665, 152.259231567, 112.132217407, 123.463378906, 20.8056793213, 59.4879608154, 202.490386963, 20.8670730591, -9.38014125824], [7.78661251068, -42.3500823975, -15.8827867508, 4.47429180145, -2.38487291336, 1.41209125519, 2.57110548019, -4.60825634003, 1.93294644356, -3.79026484489, 20.8670730591, 105.489532471, 22.5681037903], [-92.1242141724, -32.5523414612, 39.3473320007, 55.6608581543, 33.1201171875, 12.9895009995, 8.39801120758, -3.51429915428, 15.033370018, 26.2084007263, -9.38014125824, 22.5681037903, 128.619186401]],
