{
"lowlevel": {
    "average_loudness": 0.955891728401,
    "barkbands_crest": {
        "dmean": 3.33878874779,
        "dmean2": 5.43322324753,
        "dvar": 8.22116661072,
        "dvar2": 20.0579051971,
        "max": 26.0865345001,
        "mean": 10.5506677628,
        "median": 9.83645248413,
        "min": 2.51185083389,
        "var": 18.004240036
    },
    "barkbands_flatness_db": {
        "dmean": 0.0411458052695,
        "dmean2": 0.0611811839044,
        "dvar": 0.0015831849305,
        "dvar2": 0.00337355257943,
        "max": 0.419885724783,
        "mean": 0.174468830228,
        "median": 0.176392123103,
        "min": 0.029048839584,
        "var": 0.0043229511939
    },
    "barkbands_kurtosis": {
        "dmean": 9.20441055298,
        "dmean2": 14.9741821289,
        "dvar": 286.472717285,
        "dvar2": 668.616210938,
        "max": 325.246734619,
        "mean": 9.50828933716,
        "median": 3.18444776535,
        "min": -1.98129785061,
        "var": 349.141296387
    },
    "barkbands_skewness": {
        "dmean": 1.30745410919,
        "dmean2": 1.94939053059,
        "dvar": 1.96841704845,
        "dvar2": 4.10368871689,
        "max": 12.168961525,
        "mean": 1.58248484135,
        "median": 1.50005936623,
        "min": -7.74060869217,
        "var": 4.54945468903
    },
    "barkbands_spread": {
        "dmean": 13.8307733536,
        "dmean2": 22.8050117493,
        "dvar": 380.610870361,
        "dvar2": 917.23059082,
        "max": 156.442382812,
        "mean": 22.070734024,
        "median": 14.0667972565,
        "min": 0.570751786232,
        "var": 518.289306641
    },
    "dissonance": {
        "dmean": 0.0328176245093,
        "dmean2": 0.0514407716691,
        "dvar": 0.00126664526761,
        "dvar2": 0.00286290398799,
        "max": 0.499999910593,
        "mean": 0.437073796988,
        "median": 0.447248131037,
        "min": 0.181694328785,
        "var": 0.00307987211272
    },
    "dynamic_complexity": 4.27483510971,
    "erbbands_crest": {
        "dmean": 3.51832413673,
        "dmean2": 5.77494382858,
        "dvar": 8.94454956055,
        "dvar2": 22.4893436432,
        "max": 28.4654083252,
        "mean": 10.6746749878,
        "median": 9.93257045746,
        "min": 2.57966852188,
        "var": 17.7413902283
    },
    "erbbands_flatness_db": {
        "dmean": 0.0403387583792,
        "dmean2": 0.0598356053233,
        "dvar": 0.00152878195513,
        "dvar2": 0.0031843658071,
        "max": 0.430504351854,
        "mean": 0.201621666551,
        "median": 0.209054082632,
        "min": 0.0206070560962,
        "var": 0.00392129551619
    },
    "erbbands_kurtosis": {
        "dmean": 3.13900160789,
        "dmean2": 5.26204586029,
        "dvar": 33.5830497742,
        "dvar2": 87.4368209839,
        "max": 60.0349731445,
        "mean": 2.2327311039,
        "median": 0.326975822449,
        "min": -1.88733816147,
        "var": 34.4299850464
    },
    "erbbands_skewness": {
        "dmean": 0.857362866402,
        "dmean2": 1.35509061813,
        "dvar": 0.935878753662,
        "dvar2": 2.29155182838,
        "max": 6.48504400253,
        "mean": 0.440243273973,
        "median": 0.48468375206,
        "min": -5.69265508652,
        "var": 1.7145127058
    },
    "erbbands_spread": {
        "dmean": 14.2911453247,
        "dmean2": 23.4376945496,
        "dvar": 279.193145752,
        "dvar2": 737.077392578,
        "max": 134.662078857,
        "mean": 32.5842399597,
        "median": 28.2375087738,
        "min": 0.718684196472,
        "var": 419.319824219
    },
    "hfc": {
        "dmean": 8.97770786285,
        "dmean2": 13.2520895004,
        "dvar": 134.542236328,
        "dvar2": 279.312683105,
        "max": 98.5443649292,
        "mean": 13.3525114059,
        "median": 6.70736694336,
        "min": 1.30906200866e-05,
        "var": 253.594650269
    },
    "melbands_crest": {
        "dmean": 4.38689184189,
        "dmean2": 7.09597444534,
        "dvar": 14.4212017059,
        "dvar2": 35.6484146118,
        "max": 35.8073120117,
        "mean": 13.9231901169,
        "median": 13.0214633942,
        "min": 2.92962741852,
        "var": 32.3949546814
    },
    "melbands_flatness_db": {
        "dmean": 0.0536154210567,
        "dmean2": 0.0772700458765,
        "dvar": 0.00300113996491,
        "dvar2": 0.00624753301963,
        "max": 0.558012962341,
        "mean": 0.237090930343,
        "median": 0.244836270809,
        "min": 0.0129881119356,
        "var": 0.00870167277753
    },
    "melbands_kurtosis": {
        "dmean": 13.7955150604,
        "dmean2": 22.7214221954,
        "dvar": 651.557189941,
        "dvar2": 1642.39489746,
        "max": 354.128204346,
        "mean": 15.9140872955,
        "median": 7.5754365921,
        "min": -1.94274127483,
        "var": 745.163391113
    },
    "melbands_skewness": {
        "dmean": 1.37442350388,
        "dmean2": 2.15883302689,
        "dvar": 2.36585521698,
        "dvar2": 5.53550481796,
        "max": 14.5604047775,
        "mean": 2.36895942688,
        "median": 2.1649684906,
        "min": -8.34743881226,
        "var": 4.52107429504
    },
    "melbands_spread": {
        "dmean": 20.0458564758,
        "dmean2": 32.971408844,
        "dvar": 1201.62536621,
        "dvar2": 3100.45532227,
        "max": 276.533752441,
        "mean": 28.532913208,
        "median": 15.0582485199,
        "min": 0.401016831398,
        "var": 1417.10827637
    },
    "pitch_salience": {
        "dmean": 0.0936227440834,
        "dmean2": 0.148779883981,
        "dvar": 0.00823610741645,
        "dvar2": 0.0197754967958,
        "max": 0.924775838852,
        "mean": 0.645441114902,
        "median": 0.674565136433,
        "min": 0.0754646584392,
        "var": 0.0173083469272
    },
    "silence_rate_20dB": {
        "dmean": 0,
        "dmean2": 0,
        "dvar": 0,
        "dvar2": 0,
        "max": 1,
        "mean": 1,
        "median": 1,
        "min": 1,
        "var": 0
    },
    "silence_rate_30dB": {
        "dmean": 0,
        "dmean2": 0,
        "dvar": 0,
        "dvar2": 0,
        "max": 1,
        "mean": 1,
        "median": 1,
        "min": 1,
        "var": 0
    },
    "silence_rate_60dB": {
        "dmean": 0.160839155316,
        "dmean2": 0.321790844202,
        "dvar": 0.134971275926,
        "dvar2": 0.272808581591,
        "max": 1,
        "mean": 0.255155533552,
        "median": 0,
        "min": 0,
        "var": 0.190048202872
    },
    "spectral_centroid": {
        "dmean": 581.223327637,
        "dmean2": 882.015136719,
        "dvar": 629997.5625,
        "dvar2": 1238831.75,
        "max": 10924.0019531,
        "mean": 1439.10083008,
        "median": 998.196594238,
        "min": 178.681884766,
        "var": 1359577.5
    },
    "spectral_complexity": {
        "dmean": 4.79370641708,
        "dmean2": 6.75690793991,
        "dvar": 23.3673210144,
        "dvar2": 42.9170341492,
        "max": 47,
        "mean": 10.268787384,
        "median": 9,
        "min": 0,
        "var": 68.7709960938
    },
    "spectral_decrease": {
        "dmean": 2.40487008085e-09,
        "dmean2": 3.45148887249e-09,
        "dvar": 9.59146608656e-18,
        "dvar2": 1.87807834291e-17,
        "max": 2.06373958721e-12,
        "mean": -3.96022592497e-09,
        "median": -2.15174655871e-09,
        "min": -2.46811335813e-08,
        "var": 1.99493629871e-17
    },
    "spectral_energy": {
        "dmean": 0.00977435242385,
        "dmean2": 0.0140754841268,
        "dvar": 0.000153999382746,
        "dvar2": 0.000302764296066,
        "max": 0.100291460752,
        "mean": 0.0161578916013,
        "median": 0.0092768734321,
        "min": 8.94510077121e-10,
        "var": 0.000320791179547
    },
    "spectral_energyband_high": {
        "dmean": 0.00049351277994,
        "dmean2": 0.000755124434363,
        "dvar": 2.05359128813e-06,
        "dvar2": 4.26746737503e-06,
        "max": 0.0176238734275,
        "mean": 0.000567389943171,
        "median": 6.41240258119e-05,
        "min": 5.61686308576e-10,
        "var": 2.77073604593e-06
    },
    "spectral_energyband_low": {
        "dmean": 0.000678389507812,
        "dmean2": 0.000970062625129,
        "dvar": 1.38914595027e-06,
        "dvar2": 2.68147937277e-06,
        "max": 0.0207001268864,
        "mean": 0.00124988344032,
        "median": 0.000529855838977,
        "min": 2.21878656941e-12,
        "var": 3.44454883816e-06
    },
    "spectral_energyband_middle_high": {
        "dmean": 0.00206750561483,
        "dmean2": 0.00305117666721,
        "dvar": 9.92271634459e-06,
        "dvar2": 2.03318304557e-05,
        "max": 0.0377206467092,
        "mean": 0.00274804304354,
        "median": 0.000988650484942,
        "min": 1.37044695037e-10,
        "var": 1.77360543603e-05
    },
    "spectral_energyband_middle_low": {
        "dmean": 0.0077254823409,
        "dmean2": 0.0111766969785,
        "dvar": 0.000111214183562,
        "dvar2": 0.000219131354243,
        "max": 0.0849648714066,
        "mean": 0.0120518887416,
        "median": 0.0056395214051,
        "min": 7.8804966025e-12,
        "var": 0.000221434791456
    },
    "spectral_entropy": {
        "dmean": 0.36060115695,
        "dmean2": 0.525209128857,
        "dvar": 0.143242865801,
        "dvar2": 0.281752198935,
        "max": 9.79675292969,
        "mean": 7.23439693451,
        "median": 7.19191789627,
        "min": 4.32760477066,
        "var": 0.424375385046
    },
    "spectral_flux": {
        "dmean": 0.0358254164457,
        "dmean2": 0.0588658712804,
        "dvar": 0.00131595495623,
        "dvar2": 0.00323271821253,
        "max": 0.285556197166,
        "mean": 0.0821361765265,
        "median": 0.0733631178737,
        "min": 3.7792535295e-05,
        "var": 0.00274472893216
    },
    "spectral_kurtosis": {
        "dmean": 3.93098807335,
        "dmean2": 6.30480241776,
        "dvar": 19.5684967041,
        "dvar2": 47.6864929199,
        "max": 58.8291397095,
        "mean": 8.27412319183,
        "median": 6.4380645752,
        "min": -1.17765164375,
        "var": 45.3777885437
    },
    "spectral_rms": {
        "dmean": 0.00125439022668,
        "dmean2": 0.00172104476951,
        "dvar": 1.63196637004e-06,
        "dvar2": 2.79181722362e-06,
        "max": 0.00989167951047,
        "mean": 0.00330524821766,
        "median": 0.00300842290744,
        "min": 9.34180263812e-07,
        "var": 4.83914482174e-06
    },
    "spectral_rolloff": {
        "dmean": 1692.03369141,
        "dmean2": 2921.98120117,
        "dvar": 12350848,
        "dvar2": 27814270,
        "max": 20241.2109375,
        "mean": 2654.40991211,
        "median": 1055.12695312,
        "min": 64.599609375,
        "var": 16159794
    },
    "spectral_skewness": {
        "dmean": 0.537809610367,
        "dmean2": 0.836806237698,
        "dvar": 0.264890521765,
        "dvar2": 0.5900862813,
        "max": 5.97087240219,
        "mean": 1.83414208889,
        "median": 1.69789958,
        "min": -0.0447996817529,
        "var": 0.769604921341
    },
    "spectral_spread": {
        "dmean": 1030956.6875,
        "dmean2": 1517636.75,
        "dvar": 1.67110639616e+12,
        "dvar2": 2.90028807782e+12,
        "max": 39995400,
        "mean": 3876748,
        "median": 3284352.5,
        "min": 1168616,
        "var": 3.75919476736e+12
    },
    "spectral_strongpeak": {
        "dmean": 0.675681650639,
        "dmean2": 1.08426260948,
        "dvar": 0.675799012184,
        "dvar2": 1.59489107132,
        "max": 7.74112653732,
        "mean": 0.949722886086,
        "median": 0.629890441895,
        "min": 0,
        "var": 1.0002592802
    },
    "zerocrossingrate": {
        "dmean": 0.0379336476326,
        "dmean2": 0.0418772473931,
        "dvar": 0.0022929131519,
        "dvar2": 0.00258016493171,
        "max": 0.74609375,
        "mean": 0.1012955755,
        "median": 0.0576171875,
        "min": 0.00927734375,
        "var": 0.00913708843291
    },
    "barkbands": {
        "dmean": [4.24503741669e-06, 0.000135945287184, 0.000382536527468, 0.000581891858019, 0.00173183192965, 0.00170899159275, 0.00284614204429, 0.00203423784114, 0.00106994551606, 0.000318597245496, 0.000194938780623, 0.000262007670244, 0.000330075854436, 0.000358754681656, 0.000312698684866, 0.000232911668718, 0.000273419398582, 0.00020215701079, 0.000178209840669, 0.000235213607084, 0.000195449596504, 0.000104872517113, 5.85130292166e-05, 2.35271909332e-05, 1.00115603345e-05, 6.5346998781e-06, 3.33553634846e-06],
        "dmean2": [6.41471160634e-06, 0.000203856165172, 0.000535911880434, 0.000848525727633, 0.00244259694591, 0.00259243720211, 0.00443484261632, 0.00322432327084, 0.0016664059367, 0.000487577286549, 0.000312415853841, 0.000423360208515, 0.00053203094285, 0.000561227090657, 0.00050163292326, 0.000364433391951, 0.00042193804984, 0.00031384639442, 0.00028151407605, 0.000355289957952, 0.00031824465259, 0.000159948453074, 9.08966685529e-05, 3.66360836779e-05, 1.56752157636e-05, 1.00355518953e-05, 5.66667722524e-06],
        "dvar": [5.11933606617e-10, 3.18343353456e-07, 5.44421311588e-07, 1.63355070981e-06, 1.1097317838e-05, 1.75744917215e-05, 3.39306170645e-05, 1.98108555196e-05, 7.23168659533e-06, 1.05186643395e-06, 4.56359714462e-07, 6.06061348662e-07, 7.25992322259e-07, 8.9471825504e-07, 1.02183309991e-06, 3.40589650705e-07, 3.33890966431e-07, 3.30190033537e-07, 1.89018280139e-07, 4.89467595344e-07, 5.25374900917e-07, 1.39873023386e-07, 7.31647133989e-08, 7.92413334949e-09, 1.22029142346e-09, 1.33878430564e-09, 9.54922946272e-12],
        "dvar2": [1.10005249354e-09, 7.6707340213e-07, 9.3957100944e-07, 3.4899462662e-06, 2.1495297915e-05, 3.82180514862e-05, 7.67686578911e-05, 4.33442291978e-05, 1.62912765518e-05, 2.1743119305e-06, 1.06065419914e-06, 1.52820348376e-06, 1.72080922312e-06, 1.99762121156e-06, 2.47200250669e-06, 7.86373391293e-07, 7.23873142761e-07, 7.87891622167e-07, 4.10454447319e-07, 1.0583138419e-06, 1.26201075545e-06, 2.81064103547e-07, 1.86615039866e-07, 1.7581820444e-08, 2.89980284229e-09, 2.31912222759e-09, 2.78581810398e-11],
        "max": [0.000603036605753, 0.0189651846886, 0.0127158937976, 0.0317960120738, 0.0521568655968, 0.0686079487205, 0.0702231898904, 0.0529645271599, 0.0350566953421, 0.0237949639559, 0.0136613287032, 0.0111594349146, 0.0108823897317, 0.0137250376865, 0.0213587731123, 0.00923510827124, 0.00729368440807, 0.0184453725815, 0.00665805814788, 0.012625512667, 0.0120694795623, 0.00663005560637, 0.00776845356449, 0.00218803319149, 0.000709265819751, 0.00158722151536, 4.93849001941e-05],
        "mean": [5.29609178557e-06, 0.000194229724002, 0.000661856669467, 0.00104721810203, 0.00273438007571, 0.00214181863703, 0.00294053950347, 0.00198315107264, 0.00105961563531, 0.000327096349793, 0.000186957899132, 0.000252629251918, 0.000318723672535, 0.00034288642928, 0.000300052546663, 0.000240924302489, 0.000318896461977, 0.000226809657761, 0.000201609465876, 0.000252746162005, 0.000196221575607, 0.000112200286821, 5.83453438594e-05, 2.3745060389e-05, 1.11063836812e-05, 8.72644704941e-06, 1.01195510069e-05],
        "median": [5.8727329133e-07, 1.81370487553e-05, 9.60887846304e-05, 0.000175572291482, 0.000779360241722, 0.000482489878777, 0.000376138516003, 0.000108159852971, 6.1510487285e-05, 2.60718716163e-05, 1.50713322e-05, 2.00585946004e-05, 1.9717057512e-05, 2.55307822954e-05, 2.26812771871e-05, 2.49743952736e-05, 5.64557267353e-05, 4.17201517848e-05, 2.5567927878e-05, 2.18876957661e-05, 9.50755111262e-06, 6.35845253782e-06, 4.01033275921e-06, 2.77375238511e-06, 1.39680594202e-06, 4.4376665187e-07, 1.01390305645e-05],
        "min": [5.17387673503e-13, 7.60840284005e-13, 4.34481552299e-13, 5.61199741192e-13, 1.54789310709e-12, 2.98174115607e-12, 4.8205759046e-13, 2.473845781e-13, 8.95466480914e-13, 1.21969491798e-12, 6.75351810066e-13, 2.25350640926e-12, 1.49941148907e-12, 1.69349527891e-12, 4.38249696949e-12, 4.43019058938e-12, 1.63976460448e-12, 1.00512723145e-11, 1.89862032346e-11, 1.9063594453e-11, 1.86686742454e-11, 1.15367819464e-11, 2.29326731216e-11, 1.80616094997e-11, 2.29171820409e-11, 2.87890475348e-11, 4.98668828453e-10],
        "var": [8.10432498888e-10, 3.67184981087e-07, 1.45147009789e-06, 5.39305119673e-06, 2.34825729422e-05, 2.24113991862e-05, 4.00871467718e-05, 2.33591672441e-05, 8.84430119186e-06, 1.55595273554e-06, 4.94453900046e-07, 5.78658102768e-07, 8.01343162493e-07, 1.01637021999e-06, 1.00036959338e-06, 4.02282722689e-07, 4.71149974146e-07, 3.57111389349e-07, 2.65400416311e-07, 6.19778234068e-07, 5.29223370904e-07, 2.05407772569e-07, 6.45963851298e-08, 9.29069088329e-09, 1.69829394991e-09, 4.64673277634e-09, 1.17989845325e-11]
    },
    "erbbands": {
        "dmean": [0.00275475136004, 0.0379586778581, 0.330626755953, 1.16044855118, 4.36694574356, 6.08112239838, 6.65732717514, 17.5918121338, 37.3482627869, 40.5031204224, 42.1389846802, 24.8013267517, 13.8296890259, 7.08139944077, 8.3982629776, 10.9157571793, 14.5102272034, 17.7104053497, 16.7912139893, 13.4957180023, 13.0290384293, 14.8714313507, 11.5558691025, 8.38810634613, 10.0575590134, 11.0819635391, 10.2426185608, 5.42900276184, 3.95735049248, 3.2785551548, 1.1753538847, 0.593533873558, 0.353294104338, 0.125607356429, 0.06588293612, 0.0418250672519, 0.00985660869628, 0.000401350203902, 0.000257815903751, 9.50247849687e-05],
        "dmean2": [0.00425715046003, 0.0560061000288, 0.461250215769, 1.66223502159, 6.34689950943, 8.36447525024, 9.43555831909, 26.9469852448, 58.1526603699, 63.0399398804, 66.9519500732, 38.4359397888, 21.112443924, 11.1892976761, 13.2137079239, 17.3490161896, 22.7762947083, 27.2841300964, 25.9018039703, 20.8421173096, 19.9298057556, 22.7154827118, 17.7667350769, 13.0955963135, 15.647108078, 16.8528442383, 16.4355716705, 8.70785045624, 6.05318260193, 5.13785409927, 1.83533644676, 0.915916144848, 0.554122328758, 0.198993951082, 0.102742031217, 0.0671223029494, 0.0150812137872, 0.000635115720797, 0.000422137061832, 0.000164081095136],
        "dvar": [0.000305302790366, 0.016621498391, 0.385718882084, 4.77350282669, 103.153419495, 178.329879761, 242.459701538, 2078.76806641, 6104.10986328, 7605.57324219, 9863.62890625, 3747.95166016, 1686.22814941, 476.971191406, 693.90222168, 926.665405273, 1420.73193359, 2070.06323242, 2453.02124023, 1245.57287598, 939.692504883, 958.987670898, 588.438537598, 844.285827637, 562.63293457, 1149.76477051, 1236.20178223, 422.014465332, 197.263839722, 209.709686279, 20.1767864227, 5.14962244034, 1.82527148724, 0.226733699441, 0.0533681362867, 0.0441421307623, 0.00433690240607, 9.1428273663e-06, 4.62446472227e-08, 8.73239436316e-09],
        "dvar2": [0.000709966814611, 0.0397349447012, 0.654156982899, 9.89898014069, 229.907424927, 331.150177002, 486.764068604, 4540.64306641, 14141.5292969, 16841.5449219, 21277.6992188, 8319.67089844, 3300.37011719, 1059.34106445, 1538.03381348, 2304.06835938, 3395.94921875, 4593.40966797, 5572.36816406, 2850.98266602, 2080.5390625, 2049.51635742, 1269.13928223, 2085.20776367, 1202.90808105, 2470.45849609, 2849.69702148, 1011.07116699, 393.985443115, 503.965515137, 48.3245010376, 10.9593448639, 4.29764270782, 0.539881765842, 0.120489805937, 0.0897697806358, 0.00826910696924, 1.73501830432e-05, 1.19138420018e-07, 2.53519303328e-08],
        "max": [0.589926540852, 4.08068752289, 10.9467782974, 39.8719596863, 207.098190308, 294.062225342, 276.6043396, 708.190551758, 1106.67468262, 1193.29455566, 1331.41516113, 978.689819336, 1092.25683594, 471.781555176, 527.03515625, 510.105743408, 565.164001465, 798.807922363, 874.880493164, 616.112731934, 440.507049561, 393.54196167, 373.814910889, 1042.9621582, 415.270385742, 582.348144531, 525.261779785, 310.9793396, 264.93447876, 301.062072754, 110.355789185, 69.8877563477, 26.5195655823, 10.1015701294, 7.53121709824, 8.61019515991, 2.81684446335, 0.109225958586, 0.00282765040174, 0.00152607657947],
        "mean": [0.00321871810593, 0.0614914409816, 0.610394716263, 2.21385025978, 7.3606543541, 8.8092546463, 9.16798877716, 21.4794654846, 39.2885437012, 43.262512207, 41.5312767029, 24.9078044891, 14.7008705139, 7.66461324692, 8.63366985321, 10.6709880829, 14.3815727234, 17.8237400055, 16.6744823456, 13.639793396, 14.5849943161, 17.8430747986, 13.4348583221, 9.39800643921, 11.4015045166, 12.0478830338, 10.657494545, 5.46574115753, 4.19807386398, 3.25190830231, 1.21769368649, 0.604425370693, 0.357992589474, 0.135259762406, 0.0748396217823, 0.0549352318048, 0.0122349821031, 0.000546747236513, 0.000664160063025, 0.00030107315979],
        "median": [0.000567442155443, 0.00928217265755, 0.14213269949, 0.832436680794, 1.74521577358, 1.73034346104, 2.0930082798, 4.93597555161, 6.88669586182, 5.89795970917, 2.94182753563, 1.60925066471, 1.050537467, 0.741889178753, 0.768502473831, 0.858500003815, 0.972867190838, 1.36280536652, 1.41375672817, 1.23563718796, 1.98182213306, 3.33059620857, 2.63329386711, 1.60023665428, 1.43040895462, 1.068359375, 0.598803699017, 0.279679656029, 0.247674182057, 0.178638979793, 0.0982549786568, 0.0600951910019, 0.0451973564923, 0.0178571790457, 0.00844145379961, 0.00399582646787, 0.000288172537694, 7.56954686949e-05, 0.000626823224593, 0.000296860380331],
        "min": [3.39702051211e-11, 9.02935642921e-11, 6.27563945255e-10, 1.10994069491e-09, 2.76085754258e-09, 3.49619622142e-09, 1.56867514534e-08, 1.64800120217e-08, 7.53571693934e-09, 5.39638067565e-09, 9.48785228161e-09, 2.26593979136e-08, 2.66421782413e-08, 4.13921945608e-08, 3.9109590233e-08, 9.60251824722e-08, 1.00189289753e-07, 1.07261662663e-07, 9.05151438246e-08, 2.41544398705e-07, 3.67131463008e-07, 1.33511775857e-07, 4.85922043936e-07, 9.3594945838e-07, 9.45363296978e-07, 8.52111668337e-07, 7.4331990163e-07, 6.79527431657e-07, 4.50779594985e-07, 7.11367874828e-07, 5.17368391684e-07, 4.3814392825e-07, 2.35578056618e-07, 2.04681526839e-07, 2.09072155144e-07, 1.60545909011e-07, 5.07006383543e-08, 5.15074987106e-08, 5.90511497478e-08, 9.76056124813e-09],
        "var": [0.00032644867315, 0.022372091189, 1.06814908981, 14.8423166275, 240.509933472, 351.962097168, 451.946563721, 2519.47509766, 7009.87841797, 9233.86816406, 11439.2666016, 4653.33007812, 2665.8737793, 596.589599609, 816.472290039, 910.554260254, 1567.80566406, 2456.71142578, 2838.41455078, 1407.91430664, 1261.32702637, 1406.49121094, 829.315185547, 817.218383789, 799.340148926, 1444.14770508, 1391.29504395, 424.2706604, 286.536224365, 209.044998169, 21.1930561066, 6.34703207016, 1.969835639, 0.25532245636, 0.102446749806, 0.137260884047, 0.0129127446562, 2.48202140938e-05, 8.91011353588e-08, 9.54026724287e-09]
    },
    "gfcc": {
        "mean": [-93.5140914917, 79.1797637939, -109.231246948, 19.274553299, -53.6649398804, -23.9556922913, -38.2153701782, -8.46478939056, -12.3130979538, -11.515748024, -6.32739877701, -17.0441684723, -8.1105298996],
        "cov": [[7713.91455078, 1743.51867676, -2674.46435547, -337.027984619, -835.111877441, -394.005767822, -681.231445312, 89.1155166626, -289.065246582, 130.643035889, -234.735183716, -201.24671936, -286.899749756], [1743.51867676, 3980.79638672, -134.299026489, -1308.6550293, 56.4388885498, -756.41973877, -353.133972168, -277.175445557, -24.9832706451, -557.163635254, 187.494949341, -269.445770264, -58.9864768982], [-2674.46435547, -134.299026489, 1737.20837402, 278.476776123, 289.150817871, 145.229598999, 140.755065918, -49.8289833069, 105.967254639, -119.158927917, 23.4369735718, 114.998306274, 86.5225601196], [-337.027984619, -1308.6550293, 278.476776123, 1193.25500488, 132.415939331, 64.7077026367, 27.8677558899, 76.8978118896, 64.7818374634, 167.051452637, -66.6180419922, 128.574050903, 50.0460624695], [-835.111877441, 56.4388885498, 289.150817871, 132.415939331, 475.219451904, 40.9262275696, -12.0059232712, 3.8743519783, 103.89100647, -21.8479576111, 41.0055847168, -2.93295836449, 50.6927452087], [-394.005767822, -756.41973877, 145.229598999, 64.7077026367, 40.9262275696, 655.935180664, 261.637481689, 73.1272583008, 55.1805763245, 159.326217651, -14.4825992584, 33.9287643433, -47.4959030151], [-681.231445312, -353.133972168, 140.755065918, 27.8677558899, -12.0059232712, 261.637481689, 479.248260498, 69.8479003906, -54.183631897, 30.5971126556, 62.3128166199, 25.1275424957, -0.514662444592], [89.1155166626, -277.175445557, -49.8289833069, 76.8978118896, 3.8743519783, 73.1272583008, 69.8479003906, 219.363357544, 36.2214508057, 39.943977356, -19.4258613586, 31.1059360504, 12.4240684509], [-289.065246582, -24.9832706451, 105.967254639, 64.7818374634, 103.89100647, 55.1805763245, -54.183631897, 36.2214508057, 258.484588623, 17.5381412506, 16.3683300018, 30.2047863007, -3.4101934433], [130.643035889, -557.163635254, -119.158927917, 167.051452637, -21.8479576111, 159.326217651, 30.5971126556, 39.943977356, 17.5381412506, 232.82699585, -37.0213546753, -15.6189889908, -9.49528694153], [-234.735183716, 187.494949341, 23.4369735718, -66.6180419922, 41.0055847168, -14.4825992584, 62.3128166199, -19.4258613586, 16.3683300018, -37.0213546753, 196.990142822, 26.7211284637, -27.7082557678], [-201.24671936, -269.445770264, 114.998306274, 128.574050903, -2.93295836449, 33.9287643433, 25.1275424957, 31.1059360504, 30.2047863007, -15.6189889908, 26.7211284637, 198.798400879, -0.930661678314], [-286.899749756, -58.9864768982, 86.5225601196, 50.0460624695, 50.6927452087, -47.4959030151, -0.514662444592, 12.4240684509, -3.4101934433, -9.49528694153, -27.7082557678, -0.930661678314, 132.858047485]],
        "icov": [[0.00186527147889, -0.00220944359899, 0.00239841570146, -0.00216532731429, 0.00213830941357, -0.00199771672487, 0.00205496279523, -0.00198139832355, 0.00189311394934, -0.00182244938333, 0.00172420102172, -0.00132735993247, 0.00123253848869], [-0.00220944359899, 0.00342325633392, -0.00286995666102, 0.00318565382622, -0.00274403044023, 0.00293005327694, -0.0023109561298, 0.00261844950728, -0.00248451880179, 0.00319339171983, -0.00234741321765, 0.00228379131295, -0.00105072604492], [0.00239841570146, -0.00286995666102, 0.00388700910844, -0.00299025210552, 0.00244200625457, -0.00282978429459, 0.0024089247454, -0.00215832563117, 0.00220979843289, -0.00173867819831, 0.00235209963284, -0.00200722785667, 0.001176771475], [-0.00216532731429, 0.00318565382622, -0.00299025210552, 0.00418524304405, -0.00298284366727, 0.00309924967587, -0.00242221564986, 0.0023574186489, -0.00240397173911, 0.00174894172233, -0.00180086202454, 0.00125223048963, -0.00117796321865], [0.00213830941357, -0.00274403044023, 0.00244200625457, -0.00298284366727, 0.00534188328311, -0.00283740204759, 0.00268398970366, -0.00241069030017, 0.00139810796827, -0.00184772803914, 0.00115412299056, -0.000948502274696, 0.000253669451922], [-0.00199771672487, 0.00293005327694, -0.00282978429459, 0.00309924967587, -0.00283740204759, 0.00537362927571, -0.00362954218872, 0.00221000425518, -0.00277542043477, 0.000728939427063, -0.00122709700372, 0.00138020026498, 0.000179894530447], [0.00205496279523, -0.0023109561298, 0.0024089247454, -0.00242221564986, 0.00268398970366, -0.00362954218872, 0.00572154670954, -0.00315647269599, 0.00324648059905, -0.00142224819865, 0.000318396661896, -0.00109317421447, 0.000791327329352], [-0.00198139832355, 0.00261844950728, -0.00215832563117, 0.0023574186489, -0.00241069030017, 0.00221000425518, -0.00315647269599, 0.00770534714684, -0.00309536722489, 0.00197458150797, -0.00110992603004, 0.00081385433441, -0.00178562081419], [0.00189311394934, -0.00248451880179, 0.00220979843289, -0.00240397173911, 0.00139810796827, -0.00277542043477, 0.00324648059905, -0.00309536722489, 0.00693122809753, -0.00242913584225, 0.00116165389773, -0.00199950253591, 0.00146038352977], [-0.00182244938333, 0.00319339171983, -0.00173867819831, 0.00174894172233, -0.00184772803914, 0.000728939427063, -0.00142224819865, 0.00197458150797, -0.00242913584225, 0.0100745400414, -0.00184355198871, 0.00348095945083, -0.000971168396063], [0.00172420102172, -0.00234741321765, 0.00235209963284, -0.00180086202454, 0.00115412299056, -0.00122709700372, 0.000318396661896, -0.00110992603004, 0.00116165389773, -0.00184355198871, 0.0082299336791, -0.00268734502606, 0.00264930888079], [-0.00132735993247, 0.00228379131295, -0.00200722785667, 0.00125223048963, -0.000948502274696, 0.00138020026498, -0.00109317421447, 0.00081385433441, -0.00199950253591, 0.00348095945083, -0.00268734502606, 0.00783033389598, -0.000550085678697], [0.00123253848869, -0.00105072604492, 0.001176771475, -0.00117796321865, 0.000253669451922, 0.000179894530447, 0.000791327329352, -0.00178562081419, 0.00146038352977, -0.000971168396063, 0.00264930888079, -0.000550085678697, 0.0100536094978]]
    },
    "melbands": {
        "dmean": [3.01192012557e-05, 0.000129506646772, 0.000275246886304, 0.000389531109249, 0.000235956351389, 0.000386982166674, 0.000575755198952, 0.000441969605163, 0.000327571615344, 0.000144169316627, 6.71153829899e-05, 2.89219060505e-05, 2.75013881037e-05, 2.9158034522e-05, 3.21721563523e-05, 3.27801535605e-05, 3.37957062584e-05, 2.75426264125e-05, 2.28703356697e-05, 1.60332128871e-05, 1.59977953444e-05, 1.63647200679e-05, 1.36965772981e-05, 8.76692138263e-06, 6.70270628689e-06, 7.55948849473e-06, 7.21693731975e-06, 7.81563267083e-06, 6.94306663718e-06, 5.23652533957e-06, 2.43651720666e-06, 2.16306398215e-06, 2.32025172409e-06, 1.80382119197e-06, 7.50626611534e-07, 4.18363129029e-07, 3.56735426976e-07, 2.66066734866e-07, 1.70527457044e-07, 8.702144072e-08],
        "dmean2": [4.591326433e-05, 0.000182038158528, 0.000400919641834, 0.000544616312254, 0.000331817951519, 0.000590876152273, 0.00089507055236, 0.000688140862621, 0.000524427916389, 0.000222021728405, 0.000103519516415, 4.67079371447e-05, 4.28542116424e-05, 4.69975129818e-05, 5.18730485055e-05, 5.18873530382e-05, 5.26155345142e-05, 4.35915753769e-05, 3.62066202797e-05, 2.45971241384e-05, 2.4861039492e-05, 2.51884484896e-05, 2.11475180549e-05, 1.36968083098e-05, 1.05624139906e-05, 1.19081032608e-05, 1.13567411972e-05, 1.20500362755e-05, 1.1073715541e-05, 8.55183407111e-06, 3.90099967262e-06, 3.34383116751e-06, 3.56282180292e-06, 2.85300825453e-06, 1.18751290756e-06, 6.4372181896e-07, 5.65190305224e-07, 4.26237903639e-07, 2.74542543366e-07, 1.39305427638e-07],
        "dvar": [2.50573162219e-08, 6.02175589393e-08, 2.93860409784e-07, 6.46055866582e-07, 2.71476807256e-07, 9.22438232465e-07, 1.38975667596e-06, 8.30500482607e-07, 6.24268750471e-07, 1.33702670269e-07, 4.24209325445e-08, 8.81883543968e-09, 8.22928747368e-09, 8.23730683663e-09, 8.89544171656e-09, 6.77426870155e-09, 8.1428614962e-09, 6.73437439147e-09, 5.79417891444e-09, 1.68537861445e-09, 1.55781165745e-09, 1.24287424796e-09, 8.91649420964e-10, 7.05962566183e-10, 6.13775308356e-10, 3.65985464157e-10, 3.23759269394e-10, 7.3009986945e-10, 5.63279145549e-10, 4.4328660187e-10, 7.81866099642e-11, 6.54232987229e-11, 7.93863169646e-11, 8.51708287231e-11, 9.2508674332e-12, 2.09667374608e-12, 2.22065833604e-12, 1.07662511718e-12, 4.73659306222e-13, 1.11202916992e-13],
        "dvar2": [6.04392980108e-08, 1.05385460358e-07, 6.64738422529e-07, 1.28935187149e-06, 5.13551810855e-07, 2.01416082746e-06, 3.19558898809e-06, 1.82734675036e-06, 1.35597599638e-06, 2.96673846378e-07, 8.44109706577e-08, 1.90134858968e-08, 1.79429093805e-08, 2.06068353492e-08, 2.22149942886e-08, 1.6119589219e-08, 1.82316988173e-08, 1.52146615306e-08, 1.47419365604e-08, 3.79596265532e-09, 3.50925688508e-09, 2.70073030606e-09, 1.95787630553e-09, 1.69041658449e-09, 1.53831880567e-09, 7.8203260534e-10, 7.31530280795e-10, 1.63095370542e-09, 1.28036192759e-09, 1.1175540493e-09, 1.80918363624e-10, 1.36622393954e-10, 1.72089620332e-10, 2.18757373327e-10, 2.29667396212e-11, 4.45539915725e-12, 4.96114737833e-12, 2.56520455919e-12, 1.15961613142e-12, 2.63859138531e-13],
        "max": [0.0054989173077, 0.00415046792477, 0.0143513893709, 0.0141004808247, 0.00923658069223, 0.0148930577561, 0.0164083112031, 0.0113929687068, 0.0121270278469, 0.00556056713685, 0.00528717692941, 0.00181118829641, 0.00223117438145, 0.00153179315384, 0.00140944845043, 0.00107735127676, 0.0015357513912, 0.00127792381682, 0.00200653239153, 0.000581633299589, 0.000679528573528, 0.000478933739942, 0.000483043724671, 0.000863453838974, 0.000886250985786, 0.000276331207715, 0.000314716744469, 0.000524817965925, 0.000459420436528, 0.000333948730258, 0.000121104159916, 0.000131863445858, 0.000188943900866, 0.000244370137807, 7.83964933362e-05, 3.69394292647e-05, 4.6322838898e-05, 1.98658672161e-05, 1.53481760208e-05, 6.00266821493e-06],
        "mean": [3.89206070395e-05, 0.000235969710047, 0.000538783264346, 0.00061942753382, 0.00033351246384, 0.000475782435387, 0.000611699651927, 0.000468270853162, 0.000318244419759, 0.000144420686411, 7.03124678694e-05, 3.05125395244e-05, 2.72634042631e-05, 2.83253320958e-05, 3.01195468637e-05, 3.21203187923e-05, 3.29878203047e-05, 2.67086797976e-05, 2.15785748878e-05, 1.59595074365e-05, 1.7507451048e-05, 1.91272829397e-05, 1.53646360559e-05, 9.65207709669e-06, 7.11825623512e-06, 8.33419562696e-06, 7.82257848186e-06, 8.14723625808e-06, 7.16432168701e-06, 4.96240818393e-06, 2.43751901507e-06, 2.23693155021e-06, 2.35546963268e-06, 1.69039333286e-06, 7.47105843857e-07, 4.25244309099e-07, 3.49636223973e-07, 2.62092811454e-07, 1.75974449235e-07, 9.16126623451e-08],
        "median": [4.50230618299e-06, 4.06543440477e-05, 0.000207388991839, 0.000164627825143, 6.76145209582e-05, 0.000109698921733, 0.00010592972103, 4.69893493573e-05, 1.97123408725e-05, 8.21290268505e-06, 4.68742109661e-06, 2.81409893432e-06, 2.32125853472e-06, 2.39356427301e-06, 2.01355078389e-06, 1.97398799173e-06, 2.25870667236e-06, 2.01218153961e-06, 1.61056505021e-06, 1.42194471664e-06, 2.29107467931e-06, 3.05742378259e-06, 2.88390583592e-06, 1.66853271821e-06, 9.9637850326e-07, 9.28096653752e-07, 8.66970026436e-07, 5.05191223965e-07, 3.46769212456e-07, 1.88075702567e-07, 1.20896459066e-07, 1.03613750468e-07, 1.18415485417e-07, 8.66637108743e-08, 5.4308433306e-08, 3.80329225891e-08, 3.221867928e-08, 3.04850935606e-08, 2.172590996e-08, 1.08983071456e-08],
        "min": [3.48919759188e-13, 3.86656852369e-13, 2.86655139729e-13, 2.58254951712e-13, 5.27304979195e-13, 4.12450943624e-13, 1.03665143689e-13, 5.13846438815e-14, 9.00388975617e-14, 1.38994013781e-13, 1.40364201382e-13, 1.7951238369e-13, 1.15620837557e-13, 1.63722984822e-13, 2.74643480701e-13, 1.86520463246e-13, 1.87363958983e-13, 8.09726228125e-14, 6.03676451275e-13, 1.11033449416e-13, 2.06770839058e-13, 1.05462649247e-13, 2.55301612099e-13, 5.3869094515e-13, 5.48961212859e-13, 6.53105065689e-13, 7.60356350365e-13, 5.01096614289e-13, 4.64279656387e-13, 4.44052645132e-13, 3.31279491686e-13, 2.23355635745e-13, 2.5425652252e-13, 5.25654931909e-13, 3.63937450055e-13, 1.74867566716e-13, 3.04878220109e-13, 1.54790405753e-13, 1.53653646881e-13, 1.77079325595e-13],
        "var": [2.56712571201e-08, 1.64363456179e-07, 9.25491292492e-07, 1.35892003073e-06, 5.36571690191e-07, 1.14246995508e-06, 1.61489970196e-06, 1.03140257579e-06, 7.12587677754e-07, 1.70624929297e-07, 6.58482264271e-08, 1.10474278614e-08, 9.81872272376e-09, 7.99632982051e-09, 8.27850410445e-09, 7.67381180822e-09, 9.36409172425e-09, 7.80122455524e-09, 5.21102361262e-09, 1.96857352641e-09, 1.992570553e-09, 1.78855263933e-09, 1.17900655905e-09, 7.50557949125e-10, 5.66144187086e-10, 5.05877673085e-10, 4.02627847729e-10, 8.55069570704e-10, 6.5547478556e-10, 4.02993166615e-10, 8.44931694055e-11, 8.96552138085e-11, 1.01272781827e-10, 7.13685638365e-11, 9.0113420198e-12, 2.67881528591e-12, 2.50390853884e-12, 1.12229279689e-12, 4.77356923521e-13, 1.29163647551e-13]
    },
    "mfcc": {
        "mean": [-745.473266602, 121.786239624, -5.90321826935, 30.7804775238, -1.33329713345, -12.0982122421, -16.1144313812, -8.04459571838, -10.6928453445, -3.62261986732, -3.41598415375, 0.31845843792, -3.28239345551],
        "cov": [[9407.92578125, 769.736206055, -2257.57592773, -475.2371521, -715.639221191, -682.940856934, -571.069213867, -498.902923584, -378.158996582, 30.6390628815, -58.8103103638, -143.805831909, -181.817581177], [769.736206055, 4400.16308594, -211.087265015, -749.12902832, 68.4650192261, -726.028808594, -283.621276855, -105.399986267, -394.166046143, -328.143737793, -156.817779541, -70.6098709106, -88.9577407837], [-2257.57592773, -211.087265015, 1284.85742188, 270.749267578, 188.895629883, 285.922180176, 106.560508728, 214.084259033, 109.807395935, -31.5638885498, 12.2031564713, 61.0817947388, 61.2896270752], [-475.2371521, -749.12902832, 270.749267578, 963.451416016, 243.46774292, 21.89402771, -36.6678161621, 15.4743938446, 68.3687896729, -54.5594291687, -55.4535522461, -9.11101531982, 48.9671325684], [-715.639221191, 68.4650192261, 188.895629883, 243.46774292, 619.678833008, 76.494140625, -146.768188477, 34.3221549988, 47.3055992126, 52.1779327393, -8.70148086548, -3.42268943787, 49.0950889587], [-682.940856934, -726.028808594, 285.922180176, 21.89402771, 76.494140625, 547.840148926, 177.071578979, 111.795860291, 109.011428833, 142.85597229, 126.817611694, 37.1415367126, 46.9607086182], [-571.069213867, -283.621276855, 106.560508728, -36.6678161621, -146.768188477, 177.071578979, 468.534515381, 93.9468078613, 66.1200561523, 70.6794052124, 52.3283805847, 63.3082427979, -9.76588630676], [-498.902923584, -105.399986267, 214.084259033, 15.4743938446, 34.3221549988, 111.795860291, 93.9468078613, 362.847747803, 29.0824680328, 16.1034564972, 108.384353638, 16.2051296234, 93.748085022], [-378.158996582, -394.166046143, 109.807395935, 68.3687896729, 47.3055992126, 109.011428833, 66.1200561523, 29.0824680328, 297.471862793, 80.3995666504, -16.3695545197, 43.7087554932, -34.4056472778], [30.6390628815, -328.143737793, -31.5638885498, -54.5594291687, 52.1779327393, 142.85597229, 70.6794052124, 16.1034564972, 80.3995666504, 293.747344971, 78.0755310059, 8.89630794525, 30.8269100189], [-58.8103103638, -156.817779541, 12.2031564713, -55.4535522461, -8.70148086548, 126.817611694, 52.3283805847, 108.384353638, -16.3695545197, 78.0755310059, 209.019332886, 25.1056404114, 26.9781951904], [-143.805831909, -70.6098709106, 61.0817947388, -9.11101531982, -3.42268943787, 37.1415367126, 63.3082427979, 16.2051296234, 43.7087554932, 8.89630794525, 25.1056404114, 141.644241333, 15.9401702881], [-181.817581177, -88.9577407837, 61.2896270752, 48.9671325684, 49.0950889587, 46.9607086182, -9.76588630676, 93.748085022, -34.4056472778, 30.8269100189, 26.9781951904, 15.9401702881, 170.044891357]],
