{
"lowlevel": {
    "average_loudness": 0.970466971397,
    "barkbands_crest": {
        "dmean": 3.63761091232,
        "dmean2": 5.94287919998,
        "dvar": 10.989812851,
        "dvar2": 27.2636489868,
        "max": 26.8338794708,
        "mean": 12.5308494568,
        "median": 11.42004776,
        "min": 3.26378250122,
        "var": 27.0221920013
    },
    "barkbands_flatness_db": {
        "dmean": 0.0368624404073,
        "dmean2": 0.0557134151459,
        "dvar": 0.00120427215006,
        "dvar2": 0.00248214346357,
        "max": 0.484064638615,
        "mean": 0.300047010183,
        "median": 0.303754657507,
        "min": 0.0636740773916,
        "var": 0.00347818457521
    },
    "barkbands_kurtosis": {
        "dmean": 8.14285469055,
        "dmean2": 13.1098814011,
        "dvar": 243.341690063,
        "dvar2": 573.05267334,
        "max": 199.660705566,
        "mean": 8.7583026886,
        "median": 2.13186120987,
        "min": -1.9525411129,
        "var": 398.802612305
    },
    "barkbands_skewness": {
        "dmean": 1.18349432945,
        "dmean2": 1.80357205868,
        "dvar": 2.23315668106,
        "dvar2": 4.97473096848,
        "max": 10.4210748672,
        "mean": 0.996962726116,
        "median": 1.0633033514,
        "min": -14.0393381119,
        "var": 6.07835245132
    },
    "barkbands_spread": {
        "dmean": 9.88690757751,
        "dmean2": 15.5802927017,
        "dvar": 225.028381348,
        "dvar2": 529.779602051,
        "max": 112.848503113,
        "mean": 17.7877502441,
        "median": 11.3076677322,
        "min": 0.729057192802,
        "var": 315.025115967
    },
    "dissonance": {
        "dmean": 0.0351029373705,
        "dmean2": 0.0544498562813,
        "dvar": 0.00163880106993,
        "dvar2": 0.00384387746453,
        "max": 0.500000178814,
        "mean": 0.429339855909,
        "median": 0.44110456109,
        "min": 0,
        "var": 0.00378978368826
    },
    "dynamic_complexity": 5.61866521835,
    "erbbands_crest": {
        "dmean": 3.6822655201,
        "dmean2": 5.99815034866,
        "dvar": 9.59370613098,
        "dvar2": 24.6582641602,
        "max": 31.7033748627,
        "mean": 12.4428052902,
        "median": 11.7038249969,
        "min": 2.92955327034,
        "var": 18.7276191711
    },
    "erbbands_flatness_db": {
        "dmean": 0.0439414307475,
        "dmean2": 0.0643557459116,
        "dvar": 0.00231243716553,
        "dvar2": 0.00463111558929,
        "max": 0.565559208393,
        "mean": 0.354068934917,
        "median": 0.377768218517,
        "min": 0.0569885969162,
        "var": 0.00712622189894
    },
    "erbbands_kurtosis": {
        "dmean": 2.75163888931,
        "dmean2": 4.49297714233,
        "dvar": 21.772813797,
        "dvar2": 58.0629272461,
        "max": 90.2178497314,
        "mean": 2.07905197144,
        "median": 0.312809705734,
        "min": -1.93373644352,
        "var": 27.023683548
    },
    "erbbands_skewness": {
        "dmean": 0.770704567432,
        "dmean2": 1.16708087921,
        "dvar": 0.557350575924,
        "dvar2": 1.3012316227,
        "max": 8.34937381744,
        "mean": 0.189734429121,
        "median": 0.270280241966,
        "min": -4.8070936203,
        "var": 1.68122589588
    },
    "erbbands_spread": {
        "dmean": 7.06133794785,
        "dmean2": 11.2489156723,
        "dvar": 99.879776001,
        "dvar2": 243.473114014,
        "max": 124.437194824,
        "mean": 17.4117259979,
        "median": 14.6777858734,
        "min": 0.540442943573,
        "var": 168.740463257
    },
    "hfc": {
        "dmean": 8.50748348236,
        "dmean2": 11.8146648407,
        "dvar": 104.263069153,
        "dvar2": 177.044799805,
        "max": 73.1562042236,
        "mean": 14.0031824112,
        "median": 5.88303279877,
        "min": 1.1259051779e-16,
        "var": 256.871887207
    },
    "melbands_crest": {
        "dmean": 4.15397548676,
        "dmean2": 6.67558431625,
        "dvar": 11.5256481171,
        "dvar2": 28.8184337616,
        "max": 30.8799972534,
        "mean": 13.6663274765,
        "median": 13.0941095352,
        "min": 1.99485576153,
        "var": 27.6882896423
    },
    "melbands_flatness_db": {
        "dmean": 0.0488065220416,
        "dmean2": 0.0696710795164,
        "dvar": 0.00253320857882,
        "dvar2": 0.00468257069588,
        "max": 0.590631902218,
        "mean": 0.351734638214,
        "median": 0.369749754667,
        "min": 0.00451625883579,
        "var": 0.0101096592844
    },
    "melbands_kurtosis": {
        "dmean": 4.55718326569,
        "dmean2": 7.30253314972,
        "dvar": 58.0708694458,
        "dvar2": 131.95753479,
        "max": 104.420623779,
        "mean": 4.89580106735,
        "median": 1.82362127304,
        "min": -1.93837273121,
        "var": 89.5068359375
    },
    "melbands_skewness": {
        "dmean": 0.92047137022,
        "dmean2": 1.38706064224,
        "dvar": 0.923117518425,
        "dvar2": 2.0047826767,
        "max": 9.47763252258,
        "mean": 1.36527144909,
        "median": 1.38503050804,
        "min": -4.37249279022,
        "var": 2.37886238098
    },
    "melbands_spread": {
        "dmean": 8.04173660278,
        "dmean2": 12.6221046448,
        "dvar": 95.7175750732,
        "dvar2": 224.77444458,
        "max": 151.583190918,
        "mean": 18.3198699951,
        "median": 14.2598390579,
        "min": 0.514985799789,
        "var": 217.461212158
    },
    "pitch_salience": {
        "dmean": 0.0967019051313,
        "dmean2": 0.157041430473,
        "dvar": 0.00977132096887,
        "dvar2": 0.0226912386715,
        "max": 0.966904640198,
        "mean": 0.625611245632,
        "median": 0.66754347086,
        "min": 0.129146575928,
        "var": 0.0249310750514
    },
    "silence_rate_20dB": {
        "dmean": 0,
        "dmean2": 0,
        "dvar": 0,
        "dvar2": 0,
        "max": 1,
        "mean": 1,
        "median": 1,
        "min": 1,
        "var": 0
    },
    "silence_rate_30dB": {
        "dmean": 0,
        "dmean2": 0,
        "dvar": 0,
        "dvar2": 0,
        "max": 1,
        "mean": 1,
        "median": 1,
        "min": 1,
        "var": 0
    },
    "silence_rate_60dB": {
        "dmean": 0.173722624779,
        "dmean2": 0.347572118044,
        "dvar": 0.14354506135,
        "dvar2": 0.256702810526,
        "max": 1,
        "mean": 0.352790951729,
        "median": 0,
        "min": 0,
        "var": 0.228326767683
    },
    "spectral_centroid": {
        "dmean": 320.499755859,
        "dmean2": 476.463134766,
        "dvar": 200724.484375,
        "dvar2": 356582.4375,
        "max": 11247.0361328,
        "mean": 1227.55322266,
        "median": 1014.90936279,
        "min": 289.036254883,
        "var": 558679.1875
    },
    "spectral_complexity": {
        "dmean": 4.15328454971,
        "dmean2": 5.81307029724,
        "dvar": 20.8880958557,
        "dvar2": 31.9422492981,
        "max": 34,
        "mean": 9.65304660797,
        "median": 8,
        "min": 0,
        "var": 69.2521362305
    },
    "spectral_decrease": {
        "dmean": 2.63800359335e-09,
        "dmean2": 3.67006558477e-09,
        "dvar": 1.03910552626e-17,
        "dvar2": 1.89431556746e-17,
        "max": 4.38403393449e-12,
        "mean": -4.09950517977e-09,
        "median": -1.58692736729e-09,
        "min": -2.23443841207e-08,
        "var": 2.35621901177e-17
    },
    "spectral_energy": {
        "dmean": 0.0107100568712,
        "dmean2": 0.0148857776076,
        "dvar": 0.000170129642356,
        "dvar2": 0.000308319955366,
        "max": 0.0909681990743,
        "mean": 0.0167425554246,
        "median": 0.00663805613294,
        "min": 1.04816506359e-20,
        "var": 0.000388836313505
    },
    "spectral_energyband_high": {
        "dmean": 3.58804800271e-06,
        "dmean2": 6.08249956713e-06,
        "dvar": 2.73651951793e-11,
        "dvar2": 6.81011844139e-11,
        "max": 0.000116645001981,
        "mean": 2.21471709665e-05,
        "median": 2.18552813749e-05,
        "min": 7.654399001e-21,
        "var": 3.04164124443e-11
    },
    "spectral_energyband_low": {
        "dmean": 2.14645956476e-06,
        "dmean2": 3.51692938239e-06,
        "dvar": 7.86595927282e-11,
        "dvar2": 1.96253277518e-10,
        "max": 0.00022766116308,
        "mean": 1.85341025372e-06,
        "median": 1.66738175267e-07,
        "min": 6.10565718867e-23,
        "var": 7.17314818655e-11
    },
    "spectral_energyband_middle_high": {
        "dmean": 0.0031719810795,
        "dmean2": 0.00455518672243,
        "dvar": 1.76298963197e-05,
        "dvar2": 3.02528660541e-05,
        "max": 0.0481219142675,
        "mean": 0.0048948219046,
        "median": 0.00148323597386,
        "min": 1.41604212997e-21,
        "var": 4.11444125348e-05
    },
    "spectral_energyband_middle_low": {
        "dmean": 0.00811608694494,
        "dmean2": 0.0115659078583,
        "dvar": 0.000107514119009,
        "dvar2": 0.000206126074772,
        "max": 0.0718311294913,
        "mean": 0.0119444075972,
        "median": 0.00415597157553,
        "min": 1.9255693324e-22,
        "var": 0.000222349481191
    },
    "spectral_entropy": {
        "dmean": 0.265099287033,
        "dmean2": 0.385041683912,
        "dvar": 0.080904789269,
        "dvar2": 0.164098158479,
        "max": 9.81845855713,
        "mean": 6.67571496964,
        "median": 6.66656637192,
        "min": 4.82837677002,
        "var": 0.301858872175
    },
    "spectral_flux": {
        "dmean": 0.0394785292447,
        "dmean2": 0.0634561926126,
        "dvar": 0.00160711212084,
        "dvar2": 0.00340930069797,
        "max": 0.267603009939,
        "mean": 0.0843677297235,
        "median": 0.0824042484164,
        "min": 6.66646599035e-11,
        "var": 0.00390398036689
    },
    "spectral_kurtosis": {
        "dmean": 18.8491268158,
        "dmean2": 31.0500888824,
        "dvar": 283.09161377,
        "dvar2": 741.083068848,
        "max": 175.63885498,
        "mean": 48.9037857056,
        "median": 46.9681091309,
        "min": -1.19542324543,
        "var": 615.630493164
    },
    "spectral_rms": {
        "dmean": 0.00137458357494,
        "dmean2": 0.00182973919436,
        "dvar": 2.12844338421e-06,
        "dvar2": 3.37763367497e-06,
        "max": 0.00942069292068,
        "mean": 0.00312009663321,
        "median": 0.00254482869059,
        "min": 3.19781180702e-12,
        "var": 6.59920215185e-06
    },
    "spectral_rolloff": {
        "dmean": 2172.71899414,
        "dmean2": 4127.98632812,
        "dvar": 27889306,
        "dvar2": 59763288,
        "max": 19789.0136719,
        "mean": 4806.96142578,
        "median": 1636.5234375,
        "min": 258.3984375,
        "var": 47272256
    },
    "spectral_skewness": {
        "dmean": 1.22275519371,
        "dmean2": 2.01754665375,
        "dvar": 1.06327724457,
        "dvar2": 2.7466404438,
        "max": 11.0651378632,
        "mean": 4.24463033676,
        "median": 4.20535707474,
        "min": -0.0318875908852,
        "var": 2.62742114067
    },
    "spectral_spread": {
        "dmean": 776849.25,
        "dmean2": 1191333.125,
        "dvar": 2.62142767923e+12,
        "dvar2": 5.12086559949e+12,
        "max": 40745980,
        "mean": 2107850.5,
        "median": 1301142.375,
        "min": 536212.25,
        "var": 7.56605360538e+12
    },
    "spectral_strongpeak": {
        "dmean": 0.983049750328,
        "dmean2": 1.64396822453,
        "dvar": 1.09628081322,
        "dvar2": 2.53950452805,
        "max": 7.71846914291,
        "mean": 1.69078111649,
        "median": 1.35923421383,
        "min": 2.00587169097e-09,
        "var": 1.7341735363
    },
    "zerocrossingrate": {
        "dmean": 0.0689494088292,
        "dmean2": 0.0709692463279,
        "dvar": 0.00843958277255,
        "dvar2": 0.00924982037395,
        "max": 0.861328125,
        "mean": 0.19838629663,
        "median": 0.0830078125,
        "min": 0.01806640625,
        "var": 0.053425502032
    },
    "barkbands": {
        "dmean": [3.11919109208e-07, 4.15695410538e-07, 1.06330742256e-06, 1.27002419958e-06, 0.000232520280406, 0.00130008230917, 0.0036425050348, 0.00375900277868, 0.00162239512429, 0.000512228813022, 0.000461303483462, 0.000680443423335, 0.000780500879046, 0.000763822288718, 0.000628978945315, 0.000465521792648, 0.000191273953533, 8.64327448653e-05, 5.99911763857e-05, 7.16190868388e-07, 4.26306371537e-07, 2.33088243817e-07, 8.17950152054e-08, 3.09975476398e-08, 1.11189768504e-08, 7.9693478483e-09, 3.05336925521e-06],
        "dmean2": [5.45514410533e-07, 7.21363676348e-07, 1.77765593889e-06, 2.13413477468e-06, 0.000315835321089, 0.00195222196635, 0.00571395922452, 0.00588254164904, 0.00240580551326, 0.000750476319809, 0.000714322144631, 0.00107631867286, 0.00122053071391, 0.00118859042414, 0.000936500437092, 0.000710075604729, 0.000295701582218, 0.000134774192702, 9.13287294679e-05, 1.16690114282e-06, 6.99816951055e-07, 3.88983409039e-07, 1.34890598247e-07, 5.19677847421e-08, 1.78662258321e-08, 1.2256245796e-08, 5.2233531278e-06],
        "dvar": [8.66267723786e-13, 2.55626509543e-12, 1.71639490815e-11, 6.21922791044e-11, 5.09184701514e-07, 6.65729157845e-06, 3.71770001948e-05, 4.55395202152e-05, 1.53357141244e-05, 2.6511715987e-06, 2.16235571315e-06, 2.8679864954e-06, 2.52305130743e-06, 2.8063782338e-06, 2.48366882261e-06, 1.20421793781e-06, 1.27710237052e-07, 5.55871331187e-08, 3.57340113055e-08, 6.84949839902e-12, 3.63771404492e-12, 1.55165745704e-12, 9.08940891303e-14, 8.06415938664e-15, 1.0080590986e-15, 2.14673313936e-16, 1.01347506776e-11],
        "dvar2": [2.35825703583e-12, 7.09148451766e-12, 4.16331795428e-11, 1.62730329212e-10, 8.10961353181e-07, 1.32814702738e-05, 8.22407237138e-05, 9.98983523459e-05, 2.92277618428e-05, 4.77634512208e-06, 4.93219204145e-06, 6.80198900227e-06, 5.55623228138e-06, 6.04705928708e-06, 5.1339620768e-06, 2.67348605121e-06, 2.80175186163e-07, 1.39558068213e-07, 7.58431681902e-08, 1.62725111164e-11, 8.69162554429e-12, 3.98378465633e-12, 2.20569358134e-13, 1.88491359836e-14, 2.26372562121e-15, 4.35676399209e-16, 2.83462420203e-11],
        "max": [1.42566295835e-05, 3.31327901222e-05, 0.000114710564958, 0.000235948522459, 0.0212273783982, 0.0337515808642, 0.0503442212939, 0.0597839467227, 0.0560920201242, 0.0314231812954, 0.0244614873081, 0.0219518747181, 0.0160494241863, 0.019181124866, 0.0223643407226, 0.013519950211, 0.0043248552829, 0.00418234756216, 0.00488916179165, 5.41200679436e-05, 4.13710477005e-05, 3.81784484489e-05, 4.99352654515e-06, 1.05643425741e-06, 5.70585655169e-07, 1.76657835027e-07, 4.19851894549e-05],
        "mean": [3.19307105201e-07, 3.34324141704e-07, 8.69995858466e-07, 1.06291179236e-06, 0.000370769848814, 0.00153861904982, 0.00404515536502, 0.00387556827627, 0.00187869078945, 0.000585842179134, 0.00048454492935, 0.000681916193571, 0.000799504050519, 0.000798543216661, 0.000690304324962, 0.000558934814762, 0.000239599408815, 9.97830793494e-05, 6.93552428856e-05, 6.99694226114e-07, 3.44940502828e-07, 1.85784088558e-07, 7.11076637572e-08, 3.16397823497e-08, 1.52834829237e-08, 1.067025579e-08, 2.15025611396e-05],
        "median": [1.24925847445e-07, 2.65449902059e-08, 4.40387317724e-08, 1.37527962352e-07, 5.74038131163e-05, 0.000361117359716, 0.000641993596219, 0.000286738679279, 9.05899578356e-05, 4.20585747634e-05, 3.78630284104e-05, 4.54509172414e-05, 4.82794930576e-05, 6.77674470353e-05, 6.57891287119e-05, 7.12366017979e-05, 3.9863611164e-05, 1.52702850755e-05, 6.65084235152e-06, 8.33802786815e-08, 1.10870743697e-08, 6.53543841267e-09, 4.64370630837e-09, 4.8956017018e-09, 5.9685749676e-09, 2.76378564479e-09, 2.19876710617e-05],
        "min": [5.28359549453e-24, 1.65736189422e-23, 8.58675253105e-24, 8.1286365487e-24, 1.4145623405e-23, 1.61197020664e-23, 2.13081759241e-23, 2.69734515125e-23, 2.72063800497e-23, 4.78463324114e-23, 3.13015842006e-23, 6.84284581133e-23, 3.70469654584e-23, 4.07543750547e-23, 8.04435670063e-23, 9.77302736083e-23, 9.59892197251e-23, 1.40604661859e-22, 2.12665666668e-22, 2.78287685847e-22, 3.14571904852e-22, 5.09211708561e-22, 5.18891599847e-22, 7.30752779854e-22, 1.23399161229e-21, 1.4412834575e-21, 2.14531816221e-21],
        "var": [6.93445951702e-13, 1.93017563738e-12, 1.60248325026e-11, 4.9560570925e-11, 1.42814269566e-06, 1.09658913061e-05, 5.45287730347e-05, 5.85717389185e-05, 2.4769711672e-05, 4.47759839517e-06, 2.49510549111e-06, 3.3040123526e-06, 3.29548538502e-06, 3.82655025533e-06, 3.57393082595e-06, 1.72545094301e-06, 2.0969358161e-07, 6.24104856684e-08, 4.91385669932e-08, 6.69042295523e-12, 3.3720031975e-12, 1.22485528664e-12, 8.64010740124e-14, 8.97039908988e-15, 1.247038645e-15, 3.70463332599e-16, 1.25812598187e-11]
    },
    "erbbands": {
        "dmean": [1.40049733091e-05, 0.000107142761408, 0.000927481858525, 0.00364206335507, 0.0508855655789, 0.917718708515, 3.61265325546, 13.3329210281, 37.53956604, 76.0602722168, 72.3768157959, 39.5479202271, 19.66913414, 14.7320537567, 20.1759815216, 27.9699249268, 33.2636260986, 37.9922332764, 36.8911895752, 26.5005874634, 21.2001361847, 9.6259355545, 4.89593172073, 4.61938238144, 1.08584916592, 0.059862434864, 0.0217891503125, 0.0147202191874, 0.00913252960891, 0.00486273970455, 0.00200372724794, 0.000927320856135, 0.000408446969232, 0.00017842190573, 6.85235718265e-05, 3.04823461192e-05, 1.75243058038e-05, 1.81736231752e-05, 0.000172713058419, 9.05670895008e-05],
        "dmean2": [2.40489589487e-05, 0.000183991898666, 0.00152717984747, 0.00576148647815, 0.0692024156451, 1.21690416336, 5.23056268692, 19.9382400513, 58.8380699158, 117.477806091, 110.673965454, 57.5664291382, 26.8839168549, 21.7150497437, 30.708486557, 42.8393173218, 50.9824943542, 57.9968910217, 55.5001487732, 38.5910987854, 31.7876224518, 14.5946140289, 7.49254608154, 7.00060033798, 1.63374865055, 0.0905037820339, 0.0352685563266, 0.0246273241937, 0.0152937248349, 0.00808971468359, 0.00329200853594, 0.00154215993825, 0.000678389915265, 0.000292116223136, 0.00010441136692, 4.51936866739e-05, 2.66068636847e-05, 3.00981118926e-05, 0.000290469732136, 0.000155680332682],
        "dvar": [2.49876674907e-09, 1.7323849022e-07, 1.09791535579e-05, 0.000322514621075, 0.00900399219245, 6.93938875198, 118.012901306, 699.222839355, 4315.47753906, 17738.8183594, 18071.8847656, 8966.62890625, 3225.45336914, 2317.1184082, 3453.53833008, 4336.78173828, 4353.13037109, 6192.14453125, 7997.50878906, 3660.36303711, 1917.27539062, 304.071472168, 142.458786011, 212.78994751, 7.63118362427, 0.0240420717746, 0.00788945145905, 0.00484946835786, 0.00244974996895, 0.000554959464353, 4.71833045594e-05, 7.47556123315e-06, 1.32139746256e-06, 2.77880985777e-07, 2.8718696754e-08, 2.89008017518e-09, 9.4405161466e-10, 3.79991371702e-10, 2.8588660328e-08, 9.23736731551e-09],
        "dvar2": [6.78722811287e-09, 4.91327455165e-07, 2.7125221095e-05, 0.000825728056952, 0.0142022473738, 11.0833950043, 194.150878906, 1468.71606445, 9891.70410156, 37661.6796875, 40233.4179688, 16796.3554688, 5310.86425781, 4698.29248047, 7961.88916016, 9887.03613281, 9426.38867188, 13096.6015625, 16548.6816406, 7471.65917969, 4056.00292969, 665.359069824, 343.053863525, 472.820648193, 16.141828537, 0.0521856769919, 0.0183901414275, 0.0118816653267, 0.00633017672226, 0.00142877257895, 0.000112559129775, 1.74178276211e-05, 3.10901577905e-06, 6.59140141579e-07, 6.38769250827e-08, 5.95812954529e-09, 1.96547422782e-09, 9.50638789909e-10, 7.4329662425e-08, 2.5815973359e-08],
        "max": [0.00102770957164, 0.00871652644128, 0.0907003358006, 0.445056676865, 1.75642824173, 73.2549972534, 258.019866943, 299.203857422, 833.604492188, 1215.80664062, 1343.74206543, 1291.89135742, 960.167419434, 1012.07678223, 919.498046875, 972.63458252, 799.47088623, 1019.83898926, 1049.07751465, 1154.16687012, 686.967651367, 216.842453003, 228.701843262, 366.971099854, 56.2753868103, 3.34057879448, 1.95649242401, 1.64918315411, 1.50489473343, 0.666685819626, 0.105210267007, 0.0376572050154, 0.0123238302767, 0.0101421140134, 0.00388319324702, 0.000760084192734, 0.000376936979592, 0.000355512660462, 0.00184373417869, 0.00131837278605],
        "mean": [1.27017165141e-05, 9.02881802176e-05, 0.000818451226223, 0.00426589418203, 0.090982362628, 1.48392808437, 4.94026899338, 15.864068985, 42.6358528137, 83.7790145874, 76.3562774658, 46.0677566528, 23.1943798065, 16.9448757172, 21.7139530182, 29.6083126068, 35.7439918518, 41.2853012085, 40.9193229675, 32.1646766663, 27.5116062164, 12.725777626, 5.92759561539, 5.34788227081, 1.33197939396, 0.0727137699723, 0.0193807389587, 0.0121841989458, 0.00731418980286, 0.00391442188993, 0.00180392502807, 0.000906327564735, 0.000436824891949, 0.000218823741307, 0.000106489409518, 5.52723904548e-05, 2.71293829428e-05, 8.04211740615e-05, 0.00112988962792, 0.000644977611955],
        "median": [2.33207106248e-06, 1.4284953977e-05, 0.000118389252748, 0.0014489418827, 0.0300554484129, 0.256951004267, 1.15496325493, 3.72532844543, 9.28478431702, 10.8961858749, 5.57309627533, 2.33338665962, 1.49896204472, 1.41425192356, 1.73191189766, 2.03349089622, 2.49658560753, 3.39848327637, 4.27302312851, 3.52351236343, 4.14708423615, 2.47125935555, 1.02651524544, 0.6976531744, 0.157803311944, 0.0115811331198, 0.00142125203274, 0.000531040073838, 0.0002945298329, 0.000194960433873, 0.000141670563607, 0.000114748901979, 9.06393761397e-05, 7.12385590305e-05, 5.11433936481e-05, 2.86320264422e-05, 1.02694093584e-05, 8.13897495391e-05, 0.0011898156954, 0.000641123740934],
        "min": [8.87134647195e-22, 2.44689961054e-21, 5.9868638745e-21, 2.90335386686e-20, 6.35526418916e-20, 5.76893466029e-20, 1.35743595544e-19, 1.63111602818e-19, 2.90844509891e-19, 2.40715141722e-19, 8.74648165209e-19, 6.61546328587e-19, 1.33176409493e-18, 1.13657066687e-18, 3.59988464916e-18, 2.30394657373e-18, 2.47386270644e-18, 2.4099297101e-18, 2.70569165364e-18, 5.12214182172e-18, 6.28398192572e-18, 6.51830482247e-18, 8.50637469492e-18, 8.68580919493e-18, 1.111208296e-17, 1.33082698202e-17, 9.70818127099e-18, 1.31687401673e-17, 1.75690730195e-17, 1.6379767624e-17, 1.63380115467e-17, 1.40680277682e-17, 1.27786484078e-17, 1.01795633779e-17, 9.64018537028e-18, 5.61579493948e-18, 2.20418321519e-18, 1.21014993332e-18, 2.83616347204e-19, 3.08337777184e-20],
        "var": [2.13637507684e-09, 1.19989536529e-07, 1.00473098428e-05, 0.000295847130474, 0.0300910566002, 18.4986343384, 267.9637146, 1070.01794434, 5946.28564453, 25925.3027344, 23340.2636719, 14602.9277344, 5532.98339844, 3174.06665039, 3963.39575195, 5519.33105469, 5977.73925781, 8669.70410156, 11201.9121094, 6207.66601562, 3004.87524414, 521.710205078, 181.961120605, 272.402008057, 11.9540462494, 0.0348782166839, 0.00791005324572, 0.00427486700937, 0.0019143052632, 0.000440861971583, 4.75255801575e-05, 8.21272624307e-06, 1.46262834733e-06, 3.08098947244e-07, 3.83751270761e-08, 4.9495669785e-09, 1.63953806087e-09, 5.94581661684e-10, 4.39302212385e-08, 1.08737934212e-08]
    },
    "gfcc": {
        "mean": [-231.869003296, 107.508514404, -179.097213745, -97.1155014038, -17.5526447296, -75.2164154053, -45.712310791, -20.9135608673, 6.23608160019, -19.0623626709, 16.1672496796, -10.630607605, -1.58352124691],
        "cov": [[14872.6044922, 5503.58496094, -3727.52441406, -942.524291992, -1260.98400879, -1068.8137207, -736.034179688, 190.588928223, -165.864654541, -0.0622291304171, -242.052581787, -142.659835815, -453.561462402], [5503.58496094, 3203.4543457, -876.82232666, -831.284973145, -665.745300293, -593.843261719, -413.452270508, -55.8160934448, -226.973922729, -102.305419922, -51.4568710327, -7.3829665184, -184.557418823], [-3727.52441406, -876.82232666, 1717.07141113, 254.120910645, 61.9202423096, 232.571350098, 82.7109985352, -219.359039307, -30.6877307892, -64.6820526123, 22.7347393036, 79.665397644, 159.284576416], [-942.524291992, -831.284973145, 254.120910645, 736.857543945, 246.436843872, -17.1921577454, -69.5669174194, -17.3981590271, 7.80378198624, -24.2497005463, -68.1903762817, 10.2380638123, 96.7574005127], [-1260.98400879, -665.745300293, 61.9202423096, 246.436843872, 435.158935547, -13.2501354218, -70.0517349243, -26.4770908356, -9.76229572296, -44.0532302856, 9.61992454529, -14.4246377945, 54.3855438232], [-1068.8137207, -593.843261719, 232.571350098, -17.1921577454, -13.2501354218, 517.283325195, 308.162811279, -3.41715550423, 91.4815216064, 85.1119003296, -17.2073764801, -30.9656333923, -23.8211956024], [-736.034179688, -413.452270508, 82.7109985352, -69.5669174194, -70.0517349243, 308.162811279, 445.287231445, 173.777770996, -16.7131080627, 0.979783117771, 55.2706336975, 2.87358880043, -39.2735366821], [190.588928223, -55.8160934448, -219.359039307, -17.3981590271, -26.4770908356, -3.41715550423, 173.777770996, 226.213912964, 19.2453746796, -20.3223667145, 20.2387123108, 7.72428703308, -25.5300693512], [-165.864654541, -226.973922729, -30.6877307892, 7.80378198624, -9.76229572296, 91.4815216064, -16.7131080627, 19.2453746796, 209.111526489, 134.965621948, -33.0934104919, -24.0293712616, 3.00018453598], [-0.0622291304171, -102.305419922, -64.6820526123, -24.2497005463, -44.0532302856, 85.1119003296, 0.979783117771, -20.3223667145, 134.965621948, 182.980606079, 28.7299785614, -33.8833808899, -33.1438865662], [-242.052581787, -51.4568710327, 22.7347393036, -68.1903762817, 9.61992454529, -17.2073764801, 55.2706336975, 20.2387123108, -33.0934104919, 28.7299785614, 128.220596313, 35.2735443115, -23.7934455872], [-142.659835815, -7.3829665184, 79.665397644, 10.2380638123, -14.4246377945, -30.9656333923, 2.87358880043, 7.72428703308, -24.0293712616, -33.8833808899, 35.2735443115, 86.6069107056, 42.3083152771], [-453.561462402, -184.557418823, 159.284576416, 96.7574005127, 54.3855438232, -23.8211956024, -39.2735366821, -25.5300693512, 3.00018453598, -33.1438865662, -23.7934455872, 42.3083152771, 103.753684998]],
        "icov": [[0.00120931467973, -0.00170796993189, 0.00222064577974, -0.00178377132397, 0.00192015280481, -0.000401983910706, -0.000135720387334, 0.00127018883359, -0.00176786363591, 0.00204903143458, -0.00140323163942, 0.00117462326307, -0.000430011627031], [-0.00170796993189, 0.00422560796142, -0.00293310498819, 0.00397965265438, -0.000817063613795, 0.00102525716648, 0.00246932543814, -0.00285797007382, 0.00545332254842, -0.00389259122312, 0.00415614899248, -0.00269025471061, 0.00238586706109], [0.00222064577974, -0.00293310498819, 0.00523413391784, -0.00360940070823, 0.00420581921935, -0.000708246370777, -0.00102345261257, 0.00438907369971, -0.00437937304378, 0.00555286929011, -0.00394553225487, 0.00261399801821, -0.00192421954125], [-0.00178377132397, 0.00397965265438, -0.00360940070823, 0.00607993453741, -0.0028261388652, 0.00109391601291, 0.00239270343445, -0.00413576001301, 0.00684092380106, -0.00643035955727, 0.00668045505881, -0.00393636757508, 0.00165827164892], [0.00192015280481, -0.000817063613795, 0.00420581921935, -0.0028261388652, 0.00945630576462, -0.00188507337589, 0.00408195424825, 0.000815158011392, -0.00164283299819, 0.00666884332895, -0.00563517492265, 0.00564871449023, -0.00194243656006], [-0.000401983910706, 0.00102525716648, -0.000708246370777, 0.00109391601291, -0.00188507337589, 0.00945706386119, -0.00965527258813, 0.00739784212783, -0.0032024984248, -0.00201770639978, 0.00591216981411, -0.00314159318805, 0.00354351312853], [-0.000135720387334, 0.00246932543814, -0.00102345261257, 0.00239270343445, 0.00408195424825, -0.00965527258813, 0.0188418645412, -0.015322137624, 0.0112812388688, -0.00272299535573, -0.00207346281968, 0.00161434418987, -0.000185402808711], [0.00127018883359, -0.00285797007382, 0.00438907369971, -0.00413576001301, 0.000815158011392, 0.00739784212783, -0.015322137624, 0.0212163813412, -0.0150645952672, 0.010631326586, -0.00386918545701, 0.000817560008727, 0.000890626455657], [-0.00176786363591, 0.00545332254842, -0.00437937304378, 0.00684092380106, -0.00164283299819, -0.0032024984248, 0.0112812388688, -0.0150645952672, 0.0278601218015, -0.022249687463, 0.0150344464928, -0.00756949977949, 0.00162628816906], [0.00204903143458, -0.00389259122312, 0.00555286929011, -0.00643035955727, 0.00666884332895, -0.00201770639978, -0.00272299535573, 0.010631326586, -0.022249687463, 0.0295879207551, -0.019793337211, 0.0129599301144, -0.00259725772776], [-0.00140323163942, 0.00415614899248, -0.00394553225487, 0.00668045505881, -0.00563517492265, 0.00591216981411, -0.00207346281968, -0.00386918545701, 0.0150344464928, -0.019793337211, 0.0292491707951, -0.018453001976, 0.0111349215731], [0.00117462326307, -0.00269025471061, 0.00261399801821, -0.00393636757508, 0.00564871449023, -0.00314159318805, 0.00161434418987, 0.000817560008727, -0.00756949977949, 0.0129599301144, -0.018453001976, 0.0285040158778, -0.0143587775528], [-0.000430011627031, 0.00238586706109, -0.00192421954125, 0.00165827164892, -0.00194243656006, 0.00354351312853, -0.000185402808711, 0.000890626455657, 0.00162628816906, -0.00259725772776, 0.0111349215731, -0.0143587775528, 0.0229227542877]]
    },
    "melbands": {
        "dmean": [1.22544747683e-07, 3.59408261374e-07, 8.37974312162e-07, 2.73387904599e-05, 0.000109031549073, 0.00029955842183, 0.000616273086052, 0.000845987349749, 0.000547837931663, 0.000223783354159, 9.50262256083e-05, 5.91128846281e-05, 6.35850519757e-05, 7.25497448002e-05, 7.91570128058e-05, 7.60414259275e-05, 7.24450001144e-05, 6.32069277344e-05, 4.43275239377e-05, 3.56958917109e-05, 2.39978799073e-05, 1.19727010315e-05, 5.09117398906e-06, 4.05278296967e-06, 4.07678908232e-06, 1.50122116338e-06, 8.32003337337e-08, 1.77752035313e-08, 1.33463871066e-08, 1.03976356414e-08, 7.85764608935e-09, 5.47109246796e-09, 3.73021080691e-09, 2.24771734558e-09, 1.23115406758e-09, 7.48532957839e-10, 4.89992824093e-10, 2.98463753712e-10, 2.11477585443e-10, 1.24310409189e-10],
        "dmean2": [2.09458136169e-07, 5.98592180268e-07, 1.33200899199e-06, 3.66341919289e-05, 0.000155760455527, 0.000448340579169, 0.000967304280493, 0.0013054960873, 0.00084256217815, 0.000324115622789, 0.000131766806589, 8.75484765857e-05, 9.67102023424e-05, 0.000112683788757, 0.000123384132166, 0.000117466552183, 0.000112186389742, 9.81096600299e-05, 6.51646259939e-05, 5.34369246452e-05, 3.64637598977e-05, 1.84435666597e-05, 7.92466471466e-06, 6.51343407299e-06, 6.23314235781e-06, 2.29716238209e-06, 1.30436404788e-07, 2.95400592876e-08, 2.21449347748e-08, 1.71645275771e-08, 1.32925581653e-08, 9.25763021797e-09, 6.20828277675e-09, 3.78337094986e-09, 2.02862371346e-09, 1.23837118338e-09, 8.21783086025e-10, 5.01269858955e-10, 3.56213641917e-10, 2.04414332683e-10],
        "dvar": [1.88790281151e-13, 1.69088430323e-12, 1.01826212393e-11, 5.94831961465e-09, 9.14951598929e-08, 3.36459606842e-07, 1.07131972982e-06, 2.05108767659e-06, 1.04988362182e-06, 3.1184615068e-07, 8.05530007142e-08, 3.90320593624e-08, 3.70387738258e-08, 3.5977986812e-08, 3.12942027847e-08, 2.45762805662e-08, 2.54172718428e-08, 2.53980303455e-08, 1.28988162373e-08, 8.78500738821e-09, 2.43456943494e-09, 5.30877841687e-10, 1.2997765364e-10, 1.4146642191e-10, 1.90302745784e-10, 1.78389438638e-11, 2.84833429358e-14, 7.17986884817e-15, 3.40355752954e-15, 2.15206380887e-15, 1.55283596193e-15, 8.93760472702e-16, 4.18218335482e-16, 1.02199190385e-16, 1.93504693344e-17, 5.20736003637e-18, 2.17287918529e-18, 7.32016688404e-19, 4.03844981287e-19, 1.51782834416e-19],
        "dvar2": [5.08675187475e-13, 4.20180296806e-12, 2.63939564649e-11, 9.83753611905e-09, 1.46010762592e-07, 7.03000921476e-07, 2.42903320213e-06, 4.36560367234e-06, 2.30532623391e-06, 5.76315414946e-07, 1.35861057515e-07, 7.75691901822e-08, 8.46104342145e-08, 8.3165524245e-08, 7.27474329665e-08, 5.42705151929e-08, 5.47108349735e-08, 5.44245999379e-08, 2.75608282863e-08, 1.93004954241e-08, 5.26627230713e-09, 1.18304743779e-09, 2.97015301243e-10, 3.64661967289e-10, 4.20044471428e-10, 3.88601997803e-11, 6.66748489644e-14, 1.74766664763e-14, 8.0529107891e-15, 5.11357305444e-15, 3.91211780513e-15, 2.31520044869e-15, 1.08816353382e-15, 2.61288435465e-16, 4.71353023283e-17, 1.2193072363e-17, 5.23305971082e-18, 1.74938566592e-18, 9.91628461027e-19, 3.58357440524e-19],
        "max": [7.64597825764e-06, 3.41950362781e-05, 8.01199639682e-05, 0.00182245043106, 0.00666911993176, 0.00622158590704, 0.0115252286196, 0.0139650953934, 0.00944895669818, 0.0070642051287, 0.0050445953384, 0.00386093300767, 0.00296445470303, 0.00233941106126, 0.00214821728878, 0.00172707892489, 0.00193220574874, 0.00196182890795, 0.00204310938716, 0.00129930838011, 0.000868348171934, 0.000302676169667, 0.000187766374438, 0.000243081027293, 0.000373759161448, 9.52582340688e-05, 2.55048053077e-06, 1.88944034107e-06, 1.28543706523e-06, 9.17573458992e-07, 1.01018997611e-06, 9.01354212601e-07, 6.26139524229e-07, 2.53305302067e-07, 7.50017932205e-08, 3.32855485397e-08, 2.16517488383e-08, 8.00545141288e-09, 9.17610787354e-09, 8.56754134304e-09],
        "mean": [1.08449100367e-07, 2.98602628845e-07, 9.68486460806e-07, 4.27885570389e-05, 0.000157145768753, 0.000356681470294, 0.000706279941369, 0.000931426126044, 0.000581469445024, 0.000259237451246, 0.000108829546662, 6.6388383857e-05, 6.83839170961e-05, 7.48708625906e-05, 8.10854835436e-05, 7.8173361544e-05, 7.59863614803e-05, 6.71041343594e-05, 4.87511242682e-05, 4.12908666476e-05, 3.01767595374e-05, 1.49152301674e-05, 5.85495672567e-06, 4.61725721834e-06, 4.54747123513e-06, 1.7838470967e-06, 9.46655660528e-08, 1.55843977723e-08, 1.09536983928e-08, 8.34926705551e-09, 6.29239416128e-09, 4.32302771358e-09, 2.92166757454e-09, 1.81444015368e-09, 1.07788922232e-09, 6.94508173193e-10, 4.70544492259e-10, 3.02714381339e-10, 2.25632706963e-10, 1.50130366472e-10],
        "median": [1.32821886822e-08, 1.84734574304e-08, 2.11445069453e-07, 7.32546777726e-06, 3.65036903531e-05, 8.03620132501e-05, 0.000141887852806, 0.000107663072413, 3.64209190593e-05, 1.21051616588e-05, 6.95846983945e-06, 5.51206812816e-06, 5.36355901204e-06, 5.1626466302e-06, 5.07057393406e-06, 4.92899380333e-06, 5.79405877943e-06, 6.42858094579e-06, 4.70827262689e-06, 4.54845940112e-06, 4.56177440356e-06, 2.49947106568e-06, 9.19856120163e-07, 6.69809651299e-07, 4.97404357702e-07, 1.61759331263e-07, 1.75849290684e-08, 8.90870877068e-10, 3.46877998547e-10, 2.78189554725e-10, 1.89715201881e-10, 1.41996234215e-10, 1.11339215625e-10, 8.88693563184e-11, 7.39733274635e-11, 6.6878752536e-11, 6.1732070844e-11, 5.72259462039e-11, 5.73056602171e-11, 5.25946508567e-11],
        "min": [7.51237998727e-24, 3.94147212102e-24, 7.23564205969e-24, 3.65095713217e-24, 4.45729840619e-24, 3.51639402782e-24, 4.6867946096e-24, 2.52884154311e-24, 8.10061463163e-24, 3.54244497592e-24, 6.65276456973e-24, 3.53735011776e-24, 8.68188126761e-24, 7.91397645234e-24, 4.61563186177e-24, 5.78346588459e-24, 4.10457463521e-24, 3.39006505359e-24, 7.54527548701e-24, 6.59646396136e-24, 7.29343874277e-24, 5.88141401003e-24, 8.45315025928e-24, 5.5261445849e-24, 5.78487597346e-24, 8.32273892988e-24, 8.08668098146e-24, 7.61579965194e-24, 5.0022640299e-24, 6.03855825779e-24, 7.07984834179e-24, 9.08926402743e-24, 9.14801759879e-24, 8.52065860897e-24, 1.01614814032e-23, 7.92267364382e-24, 8.88808714166e-24, 8.11685412222e-24, 8.64306300019e-24, 8.4049745238e-24],
        "var": [1.59396774209e-13, 1.50599855937e-12, 9.60101703001e-12, 1.45355087966e-08, 2.33691849871e-07, 5.27514373516e-07, 1.52760037508e-06, 2.96933808386e-06, 1.39142980515e-06, 5.08674247612e-07, 1.35042640181e-07, 5.45171978672e-08, 4.35937010934e-08, 4.22667589817e-08, 3.78704214654e-08, 3.22559898791e-08, 3.40595178727e-08, 3.31505347617e-08, 1.82426891371e-08, 1.26949251111e-08, 3.57180529598e-09, 8.38304203832e-10, 1.82044962438e-10, 1.42405628956e-10, 2.38277148013e-10, 2.63600079264e-11, 3.88470959773e-14, 6.34465073998e-15, 3.24859242832e-15, 1.99936579134e-15, 1.2890138921e-15, 6.93178412111e-16, 3.20321946737e-16, 8.31653674433e-17, 1.86815780039e-17, 5.56416728873e-18, 2.25213921799e-18, 7.80064404862e-19, 4.06817945957e-19, 1.68233440547e-19]
    },
    "mfcc": {
        "mean": [-856.435058594, 168.230010986, -85.0541534424, -42.9198875427, 0.52211856842, -47.5550079346, -44.1787109375, -18.5493812561, -26.0426254272, -11.7319955826, 4.01096010208, -5.03049468994, 0.419200718403],
        "cov": [[11411.8359375, 5704.30859375, -3187.74975586, -846.659790039, -569.835510254, -1675.56445312, -879.502746582, -183.78894043, -633.470214844, -161.996261597, 119.390602112, -194.982498169, -50.5486831665], [5704.30859375, 3673.57446289, -1134.27258301, -786.663757324, -488.072387695, -985.058105469, -520.471252441, -211.646560669, -450.269470215, -258.667480469, -29.7107696533, -39.6669921875, 16.326965332], [-3187.74975586, -1134.27258301, 1686.68811035, 240.496368408, -158.606506348, 527.424926758, 204.846481323, -76.4854888916, 146.611419678, -98.9623718262, -179.61618042, 119.949501038, 37.6691017151], [-846.659790039, -786.663757324, 240.496368408, 606.264831543, 284.165252686, 63.0068817139, -24.34557724, 22.7845954895, 33.6488571167, -22.5015945435, -97.1389007568, -106.918502808, -27.2332439423], [-569.835510254, -488.072387695, -158.606506348, 284.165252686, 465.576690674, 22.26820755, -150.740631104, -62.5073890686, -28.4699935913, -18.7762947083, -52.4601669312, -110.777259827, -34.3051109314], [-1675.56445312, -985.058105469, 527.424926758, 63.0068817139, 22.26820755, 596.881103516, 220.581298828, -55.7729797363, 189.416046143, 119.996109009, 14.4001321793, 92.75806427, -11.2885551453], [-879.502746582, -520.471252441, 204.846481323, -24.34557724, -150.740631104, 220.581298828, 420.447387695, 235.578872681, 84.5915908813, 72.4836959839, 87.9132843018, 65.109085083, 6.98598718643], [-183.78894043, -211.646560669, -76.4854888916, 22.7845954895, -62.5073890686, -55.7729797363, 235.578872681, 301.763305664, 69.4335174561, 6.99266433716, 43.7218589783, 10.0088167191, 9.81830120087], [-633.470214844, -450.269470215, 146.611419678, 33.6488571167, -28.4699935913, 189.416046143, 84.5915908813, 69.4335174561, 231.095672607, 133.963546753, 7.03168821335, 40.2454032898, 15.4764881134], [-161.996261597, -258.667480469, -98.9623718262, -22.5015945435, -18.7762947083, 119.996109009, 72.4836959839, 6.99266433716, 133.963546753, 222.687515259, 125.535049438, 22.6068325043, 1.62758433819], [119.390602112, -29.7107696533, -179.61618042, -97.1389007568, -52.4601669312, 14.4001321793, 87.9132843018, 43.7218589783, 7.03168821335, 125.535049438, 197.907867432, 85.1247634888, -9.36244297028], [-194.982498169, -39.6669921875, 119.949501038, -106.918502808, -110.777259827, 92.75806427, 65.109085083, 10.0088167191, 40.2454032898, 22.6068325043, 85.1247634888, 164.24987793, 51.9659957886], [-50.5486831665, 16.326965332, 37.6691017151, -27.2332439423, -34.3051109314, -11.2885551453, 6.98598718643, 9.81830120087, 15.4764881134, 1.62758433819, -9.36244297028, 51.9659957886, 108.194732666]],
