{
"lowlevel": {
    "average_loudness": 0.97027361393,
    "barkbands_crest": {
        "dmean": 3.74174594879,
        "dmean2": 6.10784387589,
        "dvar": 9.4770565033,
        "dvar2": 23.7199058533,
        "max": 26.8889007568,
        "mean": 12.1572914124,
        "median": 11.3530817032,
        "min": 3.3646094799,
        "var": 19.9003238678
    },
    "barkbands_flatness_db": {
        "dmean": 0.0420492477715,
        "dmean2": 0.0632806494832,
        "dvar": 0.00131111999508,
        "dvar2": 0.00272051780485,
        "max": 0.500200986862,
        "mean": 0.309011757374,
        "median": 0.315342962742,
        "min": 0.0665831416845,
        "var": 0.00401470810175
    },
    "barkbands_kurtosis": {
        "dmean": 6.6242108345,
        "dmean2": 10.7745342255,
        "dvar": 220.971511841,
        "dvar2": 545.253173828,
        "max": 363.234008789,
        "mean": 6.30945634842,
        "median": 1.20229291916,
        "min": -1.97121024132,
        "var": 364.130249023
    },
    "barkbands_skewness": {
        "dmean": 1.08980512619,
        "dmean2": 1.67920839787,
        "dvar": 1.36669826508,
        "dvar2": 3.24577379227,
        "max": 9.45706176758,
        "mean": 0.890723586082,
        "median": 0.791560232639,
        "min": -18.3015403748,
        "var": 3.63440203667
    },
    "barkbands_spread": {
        "dmean": 9.93119907379,
        "dmean2": 16.070526123,
        "dvar": 212.460098267,
        "dvar2": 499.398284912,
        "max": 106.024269104,
        "mean": 16.853597641,
        "median": 11.0805358887,
        "min": 0.209531962872,
        "var": 279.804840088
    },
    "dissonance": {
        "dmean": 0.0497999712825,
        "dmean2": 0.0793740898371,
        "dvar": 0.00269993743859,
        "dvar2": 0.00636883499101,
        "max": 0.500000238419,
        "mean": 0.418660849333,
        "median": 0.438218683004,
        "min": 0.110983118415,
        "var": 0.00579769676551
    },
    "dynamic_complexity": 4.60676717758,
    "erbbands_crest": {
        "dmean": 3.94860339165,
        "dmean2": 6.59134244919,
        "dvar": 10.7512578964,
        "dvar2": 28.0808429718,
        "max": 30.7933139801,
        "mean": 13.3879451752,
        "median": 12.6305484772,
        "min": 3.20647144318,
        "var": 23.5360393524
    },
    "erbbands_flatness_db": {
        "dmean": 0.0479842834175,
        "dmean2": 0.0733957365155,
        "dvar": 0.00220124213956,
        "dvar2": 0.00503703206778,
        "max": 0.58047324419,
        "mean": 0.384876012802,
        "median": 0.4018009305,
        "min": 0.0427804850042,
        "var": 0.00624067429453
    },
    "erbbands_kurtosis": {
        "dmean": 3.75580334663,
        "dmean2": 6.18516731262,
        "dvar": 44.1179389954,
        "dvar2": 113.144721985,
        "max": 107.08618927,
        "mean": 2.82094955444,
        "median": 0.187948703766,
        "min": -1.96152126789,
        "var": 51.5496749878
    },
    "erbbands_skewness": {
        "dmean": 0.895788311958,
        "dmean2": 1.38407385349,
        "dvar": 0.806965172291,
        "dvar2": 1.87596273422,
        "max": 5.56056070328,
        "mean": -0.309985876083,
        "median": -0.10909473151,
        "min": -7.47708320618,
        "var": 1.96353816986
    },
    "erbbands_spread": {
        "dmean": 6.51676416397,
        "dmean2": 10.3631486893,
        "dvar": 49.3898963928,
        "dvar2": 117.523391724,
        "max": 90.0210571289,
        "mean": 15.1637849808,
        "median": 13.3931789398,
        "min": 0.417505681515,
        "var": 103.012954712
    },
    "hfc": {
        "dmean": 11.8923501968,
        "dmean2": 16.605796814,
        "dvar": 196.420761108,
        "dvar2": 342.482696533,
        "max": 112.29598999,
        "mean": 17.21251297,
        "median": 7.38385725021,
        "min": 1.06630807208e-16,
        "var": 417.114929199
    },
    "melbands_crest": {
        "dmean": 4.41627168655,
        "dmean2": 7.2076830864,
        "dvar": 13.240942955,
        "dvar2": 32.9712677002,
        "max": 33.2877349854,
        "mean": 14.0595808029,
        "median": 13.3624010086,
        "min": 1.74793815613,
        "var": 28.6431827545
    },
    "melbands_flatness_db": {
        "dmean": 0.0502607114613,
        "dmean2": 0.0726761296391,
        "dvar": 0.00196974002756,
        "dvar2": 0.00392469251528,
        "max": 0.587124764919,
        "mean": 0.36041495204,
        "median": 0.375844091177,
        "min": 0.00259766587988,
        "var": 0.00730322534218
    },
    "melbands_kurtosis": {
        "dmean": 4.5295624733,
        "dmean2": 7.38510656357,
        "dvar": 55.8070144653,
        "dvar2": 136.191146851,
        "max": 112.381958008,
        "mean": 3.96412754059,
        "median": 1.07790803909,
        "min": -1.96594846249,
        "var": 70.9184265137
    },
    "melbands_skewness": {
        "dmean": 1.02467679977,
        "dmean2": 1.57637345791,
        "dvar": 1.14997816086,
        "dvar2": 2.59900426865,
        "max": 7.442902565,
        "mean": 0.86283659935,
        "median": 0.905416607857,
        "min": -6.28132677078,
        "var": 2.77923321724
    },
    "melbands_spread": {
        "dmean": 8.87151527405,
        "dmean2": 14.1619739532,
        "dvar": 100.69480896,
        "dvar2": 227.23500061,
        "max": 148.674972534,
        "mean": 19.6017627716,
        "median": 15.0823936462,
        "min": 0.656357705593,
        "var": 238.521728516
    },
    "pitch_salience": {
        "dmean": 0.108517579734,
        "dmean2": 0.177310734987,
        "dvar": 0.0112233301625,
        "dvar2": 0.0280603822321,
        "max": 0.958099484444,
        "mean": 0.629673540592,
        "median": 0.653269350529,
        "min": 0.175357311964,
        "var": 0.0208729282022
    },
    "silence_rate_20dB": {
        "dmean": 0,
        "dmean2": 0,
        "dvar": 0,
        "dvar2": 0,
        "max": 1,
        "mean": 1,
        "median": 1,
        "min": 1,
        "var": 0
    },
    "silence_rate_30dB": {
        "dmean": 0,
        "dmean2": 0,
        "dvar": 0,
        "dvar2": 0,
        "max": 1,
        "mean": 1,
        "median": 1,
        "min": 1,
        "var": 0
    },
    "silence_rate_60dB": {
        "dmean": 0.188373804092,
        "dmean2": 0.376886278391,
        "dvar": 0.152892068028,
        "dvar2": 0.27752879262,
        "max": 1,
        "mean": 0.329900711775,
        "median": 0,
        "min": 0,
        "var": 0.221064820886
    },
    "spectral_centroid": {
        "dmean": 328.666259766,
        "dmean2": 494.85369873,
        "dvar": 196582.046875,
        "dvar2": 335738.28125,
        "max": 11511.7480469,
        "mean": 1426.38647461,
        "median": 1309.3046875,
        "min": 374.813659668,
        "var": 481258.34375
    },
    "spectral_complexity": {
        "dmean": 3.88888883591,
        "dmean2": 5.61207199097,
        "dvar": 16.0737190247,
        "dvar2": 30.3617897034,
        "max": 40,
        "mean": 8.46267032623,
        "median": 9,
        "min": 0,
        "var": 40.3252601624
    },
    "spectral_decrease": {
        "dmean": 2.72018807479e-09,
        "dmean2": 3.8424996518e-09,
        "dvar": 1.05563813701e-17,
        "dvar2": 1.86320298852e-17,
        "max": 4.20008168869e-12,
        "mean": -3.76653819245e-09,
        "median": -1.56250712369e-09,
        "min": -2.51110154892e-08,
        "var": 2.04291045813e-17
    },
    "spectral_energy": {
        "dmean": 0.0113192005083,
        "dmean2": 0.0159739758819,
        "dvar": 0.000180179747986,
        "dvar2": 0.000316291931085,
        "max": 0.104960180819,
        "mean": 0.0157769937068,
        "median": 0.0067236549221,
        "min": 1.01410719434e-20,
        "var": 0.000352734816261
    },
    "spectral_energyband_high": {
        "dmean": 4.94780942972e-06,
        "dmean2": 8.37471998238e-06,
        "dvar": 1.14049540645e-10,
        "dvar2": 2.98890800998e-10,
        "max": 0.000190024613403,
        "mean": 2.18918885366e-05,
        "median": 2.06454751606e-05,
        "min": 7.18560327456e-21,
        "var": 9.45821476694e-11
    },
    "spectral_energyband_low": {
        "dmean": 2.65693233814e-06,
        "dmean2": 4.60204046249e-06,
        "dvar": 2.30515287414e-10,
        "dvar2": 6.19747142494e-10,
        "max": 0.00044551998144,
        "mean": 3.05125558953e-06,
        "median": 9.8015128458e-08,
        "min": 7.31010074727e-23,
        "var": 4.22359480723e-10
    },
    "spectral_energyband_middle_high": {
        "dmean": 0.00520296953619,
        "dmean2": 0.00722718704492,
        "dvar": 4.43283424829e-05,
        "dvar2": 7.95532105258e-05,
        "max": 0.067831069231,
        "mean": 0.00701774470508,
        "median": 0.00227340334095,
        "min": 1.44514127763e-21,
        "var": 9.10382077564e-05
    },
    "spectral_energyband_middle_low": {
        "dmean": 0.0070722787641,
        "dmean2": 0.0103608965874,
        "dvar": 8.88285067049e-05,
        "dvar2": 0.000170428233105,
        "max": 0.0726325586438,
        "mean": 0.00899406522512,
        "median": 0.00290968758054,
        "min": 3.11087133891e-22,
        "var": 0.000146997204865
    },
    "spectral_entropy": {
        "dmean": 0.30072709918,
        "dmean2": 0.448609262705,
        "dvar": 0.0662666782737,
        "dvar2": 0.135975658894,
        "max": 9.81409645081,
        "mean": 6.52594566345,
        "median": 6.4981918335,
        "min": 4.81659603119,
        "var": 0.266699254513
    },
    "spectral_flux": {
        "dmean": 0.041413731873,
        "dmean2": 0.0650445148349,
        "dvar": 0.00156597024761,
        "dvar2": 0.00326367118396,
        "max": 0.314687758684,
        "mean": 0.0892973840237,
        "median": 0.0823929533362,
        "min": 6.6230812501e-11,
        "var": 0.00394806358963
    },
    "spectral_kurtosis": {
        "dmean": 22.721326828,
        "dmean2": 37.513256073,
        "dvar": 428.928405762,
        "dvar2": 1098.52050781,
        "max": 235.009368896,
        "mean": 56.2295074463,
        "median": 51.6191596985,
        "min": -1.2783665657,
        "var": 896.275939941
    },
    "spectral_rms": {
        "dmean": 0.00147873663809,
        "dmean2": 0.00199309550226,
        "dvar": 2.07000039154e-06,
        "dvar2": 3.13925352202e-06,
        "max": 0.0101192975417,
        "mean": 0.003100262722,
        "median": 0.00256118387915,
        "min": 3.1454298801e-12,
        "var": 5.78052367928e-06
    },
    "spectral_rolloff": {
        "dmean": 2130.29467773,
        "dmean2": 4060.21557617,
        "dvar": 26582206,
        "dvar2": 61433288,
        "max": 19767.4804688,
        "mean": 3943.80957031,
        "median": 2002.58789062,
        "min": 236.865234375,
        "var": 32946462
    },
    "spectral_skewness": {
        "dmean": 1.37139713764,
        "dmean2": 2.26081776619,
        "dvar": 1.32986438274,
        "dvar2": 3.44773864746,
        "max": 11.4625549316,
        "mean": 4.40840196609,
        "median": 4.3329782486,
        "min": -0.052095670253,
        "var": 2.98433613777
    },
    "spectral_spread": {
        "dmean": 646852.3125,
        "dmean2": 1059327,
        "dvar": 2.09881124045e+12,
        "dvar2": 4.73366685286e+12,
        "max": 47920416,
        "mean": 1671060.5,
        "median": 1205311,
        "min": 424816.8125,
        "var": 5.37215578931e+12
    },
    "spectral_strongpeak": {
        "dmean": 1.28326666355,
        "dmean2": 2.10538291931,
        "dvar": 1.98474383354,
        "dvar2": 4.80098104477,
        "max": 17.9508113861,
        "mean": 1.77411258221,
        "median": 1.25661456585,
        "min": 0,
        "var": 2.83589053154
    },
    "zerocrossingrate": {
        "dmean": 0.0656948462129,
        "dmean2": 0.0725474134088,
        "dvar": 0.0071841487661,
        "dvar2": 0.00829963386059,
        "max": 0.861328125,
        "mean": 0.166941002011,
        "median": 0.0888671875,
        "min": 0.01806640625,
        "var": 0.0313074104488
    },
    "barkbands": {
        "dmean": [6.3351717472e-07, 1.38099869673e-06, 6.44985959752e-07, 2.08483174902e-06, 5.22173577338e-05, 0.0007526036934, 0.00161070434842, 0.00293005490676, 0.00311815156601, 0.00133331585675, 0.000386561616324, 0.000349004199961, 0.000831975834444, 0.00101523031481, 0.00118627434131, 0.0011655803537, 0.000705890241079, 0.000167072226759, 2.10840498767e-05, 1.58797593031e-06, 1.1164369198e-06, 4.72878014079e-07, 1.71492601453e-07, 7.32384748403e-08, 2.1425043073e-08, 1.67640852311e-08, 3.21183870255e-06],
        "dmean2": [1.03575359844e-06, 2.374510359e-06, 1.15915690913e-06, 3.51824360223e-06, 8.23495429358e-05, 0.00116627651732, 0.00252459826879, 0.00472353305668, 0.00489829434082, 0.00203044246882, 0.000585057714488, 0.000549472984858, 0.00127253716346, 0.00157154805493, 0.00183275900781, 0.00182676548138, 0.00106298318133, 0.000269490323262, 3.45460102835e-05, 2.64519258053e-06, 1.9149590571e-06, 8.12584801224e-07, 2.92477977837e-07, 1.23420605291e-07, 3.41114905211e-08, 2.57447929641e-08, 5.46130422663e-06],
        "dvar": [8.40842846739e-12, 1.32178323842e-10, 1.39395673823e-11, 6.34815464085e-11, 3.21866906461e-08, 2.47154139288e-06, 1.28924757519e-05, 3.53275536327e-05, 3.73957809643e-05, 9.53441212914e-06, 1.47400123751e-06, 9.00675729554e-07, 4.75822662338e-06, 4.9989762374e-06, 7.5519933489e-06, 8.16444753582e-06, 2.5608831038e-06, 1.86732876273e-07, 4.48489156923e-09, 5.02343514008e-11, 2.87317843128e-11, 3.78421209299e-12, 4.78625114802e-13, 6.42323379815e-14, 3.62149783632e-15, 1.01680450203e-15, 1.03029989054e-11],
        "dvar2": [1.94599249909e-11, 3.74261621694e-10, 3.98056726469e-11, 1.76832742893e-10, 7.89047334138e-08, 5.10596737513e-06, 2.71758126473e-05, 8.14607701614e-05, 8.13128062873e-05, 2.06509539566e-05, 3.02704029309e-06, 2.14109877561e-06, 1.07398127511e-05, 1.0957934137e-05, 1.71064402821e-05, 1.82793010026e-05, 5.36630386705e-06, 4.74911558968e-07, 1.01370201122e-08, 1.2653410264e-10, 7.63705140794e-11, 1.01108409839e-11, 1.31052634023e-12, 1.69157155189e-13, 8.9508995444e-15, 2.21398657599e-15, 2.95285150498e-11],
        "max": [8.1288832007e-05, 0.00041904480895, 6.75432165735e-05, 0.00019899768813, 0.00499348854646, 0.0286644976586, 0.0443541333079, 0.0644507855177, 0.0493232794106, 0.0392098650336, 0.0206071473658, 0.0204606559128, 0.0329960696399, 0.0214187353849, 0.0365613028407, 0.0355050973594, 0.0273502953351, 0.00932580418885, 0.00123075384181, 0.000162825497682, 8.94631302799e-05, 3.37976307492e-05, 1.3134924302e-05, 5.00303394801e-06, 1.15891225505e-06, 3.86903934668e-07, 4.83554322273e-05],
        "mean": [6.44432986974e-07, 1.64192147167e-06, 4.91321998197e-07, 2.00330600819e-06, 6.20526188868e-05, 0.000970942084678, 0.00169865286443, 0.00267565739341, 0.00301861483604, 0.00125834753271, 0.0003751097247, 0.000344112544553, 0.000848315830808, 0.00100343942177, 0.00123546575196, 0.00125307578128, 0.00081350968685, 0.000172565007233, 1.95276625163e-05, 1.22285268844e-06, 7.98061250862e-07, 3.44454349488e-07, 1.28042572101e-07, 6.08521730783e-08, 2.26978027484e-08, 1.86285635806e-08, 2.02310438908e-05],
        "median": [1.23035832189e-07, 1.26053230076e-08, 9.75651381907e-09, 1.72761033923e-07, 4.75296656077e-06, 0.000206027616514, 0.000185650133062, 0.000213966704905, 0.000133285924676, 4.41724878328e-05, 2.10856687772e-05, 2.88934097625e-05, 4.16214279539e-05, 6.46178305033e-05, 0.00015496033302, 0.000211888356716, 0.000126104903757, 3.16142795782e-05, 3.27241718878e-06, 9.74511351615e-08, 2.71421853881e-08, 9.60975654607e-09, 5.37743316542e-09, 5.06460073879e-09, 5.89638471382e-09, 3.14077652774e-09, 2.06071417779e-05],
        "min": [7.84555617945e-24, 3.85524962408e-24, 1.59946881233e-23, 6.8311765075e-24, 7.82111221989e-23, 4.30746295471e-23, 3.46336947989e-23, 3.34566133542e-23, 2.88374951216e-23, 3.63241984753e-23, 6.5030524961e-23, 3.80540379118e-23, 6.1259940228e-23, 7.69985041481e-23, 1.19664544767e-22, 9.89646515983e-23, 1.34449312744e-22, 1.19117138408e-22, 2.5669975618e-22, 2.70827055924e-22, 3.60010192018e-22, 4.23152714087e-22, 4.36079228693e-22, 8.11304086327e-22, 1.20045909159e-21, 1.39992846584e-21, 2.11023063888e-21],
        "var": [8.66688318335e-12, 2.40568648335e-10, 1.10471033363e-11, 4.59203682024e-11, 5.0836437282e-08, 4.42137343271e-06, 1.80591996468e-05, 3.78233889933e-05, 4.32958404417e-05, 1.13381420306e-05, 1.83279507837e-06, 9.38595633215e-07, 5.72920589548e-06, 6.02137333772e-06, 1.05318576971e-05, 1.04463733805e-05, 4.03410240324e-06, 1.90947559986e-07, 4.86371165564e-09, 3.93263754894e-11, 2.02330721621e-11, 2.6838696196e-12, 3.19406502115e-13, 4.90366211178e-14, 3.24822756888e-15, 1.33151059385e-15, 1.23426078386e-11]
    },
    "erbbands": {
        "dmean": [6.35959659121e-05, 0.000250560813583, 0.000631736824289, 0.00406858092174, 0.0391741916537, 0.205825209618, 1.2759771347, 8.06245517731, 18.3123188019, 36.3948173523, 67.3587417603, 74.0004043579, 55.1020355225, 26.2106609344, 12.8807487488, 16.3003158569, 35.8687858582, 47.5982780457, 52.8188362122, 67.2885437012, 54.9619903564, 37.6615486145, 12.6388072968, 2.50168132782, 0.558349430561, 0.089213296771, 0.0558942593634, 0.0351472571492, 0.018774766475, 0.0092599010095, 0.0043058488518, 0.00217870576307, 0.000935541582294, 0.000342848885339, 0.000124170983327, 6.11815557932e-05, 3.56838536391e-05, 2.55324302998e-05, 0.00017957467935, 9.51252077357e-05],
        "dmean2": [0.000104117076262, 0.000441135343863, 0.0011319987243, 0.00676153460518, 0.0595353022218, 0.324966102839, 1.88271307945, 12.4786643982, 28.4252529144, 58.3466491699, 107.998634338, 115.323303223, 82.1208343506, 38.8844337463, 19.2061100006, 24.9415683746, 54.3167800903, 71.1886825562, 79.1278305054, 104.30657959, 82.3814163208, 54.9400749207, 19.364238739, 3.89438271523, 0.879496455193, 0.145130306482, 0.0950386375189, 0.0600534603, 0.0322344303131, 0.0161312930286, 0.00735361175612, 0.00364758796059, 0.00157968432177, 0.000552630284801, 0.000192224470084, 9.3272261438e-05, 5.4132869991e-05, 4.23786550527e-05, 0.000298723054584, 0.000162999946042],
        "dvar": [2.75445358966e-07, 4.00344242735e-06, 1.34782549139e-05, 0.000219670226215, 0.0128246294335, 0.406507790089, 12.0058774948, 272.81060791, 2159.64233398, 5578.26220703, 19874.2128906, 23298.96875, 13791.9453125, 4753.44677734, 1169.85229492, 1932.04785156, 9156.52734375, 11184.3212891, 13735.6171875, 22674.8457031, 17649.6269531, 6748.75488281, 720.295837402, 36.2715187073, 3.73266410828, 0.114030040801, 0.0735280141234, 0.0258597489446, 0.00605341838673, 0.00161523767747, 0.000279930856777, 5.725176743e-05, 1.05719636849e-05, 1.26750342133e-06, 8.43533030093e-08, 1.46240868304e-08, 4.6560191258e-09, 9.65555857491e-10, 2.71562221599e-08, 9.37559097025e-09],
        "dvar2": [7.60682837608e-07, 1.14950653369e-05, 3.89779052057e-05, 0.000600590894464, 0.0297177601606, 0.903131783009, 22.5314025879, 563.493591309, 4502.58984375, 12822.6455078, 45990.1289062, 51292.8085938, 29718.0957031, 10622.4355469, 2424.61962891, 4524.10449219, 21042.5058594, 23674.8359375, 29657.1992188, 52588.34375, 38700.1445312, 13699.0947266, 1612.0579834, 87.6661148071, 8.24155235291, 0.282326608896, 0.192149206996, 0.0690812096, 0.0161418654025, 0.00444217165932, 0.000760868366342, 0.00015253663878, 2.77471717709e-05, 3.30778175339e-06, 1.97016717607e-07, 3.42450867663e-08, 9.81287584523e-09, 2.56225440864e-09, 7.10202314735e-08, 2.70539306513e-08],
        "max": [0.0172845404595, 0.0740059912205, 0.0688813999295, 0.330827385187, 3.16603970528, 12.8571157455, 107.673629761, 257.934692383, 557.323120117, 997.321105957, 1586.41479492, 1415.49609375, 1594.4206543, 1205.49511719, 485.331848145, 1037.58288574, 1364.68505859, 1824.31982422, 1777.51220703, 1954.51293945, 2016.43212891, 1737.66064453, 503.879333496, 121.712997437, 45.988948822, 7.37072706223, 5.2583322525, 2.92418265343, 1.30266678333, 0.842373073101, 0.345947682858, 0.167472109199, 0.069520175457, 0.0277511421591, 0.00381098431535, 0.00231872801669, 0.000931894988753, 0.000389267632272, 0.00206229579635, 0.00152778008487],
        "mean": [7.41379044484e-05, 0.000278703984804, 0.000539670640137, 0.00423290161416, 0.0511921085417, 0.261956632137, 1.8373349905, 10.3084602356, 20.5892372131, 38.0497665405, 63.1038398743, 71.154586792, 53.8522453308, 25.5158500671, 13.133055687, 17.2117710114, 37.3837623596, 50.0621376038, 56.9727783203, 72.8749313354, 61.6630325317, 45.1070518494, 14.6443042755, 2.69007158279, 0.515199422836, 0.0739396438003, 0.0413260534406, 0.0255050323904, 0.013659061864, 0.00685411319137, 0.0032888406422, 0.00174777407665, 0.000802112277597, 0.000333618925652, 0.000151102372911, 8.22408692329e-05, 4.34269859397e-05, 8.48607232911e-05, 0.00105973309837, 0.00060788349947],
        "median": [1.44049306527e-06, 5.84403096582e-06, 3.96100840589e-05, 0.000693626352586, 0.00596160115674, 0.0366546586156, 0.354748338461, 2.3734588623, 3.49086856842, 7.73420763016, 6.75954961777, 3.87633395195, 2.15616893768, 1.28979241848, 1.0478938818, 1.39279210567, 2.10991168022, 3.45737481117, 6.25547933578, 11.9543876648, 11.8665914536, 7.71650886536, 3.07915711403, 0.691366910934, 0.100337177515, 0.0100632840768, 0.00237552099861, 0.000778659421485, 0.000450521387393, 0.000263363908743, 0.00016472718562, 0.000122660334455, 9.4533439551e-05, 7.1038484748e-05, 5.11499783897e-05, 3.05613029923e-05, 1.11603849291e-05, 7.87952012615e-05, 0.00110866560135, 0.000604129454587],
        "min": [1.23752409356e-22, 2.22675284143e-21, 1.79348379529e-20, 3.16534523131e-20, 1.04739017953e-19, 2.93567588467e-19, 2.21398664961e-19, 3.05114667927e-19, 4.64840400778e-19, 3.5246034069e-19, 6.24945395939e-19, 4.64037673692e-19, 1.18600877054e-18, 1.94988101152e-18, 2.19901478392e-18, 2.23730724923e-18, 2.5595501393e-18, 3.45631359857e-18, 4.49502435289e-18, 6.6988010088e-18, 6.33434647168e-18, 7.17947855789e-18, 6.86093461272e-18, 1.2079665901e-17, 1.17622411312e-17, 1.44526899141e-17, 1.35082159178e-17, 1.63438167003e-17, 1.55003819887e-17, 1.19486603443e-17, 1.3096775454e-17, 1.46073081685e-17, 1.38022959964e-17, 1.13011640403e-17, 1.00773858928e-17, 4.83705112847e-18, 2.74248237254e-18, 1.27342304633e-18, 2.99608746975e-19, 2.78542246843e-20],
        "var": [4.66383511366e-07, 7.01962744643e-06, 1.13678206617e-05, 0.000174572895048, 0.0175842493773, 0.689398050308, 25.1953964233, 465.072418213, 3064.24682617, 7067.11523438, 20689.71875, 26307.9804688, 16922.5078125, 5320.86230469, 1462.97155762, 2150.34008789, 10729.3808594, 14302.8417969, 18867.2792969, 30458.5273438, 24674.9453125, 11356.3857422, 1050.63244629, 41.5065841675, 4.00721168518, 0.0936404615641, 0.0533544868231, 0.0181822665036, 0.00431586941704, 0.00105458765756, 0.000190872640815, 4.29154097219e-05, 8.03343482403e-06, 9.89258296613e-07, 8.91057680974e-08, 1.70366227792e-08, 6.4163083735e-09, 1.27086585699e-09, 4.26092618966e-08, 1.06399857813e-08]
    },
    "gfcc": {
        "mean": [-226.082931519, 96.6689300537, -196.414672852, -99.7378768921, -14.1639356613, -73.1646881104, -46.0905227661, -11.6026706696, 16.7496242523, -21.5633811951, 6.3109126091, -8.94148349762, 1.82506084442],
        "cov": [[11371.5263672, 3433.06811523, -2712.33911133, -742.957397461, -1330.80151367, -55.5599250793, -273.918640137, 275.007659912, 144.991027832, 122.948272705, -438.821777344, -28.1956825256, -306.829528809], [3433.06811523, 2310.06616211, -288.723419189, -809.669311523, -706.248779297, -361.743713379, -192.347747803, -13.6535787582, -153.406265259, -90.404876709, 0.221315458417, 28.0768718719, -176.566238403], [-2712.33911133, -288.723419189, 1547.51281738, 320.916259766, -85.5360641479, -120.604446411, 54.6929397583, -180.107528687, -138.078323364, -100.92364502, 105.579483032, 42.4400062561, 48.8487358093], [-742.957397461, -809.669311523, 320.916259766, 888.239685059, 203.873184204, -27.4855709076, -18.6515350342, 1.46395564079, 20.7390708923, 2.74905323982, -59.6576576233, 12.9931344986, 44.7197265625], [-1330.80151367, -706.248779297, -85.5360641479, 203.873184204, 613.042907715, 20.3866119385, -89.0386810303, -4.75607919693, 39.8835105896, 2.64912509918, 44.9733467102, -22.2568492889, 50.3007507324], [-55.5599250793, -361.743713379, -120.604446411, -27.4855709076, 20.3866119385, 706.554016113, 375.438995361, -23.2940139771, 51.6462402344, 118.68862915, -80.7883529663, -115.158081055, 3.82394504547], [-273.918640137, -192.347747803, 54.6929397583, -18.6515350342, -89.0386810303, 375.438995361, 442.303314209, 47.9439315796, -91.7856216431, 9.50771808624, 20.5238437653, -79.5477981567, -31.2356719971], [275.007659912, -13.6535787582, -180.107528687, 1.46395564079, -4.75607919693, -23.2940139771, 47.9439315796, 160.362335205, 53.6313743591, -3.36519598961, -17.5128707886, 10.7268791199, -6.96185350418], [144.991027832, -153.406265259, -138.078323364, 20.7390708923, 39.8835105896, 51.6462402344, -91.7856216431, 53.6313743591, 205.120498657, 91.0993347168, -78.7677536011, -10.2417078018, 37.707862854], [122.948272705, -90.404876709, -100.92364502, 2.74905323982, 2.64912509918, 118.68862915, 9.50771808624, -3.36519598961, 91.0993347168, 126.46723175, -10.8133974075, -36.9443626404, 3.30815219879], [-438.821777344, 0.221315458417, 105.579483032, -59.6576576233, 44.9733467102, -80.7883529663, 20.5238437653, -17.5128707886, -78.7677536011, -10.8133974075, 157.306045532, 49.2412376404, -15.797867775], [-28.1956825256, 28.0768718719, 42.4400062561, 12.9931344986, -22.2568492889, -115.158081055, -79.5477981567, 10.7268791199, -10.2417078018, -36.9443626404, 49.2412376404, 129.04258728, 30.9618396759], [-306.829528809, -176.566238403, 48.8487358093, 44.7197265625, 50.3007507324, 3.82394504547, -31.2356719971, -6.96185350418, 37.707862854, 3.30815219879, -15.797867775, 30.9618396759, 87.8937911987]],
        "icov": [[0.00130684068426, -0.00189932156354, 0.00234611402266, -0.0019067338435, 0.00180422130506, -0.000962666003034, 0.000601271865889, 0.000251511257375, -0.000835582264699, 0.000746109813917, -0.000129168649437, 0.000138173418236, -8.57185950736e-05], [-0.00189932156354, 0.00442311679944, -0.00335269398056, 0.00383082521148, -0.00102601468097, 0.00113343843259, 0.00114131986629, -0.00136257777922, 0.00323349260725, -0.0011511282064, 0.000588070950471, 0.00029459092184, 0.00166285596788], [0.00234611402266, -0.00335269398056, 0.00539418868721, -0.00398304127157, 0.00381250819191, -0.00133392517455, 0.000325294036884, 0.00233892397955, -0.00282480358146, 0.00308420741931, -0.00169230834581, 0.000850197626278, -0.000847223796882], [-0.0019067338435, 0.00383082521148, -0.00398304127157, 0.00527455937117, -0.0028648651205, 0.00209757126868, -0.000579104584176, -0.00121550413314, 0.00351451872848, -0.00339174969122, 0.00342765497044, -0.00174968130887, 0.00166784529574], [0.00180422130506, -0.00102601468097, 0.00381250819191, -0.0028648651205, 0.00746897561476, -0.00380563596264, 0.0059175263159, -0.00179510097951, -6.87394567649e-05, 0.00462911464274, -0.00506567582488, 0.00492046866566, -0.00136060477234], [-0.000962666003034, 0.00113343843259, -0.00133392517455, 0.00209757126868, -0.00380563596264, 0.00825286004692, -0.00972374435514, 0.00609641801566, -0.00292067835107, -0.00480113457888, 0.00595886120573, -0.00424695992842, 0.00143740908243], [0.000601271865889, 0.00114131986629, 0.000325294036884, -0.000579104584176, 0.0059175263159, -0.00972374435514, 0.0174306705594, -0.011567927897, 0.00969160906971, 0.00283523253165, -0.00676814094186, 0.00843972712755, -0.00163374072872], [0.000251511257375, -0.00136257777922, 0.00233892397955, -0.00121550413314, -0.00179510097951, 0.00609641801566, -0.011567927897, 0.0173660963774, -0.0120622897521, 0.00364914443344, 0.00178053113632, -0.00495215132833, 0.00258798385039], [-0.000835582264699, 0.00323349260725, -0.00282480358146, 0.00351451872848, -6.87394567649e-05, -0.00292067835107, 0.00969160906971, -0.0120622897521, 0.023006407544, -0.0135047473013, 0.00730413803831, -0.000318843696732, -0.00192102999426], [0.000746109813917, -0.0011511282064, 0.00308420741931, -0.00339174969122, 0.00462911464274, -0.00480113457888, 0.00283523253165, 0.00364914443344, -0.0135047473013, 0.0244557764381, -0.0130619928241, 0.0089664272964, -0.00147295754869], [-0.000129168649437, 0.000588070950471, -0.00169230834581, 0.00342765497044, -0.00506567582488, 0.00595886120573, -0.00676814094186, 0.00178053113632, 0.00730413803831, -0.0130619928241, 0.0212928447872, -0.0125211952254, 0.00589850265533], [0.000138173418236, 0.00029459092184, 0.000850197626278, -0.00174968130887, 0.00492046866566, -0.00424695992842, 0.00843972712755, -0.00495215132833, -0.000318843696732, 0.0089664272964, -0.0125211952254, 0.0194877721369, -0.00784832332283], [-8.57185950736e-05, 0.00166285596788, -0.000847223796882, 0.00166784529574, -0.00136060477234, 0.00143740908243, -0.00163374072872, 0.00258798385039, -0.00192102999426, -0.00147295754869, 0.00589850265533, -0.00784832332283, 0.0190858244896]]
    },
    "melbands": {
        "dmean": [4.81995584778e-07, 2.91671568675e-07, 1.24873417917e-06, 7.74245472712e-06, 3.80100464099e-05, 0.000179942086106, 0.000290211144602, 0.000455894798506, 0.000559116480872, 0.000466305325972, 0.000270102202194, 0.000111711546197, 4.82078212372e-05, 3.47114219039e-05, 6.41038641334e-05, 8.58744097059e-05, 9.32167386054e-05, 8.69455034263e-05, 9.01069797692e-05, 9.18314181035e-05, 6.1270504375e-05, 4.31041007687e-05, 2.35622919718e-05, 5.13393842994e-06, 1.7184479475e-06, 5.77679202252e-07, 1.1698075042e-07, 4.13984224679e-08, 3.61213103872e-08, 2.72118221289e-08, 1.79368022657e-08, 1.1415436596e-08, 7.01050906216e-09, 4.38214309284e-09, 2.59953369941e-09, 1.77856995798e-09, 1.12551601372e-09, 6.92089052734e-10, 4.40429304138e-10, 2.25831728318e-10],
        "dmean2": [7.98031351223e-07, 5.37296898528e-07, 2.03401464205e-06, 1.20594477266e-05, 5.61179112992e-05, 0.000278769031866, 0.000448931619758, 0.000730837869924, 0.000904521206394, 0.000727266015019, 0.00040654692566, 0.000168159749592, 7.20316820662e-05, 5.35436229256e-05, 9.80817567324e-05, 0.000131519322167, 0.000141042561154, 0.000132545770612, 0.000138930103276, 0.00014522280253, 9.40894533414e-05, 6.40227517579e-05, 3.65167143173e-05, 8.25500592327e-06, 2.78819356936e-06, 9.3401746426e-07, 1.93428746798e-07, 6.98579896152e-08, 6.15147186522e-08, 4.71203875918e-08, 3.06848839671e-08, 1.96492315752e-08, 1.21455272506e-08, 7.63636087697e-09, 4.47423920136e-09, 3.02178482237e-09, 1.88725035599e-09, 1.18457710307e-09, 7.49473316741e-10, 3.66549929298e-10],
        "dvar": [1.4685865371e-11, 3.59907676578e-12, 2.18537670599e-11, 4.97859309334e-10, 1.03846664601e-08, 1.36851227239e-07, 4.75902396602e-07, 7.87829833371e-07, 1.28313502046e-06, 9.45210445025e-07, 3.48400078565e-07, 8.75498855635e-08, 2.02513277259e-08, 1.01254817864e-08, 2.99999598496e-08, 5.3081752327e-08, 4.51121735523e-08, 3.93921197883e-08, 4.52923494265e-08, 5.05699837561e-08, 2.4998580983e-08, 1.1121493948e-08, 3.11014591858e-09, 1.53437540451e-10, 2.47272011894e-11, 4.46601956805e-12, 2.61400655895e-13, 3.78995812056e-14, 3.47503228721e-14, 1.78723274244e-14, 6.53761119811e-15, 2.31161580525e-15, 8.98190984411e-16, 3.84887059612e-16, 1.15186038499e-16, 4.30183251579e-17, 1.53340889071e-17, 6.2949309019e-18, 3.32767460561e-18, 4.56265381259e-19],
        "dvar2": [4.1054583344e-11, 1.0200793335e-11, 5.99629373932e-11, 1.02487796028e-09, 2.04507166757e-08, 2.72369049981e-07, 9.83708559943e-07, 1.82447070074e-06, 2.94879669127e-06, 2.08136793844e-06, 7.52661321712e-07, 1.95555159621e-07, 4.08700486787e-08, 2.42537154804e-08, 7.24026349985e-08, 1.21929204511e-07, 9.82769847724e-08, 8.6077442063e-08, 9.94739579596e-08, 1.15962343727e-07, 5.64211077858e-08, 2.32380585885e-08, 6.72011157832e-09, 3.86766729754e-10, 6.01791810828e-11, 9.75350095828e-12, 6.82486944563e-13, 9.32351052374e-14, 9.01605721505e-14, 4.8354752819e-14, 1.73963067665e-14, 6.1265664376e-15, 2.45152447232e-15, 1.06884070059e-15, 3.16514374821e-16, 1.16410239335e-16, 4.08804967171e-17, 1.67058521477e-17, 9.15244907543e-18, 1.1444412904e-18],
        "max": [0.0001346453937, 4.39333743998e-05, 0.00015092913236, 0.000385836872738, 0.0029170375783, 0.00629068398848, 0.00925602018833, 0.0112122241408, 0.0108926808462, 0.00889489706606, 0.00783756468445, 0.00481719803065, 0.00243976083584, 0.00225848751143, 0.00326241762377, 0.00360928778537, 0.00314218155108, 0.00261789141223, 0.0035645251628, 0.00244668568484, 0.00229615904391, 0.0024903328158, 0.000970535853412, 0.000247254647547, 0.000104085513158, 4.82397663291e-05, 1.16180690384e-05, 3.98830843551e-06, 3.94412700189e-06, 2.4111948278e-06, 1.50514733832e-06, 7.83213465638e-07, 6.1514049321e-07, 4.06427261623e-07, 2.2986293402e-07, 1.34293387077e-07, 9.11902446887e-08, 6.00877569923e-08, 4.86833933167e-08, 1.43552671972e-08],
        "mean": [5.74212947413e-07, 2.88715170882e-07, 1.40528834436e-06, 9.54237202677e-06, 5.26091716893e-05, 0.000230293298955, 0.000323529180605, 0.000457227550214, 0.000515457300935, 0.000443270808319, 0.000260592671111, 0.000105814448034, 4.77526591567e-05, 3.46359847754e-05, 6.45886684651e-05, 8.74808974913e-05, 9.3404261861e-05, 8.82569656824e-05, 9.61348414421e-05, 9.64958089753e-05, 6.57040727674e-05, 4.9757942179e-05, 2.65255821432e-05, 5.45268676433e-06, 1.68972997017e-06, 5.10762106387e-07, 9.24778191802e-08, 3.15308490428e-08, 2.6275490228e-08, 1.91817584039e-08, 1.29324364551e-08, 8.23733881106e-09, 5.08586150971e-09, 3.19043391706e-09, 1.94943283738e-09, 1.35730959805e-09, 9.09720909714e-10, 5.734654418e-10, 3.83486659095e-10, 2.21270307632e-10],
        "median": [9.8596766307e-09, 4.83618567415e-09, 1.50837507817e-07, 4.73196053008e-07, 7.30650890546e-06, 4.94014275318e-05, 5.48697898921e-05, 7.54751017666e-05, 4.25831422035e-05, 1.90799091797e-05, 9.35645311984e-06, 5.0288631428e-06, 3.15879788104e-06, 3.25195219375e-06, 3.73950979338e-06, 4.42570535597e-06, 5.45508146388e-06, 7.38417929824e-06, 1.32347786348e-05, 1.4856850612e-05, 1.15917882795e-05, 7.68675727159e-06, 3.76977027372e-06, 1.14975375709e-06, 3.15756068403e-07, 7.32544052084e-08, 1.00463530828e-08, 1.70094427432e-09, 1.04746455953e-09, 5.33472488407e-10, 2.92404600533e-10, 2.08513664668e-10, 1.75057746077e-10, 1.10514486451e-10, 8.49083303667e-11, 7.07174943604e-11, 6.36351804584e-11, 5.81118590748e-11, 5.64501986822e-11, 5.14661160911e-11],
        "min": [1.2207255688e-24, 8.92408996451e-24, 7.35468038142e-24, 1.68147579437e-23, 8.78193170736e-24, 7.43578395995e-24, 7.65717461756e-24, 5.064648728e-24, 4.87949636823e-24, 3.03099824929e-24, 5.90113395493e-24, 7.58288048637e-24, 8.55440844508e-24, 6.7940345695e-24, 3.318861285e-24, 6.69117815151e-24, 6.31241053218e-24, 6.27782213693e-24, 9.071951686e-24, 8.57231164332e-24, 7.23558210626e-24, 6.39712117719e-24, 6.10577472894e-24, 5.90184866291e-24, 9.27921305593e-24, 8.97549056337e-24, 8.90076571412e-24, 9.77121298075e-24, 8.3296130638e-24, 8.85356974389e-24, 8.71466632683e-24, 8.80124381118e-24, 7.33835411613e-24, 5.99329381348e-24, 7.07858458662e-24, 7.12503666103e-24, 9.51605118779e-24, 9.27180249659e-24, 8.03339816048e-24, 9.24063065792e-24],
        "var": [2.60803253993e-11, 4.78765291301e-12, 1.73815493248e-11, 8.54666282191e-10, 2.097797136e-08, 2.45556918799e-07, 6.85029135639e-07, 9.5935729405e-07, 1.34965398502e-06, 1.06499464891e-06, 4.20268122525e-07, 9.76709557676e-08, 2.57082408694e-08, 1.01454640244e-08, 3.37054721911e-08, 5.96901870153e-08, 5.4933344984e-08, 5.05833845921e-08, 6.75908609082e-08, 6.06629200206e-08, 3.28289253559e-08, 1.66790883327e-08, 4.75991779325e-09, 1.59300489466e-10, 2.56419503686e-11, 4.83191568354e-12, 1.96575923399e-13, 3.0705252658e-14, 2.54635637527e-14, 1.21146480705e-14, 4.64191631029e-15, 1.67435935535e-15, 5.97067595289e-16, 2.45033132053e-16, 7.57761299442e-17, 3.0560161261e-17, 1.15788783504e-17, 4.63887933321e-18, 2.23019452993e-18, 3.85394355833e-19]
    },
    "mfcc": {
        "mean": [-850.396484375, 160.04460144, -102.852470398, -49.7122116089, 4.12596940994, -50.5458335876, -53.7154121399, -10.7988777161, -10.0248270035, -9.67048931122, 3.19119620323, -0.239123210311, -3.32699322701],
        "cov": [[8513.14160156, 3672.56030273, -2231.70336914, -859.522277832, -809.162963867, -644.108764648, -489.653045654, -19.7652454376, 35.7330856323, 130.637542725, 162.200622559, 50.3195152283, -237.095474243], [3672.56030273, 2537.33911133, -533.323181152, -756.686157227, -596.834350586, -612.003479004, -334.295532227, -105.311004639, -213.2449646, -171.813873291, 48.9033622742, 44.1440124512, -135.879455566], [-2231.70336914, -533.323181152, 1578.91918945, 370.207702637, -230.733139038, 132.139205933, 137.519897461, -81.4076004028, -113.29864502, -186.77507019, -119.486557007, 35.7031555176, 12.3670434952], [-859.522277832, -756.686157227, 370.207702637, 770.145996094, 303.143157959, -25.9826908112, -40.7489280701, 23.647605896, -7.9597454071, -66.3729019165, -76.521484375, -21.8138446808, 43.2794113159], [-809.162963867, -596.834350586, -230.733139038, 303.143157959, 594.172302246, 28.6616687775, -157.624084473, -21.3186779022, 25.2332305908, -20.0392112732, -34.9240875244, -26.5656280518, 54.6330718994], [-644.108764648, -612.003479004, 132.139205933, -25.9826908112, 28.6616687775, 613.120422363, 314.673034668, -2.44754004478, 176.172836304, 218.25630188, 29.9661579132, -12.4482069016, -19.3416023254], [-489.653045654, -334.295532227, 137.519897461, -40.7489280701, -157.624084473, 314.673034668, 524.28717041, 171.203704834, 0.552828192711, 139.783752441, 83.0994262695, -62.3933792114, -34.1660614014], [-19.7652454376, -105.311004639, -81.4076004028, 23.647605896, -21.3186779022, -2.44754004478, 171.203704834, 187.793228149, 35.8278045654, 6.37270975113, 23.9203510284, -3.05697774887, 0.483152717352], [35.7330856323, -213.2449646, -113.29864502, -7.9597454071, 25.2332305908, 176.172836304, 0.552828192711, 35.8278045654, 255.784484863, 168.522399902, -12.534901619, 5.39975976944, 11.4886684418], [130.637542725, -171.813873291, -186.77507019, -66.3729019165, -20.0392112732, 218.25630188, 139.783752441, 6.37270975113, 168.522399902, 310.919036865, 94.0579147339, -83.3240280151, -29.9211101532], [162.200622559, 48.9033622742, -119.486557007, -76.521484375, -34.9240875244, 29.9661579132, 83.0994262695, 23.9203510284, -12.534901619, 94.0579147339, 131.994552612, 17.3566093445, -36.3894081116], [50.3195152283, 44.1440124512, 35.7031555176, -21.8138446808, -26.5656280518, -12.4482069016, -62.3933792114, -3.05697774887, 5.39975976944, -83.3240280151, 17.3566093445, 158.118347168, 48.7805099487], [-237.095474243, -135.879455566, 12.3670434952, 43.2794113159, 54.6330718994, -19.3416023254, -34.1660614014, 0.483152717352, 11.4886684418, -29.9211101532, -36.3894081116, 48.7805099487, 112.03692627]],
