{
"lowlevel": {
    "average_loudness": 0.968273282051,
    "barkbands_crest": {
        "dmean": 3.61264109612,
        "dmean2": 6.02663040161,
        "dvar": 12.6501808167,
        "dvar2": 30.4972019196,
        "max": 26.787727356,
        "mean": 11.1116418839,
        "median": 9.93834209442,
        "min": 2.88841414452,
        "var": 21.3953723907
    },
    "barkbands_flatness_db": {
        "dmean": 0.0352329537272,
        "dmean2": 0.0541945137084,
        "dvar": 0.0009875879623,
        "dvar2": 0.00230076257139,
        "max": 0.441296964884,
        "mean": 0.282717615366,
        "median": 0.283513486385,
        "min": 0.122395910323,
        "var": 0.00238792481832
    },
    "barkbands_kurtosis": {
        "dmean": 6.38747358322,
        "dmean2": 10.4304246902,
        "dvar": 133.412307739,
        "dvar2": 310.729278564,
        "max": 186.748733521,
        "mean": 6.26816034317,
        "median": 2.13403224945,
        "min": -1.96770679951,
        "var": 180.606750488
    },
    "barkbands_skewness": {
        "dmean": 1.18249809742,
        "dmean2": 1.7583745718,
        "dvar": 1.78713738918,
        "dvar2": 3.66866230965,
        "max": 10.2084503174,
        "mean": 0.858501791954,
        "median": 1.03813409805,
        "min": -13.4618444443,
        "var": 4.16603469849
    },
    "barkbands_spread": {
        "dmean": 9.3877658844,
        "dmean2": 15.5739336014,
        "dvar": 215.585693359,
        "dvar2": 553.968078613,
        "max": 137.608093262,
        "mean": 15.6166877747,
        "median": 10.856420517,
        "min": 0.721064567566,
        "var": 226.102325439
    },
    "dissonance": {
        "dmean": 0.030405074358,
        "dmean2": 0.0475086793303,
        "dvar": 0.00119236460887,
        "dvar2": 0.00284268031828,
        "max": 0.500000059605,
        "mean": 0.443313091993,
        "median": 0.449165225029,
        "min": 0.188152700663,
        "var": 0.00255370396189
    },
    "dynamic_complexity": 4.65249300003,
    "erbbands_crest": {
        "dmean": 3.41431188583,
        "dmean2": 5.75368499756,
        "dvar": 9.68348407745,
        "dvar2": 25.4145774841,
        "max": 27.8371868134,
        "mean": 11.0362892151,
        "median": 10.2385063171,
        "min": 3.45689487457,
        "var": 15.0512332916
    },
    "erbbands_flatness_db": {
        "dmean": 0.0421568378806,
        "dmean2": 0.0644942075014,
        "dvar": 0.00213493127376,
        "dvar2": 0.0045938231051,
        "max": 0.521831095219,
        "mean": 0.345469295979,
        "median": 0.359839618206,
        "min": 0.0433118790388,
        "var": 0.00480188522488
    },
    "erbbands_kurtosis": {
        "dmean": 2.86362910271,
        "dmean2": 4.59650659561,
        "dvar": 33.5140419006,
        "dvar2": 84.4029388428,
        "max": 80.4783554077,
        "mean": 1.83526957035,
        "median": -0.0833721160889,
        "min": -1.8824160099,
        "var": 34.731502533
    },
    "erbbands_skewness": {
        "dmean": 0.789137661457,
        "dmean2": 1.19402575493,
        "dvar": 0.757504880428,
        "dvar2": 1.61621260643,
        "max": 5.89872837067,
        "mean": -0.0176941733807,
        "median": 0.192379415035,
        "min": -6.74582672119,
        "var": 1.56162965298
    },
    "erbbands_spread": {
        "dmean": 8.01722145081,
        "dmean2": 12.9270019531,
        "dvar": 87.2781066895,
        "dvar2": 205.56640625,
        "max": 94.4198074341,
        "mean": 18.7878417969,
        "median": 16.0692844391,
        "min": 0.966064810753,
        "var": 152.801712036
    },
    "hfc": {
        "dmean": 9.43103408813,
        "dmean2": 13.42943573,
        "dvar": 114.429977417,
        "dvar2": 222.111862183,
        "max": 82.7030334473,
        "mean": 15.2021713257,
        "median": 8.09114551544,
        "min": 1.72908670493e-07,
        "var": 270.90133667
    },
    "melbands_crest": {
        "dmean": 4.10689592361,
        "dmean2": 6.67377090454,
        "dvar": 12.5535097122,
        "dvar2": 32.4236755371,
        "max": 32.6434402466,
        "mean": 12.4897766113,
        "median": 11.7051753998,
        "min": 2.84816622734,
        "var": 24.0390281677
    },
    "melbands_flatness_db": {
        "dmean": 0.0487285070121,
        "dmean2": 0.0703877806664,
        "dvar": 0.00207863049582,
        "dvar2": 0.00417565228418,
        "max": 0.545780062675,
        "mean": 0.33661749959,
        "median": 0.347236454487,
        "min": 0.0338455922902,
        "var": 0.00688500516117
    },
    "melbands_kurtosis": {
        "dmean": 5.37276554108,
        "dmean2": 8.72656440735,
        "dvar": 136.376922607,
        "dvar2": 322.67767334,
        "max": 217.88508606,
        "mean": 5.0947728157,
        "median": 2.1418633461,
        "min": -1.9115332365,
        "var": 153.314727783
    },
    "melbands_skewness": {
        "dmean": 1.03600931168,
        "dmean2": 1.5690060854,
        "dvar": 1.41621983051,
        "dvar2": 3.09886097908,
        "max": 11.4194784164,
        "mean": 1.21204710007,
        "median": 1.33377337456,
        "min": -6.02821540833,
        "var": 2.89367961884
    },
    "melbands_spread": {
        "dmean": 10.0895462036,
        "dmean2": 16.4619445801,
        "dvar": 162.648956299,
        "dvar2": 406.214385986,
        "max": 113.097175598,
        "mean": 19.193031311,
        "median": 14.5413570404,
        "min": 0.616369605064,
        "var": 216.432067871
    },
    "pitch_salience": {
        "dmean": 0.0983082652092,
        "dmean2": 0.160977900028,
        "dvar": 0.0131989177316,
        "dvar2": 0.030740449205,
        "max": 0.97205811739,
        "mean": 0.68974584341,
        "median": 0.735479235649,
        "min": 0.104690812528,
        "var": 0.022691052407
    },
    "silence_rate_20dB": {
        "dmean": 0,
        "dmean2": 0,
        "dvar": 0,
        "dvar2": 0,
        "max": 1,
        "mean": 1,
        "median": 1,
        "min": 1,
        "var": 0
    },
    "silence_rate_30dB": {
        "dmean": 0,
        "dmean2": 0,
        "dvar": 0,
        "dvar2": 0,
        "max": 1,
        "mean": 1,
        "median": 1,
        "min": 1,
        "var": 0
    },
    "silence_rate_60dB": {
        "dmean": 0.156191885471,
        "dmean2": 0.3125,
        "dvar": 0.131793692708,
        "dvar2": 0.266183048487,
        "max": 1,
        "mean": 0.294052034616,
        "median": 0,
        "min": 0,
        "var": 0.207582905889
    },
    "spectral_centroid": {
        "dmean": 403.067718506,
        "dmean2": 604.999511719,
        "dvar": 282007,
        "dvar2": 483036.90625,
        "max": 11252.2246094,
        "mean": 1389.28442383,
        "median": 1099.63916016,
        "min": 303.003082275,
        "var": 631212.0625
    },
    "spectral_complexity": {
        "dmean": 4.92450714111,
        "dmean2": 7.02380943298,
        "dvar": 24.184343338,
        "dvar2": 43.5427474976,
        "max": 39,
        "mean": 12.3743495941,
        "median": 12,
        "min": 0,
        "var": 77.946395874
    },
    "spectral_decrease": {
        "dmean": 2.45976239377e-09,
        "dmean2": 3.51642959195e-09,
        "dvar": 9.48048078223e-18,
        "dvar2": 1.81309553029e-17,
        "max": 4.7531032929e-12,
        "mean": -3.9110750194e-09,
        "median": -1.7383630091e-09,
        "min": -2.47106388684e-08,
        "var": 2.11691714949e-17
    },
    "spectral_energy": {
        "dmean": 0.0101031297818,
        "dmean2": 0.0144340666011,
        "dvar": 0.000155763002113,
        "dvar2": 0.000298150553135,
        "max": 0.100764997303,
        "mean": 0.016140177846,
        "median": 0.00747446436435,
        "min": 1.20054096872e-11,
        "var": 0.000351612543454
    },
    "spectral_energyband_high": {
        "dmean": 5.84222834732e-06,
        "dmean2": 9.70605924522e-06,
        "dvar": 1.4015849592e-10,
        "dvar2": 3.4229877266e-10,
        "max": 0.00021932204254,
        "mean": 2.53410671576e-05,
        "median": 2.36596333707e-05,
        "min": 7.95237226764e-12,
        "var": 1.43951989218e-10
    },
    "spectral_energyband_low": {
        "dmean": 5.07769027536e-06,
        "dmean2": 8.32740624901e-06,
        "dvar": 4.91192087004e-10,
        "dvar2": 1.23488697046e-09,
        "max": 0.000479882233776,
        "mean": 4.67123891212e-06,
        "median": 2.23686640766e-07,
        "min": 2.34692043496e-14,
        "var": 4.84924544963e-10
    },
    "spectral_energyband_middle_high": {
        "dmean": 0.00370898586698,
        "dmean2": 0.00528770172969,
        "dvar": 1.97020781343e-05,
        "dvar2": 3.9424674469e-05,
        "max": 0.0457183234394,
        "mean": 0.0054585696198,
        "median": 0.00265173753724,
        "min": 1.40753652223e-12,
        "var": 4.2619285523e-05
    },
    "spectral_energyband_middle_low": {
        "dmean": 0.00695353699848,
        "dmean2": 0.0100947273895,
        "dvar": 8.75728219398e-05,
        "dvar2": 0.000167941369,
        "max": 0.0843349397182,
        "mean": 0.0107280053198,
        "median": 0.00404408946633,
        "min": 1.08562369706e-13,
        "var": 0.000182235628017
    },
    "spectral_entropy": {
        "dmean": 0.258419811726,
        "dmean2": 0.387280404568,
        "dvar": 0.0613697357476,
        "dvar2": 0.131344288588,
        "max": 9.79312801361,
        "mean": 6.77138996124,
        "median": 6.75574445724,
        "min": 5.10899114609,
        "var": 0.177362620831
    },
    "spectral_flux": {
        "dmean": 0.0345941074193,
        "dmean2": 0.055808942765,
        "dvar": 0.00119624193758,
        "dvar2": 0.00278045819141,
        "max": 0.31158259511,
        "mean": 0.0843501985073,
        "median": 0.0796054899693,
        "min": 6.1151193222e-05,
        "var": 0.0031285348814
    },
    "spectral_kurtosis": {
        "dmean": 16.6125278473,
        "dmean2": 28.077003479,
        "dvar": 203.254653931,
        "dvar2": 572.306335449,
        "max": 143.675109863,
        "mean": 39.0803222656,
        "median": 37.2341766357,
        "min": -1.18457174301,
        "var": 377.279083252
    },
    "spectral_rms": {
        "dmean": 0.00130520365201,
        "dmean2": 0.00178721605334,
        "dvar": 1.72655290953e-06,
        "dvar2": 3.06155743601e-06,
        "max": 0.00991500448436,
        "mean": 0.00320750195533,
        "median": 0.00270040007308,
        "min": 1.08224739392e-07,
        "var": 5.45842431166e-06
    },
    "spectral_rolloff": {
        "dmean": 1780.75024414,
        "dmean2": 3338.02270508,
        "dvar": 20363290,
        "dvar2": 47690756,
        "max": 20327.34375,
        "mean": 3535.61303711,
        "median": 1593.45703125,
        "min": 258.3984375,
        "var": 28739552
    },
    "spectral_skewness": {
        "dmean": 1.1714502573,
        "dmean2": 1.96398985386,
        "dvar": 0.854316592216,
        "dvar2": 2.43717622757,
        "max": 8.70870685577,
        "mean": 3.39604663849,
        "median": 3.30938816071,
        "min": -0.115880735219,
        "var": 1.94927442074
    },
    "spectral_spread": {
        "dmean": 661042,
        "dmean2": 1068106.25,
        "dvar": 1.80371770573e+12,
        "dvar2": 3.59905624064e+12,
        "max": 39995844,
        "mean": 1738961.125,
        "median": 1319001.125,
        "min": 397832.90625,
        "var": 2.85941379891e+12
    },
    "spectral_strongpeak": {
        "dmean": 0.965547680855,
        "dmean2": 1.62467610836,
        "dvar": 1.11847877502,
        "dvar2": 2.68180346489,
        "max": 8.70662021637,
        "mean": 1.4741204977,
        "median": 1.07030034065,
        "min": 0,
        "var": 1.63837075233
    },
    "zerocrossingrate": {
        "dmean": 0.0619374513626,
        "dmean2": 0.0689252242446,
        "dvar": 0.00825218297541,
        "dvar2": 0.00922857969999,
        "max": 0.861328125,
        "mean": 0.160571739078,
        "median": 0.07861328125,
        "min": 0.0185546875,
        "var": 0.0359994955361
    },
    "barkbands": {
        "dmean": [5.31559521733e-07, 1.58932175509e-06, 2.56975249613e-06, 2.65047174253e-06, 0.00041671138024, 0.00084986188449, 0.00265977578238, 0.00296991714276, 0.00202229851857, 0.000433554290794, 0.000444224919192, 0.000859507126734, 0.000895641336683, 0.000628120556939, 0.00044726242777, 0.000323557876982, 0.000491445302032, 0.000248502357863, 0.000323710904922, 6.56695101497e-06, 1.26936265588e-06, 6.05023785738e-07, 2.25676799914e-07, 7.42721439906e-08, 2.89662658304e-08, 1.5940614162e-08, 3.80494702767e-06],
        "dmean2": [8.96637061487e-07, 2.78146694654e-06, 4.30717091149e-06, 4.10436405218e-06, 0.000601694162469, 0.00129423243925, 0.00423716520891, 0.00457664718851, 0.00303678773344, 0.000658630975522, 0.000692781351972, 0.00133223715238, 0.00139066658448, 0.000996799208224, 0.000683376274537, 0.000501677161083, 0.000756706402171, 0.000404702906962, 0.000495521700941, 1.09006432467e-05, 2.12928512155e-06, 1.0015164662e-06, 3.7006122966e-07, 1.1585922266e-07, 4.57392417275e-08, 2.49168419231e-08, 6.52577091387e-06],
        "dvar": [2.87501337841e-12, 8.04386904307e-11, 1.41777756202e-10, 8.32567279008e-11, 1.03930710793e-06, 3.04313334709e-06, 2.25788480748e-05, 2.56628172792e-05, 1.45430640259e-05, 8.35988487324e-07, 1.37910888043e-06, 3.95343568016e-06, 3.29388490172e-06, 2.01987154469e-06, 1.1748588804e-06, 3.58635077191e-07, 5.5117982356e-07, 7.17315515431e-07, 1.23240295125e-06, 9.07357800006e-10, 3.18341117356e-11, 7.38154069119e-12, 7.74184427503e-13, 5.05748905483e-14, 1.66410125697e-14, 1.77462486878e-15, 1.49667257754e-11],
        "dvar2": [6.93452630388e-12, 2.29485930259e-10, 3.59162560803e-10, 1.70518432707e-10, 1.8941344706e-06, 6.07031142863e-06, 5.0989423471e-05, 5.30703036929e-05, 2.91759806714e-05, 1.82266637694e-06, 3.33797538588e-06, 9.37450931815e-06, 6.9569077823e-06, 4.5283354666e-06, 2.42044666265e-06, 8.32725959299e-07, 1.23619850001e-06, 1.74494539351e-06, 2.68794542535e-06, 2.45488940287e-09, 7.84112288987e-11, 1.78338697976e-11, 1.64276643504e-12, 1.09644579657e-13, 3.59699622247e-14, 3.40647153463e-15, 4.36432487372e-11],
        "max": [3.31880801241e-05, 0.000178367787157, 0.000304062734358, 0.000351575145032, 0.0190002601594, 0.0259465202689, 0.0498103760183, 0.0540547519922, 0.0394050702453, 0.0133042801172, 0.0260181892663, 0.0229552611709, 0.0184563715011, 0.0156719759107, 0.0134554775432, 0.00940122269094, 0.0104709379375, 0.0152297820896, 0.0175438076258, 0.000691357126925, 9.30101887207e-05, 5.41338849871e-05, 1.77167639777e-05, 4.85187410959e-06, 5.11623147759e-06, 1.51305971485e-06, 6.69957589707e-05],
        "mean": [5.58858914701e-07, 1.49907043578e-06, 2.04224511435e-06, 3.18704496749e-06, 0.000651389011182, 0.00119042163715, 0.00302854599431, 0.00346499984153, 0.00222644442692, 0.000476287154015, 0.000464771903353, 0.000899577338714, 0.000959717202932, 0.000649179564789, 0.0005098603433, 0.000400028162403, 0.000635289237835, 0.000247063755523, 0.000299132458167, 5.26758094566e-06, 1.01769398952e-06, 5.15030421866e-07, 2.12575415048e-07, 7.26347622049e-08, 3.1803466527e-08, 1.8732526641e-08, 2.30338282563e-05],
        "median": [1.38545772188e-07, 3.47583721805e-08, 4.93444751726e-08, 5.91483853896e-07, 0.000219288835069, 0.000550790107809, 0.000678583455738, 0.00034651835449, 0.000195817527128, 7.20103853382e-05, 5.55982005608e-05, 7.18889641576e-05, 7.08127190592e-05, 7.90003250586e-05, 7.85784359323e-05, 0.000112734429422, 0.000216404878302, 5.36014631507e-05, 2.52259633271e-05, 4.48976948064e-07, 2.0967213743e-08, 8.16172018858e-09, 7.2257124728e-09, 6.16185857893e-09, 7.27242355225e-09, 4.02005229105e-09, 2.35123497987e-05],
        "min": [1.88159627853e-14, 1.21248870048e-14, 1.61975527053e-15, 1.53016300751e-15, 1.48236758528e-15, 1.04136238004e-14, 3.51812678247e-15, 1.05911305659e-14, 6.23738867088e-14, 4.86364590366e-14, 8.74739310256e-15, 3.67193017799e-15, 4.53414568261e-14, 3.78330654023e-14, 1.9105662961e-13, 4.12670494564e-13, 1.31052070237e-13, 6.6518425696e-14, 3.26345856805e-13, 3.32533507024e-13, 1.74043030964e-13, 4.82835180258e-13, 4.30706387439e-13, 6.38067073136e-13, 5.531138156e-13, 5.50136379594e-13, 5.97839052568e-12],
        "var": [3.2781195293e-12, 9.38027572284e-11, 1.16017050134e-10, 1.03349620528e-10, 2.20223773795e-06, 4.77944195154e-06, 3.13157397613e-05, 3.88141343137e-05, 2.14668834815e-05, 1.09216682631e-06, 1.51623032707e-06, 4.87467241328e-06, 4.68867801828e-06, 2.66463871412e-06, 1.84444252227e-06, 5.15573788107e-07, 9.56401663643e-07, 7.04467254309e-07, 1.32396007757e-06, 6.31800611828e-10, 2.87416566241e-11, 7.03891112064e-12, 9.74948637447e-13, 6.2137808462e-14, 1.75418083921e-14, 2.39246128842e-15, 1.65429805271e-11]
    },
    "erbbands": {
        "dmean": [5.14992098033e-05, 0.000387999869417, 0.0024821087718, 0.00816352851689, 0.198215380311, 1.8507822752, 3.79932594299, 8.61298942566, 27.8820590973, 53.1626701355, 67.2657470703, 47.4482078552, 17.2543239594, 13.8326644897, 22.0973110199, 34.9346427917, 39.7623405457, 33.137638092, 27.4023284912, 17.5711708069, 20.2682647705, 26.309513092, 13.3642969131, 16.12550354, 10.9503059387, 0.612892329693, 0.0796947851777, 0.0437557287514, 0.0242770742625, 0.0129430992529, 0.00537747284397, 0.00229002349079, 0.000927046115976, 0.000441459938884, 0.000161216274137, 5.84446934226e-05, 3.18279780913e-05, 3.89044362237e-05, 0.000206077267649, 0.000114067959657],
        "dmean2": [8.66238042363e-05, 0.000676907191519, 0.00410377467051, 0.0120639419183, 0.269085019827, 2.63900971413, 5.55403661728, 13.1387557983, 43.116607666, 85.2770767212, 100.993492126, 70.2131500244, 24.9668235779, 20.8144226074, 33.74949646, 53.8618965149, 59.9197311401, 50.9360771179, 41.780872345, 26.3408851624, 30.4500160217, 40.3638763428, 21.284072876, 25.1163158417, 17.2140617371, 0.963892638683, 0.131371229887, 0.0713913738728, 0.0400056317449, 0.0212659053504, 0.00869421567768, 0.00359441735782, 0.00148519000504, 0.00070810073521, 0.000248745491263, 8.57256454765e-05, 4.92163053423e-05, 6.04452361586e-05, 0.000345887063304, 0.000196007458726],
        "dvar": [1.21994546021e-07, 3.573042477e-06, 0.000123575606267, 0.000680886267219, 0.0950368270278, 19.9695682526, 59.6893005371, 372.346405029, 2882.68310547, 9240.77050781, 13727.8291016, 7876.32861328, 1167.40869141, 928.513916016, 3085.30615234, 5811.95654297, 6275.34375, 4576.06884766, 4056.02270508, 1678.78186035, 1071.86950684, 1716.421875, 1439.75158691, 2705.48461914, 1719.80834961, 5.10241317749, 0.0738226994872, 0.0353169068694, 0.0122839026153, 0.00317055755295, 0.000383668171708, 5.29421813553e-05, 7.34833110982e-06, 2.73997693512e-06, 6.24296944807e-07, 7.19093478097e-08, 5.30078647643e-09, 4.9184851747e-09, 3.59834544383e-08, 1.3885658845e-08],
        "dvar2": [3.28820789264e-07, 1.0312664017e-05, 0.000314679666189, 0.00145339628216, 0.155613929033, 35.7172431946, 113.591712952, 768.826293945, 6355.90234375, 21056.5527344, 28234.8515625, 15040.8642578, 2397.53588867, 2073.4387207, 7066.19775391, 13190.1357422, 12914.1982422, 9939.46484375, 8328.25097656, 3573.48217773, 2392.44628906, 3943.92333984, 3558.22314453, 5673.41162109, 3914.52978516, 12.411696434, 0.183387041092, 0.0861086323857, 0.029977960512, 0.00733153661713, 0.000796484993771, 0.000114326328912, 1.60544695973e-05, 5.92783089814e-06, 1.33281241688e-06, 1.4248377056e-07, 1.09032090023e-08, 1.02591766193e-08, 9.86944357351e-08, 4.04463591508e-08],
        "max": [0.00838447734714, 0.0280508622527, 0.290853112936, 1.01836907864, 5.10012483597, 73.2499771118, 155.625167847, 298.223632812, 742.571838379, 1182.06591797, 1285.03686523, 1079.59643555, 575.797546387, 463.961395264, 1245.69897461, 1026.14538574, 1037.34362793, 833.448791504, 800.672180176, 870.109558105, 474.760070801, 652.519958496, 659.695678711, 886.625366211, 661.073608398, 45.040802002, 4.68334531784, 3.89850950241, 2.45857667923, 1.1983499527, 0.437629044056, 0.156814157963, 0.047157023102, 0.0600118115544, 0.0325361229479, 0.0113781020045, 0.00217305216938, 0.000936928030569, 0.00292218639515, 0.00205885479227],
        "mean": [5.73809302296e-05, 0.000332263880409, 0.00214212806895, 0.0126503389329, 0.363022983074, 2.8062081337, 5.86669683456, 11.4599618912, 33.5002632141, 59.7156410217, 78.9465560913, 53.7380561829, 19.6912994385, 15.5472583771, 24.1442909241, 37.9673690796, 43.7589149475, 35.5332336426, 31.6157550812, 21.5003261566, 27.0493412018, 34.4096870422, 14.8785667419, 16.1863021851, 9.75806617737, 0.541642665863, 0.0680470466614, 0.0360006727278, 0.0205486472696, 0.0115327341482, 0.00510645378381, 0.00219288608059, 0.000949170615058, 0.000463330623461, 0.000194887601538, 8.73583048815e-05, 4.13026682509e-05, 0.000103632446553, 0.0011957102688, 0.000690491870046],
        "median": [3.28169835484e-06, 2.26618358283e-05, 0.000255079445196, 0.00703551527113, 0.136457040906, 0.671427428722, 2.57989168167, 4.50773048401, 8.11331558228, 11.417760849, 7.60771846771, 4.78767776489, 2.87707066536, 2.34872961044, 2.6224937439, 3.22011017799, 3.71947431564, 4.57569217682, 4.54935932159, 4.68340158463, 8.86386013031, 12.4952011108, 4.10468864441, 2.14342212677, 0.728542089462, 0.0538798421621, 0.00506579689682, 0.00108730443753, 0.000453645247035, 0.000313816068228, 0.000219010093133, 0.00015347765293, 0.000116154187708, 8.89909861144e-05, 6.37103948975e-05, 3.69153276552e-05, 1.35944192152e-05, 8.821033407e-05, 0.00124863162637, 0.000689145759679],
        "min": [6.60829301436e-13, 1.69869272728e-12, 2.05817719638e-12, 3.81453679407e-12, 4.71028858279e-12, 3.29163324202e-12, 4.00355096297e-11, 9.49866088562e-11, 3.65279716197e-11, 1.2552221762e-10, 3.77734205026e-10, 1.30413313482e-09, 1.7601154978e-09, 1.19318388503e-09, 1.63385124874e-10, 2.55279325456e-10, 1.7950134712e-09, 2.34883379413e-09, 3.57982177235e-09, 1.93963405337e-08, 2.07937898011e-08, 8.03237121261e-09, 4.9820849668e-09, 1.01109600692e-08, 1.59830175761e-08, 1.74225522898e-08, 7.66653762696e-09, 1.11958353699e-08, 1.63245044149e-08, 1.40993217101e-08, 8.50907078132e-09, 1.08244488928e-08, 1.17679315181e-08, 4.52062431933e-09, 6.56431398127e-09, 3.43913209022e-09, 6.56942000798e-10, 3.81246534342e-10, 7.01791791347e-10, 1.22707663475e-10],
        "var": [1.94604723447e-07, 3.10196855935e-06, 0.000102337551652, 0.000826056755614, 0.28697052598, 41.9219665527, 131.604171753, 526.26361084, 4428.94042969, 11475.7695312, 21137.7910156, 12384.5439453, 1755.67285156, 1206.62548828, 3979.25390625, 7657.45654297, 9339.0234375, 6362.72363281, 6429.47412109, 2655.73266602, 1834.80041504, 2830.3605957, 1462.42504883, 3176.7512207, 1685.37866211, 4.47672796249, 0.0666958913207, 0.0321597978473, 0.0113595146686, 0.00336434389465, 0.000506662589032, 6.62518286845e-05, 8.99815040611e-06, 2.96613393402e-06, 6.63455068661e-07, 8.533601914e-08, 7.29357818585e-09, 6.6693450762e-09, 5.49627579005e-08, 1.45928460427e-08]
    },
    "gfcc": {
        "mean": [-193.472564697, 114.272514343, -185.759567261, -82.5353088379, -17.2501869202, -83.1457595825, -42.0416564941, -17.3325462341, -5.35200119019, -28.5935935974, 12.4240369797, -13.4699640274, -2.28925561905],
        "cov": [[10309.7578125, 3598.64697266, -2463.13525391, -587.272888184, -1217.46887207, -167.122360229, -542.115905762, 107.850524902, 182.94303894, 149.63369751, -251.075698853, -9.1031293869, -580.222595215], [3598.64697266, 2861.97338867, -64.7384338379, -885.593811035, -608.064147949, -303.254241943, -431.474334717, -126.746665955, -77.907623291, -185.112625122, -114.968414307, 18.7883262634, -173.362976074], [-2463.13525391, -64.7384338379, 1674.81518555, 164.972885132, -21.0484523773, 70.8131866455, -7.38343715668, -200.408187866, -72.33959198, -163.069915771, -64.6479492188, 34.1915206909, 201.158218384], [-587.272888184, -885.593811035, 164.972885132, 818.157775879, 195.928405762, -47.2994766235, 0.478821873665, 1.61358082294, -4.31556224823, 73.3223571777, -7.06802892685, -1.12539899349, 65.4105300903], [-1217.46887207, -608.064147949, -21.0484523773, 195.928405762, 461.316802979, -82.0638656616, -28.8706188202, -6.69402980804, -33.1369285583, 8.880443573, 71.5544662476, -15.9340572357, 68.2227630615], [-167.122360229, -303.254241943, 70.8131866455, -47.2994766235, -82.0638656616, 542.522155762, 213.178207397, -14.2800197601, 148.586074829, 81.4818496704, -64.8951950073, -5.2397274971, -14.5287904739], [-542.115905762, -431.474334717, -7.38343715668, 0.478821873665, -28.8706188202, 213.178207397, 370.288085938, 127.080421448, -45.0828742981, 18.8399524689, 65.5068664551, 14.3177938461, 0.48446175456], [107.850524902, -126.746665955, -200.408187866, 1.61358082294, -6.69402980804, -14.2800197601, 127.080421448, 164.946670532, 11.6084136963, 11.191362381, 39.7809410095, 15.5309925079, -13.0180912018], [182.94303894, -77.907623291, -72.33959198, -4.31556224823, -33.1369285583, 148.586074829, -45.0828742981, 11.6084136963, 205.243118286, 94.3351593018, -67.7517166138, -18.1470108032, -1.43207097054], [149.63369751, -185.112625122, -163.069915771, 73.3223571777, 8.880443573, 81.4818496704, 18.8399524689, 11.191362381, 94.3351593018, 149.155731201, 24.2220668793, -30.7609214783, -26.1922359467], [-251.075698853, -114.968414307, -64.6479492188, -7.06802892685, 71.5544662476, -64.8951950073, 65.5068664551, 39.7809410095, -67.7517166138, 24.2220668793, 130.317520142, 26.5448722839, -10.103395462], [-9.1031293869, 18.7883262634, 34.1915206909, -1.12539899349, -15.9340572357, -5.2397274971, 14.3177938461, 15.5309925079, -18.1470108032, -30.7609214783, 26.5448722839, 77.220916748, 25.0910892487], [-580.222595215, -173.362976074, 201.158218384, 65.4105300903, 68.2227630615, -14.5287904739, 0.48446175456, -13.0180912018, -1.43207097054, -26.1922359467, -10.103395462, 25.0910892487, 99.7434005737]],
        "icov": [[0.0029609859921, -0.0041595348157, 0.00466129183769, -0.00438367947936, 0.00386911793612, -0.00229312945157, 0.00135338155087, -0.000570698175579, 0.000300300511299, -0.0003606704704, 0.000767353922129, -0.000789789832197, 0.000593450968154], [-0.0041595348157, 0.0072309798561, -0.00680875265971, 0.00740874093026, -0.00428723217919, 0.00321226357482, 0.000247353280429, -0.000230225472478, 0.00137142138556, -0.000172362415469, 1.5800809706e-05, 0.000286877795588, 0.000517388747539], [0.00466129183769, -0.00680875265971, 0.00869124848396, -0.00766266789287, 0.00670566689223, -0.00378656783141, 0.00123077037279, 0.00131671503186, -0.00107571657281, 0.0021403466817, -0.000895876728464, 0.000383810489438, -0.00183476821985], [-0.00438367947936, 0.00740874093026, -0.00766266789287, 0.00962752662599, -0.00594334118068, 0.00384755409323, -0.00013655849034, -0.00117783492897, 0.00326741905883, -0.00396657176316, 0.00325025082566, -0.00165965035558, 0.000741199764889], [0.00386911793612, -0.00428723217919, 0.00670566689223, -0.00594334118068, 0.0103050842881, -0.00411663204432, 0.00493262708187, -0.00109849567525, 0.000670259702019, 0.00253312545829, -0.00416597072035, 0.0031457929872, -0.00292445695959], [-0.00229312945157, 0.00321226357482, -0.00378656783141, 0.00384755409323, -0.00411663204432, 0.009402343072, -0.00928427185863, 0.00737980473787, -0.0068643828854, -0.000333088450134, 0.00357389077544, -0.0034345514141, 0.00359064131044], [0.00135338155087, 0.000247353280429, 0.00123077037279, -0.00013655849034, 0.00493262708187, -0.00928427185863, 0.0174561385065, -0.013875188306, 0.0127887167037, -0.0037424871698, -0.00175359973218, 0.00235259160399, -0.00228036078624], [-0.000570698175579, -0.000230225472478, 0.00131671503186, -0.00117783492897, -0.00109849567525, 0.00737980473787, -0.013875188306, 0.0208133459091, -0.0142457420006, 0.00826611090451, -0.00457137962803, -0.000653497583698, 0.000674549024552], [0.000300300511299, 0.00137142138556, -0.00107571657281, 0.00326741905883, 0.000670259702019, -0.0068643828854, 0.0127887167037, -0.0142457420006, 0.0254084523767, -0.0175364185125, 0.0129298213869, -0.00475634960458, -0.0009564536158], [-0.0003606704704, -0.000172362415469, 0.0021403466817, -0.00396657176316, 0.00253312545829, -0.000333088450134, -0.0037424871698, 0.00826611090451, -0.0175364185125, 0.0273760277778, -0.0192765053362, 0.01293204166, -0.00306575116701], [0.000767353922129, 1.5800809706e-05, -0.000895876728464, 0.00325025082566, -0.00416597072035, 0.00357389077544, -0.00175359973218, -0.00457137962803, 0.0129298213869, -0.0192765053362, 0.0296667758375, -0.0166944898665, 0.00927685108036], [-0.000789789832197, 0.000286877795588, 0.000383810489438, -0.00165965035558, 0.0031457929872, -0.0034345514141, 0.00235259160399, -0.000653497583698, -0.00475634960458, 0.01293204166, -0.0166944898665, 0.0262088850141, -0.011486498639], [0.000593450968154, 0.000517388747539, -0.00183476821985, 0.000741199764889, -0.00292445695959, 0.00359064131044, -0.00228036078624, 0.000674549024552, -0.0009564536158, -0.00306575116701, 0.00927685108036, -0.011486498639, 0.0232242159545]]
    },
    "melbands": {
        "dmean": [4.44872398475e-07, 1.00725674201e-06, 2.91858282253e-06, 6.59725119476e-05, 0.000123851001263, 0.00019054414588, 0.000456915411633, 0.000588260358199, 0.000547616800759, 0.000269435287919, 8.0642865214e-05, 5.43060596101e-05, 6.66720443405e-05, 9.32283583097e-05, 9.64430073509e-05, 8.55655453051e-05, 6.08123191341e-05, 4.84563970531e-05, 3.16021796607e-05, 1.95360571524e-05, 2.65608705377e-05, 3.10596187774e-05, 1.66406080098e-05, 1.17545223475e-05, 1.35331411002e-05, 1.33064104375e-05, 1.70935129518e-06, 6.06870571573e-08, 3.91005023914e-08, 3.25705116211e-08, 2.12272652789e-08, 1.44899194865e-08, 9.42048750119e-09, 6.31174623678e-09, 3.36622685282e-09, 1.88039406268e-09, 1.18664200688e-09, 6.80148659615e-10, 4.9003945346e-10, 3.2489727575e-10],
        "dmean2": [7.57564976084e-07, 1.6978608528e-06, 4.22335142503e-06, 9.22019244172e-05, 0.000180892646313, 0.000290059746476, 0.000717048707884, 0.000937020056881, 0.000817874912173, 0.000398675736506, 0.000118971838674, 8.29389828141e-05, 0.000101691490272, 0.000144573976286, 0.000147201804793, 0.000131715467433, 9.56697913352e-05, 7.58806490921e-05, 4.79188529425e-05, 3.04516488541e-05, 4.02737314289e-05, 4.79763766634e-05, 2.61052045971e-05, 1.91843173525e-05, 2.13193088712e-05, 2.11613805732e-05, 2.83480676444e-06, 9.99165479243e-08, 6.65641195496e-08, 5.54753860627e-08, 3.48465292177e-08, 2.39620376874e-08, 1.55227510845e-08, 1.0485406321e-08, 5.46035350268e-09, 3.05124303601e-09, 1.89308857479e-09, 1.10943398912e-09, 7.91021359525e-10, 5.26615973051e-10],
        "dvar": [7.39475841671e-12, 2.00491134111e-11, 2.75091859014e-11, 2.04540260285e-08, 6.66999113719e-08, 1.65168884791e-07, 7.26893574665e-07, 1.05557137431e-06, 9.16667147521e-07, 2.61884935071e-07, 2.82319838618e-08, 1.49452468179e-08, 2.95498008285e-08, 5.46771516952e-08, 4.02672988287e-08, 3.31124745401e-08, 1.7761347948e-08, 1.42964662331e-08, 6.26540774817e-09, 1.725101062e-09, 1.88806303925e-09, 2.26511032153e-09, 1.36302646947e-09, 2.28647678568e-09, 2.08298511772e-09, 2.59331911501e-09, 6.99902011347e-11, 3.44974767611e-14, 2.87989982339e-14, 2.34814727748e-14, 9.00681303628e-15, 4.56514209098e-15, 2.00767094938e-15, 7.68793360949e-16, 1.60862197535e-16, 4.15856913504e-17, 1.44355722385e-17, 4.76465255894e-18, 2.25788895043e-18, 2.07400773424e-18],
        "dvar2": [2.0646604218e-11, 5.17998144378e-11, 5.5338962579e-11, 3.62053214076e-08, 1.2621183032e-07, 3.39199004884e-07, 1.60298827723e-06, 2.35553557104e-06, 1.89027196029e-06, 4.96840470987e-07, 6.01687943913e-08, 3.34477157082e-08, 6.8058824354e-08, 1.34401787477e-07, 9.18279212669e-08, 6.92320867302e-08, 3.96158377214e-08, 3.13422958698e-08, 1.30158852585e-08, 3.88998877554e-09, 4.19544488039e-09, 5.19599741011e-09, 3.28200022714e-09, 5.62440716223e-09, 4.4742951566e-09, 5.86346704523e-09, 1.8667478674e-10, 8.54762495592e-14, 7.16178283127e-14, 5.97000882974e-14, 2.18085555989e-14, 1.11897990534e-14, 4.89862319748e-15, 1.7555456634e-15, 3.44209546399e-16, 8.77505156055e-17, 3.32386051717e-17, 1.13118503866e-17, 4.76344652961e-18, 4.72247172438e-18],
        "max": [6.07039473834e-05, 0.000109957742097, 0.000142060220242, 0.0019590058364, 0.00534317223355, 0.00588630139828, 0.0107798380777, 0.0137478308752, 0.0103601804003, 0.00629883725196, 0.00285767158493, 0.00172133883461, 0.00387801951729, 0.00321464589797, 0.00224363896996, 0.00227841991, 0.00159293261822, 0.00160911143757, 0.00128146656789, 0.000788794015534, 0.000522608926985, 0.000675316958223, 0.000567873823456, 0.00096318020951, 0.000838488980662, 0.000824297021609, 0.000199668225832, 2.62489288616e-06, 2.90890193355e-06, 2.92683057523e-06, 2.07661742024e-06, 1.490085765e-06, 9.24965434024e-07, 5.78301467158e-07, 2.82450258737e-07, 1.3079123562e-07, 7.63151177807e-08, 5.15402547308e-08, 3.77673821106e-08, 5.50156755708e-08],
        "mean": [4.58497453337e-07, 8.12184964616e-07, 4.74083890367e-06, 0.000103318328911, 0.000197290952201, 0.000260444590822, 0.000544275564607, 0.000678477284964, 0.000638276978862, 0.000301227468299, 8.89526490937e-05, 6.05033274041e-05, 7.17447182979e-05, 9.75810689852e-05, 0.000101924975752, 9.05552005861e-05, 6.26719702268e-05, 5.23144590261e-05, 3.59358746209e-05, 2.36961586779e-05, 3.43736974173e-05, 3.97408330173e-05, 1.90549271792e-05, 1.10246037366e-05, 1.333070486e-05, 1.17852659969e-05, 1.38112307013e-06, 5.19584730796e-08, 3.20040776103e-08, 2.53117153903e-08, 1.75198699992e-08, 1.2088336554e-08, 8.04052113779e-09, 5.67745495061e-09, 3.10787084956e-09, 1.79910497611e-09, 1.10250752972e-09, 6.67592758852e-10, 4.8846365841e-10, 3.30969529561e-10],
        "median": [1.5814590526e-08, 2.21736584649e-08, 1.333070486e-06, 2.28722237807e-05, 9.09774680622e-05, 0.000108817432192, 0.000130332715344, 0.000121310993563, 5.05748321302e-05, 2.765703357e-05, 1.32041541292e-05, 9.45476131164e-06, 7.99498229753e-06, 8.45645536174e-06, 7.22858339941e-06, 6.95927337802e-06, 7.21682363292e-06, 6.9641164373e-06, 5.71234841118e-06, 6.10631332165e-06, 9.81680932455e-06, 1.36173357532e-05, 4.65530229121e-06, 2.09484460356e-06, 1.51555263983e-06, 7.5892046425e-07, 8.50510417649e-08, 5.60179946874e-09, 1.74773939765e-09, 4.08579503564e-10, 2.22568130592e-10, 1.63295460487e-10, 1.44396966606e-10, 1.42746939269e-10, 1.17726522975e-10, 8.85234177628e-11, 7.95848664747e-11, 7.21464762932e-11, 7.02659458396e-11, 6.44852643505e-11],
        "min": [5.51406505498e-15, 1.45703770026e-15, 7.14907401246e-16, 2.21506143433e-16, 1.1339599583e-15, 2.04862435711e-15, 6.2213225311e-16, 1.45993412943e-15, 3.64922080116e-15, 9.08549307972e-15, 8.7436458288e-15, 5.01475649675e-15, 7.31287906715e-16, 2.96403298024e-16, 1.57731161421e-15, 5.4489299154e-15, 3.84397485156e-15, 4.1080382199e-15, 1.66706231474e-14, 2.66211494716e-14, 2.38010142601e-14, 6.72635343217e-15, 6.55411944674e-15, 3.5158550401e-15, 7.97362342304e-15, 1.49148813959e-14, 8.69312539569e-15, 1.27167648292e-14, 5.13561751041e-15, 3.98556784364e-15, 7.34851819017e-15, 1.04279657622e-14, 7.50920288136e-15, 8.01878891386e-15, 2.71633577075e-15, 9.77932402483e-15, 5.25143867804e-15, 6.9102874837e-15, 9.48017909292e-15, 1.57652366181e-15],
        "var": [9.97612409348e-12, 1.64187396318e-11, 5.65180055534e-11, 4.50840786925e-08, 1.50232892793e-07, 2.47133357334e-07, 1.07849712094e-06, 1.37915458254e-06, 1.39019937251e-06, 4.13564521295e-07, 3.94257035907e-08, 1.88946334134e-08, 3.65156473947e-08, 6.36240713447e-08, 5.29169454921e-08, 4.5428087958e-08, 2.33637358349e-08, 2.0072313589e-08, 9.81617720441e-09, 2.4716884095e-09, 3.22770410399e-09, 3.76420183912e-09, 1.73384617774e-09, 2.07551908993e-09, 2.33590924381e-09, 2.55478127542e-09, 4.98198322874e-11, 3.06866484263e-14, 2.57234266846e-14, 1.96863738419e-14, 8.30118631034e-15, 4.16429984232e-15, 1.90415611169e-15, 8.36671087331e-16, 2.03503675749e-16, 5.50527442794e-17, 1.61282319259e-17, 5.13269705992e-18, 2.7287371123e-18, 2.01193837582e-18]
    },
    "mfcc": {
        "mean": [-823.882324219, 175.479736328, -93.5598602295, -29.2837219238, 0.980276226997, -57.9578056335, -37.4945983887, -10.9674034119, -30.2286453247, -15.4283256531, -1.90766453743, -9.70334243774, -2.38457870483],
        "cov": [[9183.37207031, 3970.84570312, -2271.14160156, -646.42364502, -636.66973877, -817.155883789, -670.802124023, -195.549835205, -302.136291504, -16.338848114, 242.051483154, 223.577560425, -1.76223313808], [3970.84570312, 2916.09863281, -366.872528076, -710.883911133, -436.804290771, -579.572814941, -486.151824951, -190.449279785, -251.677230835, -313.151000977, -82.8730697632, 105.670181274, -2.90660309792], [-2271.14160156, -366.872528076, 1758.60742188, 127.342285156, -192.033493042, 395.125732422, -19.2962875366, -52.3480567932, 195.152954102, -232.326721191, -275.798400879, 38.7709693909, -29.8815841675], [-646.42364502, -710.883911133, 127.342285156, 672.184265137, 269.946258545, -36.4376068115, 44.1354370117, -12.5131177902, -54.119846344, 47.8892974854, -38.3210983276, -121.105674744, 11.6375551224], [-636.66973877, -436.804290771, -192.033493042, 269.946258545, 448.013671875, -14.8418779373, -61.035823822, -71.0561141968, -69.0135421753, 39.2217674255, -8.25864696503, -109.93157196, -14.9046726227], [-817.155883789, -579.572814941, 395.125732422, -36.4376068115, -14.8418779373, 567.825195312, 102.754112244, -10.2343740463, 248.680831909, 84.2753448486, 16.5734233856, 108.95753479, -29.5621795654], [-670.802124023, -486.151824951, -19.2962875366, 44.1354370117, -61.035823822, 102.754112244, 379.08807373, 185.304824829, 2.49776864052, 79.274269104, 82.8232345581, 17.7552585602, 54.9636192322], [-195.549835205, -190.449279785, -52.3480567932, -12.5131177902, -71.0561141968, -10.2343740463, 185.304824829, 203.193222046, 48.4637374878, 9.54250335693, 37.915397644, 21.5540332794, 35.1194763184], [-302.136291504, -251.677230835, 195.152954102, -54.119846344, -69.0135421753, 248.680831909, 2.49776864052, 48.4637374878, 265.15536499, 85.9013595581, -7.52131795883, 71.2191848755, -4.20061922073], [-16.338848114, -313.151000977, -232.326721191, 47.8892974854, 39.2217674255, 84.2753448486, 79.274269104, 9.54250335693, 85.9013595581, 228.104888916, 128.936218262, -1.97864925861, 3.26662445068], [242.051483154, -82.8730697632, -275.798400879, -38.3210983276, -8.25864696503, 16.5734233856, 82.8232345581, 37.915397644, -7.52131795883, 128.936218262, 183.633300781, 53.8127975464, -12.7574481964], [223.577560425, 105.670181274, 38.7709693909, -121.105674744, -109.93157196, 108.95753479, 17.7552585602, 21.5540332794, 71.2191848755, -1.97864925861, 53.8127975464, 149.00289917, 29.8215579987], [-1.76223313808, -2.90660309792, -29.8815841675, 11.6375551224, -14.9046726227, -29.5621795654, 54.9636192322, 35.1194763184, -4.20061922073, 3.26662445068, -12.7574481964, 29.8215579987, 108.608680725]],
