{
"lowlevel": {
    "average_loudness": 0.972032010555,
    "barkbands_crest": {
        "dmean": 3.56011462212,
        "dmean2": 5.94049549103,
        "dvar": 11.4533195496,
        "dvar2": 28.5531959534,
        "max": 26.6764831543,
        "mean": 11.2713747025,
        "median": 10.2725563049,
        "min": 3.13661408424,
        "var": 20.5876579285
    },
    "barkbands_flatness_db": {
        "dmean": 0.0432492494583,
        "dmean2": 0.0669834837317,
        "dvar": 0.00135099515319,
        "dvar2": 0.00286032026634,
        "max": 0.529874324799,
        "mean": 0.290970057249,
        "median": 0.287186592817,
        "min": 0.110961407423,
        "var": 0.00406039878726
    },
    "barkbands_kurtosis": {
        "dmean": 5.69980430603,
        "dmean2": 9.49475002289,
        "dvar": 107.926452637,
        "dvar2": 255.296234131,
        "max": 228.090301514,
        "mean": 4.92973279953,
        "median": 1.27968931198,
        "min": -1.93075835705,
        "var": 141.600814819
    },
    "barkbands_skewness": {
        "dmean": 1.08743345737,
        "dmean2": 1.7247068882,
        "dvar": 1.30449914932,
        "dvar2": 3.10209226608,
        "max": 9.06279087067,
        "mean": 0.730160117149,
        "median": 0.668197989464,
        "min": -9.95057296753,
        "var": 2.60183143616
    },
    "barkbands_spread": {
        "dmean": 10.3442077637,
        "dmean2": 16.823141098,
        "dvar": 223.591918945,
        "dvar2": 541.56628418,
        "max": 145.84324646,
        "mean": 17.0685863495,
        "median": 10.8109807968,
        "min": 0.254316627979,
        "var": 318.829376221
    },
    "dissonance": {
        "dmean": 0.0228092111647,
        "dmean2": 0.0363463573158,
        "dvar": 0.00082400185056,
        "dvar2": 0.00197585509159,
        "max": 0.500000119209,
        "mean": 0.45966053009,
        "median": 0.470161259174,
        "min": 0.108262516558,
        "var": 0.00159785337746
    },
    "dynamic_complexity": 4.40341234207,
    "erbbands_crest": {
        "dmean": 3.4335000515,
        "dmean2": 5.64290714264,
        "dvar": 9.90466499329,
        "dvar2": 25.4925670624,
        "max": 30.6601753235,
        "mean": 12.0510492325,
        "median": 11.1002445221,
        "min": 3.38801050186,
        "var": 20.7678146362
    },
    "erbbands_flatness_db": {
        "dmean": 0.0490623600781,
        "dmean2": 0.0742906406522,
        "dvar": 0.00216789799742,
        "dvar2": 0.00456071272492,
        "max": 0.616088628769,
        "mean": 0.369627594948,
        "median": 0.37763813138,
        "min": 0.0505749061704,
        "var": 0.00664632022381
    },
    "erbbands_kurtosis": {
        "dmean": 3.36357831955,
        "dmean2": 5.57496118546,
        "dvar": 42.0145874023,
        "dvar2": 103.836647034,
        "max": 112.746414185,
        "mean": 2.63235664368,
        "median": 0.194305300713,
        "min": -1.88754010201,
        "var": 58.5923347473
    },
    "erbbands_skewness": {
        "dmean": 0.827230751514,
        "dmean2": 1.26945722103,
        "dvar": 0.724745631218,
        "dvar2": 1.68849992752,
        "max": 5.74584341049,
        "mean": -0.39781716466,
        "median": -0.258002728224,
        "min": -7.34708786011,
        "var": 1.69489562511
    },
    "erbbands_spread": {
        "dmean": 6.18212413788,
        "dmean2": 10.1184616089,
        "dvar": 61.212677002,
        "dvar2": 154.061233521,
        "max": 120.747428894,
        "mean": 14.6300706863,
        "median": 12.6357841492,
        "min": 0.336753129959,
        "var": 103.361541748
    },
    "hfc": {
        "dmean": 12.2884140015,
        "dmean2": 17.9999675751,
        "dvar": 217.065673828,
        "dvar2": 406.388580322,
        "max": 119.320617676,
        "mean": 17.3992671967,
        "median": 7.43605566025,
        "min": 8.22204856377e-06,
        "var": 423.566894531
    },
    "melbands_crest": {
        "dmean": 3.93132829666,
        "dmean2": 6.29911565781,
        "dvar": 11.9882726669,
        "dvar2": 29.0620212555,
        "max": 33.6438179016,
        "mean": 12.6135234833,
        "median": 11.7948093414,
        "min": 3.25386214256,
        "var": 24.8718700409
    },
    "melbands_flatness_db": {
        "dmean": 0.0578236207366,
        "dmean2": 0.0875834524632,
        "dvar": 0.00261666835286,
        "dvar2": 0.00541682215407,
        "max": 0.552071332932,
        "mean": 0.342347204685,
        "median": 0.34282040596,
        "min": 0.0170018989593,
        "var": 0.00741511257365
    },
    "melbands_kurtosis": {
        "dmean": 4.4567527771,
        "dmean2": 7.43249559402,
        "dvar": 80.981590271,
        "dvar2": 194.435089111,
        "max": 196.678375244,
        "mean": 3.45463347435,
        "median": 0.441947102547,
        "min": -1.93879663944,
        "var": 111.262580872
    },
    "melbands_skewness": {
        "dmean": 1.02011418343,
        "dmean2": 1.60248017311,
        "dvar": 1.21999144554,
        "dvar2": 2.79035353661,
        "max": 10.300028801,
        "mean": 0.730819165707,
        "median": 0.773625433445,
        "min": -10.7485170364,
        "var": 2.75543308258
    },
    "melbands_spread": {
        "dmean": 8.42098712921,
        "dmean2": 13.572558403,
        "dvar": 100.573699951,
        "dvar2": 247.614334106,
        "max": 153.170425415,
        "mean": 18.3394165039,
        "median": 15.5408391953,
        "min": 0.649019956589,
        "var": 151.912872314
    },
    "pitch_salience": {
        "dmean": 0.0976403132081,
        "dmean2": 0.153898566961,
        "dvar": 0.010973058641,
        "dvar2": 0.0251202657819,
        "max": 0.947268247604,
        "mean": 0.695334911346,
        "median": 0.732389509678,
        "min": 0.169966325164,
        "var": 0.0234883558005
    },
    "silence_rate_20dB": {
        "dmean": 0,
        "dmean2": 0,
        "dvar": 0,
        "dvar2": 0,
        "max": 1,
        "mean": 1,
        "median": 1,
        "min": 1,
        "var": 0
    },
    "silence_rate_30dB": {
        "dmean": 0,
        "dmean2": 0,
        "dvar": 0,
        "dvar2": 0,
        "max": 1,
        "mean": 1,
        "median": 1,
        "min": 1,
        "var": 0
    },
    "silence_rate_60dB": {
        "dmean": 0.202314302325,
        "dmean2": 0.404779672623,
        "dvar": 0.161378532648,
        "dvar2": 0.292460232973,
        "max": 1,
        "mean": 0.330597013235,
        "median": 0,
        "min": 0,
        "var": 0.221301481128
    },
    "spectral_centroid": {
        "dmean": 379.261444092,
        "dmean2": 579.361755371,
        "dvar": 239404.984375,
        "dvar2": 413571.90625,
        "max": 10302.578125,
        "mean": 1365.85742188,
        "median": 1167.19677734,
        "min": 387.51739502,
        "var": 484900.625
    },
    "spectral_complexity": {
        "dmean": 4.98693561554,
        "dmean2": 6.88946962357,
        "dvar": 25.107339859,
        "dvar2": 38.5642280579,
        "max": 33,
        "mean": 11.1332092285,
        "median": 11,
        "min": 0,
        "var": 74.3829345703
    },
    "spectral_decrease": {
        "dmean": 3.07805358979e-09,
        "dmean2": 4.42644321197e-09,
        "dvar": 1.41592260851e-17,
        "dvar2": 2.71659496945e-17,
        "max": 4.91522274271e-12,
        "mean": -4.15317558122e-09,
        "median": -1.53166013206e-09,
        "min": -2.41397923872e-08,
        "var": 2.55147582255e-17
    },
    "spectral_energy": {
        "dmean": 0.0127071514726,
        "dmean2": 0.0182911120355,
        "dvar": 0.000238813518081,
        "dvar2": 0.000457104295492,
        "max": 0.0978692546487,
        "mean": 0.0172532144934,
        "median": 0.00646763620898,
        "min": 5.02988872775e-10,
        "var": 0.000433298730059
    },
    "spectral_energyband_high": {
        "dmean": 1.25846772789e-05,
        "dmean2": 2.11699480133e-05,
        "dvar": 8.9353796584e-10,
        "dvar2": 2.17492912569e-09,
        "max": 0.00036715506576,
        "mean": 3.29459398927e-05,
        "median": 2.57031169895e-05,
        "min": 4.05754430055e-10,
        "var": 8.47354741929e-10
    },
    "spectral_energyband_low": {
        "dmean": 6.19149841441e-06,
        "dmean2": 1.05520048237e-05,
        "dvar": 4.05262046144e-10,
        "dvar2": 1.09633824241e-09,
        "max": 0.000363087834558,
        "mean": 5.43200121683e-06,
        "median": 9.94744695504e-08,
        "min": 1.67066317378e-12,
        "var": 4.44395992227e-10
    },
    "spectral_energyband_middle_high": {
        "dmean": 0.00604424905032,
        "dmean2": 0.00899034459144,
        "dvar": 6.12275616731e-05,
        "dvar2": 0.000114868387755,
        "max": 0.0772775560617,
        "mean": 0.00812332425267,
        "median": 0.0026783850044,
        "min": 1.42079030832e-11,
        "var": 0.000118764590297
    },
    "spectral_energyband_middle_low": {
        "dmean": 0.00719644501805,
        "dmean2": 0.0104456702247,
        "dvar": 8.895945939e-05,
        "dvar2": 0.000174328015419,
        "max": 0.0644093006849,
        "mean": 0.00916939135641,
        "median": 0.00254173600115,
        "min": 2.23221636488e-12,
        "var": 0.000151515123434
    },
    "spectral_entropy": {
        "dmean": 0.287859559059,
        "dmean2": 0.446183621883,
        "dvar": 0.0733664929867,
        "dvar2": 0.154860034585,
        "max": 9.79812717438,
        "mean": 6.7161693573,
        "median": 6.71217536926,
        "min": 4.67525148392,
        "var": 0.201269760728
    },
    "spectral_flux": {
        "dmean": 0.041948735714,
        "dmean2": 0.0679149329662,
        "dvar": 0.00175400823355,
        "dvar2": 0.00378126138821,
        "max": 0.256345272064,
        "mean": 0.087861597538,
        "median": 0.0820818915963,
        "min": 5.22925620317e-05,
        "var": 0.00358810462058
    },
    "spectral_kurtosis": {
        "dmean": 24.2364635468,
        "dmean2": 39.6908531189,
        "dvar": 462.836456299,
        "dvar2": 1105.00732422,
        "max": 240.503463745,
        "mean": 55.6668510437,
        "median": 50.9643783569,
        "min": -1.18565833569,
        "var": 1098.92895508
    },
    "spectral_rms": {
        "dmean": 0.00159009371419,
        "dmean2": 0.0021592292469,
        "dvar": 2.51040069088e-06,
        "dvar2": 4.08511414207e-06,
        "max": 0.0097714997828,
        "mean": 0.00321358558722,
        "median": 0.00251194927841,
        "min": 7.00514704022e-07,
        "var": 6.50522133583e-06
    },
    "spectral_rolloff": {
        "dmean": 2482.41455078,
        "dmean2": 4777.67822266,
        "dvar": 31063058,
        "dvar2": 69722256,
        "max": 20047.4121094,
        "mean": 4006.76464844,
        "median": 1787.25585938,
        "min": 107.666015625,
        "var": 34218080
    },
    "spectral_skewness": {
        "dmean": 1.37579834461,
        "dmean2": 2.27437591553,
        "dvar": 1.32076263428,
        "dvar2": 3.36439347267,
        "max": 12.1971721649,
        "mean": 4.50827407837,
        "median": 4.38547611237,
        "min": 0.0730513110757,
        "var": 3.20289826393
    },
    "spectral_spread": {
        "dmean": 688953.25,
        "dmean2": 1096340.125,
        "dvar": 1.5458262057e+12,
        "dvar2": 2.97529298125e+12,
        "max": 39689328,
        "mean": 1644469.125,
        "median": 1264471,
        "min": 333346.65625,
        "var": 2.37661087334e+12
    },
    "spectral_strongpeak": {
        "dmean": 1.19691443443,
        "dmean2": 2.04153609276,
        "dvar": 1.60685181618,
        "dvar2": 3.97399663925,
        "max": 10.9164772034,
        "mean": 1.67052221298,
        "median": 1.14498186111,
        "min": 0.000627647852525,
        "var": 2.50989508629
    },
    "zerocrossingrate": {
        "dmean": 0.0755722299218,
        "dmean2": 0.0827503651381,
        "dvar": 0.00848257634789,
        "dvar2": 0.00968926493078,
        "max": 0.861328125,
        "mean": 0.172866687179,
        "median": 0.0966796875,
        "min": 0.021484375,
        "var": 0.0324068106711
    },
    "barkbands": {
        "dmean": [7.82701818025e-07, 3.17606441058e-06, 2.36483265326e-06, 1.42555245475e-06, 6.2518978666e-05, 0.00145646871533, 0.002990874229, 0.00275680748746, 0.00109261961188, 0.00053911563009, 0.000686482235324, 0.00131706427783, 0.00193577050231, 0.00114685040899, 0.000774139189161, 0.000839586078655, 0.000274067890132, 0.000119512063975, 8.17066902528e-05, 6.32502133158e-06, 4.91852460982e-06, 1.82345627309e-06, 4.41805696028e-07, 1.55824750436e-07, 5.13486071441e-08, 1.79211951945e-08, 4.12558438256e-06],
        "dmean2": [1.32479806325e-06, 5.59994577998e-06, 4.15653903474e-06, 2.4515527457e-06, 9.72373672994e-05, 0.00230872514658, 0.0046772188507, 0.00420123757794, 0.00163430953398, 0.000812926504295, 0.00107610539999, 0.00206406204961, 0.0030152592808, 0.00182732299436, 0.00120126851834, 0.00128460046835, 0.000435835798271, 0.000188954742043, 0.000128792409669, 1.05524068204e-05, 8.41279870656e-06, 3.12755582854e-06, 7.55132020913e-07, 2.64711218279e-07, 8.42290290848e-08, 2.81130532187e-08, 7.14374300514e-06],
        "dvar": [6.76748370884e-12, 1.78527886918e-10, 6.05598973746e-11, 2.25984734398e-11, 2.32941967937e-08, 8.93079140951e-06, 2.53951384366e-05, 2.36251544266e-05, 4.36497657574e-06, 1.60049455644e-06, 2.9175846521e-06, 1.00890983958e-05, 1.60722574947e-05, 7.41768826629e-06, 3.01778959511e-06, 3.17222134072e-06, 1.17987087833e-06, 1.77155669689e-07, 1.08699275359e-07, 2.78672807053e-10, 2.53470050504e-10, 6.00442334742e-11, 1.78641129667e-12, 2.51947822414e-13, 1.59148461418e-14, 1.03425962761e-15, 1.96541498354e-11],
        "dvar2": [1.74016131366e-11, 5.0397519491e-10, 1.60945354266e-10, 6.17591811025e-11, 5.46657474843e-08, 1.91692288354e-05, 5.55297156097e-05, 5.14879648108e-05, 9.29316411202e-06, 3.38272525369e-06, 6.773367204e-06, 2.13406528928e-05, 3.53637369699e-05, 1.68294336618e-05, 6.53217284707e-06, 7.00273494658e-06, 3.02640546579e-06, 4.20821606895e-07, 2.74425616453e-07, 6.80612843862e-10, 6.25963447742e-10, 1.64388558321e-10, 4.70758718465e-12, 6.22896970549e-13, 4.03626276553e-14, 2.35466667831e-15, 5.80570869158e-11],
        "max": [4.99374873471e-05, 0.000254302547546, 0.000104877588456, 9.5463154139e-05, 0.00208570249379, 0.0319912843406, 0.0388826355338, 0.0439019165933, 0.0233362689614, 0.0268094651401, 0.0270627886057, 0.0527562871575, 0.045914016664, 0.0370492003858, 0.0250207129866, 0.0303553957492, 0.0271320398897, 0.00631612958387, 0.0061310082674, 0.00020935854991, 0.00017187067715, 0.000208225348615, 1.59442188306e-05, 1.29812715386e-05, 1.84936891401e-06, 4.64988971771e-07, 5.43975802429e-05],
        "mean": [7.63839238971e-07, 2.78967786471e-06, 1.72361603745e-06, 1.08650419861e-06, 6.81015299051e-05, 0.00160264864098, 0.00330835394561, 0.00284512620419, 0.00117684458382, 0.000570813601371, 0.000706244783942, 0.00137444061693, 0.00211555068381, 0.00114055280574, 0.000842476962134, 0.000980780576356, 0.000296890124446, 0.000109084605356, 7.29355815565e-05, 5.13876375408e-06, 3.79881066692e-06, 1.35686070735e-06, 3.51047873437e-07, 1.32133450848e-07, 4.93687615233e-08, 1.95795877289e-08, 2.51286983257e-05],
        "median": [1.5642336848e-07, 1.9608007662e-08, 1.45811718255e-08, 4.69193039976e-08, 8.00230372988e-06, 0.000150336418301, 0.00043779835687, 0.000262739515165, 0.000113406073069, 5.46696028323e-05, 5.9616380895e-05, 8.26420728117e-05, 0.000100370205473, 0.000112649198854, 0.000100427459984, 0.000203871095437, 5.31077675987e-05, 1.50814021254e-05, 6.44476040179e-06, 2.01627642582e-07, 2.02660572768e-08, 1.02157349247e-08, 6.00872418488e-09, 6.11110628768e-09, 7.59080442947e-09, 3.98372046462e-09, 2.53942562267e-05],
        "min": [4.77312742282e-13, 8.24781107127e-13, 1.04072309039e-13, 5.97570292402e-14, 3.07608810386e-13, 2.75777176702e-13, 2.24124863633e-13, 9.87339550396e-14, 1.21980355504e-12, 1.66406005728e-13, 8.37291715995e-13, 8.62473016183e-13, 8.00348285909e-13, 9.33951267018e-13, 1.68272167034e-12, 1.14549309708e-12, 1.9888877871e-12, 3.0918087101e-12, 1.07091863589e-12, 3.25706519047e-12, 3.35259077444e-12, 6.77404183094e-12, 2.10518321525e-12, 6.55291489474e-12, 4.64868907257e-11, 6.53969448039e-11, 2.95469315681e-10],
        "var": [7.19806029018e-12, 2.00000446759e-10, 4.50367590443e-11, 1.57206660883e-11, 2.85573307224e-08, 1.15467428259e-05, 3.62571008736e-05, 2.94213423331e-05, 5.64751962884e-06, 2.0713637241e-06, 3.22643222717e-06, 1.21751254483e-05, 2.23389233724e-05, 9.5389341368e-06, 4.08969708587e-06, 4.52157064501e-06, 1.34680101382e-06, 1.78863999167e-07, 9.7967294721e-08, 2.49752857284e-10, 2.19634449516e-10, 4.20000631496e-11, 1.44815702399e-12, 2.2120970149e-13, 1.48185127634e-14, 1.30714145596e-15, 1.93930409925e-11]
    },
    "erbbands": {
        "dmean": [9.8761425761e-05, 0.000715813250281, 0.00259708194062, 0.00381545699202, 0.0150207076222, 0.196015581489, 3.16354560852, 15.8269968033, 35.6147766113, 56.1270980835, 50.0444602966, 25.4737739563, 16.9274272919, 21.0518932343, 32.5206451416, 57.6100234985, 86.5369110107, 66.0839920044, 43.7339668274, 41.6496429443, 41.1839294434, 13.7537212372, 6.61657571793, 6.4027838707, 1.70513904095, 0.329803556204, 0.244669124484, 0.156017497182, 0.0743362754583, 0.0281785950065, 0.0108048459515, 0.00498387124389, 0.00183301081415, 0.000834727485199, 0.000249629694736, 8.41124856379e-05, 3.60486046702e-05, 2.9675753467e-05, 0.000226328629651, 0.000122990924865],
        "dmean2": [0.000171492356458, 0.00127290782984, 0.00450867787004, 0.0064683589153, 0.0245965272188, 0.297786384821, 4.93790960312, 24.9282169342, 55.090927124, 85.4933395386, 76.6472167969, 37.8929138184, 25.3095741272, 31.5908184052, 50.7127990723, 88.9789962769, 133.150375366, 100.454299927, 66.8421173096, 63.2653503418, 63.2033576965, 21.0065765381, 10.3790893555, 10.0027799606, 2.65999889374, 0.541076481342, 0.417539805174, 0.264531642199, 0.127680614591, 0.0474492460489, 0.0187450293452, 0.00851116981357, 0.00310575799085, 0.00137083302252, 0.000413508038037, 0.000129705178551, 5.71565033169e-05, 4.75188790006e-05, 0.000378164462745, 0.000214065468754],
        "dvar": [3.02700357224e-07, 7.00010832588e-06, 6.94951813784e-05, 0.000131700755446, 0.00119035935495, 0.157648220658, 57.3372688293, 1087.4708252, 4228.94482422, 8537.86914062, 8006.45898438, 2300.58789062, 1167.0526123, 2971.24316406, 6590.11669922, 16228.6582031, 31420.8378906, 21033.3144531, 9851.32617188, 7129.67822266, 9006.96777344, 1912.8404541, 502.632385254, 680.198547363, 27.0962810516, 0.643313288689, 0.59476774931, 0.281252473593, 0.102233968675, 0.00710448576137, 0.00114382663742, 0.00026210147189, 3.91789762944e-05, 4.67765630674e-06, 3.66674811403e-07, 2.24863612175e-08, 4.5184194164e-09, 1.51997370246e-09, 4.41862511025e-08, 1.88406623636e-08],
        "dvar2": [8.49443893003e-07, 1.97354984266e-05, 0.000186802804819, 0.000351536204107, 0.00312818819657, 0.337134122849, 119.564727783, 2362.49536133, 9444.24121094, 17840.6621094, 17460.1738281, 4831.94677734, 2451.05273438, 6571.56298828, 15138.0957031, 34626.8945312, 69636.3515625, 45599.5625, 21045.0527344, 15311.0039062, 21299.6308594, 4457.22949219, 1178.38171387, 1653.09509277, 61.0970230103, 1.55302703381, 1.47082221508, 0.705534994602, 0.278278678656, 0.0183503460139, 0.00302763399668, 0.000646741536912, 0.000105005346995, 1.20617141874e-05, 9.23699076338e-07, 5.21106215956e-08, 1.07443396402e-08, 3.59122709348e-09, 1.25265486872e-07, 5.47631557879e-08],
        "max": [0.0120812878013, 0.0446709319949, 0.116952419281, 0.22513371706, 0.504150927067, 4.90899991989, 106.525566101, 387.967590332, 651.941833496, 766.122619629, 961.232543945, 681.987426758, 524.707641602, 974.252807617, 953.341918945, 2020.26586914, 2061.45361328, 1756.89050293, 1664.71826172, 1127.43981934, 1708.12524414, 812.102416992, 382.741455078, 530.582214355, 108.289360046, 11.0437698364, 9.72947883606, 8.34832382202, 8.79235172272, 1.24275434017, 0.428744614124, 0.311265528202, 0.160863772035, 0.0392270721495, 0.010526785627, 0.00213237176649, 0.000724563666154, 0.00078803289216, 0.00231488514692, 0.00166884507053],
        "mean": [9.82442870736e-05, 0.000574868638068, 0.00193344871514, 0.00310935871676, 0.0154530508444, 0.240661710501, 3.7194879055, 17.1646289825, 38.4700202942, 62.5584869385, 52.9214134216, 28.1963729858, 18.4713535309, 22.2486228943, 34.3300590515, 61.7428588867, 95.6131668091, 69.5428009033, 46.7939033508, 48.9290237427, 48.411945343, 16.0835857391, 6.35705184937, 5.87501049042, 1.59581589699, 0.27895668149, 0.190491348505, 0.118946008384, 0.0554399006069, 0.0219862610102, 0.00863030180335, 0.00410940125585, 0.0015599289909, 0.000758662761655, 0.000265276437858, 0.000104503131297, 4.3158463086e-05, 0.000104013364762, 0.00131776905619, 0.000751274288632],
        "median": [1.70370537944e-06, 6.31596822132e-06, 3.12636257149e-05, 0.00025244205608, 0.00302196294069, 0.0347415730357, 0.339432269335, 1.98716497421, 6.31738471985, 7.39728403091, 5.00243425369, 2.8731803894, 1.93933129311, 2.10768342018, 2.89259529114, 3.71818733215, 5.10257911682, 6.32419013977, 5.50350093842, 8.69271850586, 9.64412879944, 3.61881637573, 1.17588877678, 0.612350106239, 0.169134944677, 0.0185247063637, 0.00266970717348, 0.000922137056477, 0.000504998140968, 0.00027456402313, 0.000188990525203, 0.00014684049529, 0.000115839429782, 9.06940040295e-05, 6.38258061372e-05, 3.70278794435e-05, 1.32697550725e-05, 9.66786610661e-05, 0.00137670594268, 0.000741788710002],
        "min": [5.6775979751e-11, 6.42524297656e-11, 1.383005932e-10, 1.90667329147e-10, 4.34903446589e-10, 1.4401417836e-09, 7.9697037858e-10, 3.13722225975e-09, 4.32241131776e-09, 1.17031528912e-09, 7.54140216941e-09, 2.09769339676e-08, 1.59694462099e-08, 1.56928692263e-08, 3.14348618247e-08, 3.52836799777e-08, 3.46845929755e-08, 5.16342026913e-08, 6.73822171393e-08, 7.03663403101e-08, 8.08435700606e-08, 1.19675533483e-07, 1.74626435978e-07, 9.25774301663e-08, 7.60354197382e-08, 1.35463423589e-07, 1.10361220607e-07, 1.47324641375e-07, 1.72345011151e-07, 2.13191484022e-07, 6.03507501751e-08, 7.33217717652e-08, 1.45680189689e-07, 1.56237234705e-07, 6.0071391772e-07, 4.91109460654e-07, 4.6406793075e-08, 2.61051571471e-08, 2.72362878917e-08, 7.00982605295e-09],
        "var": [3.98482256969e-07, 6.35501237412e-06, 5.17439257237e-05, 9.98153409455e-05, 0.00102756998967, 0.232459276915, 76.6126327515, 1374.34179688, 5292.015625, 12942.7314453, 9968.88183594, 3087.72338867, 1558.47192383, 3440.06054688, 7339.51660156, 20368.7851562, 43112.3867188, 30114.4960938, 13579.9326172, 10163.4560547, 12543.5966797, 2680.66650391, 534.228088379, 649.162109375, 29.7736759186, 0.603943288326, 0.511236786842, 0.238717377186, 0.072424300015, 0.00598670961335, 0.000907081121113, 0.000227717027883, 2.99687089864e-05, 4.21073764301e-06, 3.33731463797e-07, 2.69462354652e-08, 5.34057331691e-09, 2.17077977815e-09, 6.03160117407e-08, 1.78864940636e-08]
    },
    "gfcc": {
        "mean": [-212.239456177, 91.7618560791, -196.69883728, -99.0873947144, -20.7449970245, -64.9627838135, -37.7627563477, -17.873632431, 13.6401910782, -10.3747797012, 18.7304897308, -5.11278390884, 4.56507205963],
        "cov": [[11614.0253906, 3454.21191406, -2143.77075195, 194.781509399, -1827.83093262, 595.646362305, -59.9598388672, -466.434387207, 115.42250061, 714.962646484, -324.343505859, -168.247573853, -204.391464233], [3454.21191406, 2289.75146484, -110.114944458, -725.862792969, -849.460144043, -102.204101562, -240.796356201, -295.810394287, -66.7431335449, 113.78125, -21.9480323792, 38.7767715454, 63.1355323792], [-2143.77075195, -110.114944458, 1460.70007324, 198.614151001, -24.4714679718, -13.3983354568, -31.0830440521, -130.225830078, -54.4653320312, -125.037406921, -15.5654306412, 39.5119132996, 161.788467407], [194.781509399, -725.862792969, 198.614151001, 1201.13244629, 179.882919312, 71.6686706543, 74.8065109253, -4.75640821457, -31.7054862976, 56.6381111145, -86.4762268066, -63.874042511, 15.6877918243], [-1827.83093262, -849.460144043, -24.4714679718, 179.882919312, 698.824401855, -120.419189453, -71.2305526733, 128.767868042, 7.5860285759, -116.235908508, 44.1079788208, 4.88878059387, 4.621758461], [595.646362305, -102.204101562, -13.3983354568, 71.6686706543, -120.419189453, 688.054138184, 278.599853516, -41.3305931091, 147.492950439, 155.042861938, -118.303970337, -99.9476852417, -105.89213562], [-59.9598388672, -240.796356201, -31.0830440521, 74.8065109253, -71.2305526733, 278.599853516, 452.943878174, 182.523010254, -51.7798728943, -2.87232303619, 41.6458816528, -48.5095329285, -103.364212036], [-466.434387207, -295.810394287, -130.225830078, -4.75640821457, 128.767868042, -41.3305931091, 182.523010254, 279.750549316, 20.3264770508, -76.6271438599, 45.6411132812, 15.9343357086, -60.8899650574], [115.42250061, -66.7431335449, -54.4653320312, -31.7054862976, 7.5860285759, 147.492950439, -51.7798728943, 20.3264770508, 209.743789673, 82.3641891479, -85.6915512085, -19.5417881012, -24.6760940552], [714.962646484, 113.78125, -125.037406921, 56.6381111145, -116.235908508, 155.042861938, -2.87232303619, -76.6271438599, 82.3641891479, 175.704269409, -24.0584907532, -71.4634094238, -50.3413543701], [-324.343505859, -21.9480323792, -15.5654306412, -86.4762268066, 44.1079788208, -118.303970337, 41.6458816528, 45.6411132812, -85.6915512085, -24.0584907532, 138.604827881, 26.3829154968, -31.3880500793], [-168.247573853, 38.7767715454, 39.5119132996, -63.874042511, 4.88878059387, -99.9476852417, -48.5095329285, 15.9343357086, -19.5417881012, -71.4634094238, 26.3829154968, 107.257324219, 40.1850280762], [-204.391464233, 63.1355323792, 161.788467407, 15.6877918243, 4.621758461, -105.89213562, -103.364212036, -60.8899650574, -24.6760940552, -50.3413543701, -31.3880500793, 40.1850280762, 124.361854553]],
        "icov": [[0.00417200988159, -0.00614973157644, 0.00642166472971, -0.0060342727229, 0.004793766886, -0.00322963274084, 0.0016412155237, -0.000420916359872, -0.000330675655277, -0.000226708725677, 0.00115132145584, -0.000443495926447, 0.000892194686458], [-0.00614973157644, 0.0103898672387, -0.009437055327, 0.00950424931943, -0.00557566806674, 0.00444110436365, -0.00103607459459, -1.67811322171e-06, 0.00202655373141, -0.000396579445805, -0.00126126676332, 0.000617446552496, -0.00145319534931], [0.00642166472971, -0.009437055327, 0.0110025126487, -0.00969806406647, 0.00780225545168, -0.00520596280694, 0.00216915435158, 0.000634852680378, -0.00216610613279, 0.00215608649887, -0.00014014239423, 0.00044688305934, -9.10298840608e-05], [-0.0060342727229, 0.00950424931943, -0.00969806406647, 0.0103942696005, -0.00719272950664, 0.00510741490871, -0.00240324786864, -0.00017687251966, 0.00311797857285, -0.00298055191524, 0.00151361594908, -0.000553442747332, -0.000931919668801], [0.004793766886, -0.00557566806674, 0.00780225545168, -0.00719272950664, 0.0101452283561, -0.00568531593308, 0.00604677060619, -0.00271369982511, -0.000126882936456, 0.00338448095135, -0.00229634204879, 0.00260078092106, -0.000129681022372], [-0.00322963274084, 0.00444110436365, -0.00520596280694, 0.00510741490871, -0.00568531593308, 0.00996463932097, -0.00970362965018, 0.00721712736413, -0.00461116898805, -0.00182681030128, 0.00440495368093, -0.00180780189112, 0.00277171260677], [0.0016412155237, -0.00103607459459, 0.00216915435158, -0.00240324786864, 0.00604677060619, -0.00970362965018, 0.0160541906953, -0.0127036161721, 0.00983560830355, -0.000366570078768, -0.00315237510949, 0.00311918999068, -0.000659355137032], [-0.000420916359872, -1.67811322171e-06, 0.000634852680378, -0.00017687251966, -0.00271369982511, 0.00721712736413, -0.0127036161721, 0.0183048769832, -0.0135162035003, 0.00889919139445, -0.00225693103857, 0.000106397361378, 0.00347175821662], [-0.000330675655277, 0.00202655373141, -0.00216610613279, 0.00311797857285, -0.000126882936456, -0.00461116898805, 0.00983560830355, -0.0135162035003, 0.0231148898602, -0.0154156303033, 0.0120588662103, -0.00615683337674, 0.00186720385682], [-0.000226708725677, -0.000396579445805, 0.00215608649887, -0.00298055191524, 0.00338448095135, -0.00182681030128, -0.000366570078768, 0.00889919139445, -0.0154156303033, 0.0275883749127, -0.014953433536, 0.0131828915328, -0.000154002016643], [0.00115132145584, -0.00126126676332, -0.00014014239423, 0.00151361594908, -0.00229634204879, 0.00440495368093, -0.00315237510949, -0.00225693103857, 0.0120588662103, -0.014953433536, 0.0258823316544, -0.0112202065066, 0.00913258269429], [-0.000443495926447, 0.000617446552496, 0.00044688305934, -0.000553442747332, 0.00260078092106, -0.00180780189112, 0.00311918999068, 0.000106397361378, -0.00615683337674, 0.0131828915328, -0.0112202065066, 0.020078079775, -0.00575023144484], [0.000892194686458, -0.00145319534931, -9.10298840608e-05, -0.000931919668801, -0.000129681022372, 0.00277171260677, -0.000659355137032, 0.00347175821662, 0.00186720385682, -0.000154002016643, 0.00913258269429, -0.00575023144484, 0.0184690542519]]
    },
    "melbands": {
        "dmean": [8.79633148543e-07, 1.19869207538e-06, 8.07221169907e-07, 3.67062762052e-06, 8.93505784916e-05, 0.000345565145835, 0.000561236811336, 0.000630684255157, 0.000370393507183, 0.000146859019878, 8.20852728793e-05, 8.21924040793e-05, 9.92600762402e-05, 0.000133911191369, 0.000193373358343, 0.000186623845366, 0.000119982025353, 7.368993829e-05, 5.80391533731e-05, 5.97317921347e-05, 4.62748503196e-05, 1.66567733686e-05, 6.12991016169e-06, 5.86258420299e-06, 5.56833629162e-06, 2.03089507522e-06, 3.34199313556e-07, 1.78575433551e-07, 1.60810358807e-07, 1.2165385499e-07, 8.03876716304e-08, 4.66147014322e-08, 2.36433450596e-08, 1.23989041256e-08, 6.69851107915e-09, 4.09667499923e-09, 2.62188581956e-09, 1.36109823412e-09, 9.36669075635e-10, 6.21309337312e-10],
        "dmean2": [1.52626466843e-06, 2.08348296837e-06, 1.36901542191e-06, 5.76318279855e-06, 0.000139287396451, 0.000542478694115, 0.000871958502103, 0.000950305140577, 0.000565148424357, 0.000218489614781, 0.000122762605315, 0.000123912031995, 0.000154973211465, 0.000207527991734, 0.000298158294754, 0.000289167684969, 0.00018632519641, 0.000114665170258, 8.89028960955e-05, 9.23514962778e-05, 7.2134367656e-05, 2.60417400568e-05, 9.83033623925e-06, 9.40953759709e-06, 8.77618094819e-06, 3.16973205372e-06, 5.39208031114e-07, 3.00467405623e-07, 2.74108430176e-07, 2.07779194739e-07, 1.36635748049e-07, 8.06442415069e-08, 4.03093025625e-08, 2.09024264564e-08, 1.17228431407e-08, 7.05340941209e-09, 4.49740422681e-09, 2.36971575696e-09, 1.57555579694e-09, 1.0351353108e-09],
        "dvar": [1.74187574087e-11, 1.45654373979e-11, 5.68751946581e-12, 5.27405133455e-11, 4.58614763943e-08, 4.77074706851e-07, 9.59760541264e-07, 1.05988897303e-06, 4.31744808793e-07, 8.03043107567e-08, 2.84938668216e-08, 4.77067878535e-08, 6.15735018528e-08, 1.37228894914e-07, 1.69567854869e-07, 1.60887154266e-07, 8.15798060216e-08, 3.34197913787e-08, 1.71626890477e-08, 1.60755977419e-08, 1.46798226908e-08, 3.86985510303e-09, 5.18360909751e-10, 5.32914323781e-10, 5.93829985185e-10, 5.12331323199e-11, 5.67772879493e-13, 2.74696796343e-13, 2.67110606637e-13, 1.57043933522e-13, 8.90658057831e-14, 4.67508112301e-14, 7.54776829145e-15, 1.31704454166e-15, 4.70079145287e-16, 1.84062800537e-16, 8.4181270967e-17, 3.18796830829e-17, 7.80348541402e-18, 2.61974800159e-18],
        "dvar2": [4.91560056548e-11, 3.95409122111e-11, 1.5258424732e-11, 1.19235760154e-10, 9.51458360987e-08, 1.03326340195e-06, 2.12068380279e-06, 2.20369815906e-06, 9.34749493808e-07, 1.69991153598e-07, 5.99045648642e-08, 1.0527068639e-07, 1.44472153352e-07, 3.0753392366e-07, 3.86018285781e-07, 3.50100606283e-07, 1.82795375281e-07, 7.35964604814e-08, 3.77207314273e-08, 3.51210580618e-08, 3.60502490082e-08, 9.41584232805e-09, 1.17229548291e-09, 1.31765443001e-09, 1.49148249307e-09, 1.20182919172e-10, 1.3632265889e-12, 6.61191479172e-13, 6.66579096607e-13, 3.92299365735e-13, 2.28312540314e-13, 1.28675905651e-13, 2.01497398275e-14, 3.42229135723e-15, 1.2628082809e-15, 4.78933127745e-16, 2.07970781929e-16, 8.97719001771e-17, 2.0730201633e-17, 6.79395118107e-18],
        "max": [8.75341502251e-05, 6.22176739853e-05, 4.48677783425e-05, 9.29114976316e-05, 0.00300832185894, 0.00762873888016, 0.00915452837944, 0.00913180597126, 0.0064651388675, 0.00396585697308, 0.00268732989207, 0.00396446790546, 0.00333492318168, 0.00693660974503, 0.00735517544672, 0.00591170648113, 0.00348304538056, 0.00307622435503, 0.00176503066905, 0.00217697909102, 0.00224540173076, 0.00122999353334, 0.000523610739037, 0.000394642964238, 0.000512737547979, 0.00016324952594, 9.07384765014e-06, 7.15222904546e-06, 6.42633222014e-06, 4.44131637778e-06, 5.65424534216e-06, 6.08000209468e-06, 2.12006625588e-06, 4.34253962567e-07, 2.67199794735e-07, 2.2775287789e-07, 2.30195482231e-07, 1.64182878848e-07, 7.16257844147e-08, 1.95615186271e-08],
        "mean": [8.31925262901e-07, 9.2630961035e-07, 6.54652922094e-07, 3.96612631448e-06, 0.000104245751572, 0.000378574535716, 0.000614986871369, 0.000695132650435, 0.000392639340134, 0.000160488314577, 8.86008274392e-05, 8.64071553224e-05, 0.000103620172013, 0.000137797862408, 0.000203591233003, 0.000202181952773, 0.000119171068945, 7.52953928895e-05, 6.3788407715e-05, 6.92115499987e-05, 5.31115292688e-05, 1.85687549674e-05, 6.01028386882e-06, 5.2145310292e-06, 4.95244739795e-06, 1.82460917131e-06, 2.98149728906e-07, 1.40556167594e-07, 1.23601225255e-07, 9.27464469669e-08, 6.01790404176e-08, 3.41954518035e-08, 1.80265864458e-08, 9.62910018387e-09, 5.20114973313e-09, 3.23318549711e-09, 2.13213735556e-09, 1.09938669279e-09, 7.99437016585e-10, 5.52070833493e-10],
        "median": [1.37939517586e-08, 7.65791696722e-09, 4.46572911983e-08, 6.93701394994e-07, 9.42123369896e-06, 4.06199760619e-05, 9.61965706665e-05, 7.20267125871e-05, 3.7835459807e-05, 1.60024574143e-05, 8.77048114489e-06, 8.01424721431e-06, 8.86695670488e-06, 9.35660500545e-06, 1.02318972495e-05, 1.04377813841e-05, 1.04029595605e-05, 8.05378749646e-06, 7.88054603618e-06, 1.30227144837e-05, 9.70932160271e-06, 3.22514506479e-06, 1.21252310237e-06, 6.31837338005e-07, 4.19674279328e-07, 1.6227070887e-07, 2.55547298877e-08, 2.62797872352e-09, 8.5528439886e-10, 4.95141039281e-10, 3.14759440734e-10, 2.3096222157e-10, 1.63530466946e-10, 1.15961192038e-10, 9.68492230857e-11, 8.49133124925e-11, 7.7566481016e-11, 7.2552172603e-11, 7.16103704113e-11, 6.76125405663e-11],
        "min": [3.81628946109e-13, 7.75922566216e-14, 3.44549726478e-14, 7.18648502252e-14, 3.806834405e-14, 6.82252377423e-14, 5.93996762042e-14, 8.34955443273e-15, 8.89345224526e-14, 1.47134664478e-13, 7.88647643826e-14, 5.43276971261e-14, 1.11107927329e-13, 7.22170194196e-14, 1.03716019876e-13, 7.8316124202e-14, 9.89705076248e-14, 9.65548984082e-14, 1.43099101362e-13, 6.355415597e-14, 9.68683141513e-14, 1.20170854604e-13, 1.2706734265e-13, 1.68041917729e-13, 6.49129323427e-14, 2.76535454149e-14, 9.69809017706e-14, 8.96685612047e-14, 6.59482166684e-14, 9.21288937608e-14, 7.34985192825e-14, 5.01226732103e-14, 2.20203236613e-13, 6.78850964157e-14, 2.55641844905e-14, 4.13011638778e-14, 4.70446164663e-14, 9.11725867871e-14, 1.18553455356e-13, 9.8593056191e-14],
        "var": [2.13009835465e-11, 1.15466386452e-11, 4.20913174107e-12, 6.94500984499e-11, 6.13718640352e-08, 6.18367892002e-07, 1.24554776448e-06, 1.55166981131e-06, 5.46619048691e-07, 1.05502678593e-07, 3.79871174516e-08, 5.52470247328e-08, 6.70538327086e-08, 1.50359568352e-07, 2.05578444934e-07, 2.32679028045e-07, 1.05617907309e-07, 4.30722053579e-08, 2.27321486079e-08, 2.156386536e-08, 1.91965057184e-08, 4.96170127207e-09, 5.870554598e-10, 4.92114737849e-10, 5.30214427918e-10, 5.14856525469e-11, 5.68579580119e-13, 2.47466652205e-13, 2.25770438586e-13, 1.32599172527e-13, 7.21941427538e-14, 3.2007376079e-14, 5.65397202798e-15, 1.11099276582e-15, 3.59614164034e-16, 1.45447044928e-16, 7.22236803808e-17, 2.10883030095e-17, 6.30882960414e-18, 2.29078633698e-18]
    },
    "mfcc": {
        "mean": [-837.989746094, 159.120376587, -100.726585388, -50.8257827759, -6.4523563385, -41.0109786987, -42.2024879456, -17.0373001099, -17.9777183533, -7.77251195908, 4.51454782486, 3.26919054985, 9.56968021393],
        "cov": [[10467.703125, 3582.42480469, -1805.40307617, -341.99609375, -1349.43530273, 191.759735107, -317.947784424, -708.993347168, -104.439964294, 268.45526123, 34.9091720581, 121.59740448, 146.655059814], [3582.42480469, 2500.32885742, -210.152801514, -757.047058105, -702.448120117, -260.207366943, -340.8253479, -425.567749023, -213.620407104, -106.509742737, -173.527328491, -53.2511901855, 131.521682739], [-1805.40307617, -210.152801514, 1496.67504883, 219.123046875, -164.906463623, 216.735702515, 25.1678676605, -83.2447891235, 73.9082870483, -107.108917236, -195.564727783, -41.1437225342, -23.3789825439], [-341.99609375, -757.047058105, 219.123046875, 926.179992676, 303.167633057, 36.9292755127, 109.026924133, 65.9899291992, -17.2255477905, 40.4813499451, -13.1445789337, -122.408691406, -76.4644317627], [-1349.43530273, -702.448120117, -164.906463623, 303.167633057, 681.150634766, -50.7484092712, -98.7053375244, 61.9615745544, -18.5784435272, -24.2268676758, -7.7280459404, -97.0614776611, -60.3104705811], [191.759735107, -260.207366943, 216.735702515, 36.9292755127, -50.7484092712, 641.842346191, 120.808204651, -102.911849976, 232.98600769, 149.789001465, 38.3747024536, 126.546974182, -38.9528961182], [-317.947784424, -340.8253479, 25.1678676605, 109.026924133, -98.7053375244, 120.808204651, 440.227233887, 233.354614258, 10.2151021957, 90.3618011475, 130.267410278, 38.5031013489, -16.8083095551], [-708.993347168, -425.567749023, -83.2447891235, 65.9899291992, 61.9615745544, -102.911849976, 233.354614258, 375.999267578, 78.3403701782, -12.6278533936, 91.5149688721, 58.0526428223, 14.6326112747], [-104.439964294, -213.620407104, 73.9082870483, -17.2255477905, -18.5784435272, 232.98600769, 10.2151021957, 78.3403701782, 294.065063477, 100.678276062, 13.5515394211, 106.815696716, 10.7004928589], [268.45526123, -106.509742737, -107.108917236, 40.4813499451, -24.2268676758, 149.789001465, 90.3618011475, -12.6278533936, 100.678276062, 205.46194458, 104.535400391, 14.0021028519, -27.5750331879], [34.9091720581, -173.527328491, -195.564727783, -13.1445789337, -7.7280459404, 38.3747024536, 130.267410278, 91.5149688721, 13.5515394211, 104.535400391, 205.532669067, 102.667427063, -20.5932941437], [121.59740448, -53.2511901855, -41.1437225342, -122.408691406, -97.0614776611, 126.546974182, 38.5031013489, 58.0526428223, 106.815696716, 14.0021028519, 102.667427063, 228.897094727, 54.5540428162], [146.655059814, 131.521682739, -23.3789825439, -76.4644317627, -60.3104705811, -38.9528961182, -16.8083095551, 14.6326112747, 10.7004928589, -27.5750331879, -20.5932941437, 54.5540428162, 98.7492675781]],
