{
"lowlevel": {
    "average_loudness": 0.918760538101,
    "barkbands_crest": {
        "dmean": 3.63582062721,
        "dmean2": 5.900349617,
        "dvar": 12.6570606232,
        "dvar2": 30.3260612488,
        "max": 26.6891231537,
        "mean": 12.313999176,
        "median": 11.1401968002,
        "min": 3.16366314888,
        "var": 26.3039608002
    },
    "barkbands_flatness_db": {
        "dmean": 0.037897951901,
        "dmean2": 0.0572211816907,
        "dvar": 0.00119797058869,
        "dvar2": 0.00268426653929,
        "max": 0.47137644887,
        "mean": 0.287033617496,
        "median": 0.292185515165,
        "min": 0.0763140246272,
        "var": 0.00321452040225
    },
    "barkbands_kurtosis": {
        "dmean": 9.06772232056,
        "dmean2": 14.5459604263,
        "dvar": 178.612579346,
        "dvar2": 411.379974365,
        "max": 138.34979248,
        "mean": 10.3761968613,
        "median": 4.52601194382,
        "min": -1.96000552177,
        "var": 282.216552734
    },
    "barkbands_skewness": {
        "dmean": 1.38698899746,
        "dmean2": 2.0429186821,
        "dvar": 2.42244100571,
        "dvar2": 4.93450784683,
        "max": 8.20105552673,
        "mean": 1.07948434353,
        "median": 1.37991416454,
        "min": -11.2894449234,
        "var": 6.77390527725
    },
    "barkbands_spread": {
        "dmean": 12.3140363693,
        "dmean2": 20.3463420868,
        "dvar": 331.516662598,
        "dvar2": 836.248596191,
        "max": 114.605827332,
        "mean": 18.9149074554,
        "median": 11.203745842,
        "min": 0.393866270781,
        "var": 386.479370117
    },
    "dissonance": {
        "dmean": 0.0301518067718,
        "dmean2": 0.0472299493849,
        "dvar": 0.00130237999838,
        "dvar2": 0.00304570887238,
        "max": 0.500000178814,
        "mean": 0.438745141029,
        "median": 0.450478166342,
        "min": 0.170940488577,
        "var": 0.00341067602858
    },
    "dynamic_complexity": 6.18227958679,
    "erbbands_crest": {
        "dmean": 3.49184966087,
        "dmean2": 5.72016000748,
        "dvar": 9.63617420197,
        "dvar2": 25.2483196259,
        "max": 30.2854633331,
        "mean": 11.5344181061,
        "median": 10.7780895233,
        "min": 3.42545700073,
        "var": 17.2131481171
    },
    "erbbands_flatness_db": {
        "dmean": 0.0493934042752,
        "dmean2": 0.0701254159212,
        "dvar": 0.0025539775379,
        "dvar2": 0.00487949559465,
        "max": 0.570458948612,
        "mean": 0.333761036396,
        "median": 0.356578171253,
        "min": 0.052287388593,
        "var": 0.00786061957479
    },
    "erbbands_kurtosis": {
        "dmean": 3.43707966805,
        "dmean2": 5.57963514328,
        "dvar": 36.434627533,
        "dvar2": 88.7120742798,
        "max": 86.4253463745,
        "mean": 2.99377393723,
        "median": 0.847729206085,
        "min": -1.89927065372,
        "var": 44.3941574097
    },
    "erbbands_skewness": {
        "dmean": 0.843839764595,
        "dmean2": 1.30135679245,
        "dvar": 0.929837822914,
        "dvar2": 2.02460241318,
        "max": 4.69906234741,
        "mean": 0.317770689726,
        "median": 0.563756585121,
        "min": -7.44696426392,
        "var": 1.92956709862
    },
    "erbbands_spread": {
        "dmean": 8.33044147491,
        "dmean2": 13.3678827286,
        "dvar": 104.225120544,
        "dvar2": 251.814102173,
        "max": 103.533111572,
        "mean": 17.7231063843,
        "median": 13.5858411789,
        "min": 0.498052805662,
        "var": 185.177337646
    },
    "hfc": {
        "dmean": 7.49985551834,
        "dmean2": 10.8496389389,
        "dvar": 164.059005737,
        "dvar2": 329.075469971,
        "max": 199.383499146,
        "mean": 11.3264904022,
        "median": 3.82458019257,
        "min": 1.42852929486e-09,
        "var": 287.956848145
    },
    "melbands_crest": {
        "dmean": 3.83317685127,
        "dmean2": 6.25453186035,
        "dvar": 11.4700403214,
        "dvar2": 29.5141124725,
        "max": 32.35521698,
        "mean": 12.8630237579,
        "median": 12.197514534,
        "min": 2.75153064728,
        "var": 24.8212966919
    },
    "melbands_flatness_db": {
        "dmean": 0.0506529286504,
        "dmean2": 0.071415938437,
        "dvar": 0.00267335656099,
        "dvar2": 0.00486949179322,
        "max": 0.542939424515,
        "mean": 0.331766992807,
        "median": 0.359656840563,
        "min": 0.0209955032915,
        "var": 0.0107143670321
    },
    "melbands_kurtosis": {
        "dmean": 6.6020026207,
        "dmean2": 10.6575374603,
        "dvar": 136.470199585,
        "dvar2": 329.614562988,
        "max": 186.071838379,
        "mean": 7.26100969315,
        "median": 3.36502599716,
        "min": -1.91928040981,
        "var": 161.980667114
    },
    "melbands_skewness": {
        "dmean": 1.11682462692,
        "dmean2": 1.66821169853,
        "dvar": 1.65649580956,
        "dvar2": 3.6304974556,
        "max": 10.7358064651,
        "mean": 1.40113532543,
        "median": 1.48343741894,
        "min": -8.74414539337,
        "var": 3.68883347511
    },
    "melbands_spread": {
        "dmean": 9.95331859589,
        "dmean2": 16.398355484,
        "dvar": 175.511032104,
        "dvar2": 439.202819824,
        "max": 91.099937439,
        "mean": 17.5690517426,
        "median": 11.0350065231,
        "min": 0.856816291809,
        "var": 274.577697754
    },
    "pitch_salience": {
        "dmean": 0.0989485234022,
        "dmean2": 0.159656792879,
        "dvar": 0.0132942153141,
        "dvar2": 0.0292788911611,
        "max": 0.949160397053,
        "mean": 0.659065127373,
        "median": 0.717993676662,
        "min": 0.183308437467,
        "var": 0.0305219851434
    },
    "silence_rate_20dB": {
        "dmean": 0,
        "dmean2": 0,
        "dvar": 0,
        "dvar2": 0,
        "max": 1,
        "mean": 1,
        "median": 1,
        "min": 1,
        "var": 0
    },
    "silence_rate_30dB": {
        "dmean": 0,
        "dmean2": 0,
        "dvar": 0,
        "dvar2": 0,
        "max": 1,
        "mean": 1,
        "median": 1,
        "min": 1,
        "var": 0
    },
    "silence_rate_60dB": {
        "dmean": 0.177083328366,
        "dmean2": 0.354298472404,
        "dvar": 0.14572712779,
        "dvar2": 0.265990108252,
        "max": 1,
        "mean": 0.440312385559,
        "median": 0,
        "min": 0,
        "var": 0.246435031295
    },
    "spectral_centroid": {
        "dmean": 377.974853516,
        "dmean2": 576.275085449,
        "dvar": 266063.34375,
        "dvar2": 471128.78125,
        "max": 10772.4472656,
        "mean": 1320.49255371,
        "median": 937.889343262,
        "min": 307.430267334,
        "var": 696199
    },
    "spectral_complexity": {
        "dmean": 3.86011910439,
        "dmean2": 5.49609231949,
        "dvar": 19.8481216431,
        "dvar2": 34.5239448547,
        "max": 35,
        "mean": 8.52212715149,
        "median": 7,
        "min": 0,
        "var": 59.2906303406
    },
    "spectral_decrease": {
        "dmean": 1.97046001738e-09,
        "dmean2": 2.80511436301e-09,
        "dvar": 8.95845040637e-18,
        "dvar2": 1.57990355488e-17,
        "max": 7.0839848744e-12,
        "mean": -3.06836867026e-09,
        "median": -7.51615825134e-10,
        "min": -2.68340869525e-08,
        "var": 2.10420421065e-17
    },
    "spectral_energy": {
        "dmean": 0.00809482205659,
        "dmean2": 0.0115419672802,
        "dvar": 0.000149612271343,
        "dvar2": 0.000265162350843,
        "max": 0.109853051603,
        "mean": 0.0126080522314,
        "median": 0.00319875380956,
        "min": 1.51123186773e-13,
        "var": 0.000348214438418
    },
    "spectral_energyband_high": {
        "dmean": 4.90500588057e-06,
        "dmean2": 8.59610099724e-06,
        "dvar": 6.3670325956e-11,
        "dvar2": 1.82448625652e-10,
        "max": 0.000254114391282,
        "mean": 3.54209078068e-05,
        "median": 3.55171941919e-05,
        "min": 8.77595047956e-14,
        "var": 4.89632605294e-11
    },
    "spectral_energyband_low": {
        "dmean": 8.02933186606e-07,
        "dmean2": 1.32289324029e-06,
        "dvar": 2.68420528859e-11,
        "dvar2": 6.31296126485e-11,
        "max": 0.00017043275875,
        "mean": 7.52705602736e-07,
        "median": 1.13389617695e-07,
        "min": 9.57015093258e-16,
        "var": 2.66553428635e-11
    },
    "spectral_energyband_middle_high": {
        "dmean": 0.00259515293874,
        "dmean2": 0.00380105548538,
        "dvar": 2.06260629056e-05,
        "dvar2": 4.15640533902e-05,
        "max": 0.0698046535254,
        "mean": 0.00336083699949,
        "median": 0.000819282606244,
        "min": 4.35737227821e-14,
        "var": 3.35798395099e-05
    },
    "spectral_energyband_middle_low": {
        "dmean": 0.00589864281937,
        "dmean2": 0.00838617794216,
        "dvar": 8.92569150892e-05,
        "dvar2": 0.000159169823746,
        "max": 0.082655236125,
        "mean": 0.00927948020399,
        "median": 0.00171800516546,
        "min": 3.42063265496e-15,
        "var": 0.000210161699215
    },
    "spectral_entropy": {
        "dmean": 0.290392816067,
        "dmean2": 0.4235894382,
        "dvar": 0.0790362581611,
        "dvar2": 0.15639705956,
        "max": 9.78618907928,
        "mean": 6.72848129272,
        "median": 6.6613817215,
        "min": 5.21393060684,
        "var": 0.292859345675
    },
    "spectral_flux": {
        "dmean": 0.0314957685769,
        "dmean2": 0.0507540218532,
        "dvar": 0.00128153839614,
        "dvar2": 0.00305549125187,
        "max": 0.288882046938,
        "mean": 0.0667247027159,
        "median": 0.0522984750569,
        "min": 4.25297948823e-05,
        "var": 0.00309837586246
    },
    "spectral_kurtosis": {
        "dmean": 16.6536102295,
        "dmean2": 27.2943840027,
        "dvar": 234.56036377,
        "dvar2": 626.059875488,
        "max": 183.694519043,
        "mean": 46.2505912781,
        "median": 43.9357833862,
        "min": -1.25808441639,
        "var": 475.391601562
    },
    "spectral_rms": {
        "dmean": 0.00112524849828,
        "dmean2": 0.00153924361803,
        "dvar": 1.72526108599e-06,
        "dvar2": 2.76977539215e-06,
        "max": 0.010352473706,
        "mean": 0.00259967986494,
        "median": 0.00176656036638,
        "min": 1.21423742172e-08,
        "var": 5.54218240723e-06
    },
    "spectral_rolloff": {
        "dmean": 2316.61181641,
        "dmean2": 4418.93261719,
        "dvar": 29032944,
        "dvar2": 62202976,
        "max": 20047.4121094,
        "mean": 5344.078125,
        "median": 1485.79101562,
        "min": 279.931640625,
        "var": 52909128
    },
    "spectral_skewness": {
        "dmean": 1.09947419167,
        "dmean2": 1.8156774044,
        "dvar": 0.861466646194,
        "dvar2": 2.46326994896,
        "max": 10.2193050385,
        "mean": 4.16667175293,
        "median": 4.19929647446,
        "min": -0.00109487515874,
        "var": 1.92612862587
    },
    "spectral_spread": {
        "dmean": 922607.25,
        "dmean2": 1410166.875,
        "dvar": 2.35033251021e+12,
        "dvar2": 4.45731359949e+12,
        "max": 41379840,
        "mean": 2186641,
        "median": 1456915.25,
        "min": 370437.8125,
        "var": 4.84684647629e+12
    },
    "spectral_strongpeak": {
        "dmean": 1.05315184593,
        "dmean2": 1.82777559757,
        "dvar": 1.89703404903,
        "dvar2": 4.56292915344,
        "max": 14.3591814041,
        "mean": 1.85986614227,
        "median": 1.17970407009,
        "min": 2.48531932812e-07,
        "var": 2.88319158554
    },
    "zerocrossingrate": {
        "dmean": 0.0823086351156,
        "dmean2": 0.0880407243967,
        "dvar": 0.010541908443,
        "dvar2": 0.0108396401629,
        "max": 0.861328125,
        "mean": 0.233931392431,
        "median": 0.1279296875,
        "min": 0.0185546875,
        "var": 0.056180678308
    },
    "barkbands": {
        "dmean": [1.68456978145e-07, 1.73571706341e-07, 3.80522664045e-07, 6.40031544208e-07, 0.000135155190947, 0.000890450552106, 0.00167660042644, 0.00248750811443, 0.00219685235061, 0.00035779416794, 0.000212168102735, 0.000504670082591, 0.000596092140768, 0.000297223217785, 0.000271174969384, 0.000220719899517, 0.000379004195565, 0.000216721819015, 0.000228935081395, 1.95891675503e-06, 2.20610061774e-07, 9.98468152602e-08, 6.43729407557e-08, 4.39855902812e-08, 9.17831233238e-09, 6.95878332735e-09, 4.52252197647e-06],
        "dmean2": [2.93671206464e-07, 3.05759158437e-07, 6.46295688966e-07, 1.0541670008e-06, 0.000188760037418, 0.00130529084709, 0.00262128701434, 0.00389006664045, 0.00319239334203, 0.000536254723556, 0.000323691725498, 0.00078478443902, 0.000891866337042, 0.000454962108051, 0.000430205865996, 0.000348090601619, 0.000599586463068, 0.000361529557267, 0.000376759620849, 3.33884781867e-06, 3.92203560295e-07, 1.76693106368e-07, 1.16937556527e-07, 7.7246866681e-08, 1.53762140798e-08, 1.15119584976e-08, 7.85906468082e-06],
        "dvar": [8.28581398372e-13, 8.47364604699e-13, 7.20483655375e-12, 1.6385596005e-11, 1.90437901892e-07, 5.12995120516e-06, 1.20082504509e-05, 2.50016928476e-05, 2.35513289226e-05, 7.45073123198e-07, 3.40397235732e-07, 1.9067562107e-06, 1.82970757123e-06, 8.00461464223e-07, 9.91670844996e-07, 3.36373290111e-07, 1.61583864156e-06, 2.70586997431e-06, 1.93245023183e-06, 1.04222769304e-10, 4.35584858113e-12, 6.4291004161e-13, 3.86787281891e-13, 4.42502236025e-13, 4.65130694106e-15, 1.01289449206e-15, 2.1884580953e-11],
        "dvar2": [2.34344097946e-12, 2.2532412134e-12, 1.77086800085e-11, 3.98108594701e-11, 2.97830837326e-07, 9.50200137595e-06, 2.66016886599e-05, 5.31860860065e-05, 4.43854660261e-05, 1.57891872732e-06, 7.57007796892e-07, 4.20089236286e-06, 3.6046585592e-06, 1.71000863247e-06, 2.38242705564e-06, 8.33459807836e-07, 3.59054206456e-06, 7.30025749363e-06, 4.74871694678e-06, 2.78282480393e-10, 1.23059696114e-11, 1.82046109957e-12, 1.11941901061e-12, 1.23554530322e-12, 1.24155649954e-14, 2.42994207282e-15, 6.2576999138e-11],
        "max": [2.70366726909e-05, 1.62096712302e-05, 8.50748474477e-05, 0.000102099962533, 0.0163278952241, 0.0744073614478, 0.049375705421, 0.0491112247109, 0.0494658052921, 0.0120466332883, 0.00919487979263, 0.0197115689516, 0.0161034837365, 0.0135266007856, 0.0195706691593, 0.0130793023854, 0.0319199226797, 0.041664596647, 0.0297958236188, 0.000268122850684, 6.35885298834e-05, 1.93801915884e-05, 1.34035253723e-05, 2.38088887272e-05, 2.59464854935e-06, 1.07236201075e-06, 6.54113900964e-05],
        "mean": [2.76976692248e-07, 1.36916114002e-07, 3.10046942786e-07, 6.94586674399e-07, 0.00021775123605, 0.0013146585552, 0.00205312855542, 0.00296098715626, 0.00257515371777, 0.00039486726746, 0.000225501920795, 0.000558181083761, 0.000666373234708, 0.00029927471769, 0.000274056685157, 0.000245948031079, 0.000398118951125, 0.000186831937754, 0.000198436362552, 1.58089414981e-06, 1.6791904045e-07, 7.98319845785e-08, 4.93798388845e-08, 3.8237285338e-08, 1.86880626529e-08, 9.71485381029e-09, 3.53983232344e-05],
        "median": [1.87378333294e-07, 1.84230657396e-08, 2.13996393938e-08, 1.25455073885e-07, 5.57925304747e-05, 0.000410324893892, 0.000342446845025, 0.000114007445518, 8.41193468659e-05, 2.8037253287e-05, 1.29026766444e-05, 2.0301913537e-05, 1.72130967258e-05, 1.83099891728e-05, 2.27735945373e-05, 3.56918899342e-05, 4.77869652968e-05, 1.40057836688e-05, 6.55434450891e-06, 1.28442067648e-07, 2.43101219155e-08, 1.40526239534e-08, 9.59439283577e-09, 1.08425872725e-08, 1.37071447526e-08, 5.43279643495e-09, 3.59272526111e-05],
        "min": [5.1486638295e-16, 5.29894653259e-16, 1.41662925236e-16, 5.70246601417e-17, 1.08222521082e-16, 2.5370352012e-16, 1.48297813721e-16, 1.06288870595e-15, 1.74628875796e-15, 7.20954740033e-16, 1.08004271132e-15, 1.28264727483e-15, 6.07359257356e-16, 7.40002075797e-16, 2.48092011548e-15, 5.06638654302e-15, 7.25690734176e-15, 9.49832507975e-15, 1.03532887965e-14, 7.8590410411e-15, 4.84318954977e-15, 7.63521258479e-15, 9.77192095688e-15, 8.10575717468e-15, 1.57283006877e-14, 1.92118676789e-14, 2.47058961695e-14],
        "var": [5.85558348771e-13, 6.19573023528e-13, 6.56229020776e-12, 1.42297675379e-11, 6.31559544217e-07, 1.1237126273e-05, 1.72293093783e-05, 3.79237717425e-05, 3.97244657506e-05, 9.8512475688e-07, 4.31505071674e-07, 2.48892570198e-06, 2.83966619463e-06, 1.00245529211e-06, 1.09510426682e-06, 4.03266653848e-07, 1.80582924258e-06, 1.93765617951e-06, 1.65910353189e-06, 7.41727165798e-11, 2.63582428453e-12, 3.96122154175e-13, 2.17637526382e-13, 2.70035648573e-13, 3.25222874076e-15, 9.01920999874e-16, 2.3881936359e-11]
    },
    "erbbands": {
        "dmean": [5.56555460207e-06, 4.49227591162e-05, 0.000359525292879, 0.00166242429987, 0.0261365026236, 0.411559790373, 3.28718686104, 8.80812740326, 20.3851547241, 33.7241020203, 59.0609703064, 51.3240776062, 17.5944080353, 9.02513027191, 10.380736351, 21.7668609619, 26.6645793915, 17.1153507233, 13.6241035461, 12.6469697952, 13.7720966339, 20.4720859528, 10.1253156662, 15.9735689163, 6.29243087769, 0.284090876579, 0.0234738476574, 0.00772114098072, 0.00401092320681, 0.00270135025494, 0.00171442434657, 0.00115724850912, 0.000604690168984, 0.000172586442204, 5.41730732948e-05, 3.29527065333e-05, 1.31620672619e-05, 3.5840592318e-05, 0.000256958446698, 0.000134593734401],
        "dmean2": [9.40808240557e-06, 7.91185084381e-05, 0.000610071816482, 0.00262176664546, 0.0372223556042, 0.551549315453, 4.57852315903, 13.2170782089, 30.9388237, 52.9538574219, 90.1887817383, 72.6317138672, 24.9547729492, 13.0524091721, 15.7299203873, 32.8703727722, 39.197227478, 25.4482345581, 21.2927627563, 19.6675682068, 21.4232082367, 31.9038105011, 16.2304477692, 25.823217392, 10.2341175079, 0.465533554554, 0.0399418249726, 0.0133723467588, 0.00703135784715, 0.00484015280381, 0.00309416675009, 0.00202426523902, 0.00108053290751, 0.000292375974823, 8.85520494194e-05, 5.31059631612e-05, 2.0736213628e-05, 5.69718140468e-05, 0.000430366082583, 0.000235141647863],
        "dvar": [1.12914211314e-09, 5.65013671405e-08, 4.86912313136e-06, 7.85383599577e-05, 0.00172364432365, 1.26031172276, 72.8567962646, 618.698059082, 1734.69775391, 4794.74609375, 14500.5537109, 13250.8291016, 1505.07458496, 555.819641113, 823.394897461, 3002.34033203, 3618.86987305, 2125.2565918, 2002.7142334, 1518.3182373, 1192.77478027, 4699.16308594, 2257.69018555, 11606.2207031, 1256.73852539, 2.18953108788, 0.0313070714474, 0.00293605658226, 0.000910399132408, 0.000584678200539, 0.000285812682705, 0.000213497827644, 0.000111760557047, 3.87061936635e-06, 4.73218868535e-08, 2.16054534263e-08, 3.70377173375e-09, 5.34172484024e-09, 6.02011525075e-08, 2.00049203869e-08],
        "dvar2": [3.12829762095e-09, 1.50756974904e-07, 1.26471259136e-05, 0.000176832036232, 0.00301100010984, 2.03037500381, 117.352714539, 1172.56750488, 3696.40966797, 10681.8261719, 29359.125, 24968.3164062, 2696.53955078, 1168.52722168, 1754.76367188, 6368.34521484, 7134.79052734, 4336.74951172, 4350.38867188, 3580.53662109, 2836.31030273, 10556.546875, 5292.53759766, 29076.8984375, 3102.23339844, 5.4018778801, 0.0863669812679, 0.00801678095013, 0.00255475915037, 0.00170052959584, 0.000820770044811, 0.000585377740208, 0.000319233164191, 1.08009935502e-05, 1.16211303691e-07, 5.3851639592e-08, 8.91206664022e-09, 1.20342349419e-08, 1.63477309911e-07, 5.75201504205e-08],
        "max": [0.000781471142545, 0.00408150209114, 0.0581712424755, 0.261583417654, 0.748412370682, 39.0622444153, 237.10546875, 816.182739258, 507.88885498, 1109.94287109, 1357.59265137, 1555.6763916, 600.391357422, 429.024475098, 467.407165527, 755.700317383, 868.185241699, 697.788818359, 834.440734863, 722.667175293, 905.864196777, 1613.73657227, 899.744018555, 2327.8918457, 622.255310059, 31.2184963226, 6.15216636658, 1.27494549751, 0.703645169735, 0.684097349644, 0.387900561094, 0.470026165247, 0.397997111082, 0.0758606642485, 0.00708995154127, 0.00479953270406, 0.00204258435406, 0.00137282186188, 0.00281954067759, 0.00201826309785],
        "mean": [5.54967482458e-06, 3.97926014557e-05, 0.000329476111801, 0.00233904016204, 0.0510882399976, 0.740827441216, 5.42145395279, 12.2318105698, 25.6808300018, 41.436542511, 72.2956542969, 59.9431610107, 20.9992084503, 10.290099144, 12.0265340805, 24.8531608582, 30.5248661041, 18.5039405823, 14.3244075775, 13.1929912567, 16.1847705841, 21.5479564667, 9.99780464172, 13.6805763245, 5.37172174454, 0.247856989503, 0.0194207802415, 0.00633172923699, 0.00328929303214, 0.00208424497396, 0.00134577706922, 0.000963696744293, 0.000562326051295, 0.000251392717473, 0.000133481269586, 7.2145870945e-05, 2.30859695876e-05, 0.00013563183893, 0.00188860669732, 0.00103982386645],
        "median": [1.37430890845e-06, 7.89130172052e-06, 5.66368980799e-05, 0.0010075441096, 0.0174348633736, 0.216677606106, 1.57630681992, 3.22279262543, 5.15740823746, 4.46856307983, 2.55619978905, 1.94541573524, 1.37914073467, 0.716030538082, 0.657253980637, 0.952346622944, 0.919021248817, 0.981714487076, 1.21877408028, 1.46010565758, 2.8854265213, 2.75457644463, 1.01166844368, 0.584360182285, 0.184839844704, 0.0140048218891, 0.00201748451218, 0.000905393215362, 0.000575679179747, 0.00036084317253, 0.000281227607047, 0.000237371437834, 0.000194131062017, 0.00015185958182, 0.000105588012957, 5.3752479289e-05, 1.26884633573e-05, 0.000130954547785, 0.00195691455156, 0.00104091619141],
        "min": [2.33342872477e-14, 9.2165790516e-14, 1.72973126707e-13, 1.88458068053e-13, 2.18824104344e-13, 3.89189331804e-13, 9.41374907713e-13, 2.44699377948e-12, 2.69340604507e-12, 5.57667540618e-12, 3.44928530183e-11, 4.22799087407e-11, 1.45832634163e-11, 3.90080780177e-11, 4.6447304336e-11, 5.12883208126e-11, 3.02797613372e-11, 4.06054564972e-11, 9.71760311108e-11, 2.12143552725e-10, 2.74791911448e-10, 4.00803529255e-10, 4.52911680382e-10, 6.52593312722e-10, 4.16372269996e-10, 3.9232064819e-10, 2.14567127954e-10, 1.67831790132e-10, 2.84629125824e-10, 4.12163858599e-10, 2.08580736016e-10, 1.17942086653e-10, 1.75070152819e-10, 1.33674529779e-10, 1.3688551681e-10, 7.44716302514e-11, 3.7384817464e-11, 8.25108731339e-12, 3.87599197529e-12, 3.80325762203e-13],
        "var": [8.20650603028e-10, 4.09460483297e-08, 4.01834313379e-06, 8.19291963126e-05, 0.00592426722869, 4.74006605148, 230.7162323, 1136.64099121, 2627.54492188, 7022.54443359, 23299.0800781, 21948.2460938, 2594.85986328, 736.556213379, 1202.13647461, 4220.37939453, 5692.97802734, 3012.26025391, 2525.12060547, 1701.05871582, 1622.19897461, 5189.00488281, 2319.01855469, 10035.8486328, 1078.81896973, 1.87215781212, 0.020330298692, 0.0019826120697, 0.000577488564886, 0.000328642054228, 0.0001640158589, 0.000136128015583, 6.44091560389e-05, 2.39293444793e-06, 4.21416963547e-08, 1.82750170552e-08, 3.32895555566e-09, 7.17810433315e-09, 8.63257056949e-08, 2.06391987945e-08]
    },
    "gfcc": {
        "mean": [-232.662033081, 89.4995727539, -171.439910889, -90.1507034302, -23.5399913788, -81.7996826172, -42.1986961365, -16.1067829132, 2.62182641029, -25.0929775238, 15.5428333282, -8.71603298187, 3.12692523003],
        "cov": [[9574.7890625, 4686.1015625, -3086.95117188, -1879.55187988, -1028.06542969, -1128.91320801, -685.632629395, 55.6030921936, -92.3551254272, 45.391544342, 48.6093254089, -53.6020851135, -413.916107178], [4686.1015625, 3490.46582031, -745.863037109, -1573.16442871, -991.818847656, -632.655395508, -483.490509033, -173.757064819, -134.540847778, -107.255615234, -31.4392986298, 26.4320716858, -163.320510864], [-3086.95117188, -745.863037109, 1943.27319336, 469.751678467, -89.8742675781, 206.788619995, 43.7416000366, -203.343032837, -61.1489486694, -155.96975708, -92.0744247437, 89.6774520874, 210.567703247], [-1879.55187988, -1573.16442871, 469.751678467, 1208.34606934, 545.194702148, -39.7937240601, 2.78282237053, 54.002696991, 2.26710057259, 13.4196443558, 11.7055206299, 11.6312112808, 107.524864197], [-1028.06542969, -991.818847656, -89.8742675781, 545.194702148, 521.623779297, 126.861755371, 22.7138233185, 37.5543861389, 54.0981903076, 60.9304733276, 23.7734832764, -32.6024246216, 29.5540657043], [-1128.91320801, -632.655395508, 206.788619995, -39.7937240601, 126.861755371, 582.044372559, 298.617126465, -7.7563791275, 92.7137069702, 57.3700180054, -44.0773849487, -32.2804031372, 2.42134404182], [-685.632629395, -483.490509033, 43.7416000366, 2.78282237053, 22.7138233185, 298.617126465, 369.52041626, 126.032341003, -17.6715717316, 7.97302103043, 24.8349609375, -8.00532913208, -16.4456977844], [55.6030921936, -173.757064819, -203.343032837, 54.002696991, 37.5543861389, -7.7563791275, 126.032341003, 164.90524292, 17.417181015, -1.5468878746, 24.1645088196, 0.239055544138, -19.6700878143], [-92.3551254272, -134.540847778, -61.1489486694, 2.26710057259, 54.0981903076, 92.7137069702, -17.6715717316, 17.417181015, 151.337417603, 74.3865661621, -43.1923522949, -31.4864826202, -0.356625765562], [45.391544342, -107.255615234, -155.96975708, 13.4196443558, 60.9304733276, 57.3700180054, 7.97302103043, -1.5468878746, 74.3865661621, 116.192893982, 20.8190765381, -45.6646766663, -29.9001979828], [48.6093254089, -31.4392986298, -92.0744247437, 11.7055206299, 23.7734832764, -44.0773849487, 24.8349609375, 24.1645088196, -43.1923522949, 20.8190765381, 89.9699249268, 21.2105617523, -22.8855056763], [-53.6020851135, 26.4320716858, 89.6774520874, 11.6312112808, -32.6024246216, -32.2804031372, -8.00532913208, 0.239055544138, -31.4864826202, -45.6646766663, 21.2105617523, 76.2160263062, 29.357465744], [-413.916107178, -163.320510864, 210.567703247, 107.524864197, 29.5540657043, 2.42134404182, -16.4456977844, -19.6700878143, -0.356625765562, -29.9001979828, -22.8855056763, 29.357465744, 76.5241470337]],
        "icov": [[0.00303743663244, -0.0041734194383, 0.00482758274302, -0.00439823232591, 0.00386894843541, -0.00175795401447, 0.000455421715742, 0.000977570773102, -0.00150456000119, 0.00216256245039, -0.00141990929842, 0.000819318869617, -0.000571932410821], [-0.0041734194383, 0.0084934765473, -0.0064415265806, 0.00858436431736, -0.00346908066422, 0.00331059261225, 0.00248320470564, -0.00229221512564, 0.00518451631069, -0.00462368968874, 0.00494886748493, -0.00262513570487, 0.00310022267513], [0.00482758274302, -0.0064415265806, 0.00950127560645, -0.00852211751044, 0.00863010901958, -0.00378425279632, 0.000323532498442, 0.00452766800299, -0.00443581258878, 0.00734663754702, -0.00499005336314, 0.00322908139788, -0.00366637809202], [-0.00439823232591, 0.00858436431736, -0.00852211751044, 0.0125736603513, -0.00887994654477, 0.00617057876661, 0.00100459973328, -0.00433753570542, 0.00751644186676, -0.00953096523881, 0.00948966853321, -0.00582767091691, 0.00403360975906], [0.00386894843541, -0.00346908066422, 0.00863010901958, -0.00887994654477, 0.0157106611878, -0.00785217713565, 0.00738696707413, -6.82804893586e-05, -0.00152919185348, 0.00714902440086, -0.00851312372833, 0.00703173875809, -0.00445308629423], [-0.00175795401447, 0.00331059261225, -0.00378425279632, 0.00617057876661, -0.00785217713565, 0.0136317005381, -0.0131285656244, 0.0100872041658, -0.0062450254336, -0.00170690717641, 0.00709977466613, -0.00544662121683, 0.00518887676299], [0.000455421715742, 0.00248320470564, 0.000323532498442, 0.00100459973328, 0.00738696707413, -0.0131285656244, 0.0251256842166, -0.0212452802807, 0.0182721316814, -0.00846842490137, 0.00151656777598, 0.0014184738975, -0.000351786846295], [0.000977570773102, -0.00229221512564, 0.00452766800299, -0.00433753570542, -6.82804893586e-05, 0.0100872041658, -0.0212452802807, 0.0311789400876, -0.0232991073281, 0.0190204381943, -0.00991787295789, 0.00312909274362, 0.000344195839716], [-0.00150456000119, 0.00518451631069, -0.00443581258878, 0.00751644186676, -0.00152919185348, -0.0062450254336, 0.0182721316814, -0.0232991073281, 0.037421349436, -0.0310059022158, 0.0241028554738, -0.0109869427979, 0.00278011616319], [0.00216256245039, -0.00462368968874, 0.00734663754702, -0.00953096523881, 0.00714902440086, -0.00170690717641, -0.00846842490137, 0.0190204381943, -0.0310059022158, 0.045379307121, -0.0314762592316, 0.0224073007703, -0.00505509506911], [-0.00141990929842, 0.00494886748493, -0.00499005336314, 0.00948966853321, -0.00851312372833, 0.00709977466613, 0.00151656777598, -0.00991787295789, 0.0241028554738, -0.0314762592316, 0.0439172275364, -0.0255926176906, 0.0148843312636], [0.000819318869617, -0.00262513570487, 0.00322908139788, -0.00582767091691, 0.00703173875809, -0.00544662121683, 0.0014184738975, 0.00312909274362, -0.0109869427979, 0.0224073007703, -0.0255926176906, 0.0345135703683, -0.0154924606904], [-0.000571932410821, 0.00310022267513, -0.00366637809202, 0.00403360975906, -0.00445308629423, 0.00518887676299, -0.000351786846295, 0.000344195839716, 0.00278011616319, -0.00505509506911, 0.0148843312636, -0.0154924606904, 0.0310128387064]]
    },
    "melbands": {
        "dmean": [5.19292981949e-08, 1.38858965215e-07, 5.0571969723e-07, 1.04527071016e-05, 9.38918601605e-05, 0.00019837814034, 0.000314537988743, 0.000405126687838, 0.000499456422403, 0.000298871076666, 8.15161329228e-05, 3.63743492926e-05, 3.04767545458e-05, 5.02617513121e-05, 7.11441680323e-05, 5.21787442267e-05, 3.04982786474e-05, 2.20033252845e-05, 2.0601964934e-05, 1.4754028598e-05, 1.7507456505e-05, 2.32927104662e-05, 1.35144409796e-05, 9.66030165728e-06, 1.40245911098e-05, 7.96905806055e-06, 6.98430710599e-07, 1.63522653196e-08, 8.67734240018e-09, 5.59526780464e-09, 3.17466164468e-09, 2.23755058926e-09, 1.70012959266e-09, 1.36045030796e-09, 1.00687458371e-09, 8.36849645136e-10, 6.52520648625e-10, 4.58578869322e-10, 2.63706612103e-10, 1.03064688728e-10],
        "dmean2": [8.88572202484e-08, 2.39309514427e-07, 7.71462396187e-07, 1.43199331433e-05, 0.000130028740386, 0.000294763216516, 0.000482224917505, 0.000635392498225, 0.00075368193211, 0.000425846374128, 0.00011754839943, 5.32796257176e-05, 4.62712814624e-05, 7.66117154853e-05, 0.000106811137812, 7.6780852396e-05, 4.65363045805e-05, 3.48081521224e-05, 3.26584777213e-05, 2.33520986512e-05, 2.75912771031e-05, 3.63572071365e-05, 2.23009719775e-05, 1.59351020557e-05, 2.26686061069e-05, 1.30709968289e-05, 1.16608237022e-06, 2.88507102653e-08, 1.56958925857e-08, 9.91037651943e-09, 5.56156498632e-09, 3.95236199324e-09, 3.05265412948e-09, 2.46027220818e-09, 1.83167192525e-09, 1.50719370318e-09, 1.13192433204e-09, 8.23281554041e-10, 4.72097028137e-10, 1.72173400537e-10],
        "dvar": [8.48009068023e-14, 7.59906785934e-13, 2.88531633481e-12, 7.25725091133e-10, 5.73849732177e-08, 2.66372808255e-07, 4.04858326419e-07, 6.46033754492e-07, 1.03280069652e-06, 4.71914319178e-07, 3.45199815399e-08, 9.55408108183e-09, 7.14693593196e-09, 2.28478338471e-08, 3.28637774771e-08, 1.41722580338e-08, 8.39951308507e-09, 5.29620303169e-09, 5.73339864474e-09, 1.80623960233e-09, 2.14677653432e-09, 5.50545564693e-09, 4.06527878027e-09, 5.75884939735e-09, 9.16911080395e-09, 2.2648771747e-09, 1.44422980519e-11, 2.4026606239e-14, 1.27699305462e-14, 2.50314710704e-15, 5.69249762752e-16, 3.08527039417e-16, 2.30764703238e-16, 1.67010359713e-16, 1.02401121716e-16, 1.04385124341e-16, 7.41248921531e-17, 6.54251424833e-17, 1.97288167835e-17, 5.86807458315e-19],
        "dvar2": [2.29917511895e-13, 1.9745440092e-12, 6.83284071684e-12, 1.19631715645e-09, 8.95733336392e-08, 5.05861805777e-07, 8.7160918838e-07, 1.42842168316e-06, 2.07824655263e-06, 8.72680629982e-07, 6.37582218133e-08, 2.07751273962e-08, 1.56355799419e-08, 5.00891168542e-08, 7.25520621359e-08, 2.75793894389e-08, 1.7624243398e-08, 1.15105347476e-08, 1.38694780105e-08, 4.44763292862e-09, 5.17380405185e-09, 1.25654393557e-08, 9.7469765592e-09, 1.54338568592e-08, 2.29622472148e-08, 5.68466962392e-09, 3.67806271551e-11, 6.81481577441e-14, 3.69312836335e-14, 7.02395210544e-15, 1.55151416701e-15, 8.649823695e-16, 6.67354865708e-16, 4.88335934614e-16, 2.97203691219e-16, 2.94427937782e-16, 2.00682050183e-16, 1.87014750063e-16, 5.65752231364e-17, 1.56808080715e-18],
        "max": [6.53713550491e-06, 2.23651732085e-05, 3.80028832296e-05, 0.000813016260508, 0.00704393396154, 0.016530610621, 0.0073134819977, 0.0101456614211, 0.010250935331, 0.00930980592966, 0.00281262514181, 0.00180247810204, 0.0015526911011, 0.002860493958, 0.00340851396322, 0.00160278228577, 0.00152040005196, 0.00129474094138, 0.00133446312975, 0.000815080828033, 0.00106307119131, 0.00184153963346, 0.00167172274087, 0.00200708420016, 0.00199781963602, 0.000797564862296, 7.95306987129e-05, 5.54205053049e-06, 4.0872118916e-06, 1.47362447933e-06, 6.67502490614e-07, 4.34179469266e-07, 4.34860908172e-07, 3.66798900586e-07, 2.52077370533e-07, 3.0236444104e-07, 2.86443679443e-07, 3.02119758544e-07, 1.70111277953e-07, 2.93014039698e-08],
        "mean": [4.97190661974e-08, 1.13045125261e-07, 7.40211362427e-07, 1.75048262463e-05, 0.000158727605594, 0.000282237888314, 0.000395894545363, 0.000491928309202, 0.000608381466009, 0.000347302819137, 9.45900683291e-05, 4.05821447202e-05, 3.42277235177e-05, 5.59578002139e-05, 7.82434726716e-05, 5.70109732507e-05, 3.14204771712e-05, 2.23049901251e-05, 2.05281266972e-05, 1.55842935783e-05, 1.99761871045e-05, 2.45529463427e-05, 1.24817297547e-05, 8.26501491247e-06, 1.17665058497e-05, 6.65064681016e-06, 5.83915095831e-07, 1.26864385663e-08, 6.27975937917e-09, 4.2137635603e-09, 2.53005749684e-09, 1.80739290201e-09, 1.30015898048e-09, 1.02665043133e-09, 7.69487917829e-10, 6.50563936055e-10, 5.45057499135e-10, 4.01934791006e-10, 2.81969836369e-10, 1.70752842421e-10],
        "median": [1.28297266144e-08, 1.05655422189e-08, 1.73937394266e-07, 4.03299418394e-06, 4.92259059683e-05, 7.86261516623e-05, 7.55051951273e-05, 4.12201443396e-05, 1.90851478692e-05, 1.14657686936e-05, 6.33693844065e-06, 2.83855479211e-06, 1.92918878383e-06, 2.16782586904e-06, 2.27578266276e-06, 1.66984636962e-06, 1.55836244176e-06, 1.73177147644e-06, 1.71471072008e-06, 2.04065327125e-06, 3.11504163619e-06, 2.97465066978e-06, 1.16864134725e-06, 5.53625000066e-07, 4.03060255394e-07, 1.96757184767e-07, 2.55264946958e-08, 1.69899794233e-09, 8.90567342093e-10, 5.60501589586e-10, 4.13050760262e-10, 3.22608134651e-10, 2.18095028148e-10, 1.78179540566e-10, 1.5558734856e-10, 1.46705564363e-10, 1.3400211496e-10, 1.26810797973e-10, 1.30788366248e-10, 1.17521617438e-10],
        "min": [2.01830229813e-16, 1.02920577906e-16, 3.36437946316e-17, 2.07973587726e-17, 3.01033689657e-17, 5.45954358234e-17, 3.72222904581e-17, 8.46770631738e-17, 3.21196508255e-16, 2.43338748521e-16, 6.6066743471e-17, 1.54344623113e-16, 1.5153824414e-16, 1.42806168252e-16, 1.16761718304e-16, 4.96119935788e-17, 7.28267347521e-17, 1.28533305749e-16, 2.04140446002e-16, 3.40965145514e-16, 3.49833130485e-16, 3.92378933681e-16, 5.03291571847e-16, 3.6462163753e-16, 5.66579385506e-16, 3.31247374738e-16, 2.78409459488e-16, 2.56531074916e-16, 9.17691906319e-17, 1.89876093533e-16, 6.55686616283e-17, 1.61134624507e-16, 1.64682104369e-16, 2.47001583683e-16, 1.35894538221e-16, 5.71275944971e-17, 6.97683039203e-17, 1.46465959389e-16, 9.2394049484e-17, 1.16175095048e-16],
        "var": [6.36323066179e-14, 6.18321637381e-13, 3.10137657743e-12, 2.3695163609e-09, 1.9822384445e-07, 5.11812743298e-07, 6.08049106177e-07, 9.6200687949e-07, 1.68083329299e-06, 7.77734101121e-07, 5.6789328795e-08, 1.18739666988e-08, 9.80051240163e-09, 2.94018445146e-08, 4.27411031012e-08, 2.23217817563e-08, 1.09465796427e-08, 6.52847198523e-09, 6.16047213242e-09, 1.91849758302e-09, 2.78557110711e-09, 6.12833161995e-09, 3.68180308463e-09, 4.17867562774e-09, 7.87394505153e-09, 1.83973303258e-09, 1.13638438937e-11, 1.4234527592e-14, 7.14495753822e-15, 1.54325570166e-15, 3.8760630007e-16, 1.96142032996e-16, 1.32779098101e-16, 9.19100164768e-17, 5.70717300272e-17, 6.21803974904e-17, 4.8589892818e-17, 3.76221628011e-17, 1.12608671096e-17, 4.07656267658e-19]
    },
    "mfcc": {
        "mean": [-869.222229004, 160.67199707, -81.2209854126, -34.305480957, -1.80161201954, -58.5188369751, -41.4468917847, -11.5253725052, -25.8379592896, -14.7434396744, 0.879962444305, -5.94816160202, -0.457188993692],
        "cov": [[9131.31738281, 4977.41455078, -2896.18920898, -1446.46118164, -764.827819824, -1661.18493652, -896.065124512, -430.168060303, -741.46887207, -224.428009033, 128.087081909, 34.4831886292, 87.022354126], [4977.41455078, 3737.24853516, -751.340637207, -1297.6373291, -856.828491211, -968.387268066, -673.083312988, -379.915374756, -445.013061523, -366.707733154, -116.955383301, 58.6984443665, 58.0110321045], [-2896.18920898, -751.340637207, 1970.35791016, 305.565612793, -180.43170166, 441.118011475, 62.9342575073, -14.8976297379, 197.964797974, -203.721099854, -289.617767334, 7.32282352448, -24.5976009369], [-1446.46118164, -1297.6373291, 305.565612793, 1006.84698486, 505.29019165, 56.3038215637, 70.1882019043, 65.1183624268, 7.4696393013, 31.0804729462, -42.1549606323, -126.285018921, -22.0419654846], [-764.827819824, -856.828491211, -180.43170166, 505.29019165, 541.325378418, 151.16809082, -5.57168245316, -7.79406642914, 18.1154708862, 89.3461914062, 39.4438095093, -74.7578964233, -34.7619781494], [-1661.18493652, -968.387268066, 441.118011475, 56.3038215637, 151.16809082, 623.108825684, 242.18347168, 46.0406684875, 242.52053833, 129.647521973, 22.5785522461, 54.9642410278, -31.0744132996], [-896.065124512, -673.083312988, 62.9342575073, 70.1882019043, -5.57168245316, 242.18347168, 380.436767578, 202.805618286, 86.9114532471, 101.730506897, 73.54347229, 28.6254825592, 21.440536499], [-430.168060303, -379.915374756, -14.8976297379, 65.1183624268, -7.79406642914, 46.0406684875, 202.805618286, 215.498672485, 83.3744277954, 24.9740219116, 33.7608947754, 17.9878196716, 15.5321178436], [-741.46887207, -445.013061523, 197.964797974, 7.4696393013, 18.1154708862, 242.52053833, 86.9114532471, 83.3744277954, 231.32901001, 105.921966553, 3.44865489006, 29.6869220734, -12.8436508179], [-224.428009033, -366.707733154, -203.721099854, 31.0804729462, 89.3461914062, 129.647521973, 101.730506897, 24.9740219116, 105.921966553, 219.768188477, 121.866584778, -9.37316799164, -13.1451778412], [128.087081909, -116.955383301, -289.617767334, -42.1549606323, 39.4438095093, 22.5785522461, 73.54347229, 33.7608947754, 3.44865489006, 121.866584778, 156.6381073, 35.7200050354, -16.9378242493], [34.4831886292, 58.6984443665, 7.32282352448, -126.285018921, -74.7578964233, 54.9642410278, 28.6254825592, 17.9878196716, 29.6869220734, -9.37316799164, 35.7200050354, 103.227783203, 27.4244594574], [87.022354126, 58.0110321045, -24.5976009369, -22.0419654846, -34.7619781494, -31.0744132996, 21.440536499, 15.5321178436, -12.8436508179, -13.1451778412, -16.9378242493, 27.4244594574, 79.9067764282]],
