{
"lowlevel": {
    "average_loudness": 0.963998377323,
    "barkbands_crest": {
        "dmean": 3.33688378334,
        "dmean2": 5.37983798981,
        "dvar": 10.1817865372,
        "dvar2": 24.2041625977,
        "max": 26.58543396,
        "mean": 11.3707532883,
        "median": 10.3552818298,
        "min": 3.43070673943,
        "var": 21.2782917023
    },
    "barkbands_flatness_db": {
        "dmean": 0.0372673384845,
        "dmean2": 0.056627240032,
        "dvar": 0.00108434085269,
        "dvar2": 0.00236751511693,
        "max": 0.458224207163,
        "mean": 0.289485394955,
        "median": 0.292022079229,
        "min": 0.104076527059,
        "var": 0.00293245632201
    },
    "barkbands_kurtosis": {
        "dmean": 7.03327465057,
        "dmean2": 11.2848234177,
        "dvar": 111.633956909,
        "dvar2": 266.926391602,
        "max": 125.003768921,
        "mean": 7.28776454926,
        "median": 2.85085487366,
        "min": -1.96431994438,
        "var": 169.504760742
    },
    "barkbands_skewness": {
        "dmean": 1.20548582077,
        "dmean2": 1.7683763504,
        "dvar": 1.60776603222,
        "dvar2": 3.38692045212,
        "max": 9.01069736481,
        "mean": 1.03599786758,
        "median": 1.17954516411,
        "min": -9.87847423553,
        "var": 4.42282152176
    },
    "barkbands_spread": {
        "dmean": 10.2485523224,
        "dmean2": 16.7649879456,
        "dvar": 243.809646606,
        "dvar2": 598.397827148,
        "max": 146.337615967,
        "mean": 16.0801677704,
        "median": 9.85608291626,
        "min": 0.824906826019,
        "var": 294.738311768
    },
    "dissonance": {
        "dmean": 0.029010169208,
        "dmean2": 0.0452027544379,
        "dvar": 0.00108868721873,
        "dvar2": 0.00242765946314,
        "max": 0.500000178814,
        "mean": 0.441482394934,
        "median": 0.447083473206,
        "min": 0.201137289405,
        "var": 0.00256696762517
    },
    "dynamic_complexity": 5.47699832916,
    "erbbands_crest": {
        "dmean": 3.23250889778,
        "dmean2": 5.35884571075,
        "dvar": 8.15041446686,
        "dvar2": 21.6081523895,
        "max": 30.4890422821,
        "mean": 11.1007490158,
        "median": 10.4501686096,
        "min": 3.3327794075,
        "var": 13.6953697205
    },
    "erbbands_flatness_db": {
        "dmean": 0.0432989038527,
        "dmean2": 0.0643526315689,
        "dvar": 0.00196729134768,
        "dvar2": 0.00418799323961,
        "max": 0.516032516956,
        "mean": 0.35254624486,
        "median": 0.372456818819,
        "min": 0.0396544970572,
        "var": 0.00559271033853
    },
    "erbbands_kurtosis": {
        "dmean": 2.77693033218,
        "dmean2": 4.52634525299,
        "dvar": 27.2213039398,
        "dvar2": 64.9451904297,
        "max": 75.0586776733,
        "mean": 2.01537752151,
        "median": 0.295486211777,
        "min": -1.90418982506,
        "var": 30.925737381
    },
    "erbbands_skewness": {
        "dmean": 0.793864369392,
        "dmean2": 1.19959890842,
        "dvar": 0.775310695171,
        "dvar2": 1.62665379047,
        "max": 4.17005681992,
        "mean": 0.147116288543,
        "median": 0.425880372524,
        "min": -7.41463518143,
        "var": 1.65115821362
    },
    "erbbands_spread": {
        "dmean": 7.32198238373,
        "dmean2": 11.8780755997,
        "dvar": 63.9538726807,
        "dvar2": 158.409942627,
        "max": 75.3045578003,
        "mean": 16.986492157,
        "median": 13.6615753174,
        "min": 0.934074640274,
        "var": 118.726806641
    },
    "hfc": {
        "dmean": 8.9452753067,
        "dmean2": 12.6123104095,
        "dvar": 114.910263062,
        "dvar2": 205.676742554,
        "max": 89.3451004028,
        "mean": 14.3419733047,
        "median": 6.96132659912,
        "min": 9.84971819662e-08,
        "var": 263.192749023
    },
    "melbands_crest": {
        "dmean": 3.53342461586,
        "dmean2": 5.72384023666,
        "dvar": 9.44236087799,
        "dvar2": 24.5043830872,
        "max": 29.1822872162,
        "mean": 12.335981369,
        "median": 12.1175537109,
        "min": 2.73306679726,
        "var": 19.7972583771
    },
    "melbands_flatness_db": {
        "dmean": 0.0503237508237,
        "dmean2": 0.0730594322085,
        "dvar": 0.00222155125812,
        "dvar2": 0.00415798649192,
        "max": 0.552023530006,
        "mean": 0.341437935829,
        "median": 0.358020365238,
        "min": 0.034287225455,
        "var": 0.00838438607752
    },
    "melbands_kurtosis": {
        "dmean": 4.77526807785,
        "dmean2": 7.64957904816,
        "dvar": 50.9317626953,
        "dvar2": 128.02507019,
        "max": 113.125106812,
        "mean": 5.14452219009,
        "median": 2.5957159996,
        "min": -1.94765353203,
        "var": 64.7359237671
    },
    "melbands_skewness": {
        "dmean": 0.981039166451,
        "dmean2": 1.45992124081,
        "dvar": 1.17663776875,
        "dvar2": 2.47534871101,
        "max": 7.66881990433,
        "mean": 1.31528198719,
        "median": 1.46722602844,
        "min": -5.86749649048,
        "var": 2.65356087685
    },
    "melbands_spread": {
        "dmean": 9.3027973175,
        "dmean2": 15.219502449,
        "dvar": 147.831695557,
        "dvar2": 351.533355713,
        "max": 152.723373413,
        "mean": 17.7889976501,
        "median": 12.3817768097,
        "min": 1.08042764664,
        "var": 218.04850769
    },
    "pitch_salience": {
        "dmean": 0.0859050303698,
        "dmean2": 0.138040333986,
        "dvar": 0.0107363443822,
        "dvar2": 0.0251207668334,
        "max": 0.964176297188,
        "mean": 0.696889817715,
        "median": 0.743441581726,
        "min": 0.219164028764,
        "var": 0.0228572618216
    },
    "silence_rate_20dB": {
        "dmean": 0,
        "dmean2": 0,
        "dvar": 0,
        "dvar2": 0,
        "max": 1,
        "mean": 1,
        "median": 1,
        "min": 1,
        "var": 0
    },
    "silence_rate_30dB": {
        "dmean": 0,
        "dmean2": 0,
        "dvar": 0,
        "dvar2": 0,
        "max": 1,
        "mean": 1,
        "median": 1,
        "min": 1,
        "var": 0
    },
    "silence_rate_60dB": {
        "dmean": 0.168365418911,
        "dmean2": 0.336858004332,
        "dvar": 0.140020564198,
        "dvar2": 0.26718840003,
        "max": 1,
        "mean": 0.336981117725,
        "median": 0,
        "min": 0,
        "var": 0.223427966237
    },
    "spectral_centroid": {
        "dmean": 382.638458252,
        "dmean2": 578.41192627,
        "dvar": 266441.96875,
        "dvar2": 448873.28125,
        "max": 10981.8662109,
        "mean": 1324.59667969,
        "median": 974.545166016,
        "min": 325.793701172,
        "var": 629458.375
    },
    "spectral_complexity": {
        "dmean": 4.52321624756,
        "dmean2": 6.41238689423,
        "dvar": 23.6818809509,
        "dvar2": 44.4097480774,
        "max": 39,
        "mean": 10.9313211441,
        "median": 10,
        "min": 0,
        "var": 69.7751922607
    },
    "spectral_decrease": {
        "dmean": 2.54112131337e-09,
        "dmean2": 3.55066931412e-09,
        "dvar": 1.01171741074e-17,
        "dvar2": 1.76959294383e-17,
        "max": 4.98632862431e-12,
        "mean": -4.05052169583e-09,
        "median": -1.60645674541e-09,
        "min": -2.36724080338e-08,
        "var": 2.38384684423e-17
    },
    "spectral_energy": {
        "dmean": 0.0103665068746,
        "dmean2": 0.0144951455295,
        "dvar": 0.000166139769135,
        "dvar2": 0.000290267722448,
        "max": 0.0974489971995,
        "mean": 0.0165884308517,
        "median": 0.00682515930384,
        "min": 6.22119977062e-12,
        "var": 0.000392573565478
    },
    "spectral_energyband_high": {
        "dmean": 5.0686026043e-06,
        "dmean2": 8.72596592671e-06,
        "dvar": 1.09813297344e-10,
        "dvar2": 2.81566991944e-10,
        "max": 0.000230920690228,
        "mean": 2.59121570707e-05,
        "median": 2.50949287874e-05,
        "min": 4.38773193126e-12,
        "var": 9.38354879909e-11
    },
    "spectral_energyband_low": {
        "dmean": 3.81047948395e-06,
        "dmean2": 6.34216667095e-06,
        "dvar": 2.52186826977e-10,
        "dvar2": 6.70477173781e-10,
        "max": 0.000257420935668,
        "mean": 3.58540569323e-06,
        "median": 1.3078442862e-07,
        "min": 8.05858252172e-16,
        "var": 2.65391597587e-10
    },
    "spectral_energyband_middle_high": {
        "dmean": 0.00343011203222,
        "dmean2": 0.00487797800452,
        "dvar": 1.98550442292e-05,
        "dvar2": 3.660035145e-05,
        "max": 0.045108217746,
        "mean": 0.00486958539113,
        "median": 0.00187785294838,
        "min": 3.20307419911e-13,
        "var": 4.03273515985e-05
    },
    "spectral_energyband_middle_low": {
        "dmean": 0.00748839462176,
        "dmean2": 0.0105573860928,
        "dvar": 9.47125226958e-05,
        "dvar2": 0.000169109451235,
        "max": 0.0666382312775,
        "mean": 0.0117592746392,
        "median": 0.0037976289168,
        "min": 1.53820183723e-14,
        "var": 0.000217203210923
    },
    "spectral_entropy": {
        "dmean": 0.266034513712,
        "dmean2": 0.392575114965,
        "dvar": 0.065255112946,
        "dvar2": 0.134917631745,
        "max": 9.80791664124,
        "mean": 6.73429822922,
        "median": 6.68326234818,
        "min": 5.29502487183,
        "var": 0.215752765536
    },
    "spectral_flux": {
        "dmean": 0.0350877158344,
        "dmean2": 0.0557876378298,
        "dvar": 0.00126424431801,
        "dvar2": 0.00295970565639,
        "max": 0.280765503645,
        "mean": 0.0809087455273,
        "median": 0.0769883990288,
        "min": 5.27226657141e-05,
        "var": 0.00311621068977
    },
    "spectral_kurtosis": {
        "dmean": 17.4198436737,
        "dmean2": 29.2819252014,
        "dvar": 221.949554443,
        "dvar2": 612.88067627,
        "max": 158.125488281,
        "mean": 43.6375427246,
        "median": 41.787651062,
        "min": -1.18112134933,
        "var": 418.075561523
    },
    "spectral_rms": {
        "dmean": 0.00132710544858,
        "dmean2": 0.00176453683525,
        "dvar": 1.84098985301e-06,
        "dvar2": 2.99342491417e-06,
        "max": 0.00975049752742,
        "mean": 0.00317378016189,
        "median": 0.00258044269867,
        "min": 7.79067619305e-08,
        "var": 6.11091854807e-06
    },
    "spectral_rolloff": {
        "dmean": 1955.55456543,
        "dmean2": 3693.21899414,
        "dvar": 23269496,
        "dvar2": 52342264,
        "max": 20348.8769531,
        "mean": 3999.40405273,
        "median": 1475.02441406,
        "min": 301.46484375,
        "var": 36493664
    },
    "spectral_skewness": {
        "dmean": 1.19391810894,
        "dmean2": 1.99830710888,
        "dvar": 0.948963522911,
        "dvar2": 2.67242360115,
        "max": 8.90704917908,
        "mean": 3.79569602013,
        "median": 3.78431630135,
        "min": 0.0314258337021,
        "var": 2.06563854218
    },
    "spectral_spread": {
        "dmean": 664574.125,
        "dmean2": 1023728.625,
        "dvar": 1.48041131622e+12,
        "dvar2": 2.74871431987e+12,
        "max": 40473524,
        "mean": 1776052.875,
        "median": 1294884.75,
        "min": 458545.0625,
        "var": 3.0094548009e+12
    },
    "spectral_strongpeak": {
        "dmean": 0.99832379818,
        "dmean2": 1.66584300995,
        "dvar": 1.20033848286,
        "dvar2": 2.89806509018,
        "max": 8.63482570648,
        "mean": 1.5972648859,
        "median": 1.20830774307,
        "min": 2.62920584646e-05,
        "var": 1.76406550407
    },
    "zerocrossingrate": {
        "dmean": 0.0655318051577,
        "dmean2": 0.0699077472091,
        "dvar": 0.00773273780942,
        "dvar2": 0.00815064553171,
        "max": 0.861328125,
        "mean": 0.176242083311,
        "median": 0.08984375,
        "min": 0.0224609375,
        "var": 0.0405616573989
    },
    "barkbands": {
        "dmean": [4.4214658601e-07, 1.5422810975e-06, 1.96522978513e-06, 1.04712080429e-06, 0.000147214261233, 0.00121150026098, 0.00265621463768, 0.00346709997393, 0.00190067465883, 0.00039315407048, 0.000454983121017, 0.000796419335529, 0.000911051291041, 0.000517168547958, 0.000330267706886, 0.000393666327, 0.000324447173625, 0.000161308227689, 0.000223836206715, 4.77739149574e-06, 9.16000146844e-07, 3.23775026345e-07, 1.13490195019e-07, 4.64647804677e-08, 1.58355053514e-08, 9.25756715731e-09, 3.83821679861e-06],
        "dmean2": [7.41677524729e-07, 2.64230197899e-06, 3.30637385559e-06, 1.76220737558e-06, 0.000215806940105, 0.00178425409831, 0.00409692525864, 0.00525395665318, 0.00273548881523, 0.000573591154534, 0.000683755788486, 0.0011771437712, 0.00137778173666, 0.000807492935564, 0.000508909695782, 0.000593606731854, 0.000516291765962, 0.000262551358901, 0.000343033025274, 8.01265377959e-06, 1.55232862653e-06, 5.42736188436e-07, 1.86463907426e-07, 7.64927676755e-08, 2.56413024147e-08, 1.47853969068e-08, 6.67542190058e-06],
        "dvar": [2.15935689468e-12, 8.54443946152e-11, 8.05657138225e-11, 9.00583514013e-12, 2.04199594123e-07, 6.35638161839e-06, 1.82521343959e-05, 3.19902319461e-05, 1.37211936817e-05, 5.75263413793e-07, 1.24100722587e-06, 3.21220932165e-06, 3.42966313838e-06, 1.64566665717e-06, 6.56789495679e-07, 5.51037885543e-07, 3.42703060596e-07, 4.536984477e-07, 8.32781950066e-07, 6.45027364854e-10, 2.63604676282e-11, 1.84870803561e-12, 1.64040412113e-13, 2.51686251864e-14, 2.68474525346e-15, 3.72356980632e-16, 1.5616945237e-11],
        "dvar2": [5.75986133788e-12, 2.48765952282e-10, 2.08692368941e-10, 2.35265210091e-11, 4.04618873517e-07, 1.27992734633e-05, 3.95875758841e-05, 6.36875120108e-05, 2.50743887591e-05, 1.15264538181e-06, 2.85107557829e-06, 6.95681228535e-06, 7.12142536941e-06, 3.72230033463e-06, 1.50323762682e-06, 1.12122768314e-06, 8.57676695887e-07, 1.1405618352e-06, 1.80349263701e-06, 1.71655734071e-09, 6.68823330052e-11, 4.36914003241e-12, 3.90829160484e-13, 6.08638573568e-14, 6.51284183715e-15, 8.83443240827e-16, 4.57574915458e-11],
        "max": [2.91858668788e-05, 0.000188400576008, 0.000191239523701, 3.92324691347e-05, 0.00858358293772, 0.0424003787339, 0.0492162965238, 0.0475787371397, 0.0450224280357, 0.0123093575239, 0.0241677109152, 0.0220780819654, 0.020388847217, 0.0141516048461, 0.0101114315912, 0.0140165910125, 0.00857041962445, 0.0132704880089, 0.0168517716229, 0.000658935052343, 0.000122191908304, 2.81060747511e-05, 7.88354282122e-06, 2.77632375401e-06, 1.35143682201e-06, 2.71122928552e-07, 4.948860078e-05],
        "mean": [4.90706952405e-07, 1.46510365084e-06, 1.54787994688e-06, 1.0510714219e-06, 0.000218522705836, 0.00170899054501, 0.00329380505718, 0.00424268795177, 0.00214323448017, 0.000454456167063, 0.000498458510265, 0.000871632597409, 0.000977211631835, 0.000535001396202, 0.000371569214622, 0.000487970013637, 0.000386176776374, 0.000154123859829, 0.000210518090171, 3.8043465338e-06, 6.83319171912e-07, 2.54632084307e-07, 9.45821696519e-08, 4.29735251828e-08, 1.9938076079e-08, 1.09841780116e-08, 2.45884039032e-05],
        "median": [1.4408372806e-07, 2.06750279119e-08, 2.07772412608e-08, 2.05055272318e-07, 6.70732115395e-05, 0.000684768601786, 0.000997223891318, 0.000367558095604, 0.000146195583511, 5.24907300132e-05, 4.87781981064e-05, 5.01139438711e-05, 5.81824206165e-05, 6.903452595e-05, 5.79719671805e-05, 0.000115633483802, 0.00010624400602, 2.6146424716e-05, 1.51226577145e-05, 3.12554249149e-07, 2.98893318984e-08, 1.32429969213e-08, 6.21631635056e-09, 6.38326991265e-09, 7.88481102632e-09, 3.81265863325e-09, 2.5050027034e-05],
        "min": [5.55656683893e-16, 4.65312837953e-16, 1.97430509075e-17, 2.11530861407e-16, 2.25039713427e-15, 4.62092513979e-15, 4.87633098438e-15, 4.85854181018e-16, 1.41399180352e-15, 5.62300026826e-15, 2.04165365712e-14, 3.81312074472e-14, 1.34356560911e-14, 9.46749053937e-15, 3.44903684606e-14, 3.81267994877e-14, 3.72994244811e-14, 5.78888540294e-14, 3.88019999432e-14, 1.05150344811e-13, 1.38992116427e-13, 8.71003030985e-14, 1.88251473329e-13, 3.67936231612e-13, 4.37245021006e-13, 1.27709054811e-13, 3.90645805634e-12],
        "var": [2.41550789787e-12, 1.02793801249e-10, 6.07532080199e-11, 7.52029775258e-12, 4.18053474505e-07, 1.14557924462e-05, 2.89917534246e-05, 5.23155831615e-05, 2.18668319576e-05, 8.82608446773e-07, 1.57992587901e-06, 4.31846774518e-06, 5.00879741594e-06, 1.98744874069e-06, 9.6424196272e-07, 1.02213789432e-06, 4.62926067257e-07, 4.09080541885e-07, 9.30882038119e-07, 4.55415538614e-10, 2.05403506703e-11, 1.7312501259e-12, 1.56851528293e-13, 2.37855304978e-14, 2.52026839577e-15, 4.01521463207e-16, 1.63369855838e-11]
    },
    "erbbands": {
        "dmean": [4.42107229901e-05, 0.000378843164071, 0.00200318451971, 0.00331180193461, 0.0441400408745, 0.510943114758, 3.5991768837, 12.2875986099, 31.718334198, 52.493144989, 74.7510375977, 44.6212387085, 15.1203947067, 13.3611841202, 22.9858703613, 32.6204452515, 41.0789756775, 30.1363754272, 19.6006278992, 17.6005496979, 21.9920940399, 17.2035293579, 8.25408554077, 12.4262237549, 6.91260576248, 0.424616128206, 0.0596103556454, 0.029487054795, 0.0130941690877, 0.00651513086632, 0.00285916682333, 0.00133955106139, 0.000611801806372, 0.000264669564785, 8.64274188643e-05, 3.70332963939e-05, 1.79757553269e-05, 3.2969408494e-05, 0.000214437124669, 0.00011355978495],
        "dmean2": [7.4923147622e-05, 0.000661901372951, 0.00334108667448, 0.00532391248271, 0.0630798190832, 0.716978788376, 5.11298370361, 18.169336319, 48.4696426392, 79.7940750122, 110.915718079, 63.2410087585, 21.2135906219, 19.3864994049, 34.0168418884, 47.1604576111, 60.2486801147, 45.994392395, 29.7642993927, 26.6013565063, 33.2282752991, 27.0987892151, 13.1917190552, 19.4940090179, 10.8141031265, 0.681502282619, 0.0997907146811, 0.0497461296618, 0.0218921564519, 0.0107349855825, 0.00472457055002, 0.00222462066449, 0.00101776339579, 0.000430953106843, 0.000135219554068, 5.66673079447e-05, 2.78763618553e-05, 5.10849968123e-05, 0.000361732585588, 0.000199015557882],
        "dvar": [1.18960009843e-07, 3.82540838473e-06, 7.99206609372e-05, 0.000101440673461, 0.00745251169428, 1.92921745777, 88.444480896, 678.172302246, 3341.60107422, 6781.70117188, 16133.3066406, 7209.87304688, 857.310974121, 765.282775879, 2924.44335938, 4890.62841797, 6616.21728516, 4436.47558594, 2561.39648438, 1376.07543945, 1576.66650391, 1034.48864746, 831.843078613, 2742.32055664, 857.41607666, 3.18923997879, 0.0744423121214, 0.0220468901098, 0.00318822683766, 0.000598809798248, 0.000117029565445, 2.26649408432e-05, 4.53346501672e-06, 8.249774055e-07, 5.42300284678e-08, 4.71088057452e-09, 1.26748045393e-09, 4.17718837298e-09, 4.03949087513e-08, 1.43623184456e-08],
        "dvar2": [3.32899418254e-07, 1.10988758024e-05, 0.000205738237128, 0.000257006526226, 0.01593830809, 3.58141970634, 151.689529419, 1345.5213623, 7399.13818359, 14526.2646484, 31011.2441406, 12873.3808594, 1584.96166992, 1599.68615723, 6468.484375, 10132.1484375, 13391.7978516, 10048.109375, 6016.29736328, 2930.09960938, 3391.91796875, 2615.25610352, 2080.63867188, 5748.57275391, 2014.35253906, 7.81003284454, 0.192401945591, 0.0548001080751, 0.00759089179337, 0.00145490432624, 0.000293024728308, 5.60355692869e-05, 1.12406769404e-05, 2.06758068089e-06, 1.25522248595e-07, 1.04916155763e-08, 2.98931457365e-09, 8.99434660084e-09, 1.11090649568e-07, 4.20462278328e-08],
        "max": [0.00931786000729, 0.0355881527066, 0.175444081426, 0.177478566766, 2.08417487144, 24.3548240662, 316.949737549, 464.127075195, 801.410766602, 873.010986328, 1062.81115723, 1062.2322998, 444.956665039, 452.412658691, 880.055725098, 918.515380859, 911.264221191, 942.82421875, 819.635070801, 607.107849121, 718.312683105, 566.024230957, 710.681274414, 997.172180176, 616.790527344, 39.2789497375, 5.4854798317, 3.18372964859, 1.17054069042, 0.54145938158, 0.256349563599, 0.0817650035024, 0.0486920624971, 0.0236937664449, 0.00539874099195, 0.000941332487855, 0.00054684933275, 0.00103593943641, 0.00229804241098, 0.00154990167357],
        "mean": [5.03382871102e-05, 0.000326910812873, 0.00164904561825, 0.00387508282438, 0.0698549076915, 0.819189608097, 5.37535333633, 16.9029197693, 39.5115356445, 67.6284866333, 92.1451797485, 52.0036087036, 18.0089836121, 15.662946701, 25.7655754089, 36.7459945679, 45.278465271, 31.6668548584, 21.8302612305, 20.8974094391, 28.1807231903, 21.1645908356, 8.77678012848, 12.137928009, 6.18736505508, 0.370148390532, 0.0474393069744, 0.02271255292, 0.0103839030489, 0.0051621212624, 0.00238176365383, 0.0012010432547, 0.000593926408328, 0.000291690521408, 0.000130692264065, 6.55443800497e-05, 2.61323330051e-05, 9.91321139736e-05, 0.00128972320817, 0.000734850589652],
        "median": [2.04347452382e-06, 9.45824103837e-06, 7.45899087633e-05, 0.00164563581347, 0.0275821425021, 0.271607220173, 2.1304693222, 6.39453125, 13.5132884979, 13.2777290344, 7.15214061737, 3.53328895569, 1.87033677101, 1.86483383179, 2.30040597916, 2.2034611702, 2.84145188332, 3.79790735245, 3.30195045471, 4.35642910004, 8.39324569702, 6.26613616943, 2.04029178619, 1.1444914341, 0.45203357935, 0.0345401763916, 0.00368493515998, 0.00120454793796, 0.00062949641142, 0.00028352093068, 0.000192361170775, 0.000149409257574, 0.000119098767755, 9.32133407332e-05, 6.58698336338e-05, 3.71667738364e-05, 1.27456405608e-05, 9.10265152925e-05, 0.00134862831328, 0.000733584340196],
        "min": [2.32698043235e-14, 7.04895126644e-14, 5.44703476389e-14, 3.44446828915e-13, 2.96464372149e-12, 8.72618904219e-12, 1.6817758991e-11, 4.6005348836e-11, 7.92228643798e-11, 3.18930368226e-11, 1.56905946569e-11, 2.37421280552e-11, 1.34499050786e-10, 3.28241739345e-10, 1.34638322713e-09, 1.33248134748e-09, 7.06504688086e-10, 3.22497334393e-10, 1.38395506166e-09, 2.27017493692e-09, 1.84488413435e-09, 2.07106376493e-09, 3.83358367273e-09, 2.4901101181e-09, 1.73257375113e-09, 4.99321117786e-09, 4.46191616987e-09, 5.79492054342e-09, 3.41485328903e-09, 6.50660814117e-09, 4.12849443521e-09, 1.08091926521e-08, 4.09397671319e-09, 6.15160944406e-09, 2.00944350048e-09, 6.29615248826e-10, 2.43032594049e-10, 2.58035842693e-10, 3.87316456685e-10, 7.51833664769e-11],
        "var": [1.97772692445e-07, 3.39284360962e-06, 6.16851903033e-05, 8.86553607415e-05, 0.0135183483362, 4.83730554581, 193.20980835, 1168.25805664, 4869.45898438, 11163.7539062, 26540.8613281, 11882.515625, 1406.92773438, 1108.78039551, 3941.77880859, 7046.80224609, 10187.265625, 5582.41308594, 3351.48339844, 2265.54541016, 2839.17578125, 1390.75183105, 818.143493652, 3270.203125, 814.415405273, 2.71869421005, 0.0560965724289, 0.0181020535529, 0.00293550034985, 0.000556086830329, 0.000101128920505, 2.02680639632e-05, 4.14038186136e-06, 7.27648512111e-07, 5.74507588169e-08, 6.23350082662e-09, 1.48423839885e-09, 5.51233503288e-09, 5.77833816351e-08, 1.4067899734e-08]
    },
    "gfcc": {
        "mean": [-209.136444092, 105.031333923, -188.264450073, -91.4813537598, -22.9864444733, -82.7603759766, -40.7550163269, -16.808473587, 3.77922272682, -19.2952957153, 16.6577453613, -8.48039245605, 2.28501915932],
        "cov": [[10233.6259766, 4311.08251953, -2396.35009766, -868.763183594, -1087.69567871, -310.13760376, -457.979278564, 63.9389228821, 55.3455429077, 134.640151978, -124.430496216, -87.3978652954, -486.499572754], [4311.08251953, 3141.47802734, -294.009979248, -1039.8527832, -772.32409668, -280.134124756, -374.209411621, -117.041687012, -57.4102554321, -88.6201553345, -85.9719390869, -1.28799939156, -189.351730347], [-2396.35009766, -294.009979248, 1565.43286133, 183.028045654, -91.5420761108, 121.073638916, 4.24100637436, -165.122009277, -20.6444683075, -120.941497803, -79.3038024902, 63.5806388855, 166.113647461], [-868.763183594, -1039.8527832, 183.028045654, 883.367126465, 281.788208008, -56.1130714417, -1.10290145874, 27.072769165, 5.83903837204, 55.3997802734, 1.81015789509, 1.73182594776, 73.4955444336], [-1087.69567871, -772.32409668, -91.5420761108, 281.788208008, 427.516052246, -11.2445878983, -10.5995998383, 19.7067584991, 15.2326087952, 43.7475624084, 52.4450035095, -18.3428630829, 42.9357299805], [-310.13760376, -280.134124756, 121.073638916, -56.1130714417, -11.2445878983, 614.513366699, 269.978942871, -10.9351100922, 134.972396851, 73.4093704224, -61.5491638184, -24.188577652, -23.4898605347], [-457.979278564, -374.209411621, 4.24100637436, -1.10290145874, -10.5995998383, 269.978942871, 370.517028809, 126.492012024, -24.2961673737, 11.6772565842, 36.183265686, 2.65473866463, -13.3389644623], [63.9389228821, -117.041687012, -165.122009277, 27.072769165, 19.7067584991, -10.9351100922, 126.492012024, 161.159835815, 8.62606048584, -2.7421836853, 33.1154327393, 15.8047685623, -7.82748556137], [55.3455429077, -57.4102554321, -20.6444683075, 5.83903837204, 15.2326087952, 134.972396851, -24.2961673737, 8.62606048584, 162.125396729, 68.6732711792, -49.9119377136, -14.2154083252, 5.84250068665], [134.640151978, -88.6201553345, -120.941497803, 55.3997802734, 43.7475624084, 73.4093704224, 11.6772565842, -2.7421836853, 68.6732711792, 123.450744629, 25.5869464874, -42.7037239075, -25.3207015991], [-124.430496216, -85.9719390869, -79.3038024902, 1.81015789509, 52.4450035095, -61.5491638184, 36.183265686, 33.1154327393, -49.9119377136, 25.5869464874, 105.762519836, 15.6201410294, -17.5311355591], [-87.3978652954, -1.28799939156, 63.5806388855, 1.73182594776, -18.3428630829, -24.188577652, 2.65473866463, 15.8047685623, -14.2154083252, -42.7037239075, 15.6201410294, 73.994140625, 28.0365352631], [-486.499572754, -189.351730347, 166.113647461, 73.4955444336, 42.9357299805, -23.4898605347, -13.3389644623, -7.82748556137, 5.84250068665, -25.3207015991, -17.5311355591, 28.0365352631, 86.718132019]],
        "icov": [[0.00316413957626, -0.00452910829335, 0.00491947494447, -0.0046120621264, 0.00384372915141, -0.00199571973644, 0.000755456159823, 7.32871994842e-05, -0.000401030411012, -2.75807215075e-05, 0.000396020157496, -0.000486646400532, 0.000282542838249], [-0.00452910829335, 0.00788367167115, -0.007120706141, 0.00774265732616, -0.00388350407593, 0.00242920336314, 0.00138731766492, -0.00181714107748, 0.00270514469594, -0.0015983855119, 0.00090037251357, -0.000107814921648, 0.00108152709436], [0.00491947494447, -0.007120706141, 0.00888935476542, -0.00775910075754, 0.00663383258507, -0.0032317279838, 0.000385691702832, 0.0022084210068, -0.00199672486633, 0.00231442297809, -0.00101176218595, 0.000160836774739, -0.00174897070974], [-0.0046120621264, 0.00774265732616, -0.00775910075754, 0.00964363105595, -0.00582393212244, 0.00298812007532, 0.000974805734586, -0.00281171989627, 0.00432685390115, -0.0048369797878, 0.00370843452401, -0.00188146356959, 0.000965136568993], [0.00384372915141, -0.00388350407593, 0.00663383258507, -0.00582393212244, 0.0110605442896, -0.00425336137414, 0.00499310530722, -0.00176486046985, 0.000368870445527, 0.00132559880149, -0.00356114562601, 0.00279079680331, -0.00196721008979], [-0.00199571973644, 0.00242920336314, -0.0032317279838, 0.00298812007532, -0.00425336137414, 0.00916659738868, -0.010195074603, 0.00814971700311, -0.00783107616007, 0.000371061003534, 0.00262964167632, -0.00217146729119, 0.00339203164913], [0.000755456159823, 0.00138731766492, 0.000385691702832, 0.000974805734586, 0.00499310530722, -0.010195074603, 0.0194128714502, -0.0168326385319, 0.0151437148452, -0.00634498801082, 0.000902909610886, 0.000808082520962, -0.00101627060212], [7.32871994842e-05, -0.00181714107748, 0.0022084210068, -0.00281171989627, -0.00176486046985, 0.00814971700311, -0.0168326385319, 0.0241188239306, -0.0177014376968, 0.0114813735709, -0.007035988383, 0.000530813762452, 0.000216246611672], [-0.000401030411012, 0.00270514469594, -0.00199672486633, 0.00432685390115, 0.000368870445527, -0.00783107616007, 0.0151437148452, -0.0177014376968, 0.0302562527359, -0.0220208670944, 0.0165943559259, -0.00838096812367, -0.000161536270753], [-2.75807215075e-05, -0.0015983855119, 0.00231442297809, -0.0048369797878, 0.00132559880149, 0.000371061003534, -0.00634498801082, 0.0114813735709, -0.0220208670944, 0.0341778025031, -0.0232948418707, 0.0180483050644, -0.00355559540913], [0.000396020157496, 0.00090037251357, -0.00101176218595, 0.00370843452401, -0.00356114562601, 0.00262964167632, 0.000902909610886, -0.007035988383, 0.0165943559259, -0.0232948418707, 0.0327274650335, -0.0180486291647, 0.00949376169592], [-0.000486646400532, -0.000107814921648, 0.000160836774739, -0.00188146356959, 0.00279079680331, -0.00217146729119, 0.000808082520962, 0.000530813762452, -0.00838096812367, 0.0180483050644, -0.0180486291647, 0.0293887276202, -0.010792599991], [0.000282542838249, 0.00108152709436, -0.00174897070974, 0.000965136568993, -0.00196721008979, 0.00339203164913, -0.00101627060212, 0.000216246611672, -0.000161536270753, -0.00355559540913, 0.00949376169592, -0.010792599991, 0.02414784953]]
    },
    "melbands": {
        "dmean": [4.08552750741e-07, 8.41552491693e-07, 9.82694700724e-07, 1.46596757986e-05, 0.000102193218481, 0.000274697638815, 0.000495825835969, 0.000622585357632, 0.000588931143284, 0.000247564603342, 6.93614638294e-05, 5.20649446116e-05, 6.85955601512e-05, 8.88808281161e-05, 9.07230205485e-05, 8.79445724422e-05, 5.36406369065e-05, 3.34246142302e-05, 2.49240802077e-05, 2.51704768743e-05, 2.72116722044e-05, 2.09066329262e-05, 9.42250153457e-06, 7.38380958865e-06, 1.08859239845e-05, 8.07083051768e-06, 1.25347708035e-06, 4.70683936271e-08, 3.11141725717e-08, 2.24042739916e-08, 1.44309790784e-08, 7.75316966184e-09, 4.77705475177e-09, 3.07002689937e-09, 1.76952807962e-09, 1.05512176773e-09, 7.17905346281e-10, 4.54550869167e-10, 3.02759706194e-10, 1.91870255795e-10],
        "dmean2": [6.85124007305e-07, 1.40777240176e-06, 1.53285702709e-06, 2.08414749068e-05, 0.000144826044561, 0.000405192520702, 0.000756149296649, 0.000942996528465, 0.000868612376507, 0.000350327871274, 9.86321829259e-05, 7.61519186199e-05, 0.000102526020783, 0.000131481559947, 0.000129430642119, 0.000133049456053, 8.39769636514e-05, 5.18470333191e-05, 3.82871985494e-05, 3.8168476749e-05, 4.19081916334e-05, 3.32842573698e-05, 1.52268994498e-05, 1.19089781947e-05, 1.71478532138e-05, 1.26328041006e-05, 2.05192168323e-06, 8.07202837905e-08, 5.30302664004e-08, 3.78162496872e-08, 2.44288873574e-08, 1.31724435803e-08, 7.97162602595e-09, 5.06556485647e-09, 2.95639668302e-09, 1.76855641243e-09, 1.19478027472e-09, 7.64217078508e-10, 5.02866470686e-10, 3.14921810851e-10],
        "dvar": [7.63760322348e-12, 1.33913071604e-11, 6.2105706862e-12, 1.37794431421e-09, 6.71093260962e-08, 3.11830774535e-07, 7.27617816665e-07, 9.11968072614e-07, 9.89401769402e-07, 2.32132791211e-07, 1.96501854788e-08, 1.15459144467e-08, 2.72535700674e-08, 4.50361348214e-08, 3.18781907538e-08, 3.50897479962e-08, 1.62479718568e-08, 8.65131521977e-09, 3.63322150143e-09, 2.8453830403e-09, 2.56477150629e-09, 1.5597523273e-09, 6.39024166915e-10, 1.13390097312e-09, 2.30614527474e-09, 1.26027477343e-09, 4.84341698692e-11, 7.21882745095e-14, 3.24030997075e-14, 1.54316697496e-14, 5.41655801022e-15, 1.22495384909e-15, 4.18624381901e-16, 1.2287701825e-16, 4.79991104984e-17, 1.68011565891e-17, 6.9031700412e-18, 3.08770371965e-18, 8.92844070734e-19, 5.95731341258e-19],
        "dvar2": [2.21318709887e-11, 3.46263746842e-11, 1.53051998159e-11, 2.51815102104e-09, 1.14390893202e-07, 6.27254792107e-07, 1.5944056031e-06, 1.91342223843e-06, 1.84488931154e-06, 4.12257776361e-07, 3.81289346763e-08, 2.40301982757e-08, 6.14584223513e-08, 9.99841418547e-08, 6.09990991052e-08, 7.55256479579e-08, 3.74719348883e-08, 2.04349355215e-08, 8.15794898301e-09, 5.59780488629e-09, 5.7780638052e-09, 3.96056831775e-09, 1.61579638558e-09, 2.80794565377e-09, 4.85575935016e-09, 2.98031110901e-09, 1.25521051886e-10, 2.01113594094e-13, 8.54026593368e-14, 3.85883646814e-14, 1.35013799186e-14, 2.93222159911e-15, 1.05621228638e-15, 2.93320653961e-16, 1.21644108856e-16, 4.34691055045e-17, 1.71716358963e-17, 7.90055919481e-18, 2.18412904842e-18, 1.54317067659e-18],
        "max": [6.41887017991e-05, 6.7885768658e-05, 5.20232133567e-05, 0.000677047180943, 0.00835655536503, 0.00896038394421, 0.0116543732584, 0.00839646533132, 0.00843364093453, 0.00585403852165, 0.00237131188624, 0.00168456451502, 0.00316370045766, 0.00305775599554, 0.00274982326664, 0.00237059895881, 0.0016966474941, 0.00146817520726, 0.000931851798669, 0.00130747549701, 0.000785410171375, 0.00068617251236, 0.000466742843855, 0.000702406861819, 0.000959272030741, 0.000787791563198, 0.000175100882188, 8.57876875671e-06, 3.85358453059e-06, 2.90406660497e-06, 1.45491799231e-06, 6.66489427203e-07, 5.02967964167e-07, 2.17733486352e-07, 1.62020739936e-07, 9.92073836414e-08, 5.40529470072e-08, 4.45597763132e-08, 1.79434920256e-08, 2.12643005426e-08],
        "mean": [4.26652974284e-07, 6.97391499216e-07, 1.19049911973e-06, 2.21082445933e-05, 0.00015707014245, 0.000385851453757, 0.000621767074335, 0.000796886044554, 0.000726743310224, 0.0002844594419, 8.08034528745e-05, 6.04910783295e-05, 7.69625548855e-05, 9.67375963228e-05, 0.000101000405266, 9.2321941338e-05, 5.42045818293e-05, 3.54677868017e-05, 2.77307462966e-05, 3.01576310449e-05, 3.35957010975e-05, 2.48045143962e-05, 9.91154593066e-06, 7.02090301274e-06, 1.04283890323e-05, 7.21252490621e-06, 1.01493264992e-06, 3.6140693993e-08, 2.2998259297e-08, 1.67615183955e-08, 1.07973043839e-08, 6.117056639e-09, 3.65859786911e-09, 2.44290476736e-09, 1.43427658639e-09, 8.88677909039e-10, 6.35549168848e-10, 4.1822720287e-10, 3.02996461254e-10, 2.05309824697e-10],
        "median": [1.33266677693e-08, 1.00870662934e-08, 3.48777177805e-07, 5.21965785083e-06, 6.26740074949e-05, 0.000156334703206, 0.000213142047869, 0.000127942243125, 4.91480095661e-05, 1.95969550987e-05, 8.70078929438e-06, 7.20947036825e-06, 7.2415541581e-06, 6.06803541814e-06, 4.86187036586e-06, 6.40908274363e-06, 6.55881831335e-06, 4.90983711643e-06, 4.65248604087e-06, 6.30495242149e-06, 9.08073252504e-06, 6.70723420626e-06, 2.17541764869e-06, 1.10161658995e-06, 7.92385549175e-07, 4.6114325869e-07, 6.5338426225e-08, 3.1448981197e-09, 1.32884592219e-09, 6.78235689833e-10, 4.4680900646e-10, 3.32620098131e-10, 1.78434683695e-10, 1.20631629685e-10, 1.02107315658e-10, 8.92029644595e-11, 8.10286698849e-11, 7.50514372871e-11, 7.52563150686e-11, 6.9620337273e-11],
        "min": [1.94517423803e-16, 4.86698878007e-17, 1.1662770181e-16, 4.15904664986e-16, 5.59691895914e-16, 1.03844068811e-15, 1.16590093547e-15, 2.59358338545e-16, 1.24233316522e-16, 1.80287217349e-16, 6.74476083454e-16, 1.1197109583e-15, 3.6134196831e-15, 5.08275291362e-15, 2.09717607389e-15, 1.02711681052e-15, 4.60834945338e-16, 2.08800440113e-15, 2.60053832005e-15, 2.83967012062e-15, 2.11457074249e-15, 1.57579383705e-15, 3.81063224662e-15, 2.8025088794e-15, 2.00581933536e-15, 1.04693992259e-15, 1.68061321136e-15, 3.98369674786e-15, 2.66124919478e-15, 3.00059600444e-15, 3.47394681449e-15, 1.57278909355e-15, 1.95129413048e-15, 4.70991315068e-15, 1.91657594404e-15, 4.14201779361e-15, 7.53034821185e-15, 2.30439548465e-15, 3.86467760734e-15, 5.60551115548e-15],
        "var": [1.05779092083e-11, 1.07329908849e-11, 6.26563688086e-12, 3.4457263709e-09, 1.54403068109e-07, 5.53241534362e-07, 1.10449718704e-06, 1.53822577431e-06, 1.6663138922e-06, 3.81285701678e-07, 3.0305915999e-08, 1.66507518884e-08, 3.58748728502e-08, 5.74065737169e-08, 5.15129343626e-08, 4.782481966e-08, 1.91997830967e-08, 1.04994350991e-08, 5.37436051218e-09, 5.00392927094e-09, 4.11072509365e-09, 2.0339538942e-09, 6.94207413776e-10, 1.03231112547e-09, 2.72430789039e-09, 1.20480980748e-09, 3.5998915654e-11, 4.54776834409e-14, 2.31954399129e-14, 1.2401467826e-14, 4.44523229532e-15, 1.11433769892e-15, 3.5265004443e-16, 1.18774480345e-16, 4.01650781315e-17, 1.35012816628e-17, 6.0845714275e-18, 2.62496296176e-18, 8.45681127338e-19, 4.74840652492e-19]
    },
    "mfcc": {
        "mean": [-838.710205078, 170.752304077, -93.1556167603, -37.4943351746, -3.51893424988, -57.8108444214, -42.1323394775, -14.7749938965, -26.8085613251, -12.4670677185, 1.47266805172, -4.02562332153, 4.44465446472],
        "cov": [[9225.07617188, 4514.85400391, -2279.26391602, -795.024719238, -707.316650391, -903.796508789, -564.09161377, -293.731140137, -390.740905762, -41.126750946, 151.634017944, 114.853057861, 96.8790130615], [4514.85400391, 3315.77734375, -409.442321777, -884.784729004, -599.173034668, -587.094299316, -468.882354736, -234.119155884, -267.592956543, -263.54296875, -69.4274978638, 84.9387359619, 68.0835800171], [-2279.26391602, -409.442321777, 1676.21032715, 99.5926895142, -183.66633606, 353.565155029, -11.1716241837, -16.5263118744, 183.99319458, -197.114837646, -226.655227661, 52.199672699, -30.1699733734], [-795.024719238, -884.784729004, 99.5926895142, 755.860168457, 310.533843994, -44.8791694641, 34.5226516724, -0.22693631053, -29.3910198212, 40.9531707764, -33.6223945618, -103.883377075, -11.1489658356], [-707.316650391, -599.173034668, -183.66633606, 310.533843994, 439.991424561, 20.3158054352, -59.2463264465, -51.4125099182, -36.971370697, 57.6028823853, 21.0539703369, -78.1418609619, -26.0475349426], [-903.796508789, -587.094299316, 353.565155029, -44.8791694641, 20.3158054352, 590.610107422, 169.083450317, 16.5965843201, 250.88609314, 114.903587341, 42.4567871094, 109.662605286, -31.517288208], [-564.09161377, -468.882354736, -11.1716241837, 34.5226516724, -59.2463264465, 169.083450317, 362.069610596, 184.471786499, 59.1170425415, 100.864845276, 85.9560852051, 35.1732978821, 32.7374382019], [-293.731140137, -234.119155884, -16.5263118744, -0.22693631053, -51.4125099182, 16.5965843201, 184.471786499, 212.991760254, 81.4498901367, 11.4826259613, 31.5170574188, 29.8516311646, 25.2546310425], [-390.740905762, -267.592956543, 183.99319458, -29.3910198212, -36.971370697, 250.88609314, 59.1170425415, 81.4498901367, 253.702285767, 86.0100097656, -3.87099385262, 66.2623062134, 2.91382575035], [-41.126750946, -263.54296875, -197.114837646, 40.9531707764, 57.6028823853, 114.903587341, 100.864845276, 11.4826259613, 86.0100097656, 206.734237671, 104.178405762, -1.52681839466, 10.3539466858], [151.634017944, -69.4274978638, -226.655227661, -33.6223945618, 21.0539703369, 42.4567871094, 85.9560852051, 31.5170574188, -3.87099385262, 104.178405762, 149.10736084, 42.7738342285, -11.6910381317], [114.853057861, 84.9387359619, 52.199672699, -103.883377075, -78.1418609619, 109.662605286, 35.1732978821, 29.8516311646, 66.2623062134, -1.52681839466, 42.7738342285, 120.012443542, 22.2736320496], [96.8790130615, 68.0835800171, -30.1699733734, -11.1489658356, -26.0475349426, -31.517288208, 32.7374382019, 25.2546310425, 2.91382575035, 10.3539466858, -11.6910381317, 22.2736320496, 87.3359527588]],
