{
"lowlevel": {
    "average_loudness": 0.963752090931,
    "barkbands_crest": {
        "dmean": 3.74240875244,
        "dmean2": 6.14179515839,
        "dvar": 11.8030328751,
        "dvar2": 30.0608882904,
        "max": 26.0870723724,
        "mean": 12.2168397903,
        "median": 11.5253181458,
        "min": 3.28046274185,
        "var": 20.2776756287
    },
    "barkbands_flatness_db": {
        "dmean": 0.0388912819326,
        "dmean2": 0.0570678599179,
        "dvar": 0.00133945606649,
        "dvar2": 0.00269809993915,
        "max": 0.466366708279,
        "mean": 0.305713295937,
        "median": 0.31203982234,
        "min": 0.103221617639,
        "var": 0.00418265210465
    },
    "barkbands_kurtosis": {
        "dmean": 6.88697004318,
        "dmean2": 10.985748291,
        "dvar": 94.3669052124,
        "dvar2": 234.49659729,
        "max": 129.829879761,
        "mean": 8.7835817337,
        "median": 4.92420530319,
        "min": -1.95595157146,
        "var": 143.925140381
    },
    "barkbands_skewness": {
        "dmean": 1.1281015873,
        "dmean2": 1.715457201,
        "dvar": 1.56270515919,
        "dvar2": 3.4749352932,
        "max": 9.32089424133,
        "mean": 1.49168169498,
        "median": 1.65978145599,
        "min": -6.54747533798,
        "var": 3.68446969986
    },
    "barkbands_spread": {
        "dmean": 9.45883750916,
        "dmean2": 15.4360361099,
        "dvar": 232.754547119,
        "dvar2": 569.286071777,
        "max": 105.401008606,
        "mean": 15.0083122253,
        "median": 8.79950809479,
        "min": 0.894903838634,
        "var": 284.38293457
    },
    "dissonance": {
        "dmean": 0.0374325811863,
        "dmean2": 0.0579980127513,
        "dvar": 0.00171665719245,
        "dvar2": 0.00389071274549,
        "max": 0.500000119209,
        "mean": 0.417112290859,
        "median": 0.424960851669,
        "min": 0.133268415928,
        "var": 0.00501837907359
    },
    "dynamic_complexity": 4.32734775543,
    "erbbands_crest": {
        "dmean": 3.4691836834,
        "dmean2": 5.65309476852,
        "dvar": 8.9598941803,
        "dvar2": 23.4084663391,
        "max": 27.7054805756,
        "mean": 11.9017715454,
        "median": 11.4372882843,
        "min": 3.39679932594,
        "var": 17.6736793518
    },
    "erbbands_flatness_db": {
        "dmean": 0.0444378256798,
        "dmean2": 0.0644213706255,
        "dvar": 0.00231541553512,
        "dvar2": 0.00431714719161,
        "max": 0.512019813061,
        "mean": 0.369962662458,
        "median": 0.389928519726,
        "min": 0.101226367056,
        "var": 0.00628833612427
    },
    "erbbands_kurtosis": {
        "dmean": 2.75101470947,
        "dmean2": 4.41504335403,
        "dvar": 21.8144817352,
        "dvar2": 53.0234527588,
        "max": 46.2413711548,
        "mean": 2.46177220345,
        "median": 0.894982814789,
        "min": -1.93532598019,
        "var": 26.2269172668
    },
    "erbbands_skewness": {
        "dmean": 0.746594667435,
        "dmean2": 1.13358283043,
        "dvar": 0.755533456802,
        "dvar2": 1.58940136433,
        "max": 4.98404026031,
        "mean": 0.47919946909,
        "median": 0.716168522835,
        "min": -5.53596782684,
        "var": 1.85986220837
    },
    "erbbands_spread": {
        "dmean": 6.27427577972,
        "dmean2": 9.85496902466,
        "dvar": 52.8571472168,
        "dvar2": 129.35848999,
        "max": 58.0038375854,
        "mean": 16.39204216,
        "median": 13.5706186295,
        "min": 0.899578750134,
        "var": 108.59500885
    },
    "hfc": {
        "dmean": 8.87727451324,
        "dmean2": 12.6691017151,
        "dvar": 110.935272217,
        "dvar2": 219.779098511,
        "max": 65.7569274902,
        "mean": 15.1780748367,
        "median": 8.88949298859,
        "min": 4.71472994832e-05,
        "var": 239.235870361
    },
    "melbands_crest": {
        "dmean": 4.05741262436,
        "dmean2": 6.5920009613,
        "dvar": 11.934589386,
        "dvar2": 30.2024345398,
        "max": 32.3767700195,
        "mean": 13.8961524963,
        "median": 13.4744491577,
        "min": 2.84198379517,
        "var": 28.2928447723
    },
    "melbands_flatness_db": {
        "dmean": 0.0495542883873,
        "dmean2": 0.0699311941862,
        "dvar": 0.00269891531207,
        "dvar2": 0.00502637401223,
        "max": 0.554674386978,
        "mean": 0.362810760736,
        "median": 0.380881130695,
        "min": 0.0599128864706,
        "var": 0.00911271758378
    },
    "melbands_kurtosis": {
        "dmean": 5.76424121857,
        "dmean2": 9.46761512756,
        "dvar": 101.555152893,
        "dvar2": 270.442657471,
        "max": 129.742767334,
        "mean": 7.1678352356,
        "median": 4.62134313583,
        "min": -1.86986017227,
        "var": 109.867584229
    },
    "melbands_skewness": {
        "dmean": 0.95979487896,
        "dmean2": 1.46483099461,
        "dvar": 1.24869894981,
        "dvar2": 2.72264122963,
        "max": 9.56002044678,
        "mean": 1.66987538338,
        "median": 1.77910816669,
        "min": -5.50852823257,
        "var": 2.67188119888
    },
    "melbands_spread": {
        "dmean": 8.00930404663,
        "dmean2": 13.0258331299,
        "dvar": 124.085319519,
        "dvar2": 307.639801025,
        "max": 77.4101867676,
        "mean": 15.458193779,
        "median": 9.70054721832,
        "min": 1.07719433308,
        "var": 202.633514404
    },
    "pitch_salience": {
        "dmean": 0.0972702801228,
        "dmean2": 0.153975039721,
        "dvar": 0.0109543511644,
        "dvar2": 0.0249577108771,
        "max": 0.953902602196,
        "mean": 0.652267336845,
        "median": 0.690921127796,
        "min": 0.166771113873,
        "var": 0.0213472694159
    },
    "silence_rate_20dB": {
        "dmean": 0,
        "dmean2": 0,
        "dvar": 0,
        "dvar2": 0,
        "max": 1,
        "mean": 1,
        "median": 1,
        "min": 1,
        "var": 0
    },
    "silence_rate_30dB": {
        "dmean": 0,
        "dmean2": 0,
        "dvar": 0,
        "dvar2": 0,
        "max": 1,
        "mean": 1,
        "median": 1,
        "min": 1,
        "var": 0
    },
    "silence_rate_60dB": {
        "dmean": 0.158955231309,
        "dmean2": 0.318029105663,
        "dvar": 0.133690133691,
        "dvar2": 0.253464460373,
        "max": 1,
        "mean": 0.315926879644,
        "median": 0,
        "min": 0,
        "var": 0.216120049357
    },
    "spectral_centroid": {
        "dmean": 341.626739502,
        "dmean2": 522.136108398,
        "dvar": 225570.15625,
        "dvar2": 410479.9375,
        "max": 3332.14794922,
        "mean": 1257.72851562,
        "median": 938.547668457,
        "min": 369.451538086,
        "var": 572669.5625
    },
    "spectral_complexity": {
        "dmean": 4.07761192322,
        "dmean2": 5.67226600647,
        "dvar": 18.485004425,
        "dvar2": 31.3733615875,
        "max": 37,
        "mean": 9.84968280792,
        "median": 9,
        "min": 0,
        "var": 53.0861320496
    },
    "spectral_decrease": {
        "dmean": 2.71175593092e-09,
        "dmean2": 3.83714748864e-09,
        "dvar": 1.14720612092e-17,
        "dvar2": 2.2780449845e-17,
        "max": 4.50725828188e-12,
        "mean": -4.55387771936e-09,
        "median": -2.26065322018e-09,
        "min": -2.04220231836e-08,
        "var": 2.43172885574e-17
    },
    "spectral_energy": {
        "dmean": 0.0110164908692,
        "dmean2": 0.0155872572213,
        "dvar": 0.000187318801181,
        "dvar2": 0.000372261274606,
        "max": 0.082469061017,
        "mean": 0.018564062193,
        "median": 0.0094487098977,
        "min": 3.08287417816e-09,
        "var": 0.000397514202632
    },
    "spectral_energyband_high": {
        "dmean": 4.08875348512e-06,
        "dmean2": 7.06060836819e-06,
        "dvar": 2.33693637358e-11,
        "dvar2": 6.47000092391e-11,
        "max": 8.44256355776e-05,
        "mean": 2.3739567041e-05,
        "median": 2.3510920073e-05,
        "min": 1.88025994774e-09,
        "var": 2.33691122009e-11
    },
    "spectral_energyband_low": {
        "dmean": 1.88707724647e-06,
        "dmean2": 3.27072189066e-06,
        "dvar": 3.85476789377e-11,
        "dvar2": 9.85271170206e-11,
        "max": 0.000134325557156,
        "mean": 1.43020940868e-06,
        "median": 9.52590895054e-08,
        "min": 1.07826291298e-12,
        "var": 3.29262207777e-11
    },
    "spectral_energyband_middle_high": {
        "dmean": 0.00294964644127,
        "dmean2": 0.0042812214233,
        "dvar": 1.34022657221e-05,
        "dvar2": 2.51362198469e-05,
        "max": 0.0358227826655,
        "mean": 0.00458444608375,
        "median": 0.00227198633365,
        "min": 5.23430687682e-10,
        "var": 2.91675169137e-05
    },
    "spectral_energyband_middle_low": {
        "dmean": 0.00862258672714,
        "dmean2": 0.0123587623239,
        "dvar": 0.00012467445049,
        "dvar2": 0.000247819640208,
        "max": 0.0742240548134,
        "mean": 0.0141555191949,
        "median": 0.00591976149008,
        "min": 7.49501849473e-11,
        "var": 0.000257472536759
    },
    "spectral_entropy": {
        "dmean": 0.27603957057,
        "dmean2": 0.395175516605,
        "dvar": 0.0701825246215,
        "dvar2": 0.138939738274,
        "max": 8.15836143494,
        "mean": 6.63487052917,
        "median": 6.59868001938,
        "min": 5.01637125015,
        "var": 0.252451777458
    },
    "spectral_flux": {
        "dmean": 0.039556581527,
        "dmean2": 0.0628573074937,
        "dvar": 0.00152965588495,
        "dvar2": 0.00316564273089,
        "max": 0.255229204893,
        "mean": 0.0864964723587,
        "median": 0.0816741362214,
        "min": 5.55236365472e-05,
        "var": 0.00353864394128
    },
    "spectral_kurtosis": {
        "dmean": 15.0310564041,
        "dmean2": 25.2607250214,
        "dvar": 170.984695435,
        "dvar2": 468.786499023,
        "max": 145.357910156,
        "mean": 37.2871818542,
        "median": 35.828918457,
        "min": 3.36670160294,
        "var": 288.323699951
    },
    "spectral_rms": {
        "dmean": 0.00137203477789,
        "dmean2": 0.0018760880921,
        "dvar": 2.18170976041e-06,
        "dvar2": 3.6833168906e-06,
        "max": 0.00896981731057,
        "mean": 0.00342899747193,
        "median": 0.00303615769371,
        "min": 1.73426701622e-06,
        "var": 6.3532643253e-06
    },
    "spectral_rolloff": {
        "dmean": 2012.33435059,
        "dmean2": 3843.82128906,
        "dvar": 25201562,
        "dvar2": 55248776,
        "max": 20542.6757812,
        "mean": 3409.05444336,
        "median": 1313.52539062,
        "min": 344.53125,
        "var": 30516850
    },
    "spectral_skewness": {
        "dmean": 1.07297885418,
        "dmean2": 1.81670975685,
        "dvar": 0.797621071339,
        "dvar2": 2.20830535889,
        "max": 7.65451335907,
        "mean": 3.42695260048,
        "median": 3.46009159088,
        "min": 0.162863612175,
        "var": 1.50173068047
    },
    "spectral_spread": {
        "dmean": 549604.9375,
        "dmean2": 858421.6875,
        "dvar": 589831405568,
        "dvar2": 1.13405093478e+12,
        "max": 10052670,
        "mean": 1729241.875,
        "median": 1396639.75,
        "min": 481670.28125,
        "var": 1.13821024256e+12
    },
    "spectral_strongpeak": {
        "dmean": 1.01007270813,
        "dmean2": 1.66182672977,
        "dvar": 1.07335960865,
        "dvar2": 2.50140023232,
        "max": 8.03370189667,
        "mean": 1.64574456215,
        "median": 1.34335970879,
        "min": 0.00195408705622,
        "var": 1.68634200096
    },
    "zerocrossingrate": {
        "dmean": 0.0673562139273,
        "dmean2": 0.0721393153071,
        "dvar": 0.00937190745026,
        "dvar2": 0.00988718122244,
        "max": 0.8583984375,
        "mean": 0.155925273895,
        "median": 0.07080078125,
        "min": 0.0185546875,
        "var": 0.0359394922853
    },
    "barkbands": {
        "dmean": [3.59089540325e-07, 4.90653462748e-07, 8.22017909741e-07, 9.05714955479e-07, 7.08531442797e-05, 0.00137004582211, 0.00288935587741, 0.00371340848505, 0.00278066005558, 0.000802588881925, 0.00047356201685, 0.000595826597419, 0.00061239907518, 0.000398171920097, 0.000270890130196, 0.000279241474345, 0.000308614224195, 0.000319935556035, 0.000132107816171, 2.17267415792e-06, 3.86047275924e-07, 2.22515268433e-07, 9.44602049913e-08, 3.90940506634e-08, 1.13448335171e-08, 7.78551179081e-09, 3.63778417523e-06],
        "dmean2": [6.27034296485e-07, 8.97455834092e-07, 1.4508800632e-06, 1.59702801739e-06, 9.91185952444e-05, 0.00192245771177, 0.00437204912305, 0.00574157619849, 0.00405596848577, 0.00119852891658, 0.00071101100184, 0.00094337540213, 0.000913327909075, 0.000626733584795, 0.000428689963883, 0.000449938786915, 0.0004592211626, 0.000494322855957, 0.00020689034136, 3.53383461515e-06, 6.86378371029e-07, 3.95397592001e-07, 1.67589689681e-07, 6.83732821471e-08, 1.89421331953e-08, 1.24257510947e-08, 6.24484437139e-06],
        "dvar": [1.45548362859e-12, 3.73961755659e-12, 8.11773478299e-12, 1.87504196197e-11, 7.11430985234e-08, 8.95905850484e-06, 2.43097601924e-05, 3.7724737922e-05, 2.39953351411e-05, 2.62152912001e-06, 9.32121167807e-07, 2.05944706977e-06, 1.70832220192e-06, 9.93728576759e-07, 5.7947050891e-07, 6.76375634612e-07, 5.5299392443e-07, 4.52445249266e-07, 2.1739744227e-07, 3.21687919358e-11, 2.67223482925e-12, 9.75933960382e-13, 1.6730658471e-13, 2.27941478897e-14, 1.11613234998e-15, 2.45788579563e-16, 1.16816539081e-11],
        "dvar2": [3.91418061158e-12, 1.06955928489e-11, 2.1078585058e-11, 4.64032111347e-11, 1.15833472591e-07, 1.54528406711e-05, 5.21902293258e-05, 8.13888327684e-05, 4.8450743634e-05, 5.45267721463e-06, 1.99965802494e-06, 5.04599756823e-06, 3.51789276465e-06, 2.2613951387e-06, 1.30958289901e-06, 1.47812784235e-06, 1.0355267932e-06, 9.4067650025e-07, 4.98464657994e-07, 7.98519306233e-11, 7.37732531314e-12, 2.63761516968e-12, 4.61418717904e-13, 6.00678632268e-14, 2.71592030109e-15, 5.61888622924e-16, 3.32895482014e-11],
        "max": [1.93062205653e-05, 2.83709359792e-05, 5.73153301957e-05, 0.000135319802212, 0.00692833168432, 0.0454855412245, 0.0495209209621, 0.0509706623852, 0.0436146818101, 0.023119892925, 0.013566557318, 0.0259112864733, 0.0136467330158, 0.0117172980681, 0.00908142514527, 0.0100628267974, 0.0120001193136, 0.0107443854213, 0.00874053966254, 0.000101448466012, 2.54766237049e-05, 1.32265276989e-05, 6.16363740846e-06, 2.24917062042e-06, 6.44208910217e-07, 1.88830554748e-07, 4.92828403367e-05],
        "mean": [3.55536656116e-07, 3.25253125766e-07, 5.92397441324e-07, 6.33077434031e-07, 0.00010783973994, 0.00208616023883, 0.00364131107926, 0.00443343399093, 0.00342391990125, 0.00100510427728, 0.00057704327628, 0.000619531667326, 0.000703842844814, 0.000399252487114, 0.000281695858575, 0.000305591122014, 0.000397063035052, 0.000409859232605, 0.000144462654134, 2.49117829298e-06, 3.08804970928e-07, 1.60552104944e-07, 7.14016366032e-08, 3.47441968529e-08, 1.58997526256e-08, 9.90755388841e-09, 2.29588804359e-05],
        "median": [1.33169066885e-07, 2.12272563971e-08, 2.11048671872e-08, 1.87751858505e-08, 6.0410820879e-06, 0.000598554266617, 0.00103960989509, 0.000543138186913, 0.000316676334478, 0.000156376190716, 7.04122867319e-05, 5.12298138347e-05, 4.50353581982e-05, 3.64602237823e-05, 3.30882248818e-05, 3.34007163474e-05, 5.3029099945e-05, 0.000104910926893, 2.44419479714e-05, 9.83299855761e-07, 5.71517766446e-08, 7.37015337648e-09, 6.36380370622e-09, 6.25554763545e-09, 7.62523377773e-09, 3.58557006308e-09, 2.33672835748e-05],
        "min": [2.62937187214e-13, 2.31034023293e-13, 1.49830492522e-13, 1.43876989316e-12, 1.58963976964e-12, 1.2576542455e-12, 3.15748469037e-11, 1.67638715409e-11, 2.11640323322e-11, 4.85531016434e-12, 1.61516936978e-12, 2.23639162744e-11, 3.04149622155e-11, 1.71330016147e-11, 7.29137410171e-12, 3.89243186294e-11, 8.3569075271e-11, 1.89068094514e-10, 1.1698950142e-10, 2.86817514183e-11, 9.31215868305e-12, 1.67091653014e-11, 1.19679067004e-11, 2.37755128085e-11, 5.21400353448e-11, 9.9128004416e-11, 1.78853576394e-09],
        "var": [1.09389266308e-12, 2.22951952039e-12, 6.29407680489e-12, 1.67644526733e-11, 2.24813049954e-07, 2.07535813388e-05, 3.99240198021e-05, 5.9240108385e-05, 4.02648984164e-05, 4.17339560954e-06, 1.57916565513e-06, 2.40952840613e-06, 2.66799156634e-06, 1.18895604828e-06, 7.4278318607e-07, 9.28962663238e-07, 1.04141645352e-06, 7.51967149881e-07, 2.76380035302e-07, 3.23631295374e-11, 1.84130792211e-12, 7.21013689291e-13, 1.16114515464e-13, 1.75971365843e-14, 1.07854134542e-15, 3.09222241708e-16, 1.41510293067e-11]
    },
    "erbbands": {
        "dmean": [1.76649555215e-05, 0.000112721769256, 0.000749578292016, 0.00241731293499, 0.00709274085239, 0.194348171353, 3.42572879791, 14.1471710205, 32.8873748779, 57.8736228943, 81.9327011108, 64.6388397217, 34.056427002, 18.391330719, 19.2209968567, 24.099439621, 26.5651760101, 23.2700462341, 14.3825836182, 15.6675987244, 14.3205060959, 17.2177829742, 17.9043979645, 10.8911781311, 3.223290205, 0.182053476572, 0.0251107737422, 0.0136288627982, 0.00857812259346, 0.00501431711018, 0.00241071009077, 0.00120586308185, 0.000475461129099, 0.000188094738405, 6.61855228827e-05, 3.14982862619e-05, 1.85972803592e-05, 2.54284859693e-05, 0.000205383301363, 0.000107839048724],
        "dmean2": [3.18944221362e-05, 0.000202484545298, 0.00131678429898, 0.00412411103025, 0.0107044298202, 0.262483417988, 4.7084774971, 19.9900455475, 48.3281974792, 89.9360275269, 124.573989868, 93.5093231201, 48.8572044373, 26.3051795959, 28.8489837646, 38.0257110596, 39.2726745605, 34.8804740906, 22.6396026611, 24.6832103729, 21.5251483917, 25.0988044739, 27.2217655182, 16.7395343781, 5.13091945648, 0.279926717281, 0.0422267615795, 0.0239621233195, 0.0151441432536, 0.00888846442103, 0.00424151634797, 0.00210558576509, 0.000815513893031, 0.000315022422001, 0.000106142222648, 4.81549286633e-05, 2.88388146146e-05, 4.10222201026e-05, 0.000340326456353, 0.000186114601092],
        "dvar": [5.32368016337e-09, 1.65294565591e-07, 6.03625267104e-06, 0.000102262267319, 0.000282221240923, 0.377627432346, 146.237014771, 948.7578125, 3480.16015625, 9810.82226562, 19425.734375, 13440.9443359, 4783.08300781, 1052.5526123, 1623.18713379, 3334.28735352, 3102.84350586, 2851.09594727, 1392.19677734, 2052.5546875, 1722.64929199, 1539.72644043, 1300.04309082, 1146.68579102, 122.663703918, 0.266330748796, 0.00587664311752, 0.00324122235179, 0.00139801681507, 0.000459790317109, 0.000110724446131, 2.28502212849e-05, 2.87433567792e-06, 3.52497380618e-07, 2.48257308044e-08, 3.66811470087e-09, 1.55566393101e-09, 1.57889568086e-09, 3.45006725411e-08, 1.0656107996e-08],
        "dvar2": [1.5283957211e-08, 4.6612004212e-07, 1.56746482389e-05, 0.000251914811088, 0.000567641982343, 0.517921447754, 218.162353516, 1714.70068359, 7000.93310547, 22168.8945312, 41905.375, 26408.5039062, 9248.53515625, 2105.94799805, 3497.74047852, 8328.4453125, 6204.11572266, 6186.11767578, 3271.2590332, 4660.23681641, 3553.17553711, 2950.38525391, 2578.4621582, 2695.00195312, 292.685424805, 0.624902009964, 0.0160194411874, 0.0088744899258, 0.00376299978234, 0.00127354252618, 0.000303945300402, 6.09504713793e-05, 7.42859992897e-06, 8.84333815065e-07, 6.010592557e-08, 8.75451799942e-09, 3.45432327187e-09, 3.72928532499e-09, 9.37630346698e-08, 3.05691223446e-08],
        "max": [0.00135798519477, 0.0053703696467, 0.0452079176903, 0.327085644007, 0.459591329098, 21.077922821, 344.482757568, 428.454956055, 781.050415039, 862.341125488, 1093.9798584, 1028.14685059, 989.263366699, 417.330535889, 490.685974121, 934.821472168, 754.319641113, 714.738098145, 428.133666992, 647.977478027, 517.092712402, 586.124389648, 626.479797363, 617.208251953, 227.033233643, 11.8079690933, 1.23553299904, 0.831321179867, 0.498158127069, 0.276516735554, 0.173017948866, 0.0648071542382, 0.0248283147812, 0.0122769316658, 0.00218732282519, 0.000861974665895, 0.000580203835852, 0.000740112853236, 0.00215531280264, 0.00155433698092],
        "mean": [1.2874856111e-05, 7.96622334747e-05, 0.000565193011425, 0.00193441822194, 0.0104493312538, 0.366246193647, 5.4554233551, 21.003112793, 44.4349212646, 73.7843322754, 98.3369979858, 80.2408905029, 43.985294342, 25.1191101074, 23.89103508, 25.6627540588, 31.4207649231, 24.9825191498, 14.8563327789, 16.8849906921, 16.9997463226, 22.8609085083, 24.3887767792, 12.6651945114, 3.53352975845, 0.219707101583, 0.0275450535119, 0.0107079865411, 0.00635152449831, 0.00365453609265, 0.00187172496226, 0.00101053412072, 0.000466832862003, 0.000228827659157, 0.000112511828775, 5.97571124672e-05, 2.76223890978e-05, 8.82476451807e-05, 0.00120549928397, 0.000689764157869],
        "median": [1.77381298272e-06, 7.80379741627e-06, 3.98473202949e-05, 0.000180058748811, 0.00245639169589, 0.0637818127871, 1.18853569031, 6.26053237915, 14.4023694992, 17.0333957672, 13.0445327759, 7.79083538055, 5.95651245117, 4.62527751923, 3.12197303772, 2.3478064537, 2.25668287277, 2.13255381584, 2.06887316704, 1.78660225868, 2.21273970604, 3.62710118294, 6.18723201752, 2.74423575401, 0.656179368496, 0.0720529556274, 0.0107977762818, 0.00133177859243, 0.000398762174882, 0.000271010649158, 0.000198191963136, 0.000148181556142, 0.000119985539641, 9.49599780142e-05, 6.69647270115e-05, 3.77725991711e-05, 1.39950434459e-05, 8.41616856633e-05, 0.0012573224958, 0.000684860860929],
        "min": [7.11689301242e-12, 5.12741168968e-11, 1.65781721684e-10, 2.57722931885e-09, 6.24918961023e-09, 5.18099518843e-09, 3.58926310895e-09, 2.4371697549e-08, 3.44796745821e-07, 3.47917875843e-07, 5.9368193206e-07, 4.70013191034e-07, 1.10418319821e-07, 1.42952004012e-07, 1.4936328796e-07, 1.05055119093e-06, 1.08310860014e-06, 1.31519743718e-06, 4.57582245872e-07, 1.23232530314e-06, 1.75936509095e-06, 4.88841760671e-06, 1.14159638542e-05, 7.72856947151e-06, 3.63455114893e-06, 1.88473086382e-06, 6.11824759744e-07, 3.70211978407e-07, 5.40307098618e-07, 5.25577092958e-07, 3.80137862521e-07, 3.74050387109e-07, 4.86087287754e-07, 3.45667871215e-07, 4.81817323816e-07, 2.86832658958e-07, 1.95660916802e-07, 1.1146835277e-07, 2.26167273354e-07, 3.82094746953e-08],
        "var": [3.1442499715e-09, 1.04191464345e-07, 4.69326232633e-06, 9.66373700066e-05, 0.000975674076471, 2.06049799919, 400.983215332, 2029.90185547, 6175.99267578, 15537.0878906, 28358.6816406, 22774.4765625, 8336.37695312, 2067.62768555, 2723.05957031, 3767.48632812, 5036.31982422, 3869.43969727, 1555.07287598, 2731.4934082, 2668.68481445, 2910.68603516, 2406.31640625, 1461.67578125, 139.620330811, 0.31006270647, 0.00446516741067, 0.00231133913621, 0.00104756758083, 0.000320851744618, 7.75995285949e-05, 1.71738283825e-05, 2.33743116951e-06, 3.14206062058e-07, 2.68050506236e-08, 4.66645300179e-09, 2.01426475499e-09, 2.27874319414e-09, 5.10746893667e-08, 1.21346905857e-08]
    },
    "gfcc": {
        "mean": [-210.111251831, 100.509719849, -198.266601562, -97.6256713867, -33.367351532, -91.1740036011, -28.4846305847, -3.21833467484, 1.71597385406, -15.4443464279, 26.972820282, -5.61220598221, 3.89362215996],
        "cov": [[7795.76806641, 3180.97949219, -2059.32958984, -896.566162109, -818.479370117, -279.563293457, -460.96307373, 402.446166992, 209.698699951, -126.951316833, -122.648254395, 146.892807007, -490.664367676], [3180.97949219, 2255.19970703, -364.843963623, -964.761779785, -698.64666748, -247.483444214, -129.538192749, 127.377449036, -62.635848999, -97.5422668457, 33.6253204346, 104.227615356, -131.691070557], [-2059.32958984, -364.843963623, 1336.11279297, 307.928649902, -121.079322815, 0.255645304918, 50.9886131287, -188.01020813, -97.142326355, -34.6037101746, -8.17804145813, 44.4906311035, 241.612335205], [-896.566162109, -964.761779785, 307.928649902, 895.355957031, 326.803741455, -5.55029535294, -134.851608276, -60.3363990784, 80.6360931396, 4.91402673721, -93.4033279419, 4.82299566269, 78.1834335327], [-818.479370117, -698.64666748, -121.079322815, 326.803741455, 448.101501465, 94.9070510864, -22.1630420685, -43.0845031738, 49.6024551392, 59.8276863098, -9.74997615814, -64.2817306519, -0.571287214756], [-279.563293457, -247.483444214, 0.255645304918, -5.55029535294, 94.9070510864, 376.734222412, 170.003753662, -44.4462203979, 44.9863357544, 44.5814323425, -34.8370285034, -67.1905212402, -56.9221763611], [-460.96307373, -129.538192749, 50.9886131287, -134.851608276, -22.1630420685, 170.003753662, 366.31036377, 89.0531387329, -117.283546448, -13.3967294693, 57.1926727295, -55.0322647095, -46.4141311646], [402.446166992, 127.377449036, -188.01020813, -60.3363990784, -43.0845031738, -44.4462203979, 89.0531387329, 176.239532471, 13.0107040405, -34.537322998, -8.18914222717, -9.61770343781, -54.8127288818], [209.698699951, -62.635848999, -97.142326355, 80.6360931396, 49.6024551392, 44.9863357544, -117.283546448, 13.0107040405, 189.563583374, 54.5680961609, -80.2685775757, -19.9894962311, -9.90971374512], [-126.951316833, -97.5422668457, -34.6037101746, 4.91402673721, 59.8276863098, 44.5814323425, -13.3967294693, -34.537322998, 54.5680961609, 91.4144287109, 19.4740428925, -40.5752944946, -23.4169330597], [-122.648254395, 33.6253204346, -8.17804145813, -93.4033279419, -9.74997615814, -34.8370285034, 57.1926727295, -8.18914222717, -80.2685775757, 19.4740428925, 103.867210388, 14.3369140625, -20.6852703094], [146.892807007, 104.227615356, 44.4906311035, 4.82299566269, -64.2817306519, -67.1905212402, -55.0322647095, -9.61770343781, -19.9894962311, -40.5752944946, 14.3369140625, 88.5839538574, 42.9302024841], [-490.664367676, -131.691070557, 241.612335205, 78.1834335327, -0.571287214756, -56.9221763611, -46.4141311646, -54.8127288818, -9.90971374512, -23.4169330597, -20.6852703094, 42.9302024841, 137.169692993]],
        "icov": [[0.00559252919629, -0.00823641195893, 0.00855350680649, -0.00835609901696, 0.00653277058154, -0.00405095191672, 0.00211531040259, -0.000705891230609, -0.000221067602979, 0.000197631801711, 0.000605707406066, -0.00106876750942, 0.00101734686177], [-0.00823641195893, 0.0141915846616, -0.0128662427887, 0.0141684692353, -0.0081289075315, 0.0058784019202, -0.000796005071606, -0.000551422184799, 0.00242942478508, -0.00131952040829, 0.00129878032021, -4.13473298977e-06, 0.000812935701106], [0.00855350680649, -0.0128662427887, 0.0150735918432, -0.0142039367929, 0.0114929834381, -0.0061853248626, 0.00178235338535, 0.00119303003885, -0.00143928523175, 0.00168870727066, -0.00106319168117, 0.000532148464117, -0.00179248501081], [-0.00835609901696, 0.0141684692353, -0.0142039367929, 0.0168675314635, -0.0111570609733, 0.00679871765897, -0.00094052037457, -0.000962941383477, 0.00304817198776, -0.00280973128974, 0.00507397064939, -0.00291004544124, 0.00260546570644], [0.00653277058154, -0.0081289075315, 0.0114929834381, -0.0111570609733, 0.0146013582125, -0.00707181636244, 0.0054170973599, -0.00184182613157, 0.000574730162043, 0.00109020411037, -0.00354703841731, 0.00396443530917, -0.00164558389224], [-0.00405095191672, 0.0058784019202, -0.0061853248626, 0.00679871765897, -0.00707181636244, 0.0141131114215, -0.0125831943005, 0.0117243556306, -0.00716081215069, 0.00102077622432, 0.00691110221669, -0.00375479110517, 0.00630159443244], [0.00211531040259, -0.000796005071606, 0.00178235338535, -0.00094052037457, 0.0054170973599, -0.0125831943005, 0.0201735328883, -0.0174475070089, 0.0139874797314, -0.00441258959472, -0.0037572325673, 0.00478426273912, -0.00295274751261], [-0.000705891230609, -0.000551422184799, 0.00119303003885, -0.000962941383477, -0.00184182613157, 0.0117243556306, -0.0174475070089, 0.0255385208875, -0.0172401219606, 0.0137028023601, -0.000997521681711, 0.00076248915866, 0.00525681860745], [-0.000221067602979, 0.00242942478508, -0.00143928523175, 0.00304817198776, 0.000574730162043, -0.00716081215069, 0.0139874797314, -0.0172401219606, 0.03114733845, -0.0265414454043, 0.0206362642348, -0.00902081746608, 0.00086847320199], [0.000197631801711, -0.00131952040829, 0.00168870727066, -0.00280973128974, 0.00109020411037, 0.00102077622432, -0.00441258959472, 0.0137028023601, -0.0265414454043, 0.0452059321105, -0.0304477903992, 0.0220433995128, -0.00321287754923], [0.000605707406066, 0.00129878032021, -0.00106319168117, 0.00507397064939, -0.00354703841731, 0.00691110221669, -0.0037572325673, -0.000997521681711, 0.0206362642348, -0.0304477903992, 0.0466608814895, -0.0262140221894, 0.0151111474261], [-0.00106876750942, -4.13473298977e-06, 0.000532148464117, -0.00291004544124, 0.00396443530917, -0.00375479110517, 0.00478426273912, 0.00076248915866, -0.00902081746608, 0.0220433995128, -0.0262140221894, 0.0354493744671, -0.0146600846201], [0.00101734686177, 0.000812935701106, -0.00179248501081, 0.00260546570644, -0.00164558389224, 0.00630159443244, -0.00295274751261, 0.00525681860745, 0.00086847320199, -0.00321287754923, 0.0151111474261, -0.0146600846201, 0.0234729349613]]
    },
    "melbands": {
        "dmean": [1.55813566494e-07, 3.04648182237e-07, 4.16465439912e-07, 2.76700393442e-06, 9.53434646362e-05, 0.000309944851324, 0.000525820010807, 0.000669101485983, 0.000671964662615, 0.000377145712264, 0.000164006021805, 7.55182627472e-05, 6.52722592349e-05, 6.87553620082e-05, 6.21767539997e-05, 5.9892932768e-05, 4.16522088926e-05, 2.44298535108e-05, 2.08201072383e-05, 2.14953051909e-05, 1.6738064005e-05, 1.75271088665e-05, 2.0580004275e-05, 1.3936061805e-05, 8.93441756489e-06, 3.89241859011e-06, 4.53495232478e-07, 2.61408032998e-08, 1.33611033348e-08, 9.30178067904e-09, 7.00464131143e-09, 5.08810193978e-09, 3.58880325457e-09, 2.40691266917e-09, 1.46720613436e-09, 9.68723656847e-10, 6.28285423687e-10, 3.47759460118e-10, 2.22607821065e-10, 1.29699528895e-10],
        "dmean2": [2.78805060816e-07, 5.38276026418e-07, 7.22237700757e-07, 3.82233747587e-06, 0.000131229040562, 0.000435893278336, 0.000778127112426, 0.00103118619882, 0.00101517420262, 0.000547463598195, 0.000239981673076, 0.000109624379547, 9.62170161074e-05, 0.000110029817733, 9.67272062553e-05, 8.75126934261e-05, 6.41321821604e-05, 3.90797213186e-05, 3.31544179062e-05, 3.43979954778e-05, 2.5509734769e-05, 2.58558138739e-05, 3.14948083542e-05, 2.14845385926e-05, 1.38223676913e-05, 6.29232272331e-06, 7.15289388609e-07, 4.31951292512e-08, 2.32693277979e-08, 1.66609410712e-08, 1.2420017903e-08, 8.9930560776e-09, 6.39359232224e-09, 4.28860458257e-09, 2.58500398864e-09, 1.69128300254e-09, 1.10553244337e-09, 6.01653948884e-10, 3.82779086205e-10, 2.19196813478e-10],
        "dvar": [3.76600362223e-13, 9.96551799415e-13, 2.78579720056e-12, 8.53531897937e-11, 1.0231765657e-07, 4.30733905432e-07, 8.44552744184e-07, 1.23314760003e-06, 1.27694090679e-06, 4.66965445867e-07, 1.14881430591e-07, 1.81584844938e-08, 1.78286256869e-08, 3.22971942524e-08, 1.94715887858e-08, 1.63953668419e-08, 1.05631885461e-08, 4.46606485127e-09, 3.69184949278e-09, 4.10821021646e-09, 2.76957323742e-09, 1.9684216479e-09, 1.73593239783e-09, 1.08247988351e-09, 9.38795485794e-10, 1.97585267592e-10, 2.64200857372e-12, 3.91455641299e-15, 2.28640958705e-15, 1.64551015432e-15, 9.73363887931e-16, 5.17423204841e-16, 2.51530748261e-16, 1.0809878148e-16, 4.4004575911e-17, 1.61291021199e-17, 6.34606886173e-18, 1.64372812852e-18, 6.37612994936e-19, 1.66361970261e-19],
        "dvar2": [1.06985644302e-12, 2.62553694064e-12, 6.86594140917e-12, 1.06854150528e-10, 1.52274168386e-07, 7.69988048432e-07, 1.72478701188e-06, 2.74111516774e-06, 2.70627469945e-06, 9.14430813737e-07, 2.22461878252e-07, 3.72220654299e-08, 3.72515316371e-08, 8.04238382557e-08, 4.54553337192e-08, 3.31067475656e-08, 2.3705547747e-08, 1.08088746842e-08, 8.27780421986e-09, 9.47395850659e-09, 5.82747361477e-09, 3.7973544309e-09, 3.64742747117e-09, 2.34681674094e-09, 2.23857843373e-09, 4.84734752337e-10, 6.55750497305e-12, 1.03478796441e-14, 6.30000405685e-15, 4.57231942466e-15, 2.65087558228e-15, 1.38637058851e-15, 6.86955578684e-16, 3.02795935086e-16, 1.21514353996e-16, 4.4005207877e-17, 1.67588909686e-17, 4.25078976445e-18, 1.66919412445e-18, 4.1419388963e-19],
        "max": [1.01017940324e-05, 1.69501890923e-05, 4.82099203509e-05, 0.000558962929063, 0.00885581690818, 0.00990509428084, 0.0115320626646, 0.00970984622836, 0.0091137336567, 0.00575129920617, 0.00476109888405, 0.00155151204672, 0.00173653638922, 0.00388519116677, 0.00190142006613, 0.00160860526375, 0.00144752045162, 0.000757099303883, 0.000800138397608, 0.00073061400326, 0.000726694241166, 0.000714359222911, 0.00065395294223, 0.0007053805748, 0.0005818263744, 0.000238343171077, 4.30921500083e-05, 9.26327345496e-07, 7.60827333579e-07, 6.7791671654e-07, 4.66860711867e-07, 3.06096978875e-07, 2.18193875412e-07, 1.29356095613e-07, 1.09859769282e-07, 6.18831208499e-08, 3.62791716668e-08, 1.8507858357e-08, 1.67221561043e-08, 7.82978215597e-09],
        "mean": [1.12605768265e-07, 2.19807915869e-07, 3.01583412465e-07, 4.83629901282e-06, 0.00014967561583, 0.000468976155389, 0.000707422906999, 0.000856720842421, 0.000804361945484, 0.000469303311547, 0.000206748620258, 9.94154906948e-05, 8.07284595794e-05, 7.19322270015e-05, 6.65640618536e-05, 6.85741833877e-05, 4.28452585766e-05, 2.31250578508e-05, 2.22103844862e-05, 2.22083199333e-05, 1.91386261577e-05, 2.18040404434e-05, 2.75336351478e-05, 1.71703013621e-05, 9.81941229838e-06, 4.07761945098e-06, 4.72728487466e-07, 3.42623849292e-08, 1.39261988608e-08, 7.10510850155e-09, 5.05008745932e-09, 3.66260977103e-09, 2.56693266643e-09, 1.7268841912e-09, 1.10393383324e-09, 7.60574547787e-10, 5.29436050556e-10, 3.23895771315e-10, 2.31276178764e-10, 1.56636273396e-10],
        "median": [1.22617702658e-08, 1.00826431648e-08, 1.19974963297e-08, 2.54526867138e-07, 3.02686876239e-05, 0.000145165031427, 0.000227575263125, 0.000163993361639, 9.02454266907e-05, 4.407409142e-05, 2.65343423962e-05, 1.71802548721e-05, 1.02827898445e-05, 6.12016901869e-06, 5.05507841808e-06, 4.26309634349e-06, 3.42985936186e-06, 3.05077378471e-06, 2.39784390033e-06, 2.10261578104e-06, 2.38541679209e-06, 2.80723952528e-06, 5.24301185578e-06, 4.22688071922e-06, 1.82937799309e-06, 6.43082444185e-07, 1.035217565e-07, 2.01003569344e-08, 6.33661789706e-09, 9.65157287425e-10, 2.65712979397e-10, 1.58728724609e-10, 1.2686063311e-10, 1.23722296297e-10, 1.04687342128e-10, 8.64373919662e-11, 7.83185738484e-11, 7.36607302931e-11, 7.37105862458e-11, 6.78647207875e-11],
        "min": [7.67390776033e-14, 7.3142697682e-14, 5.72112995e-13, 4.43087840724e-13, 1.26197636325e-13, 4.73155477472e-13, 5.87040051986e-12, 3.32774519746e-12, 5.55143040912e-12, 2.54101340663e-12, 4.76207506588e-13, 5.99632377172e-13, 2.65929558105e-13, 1.90761794382e-12, 2.58503483376e-12, 3.21047030107e-12, 2.25938603764e-12, 8.1010507547e-13, 7.20621262315e-13, 2.85882754102e-12, 1.50983381613e-12, 3.28476113497e-12, 9.44627362442e-12, 1.06127684765e-11, 5.8204530605e-12, 2.90814572944e-12, 1.73839902976e-12, 1.21278312913e-12, 4.05618708109e-13, 2.6188965818e-13, 2.05058761854e-13, 2.68398828553e-13, 3.59492410883e-13, 2.4757672583e-13, 2.07143750395e-13, 2.2157072726e-13, 2.14761314201e-13, 3.66319333808e-13, 3.10727002939e-13, 2.561253347e-13],
        "var": [2.30282535662e-13, 7.44770889925e-13, 2.54591465097e-12, 8.64588123317e-10, 2.85238741071e-07, 9.57387442213e-07, 1.49816276007e-06, 2.05430524147e-06, 1.89072261492e-06, 8.04745354799e-07, 1.96675301822e-07, 3.39909682623e-08, 3.13361177007e-08, 3.65079344533e-08, 2.41859048344e-08, 2.65577604353e-08, 1.31383117719e-08, 4.44927339416e-09, 4.93422502856e-09, 5.27635890535e-09, 4.07041689243e-09, 3.37011041296e-09, 3.34843019978e-09, 1.5998110614e-09, 1.14025511255e-09, 2.15543985438e-10, 2.50225859998e-12, 3.32872830964e-15, 1.5865723313e-15, 1.11349024246e-15, 6.97688968434e-16, 3.90591164767e-16, 1.80740207922e-16, 7.30614819925e-17, 3.02132152423e-17, 1.15171293177e-17, 4.84046366208e-18, 1.3228780038e-18, 5.0439276555e-19, 1.50127994977e-19]
    },
    "mfcc": {
        "mean": [-837.415344238, 163.951217651, -101.445739746, -38.6638565063, -22.0535087585, -74.8084259033, -33.5247535706, -10.5257759094, -28.7285709381, -6.64602899551, 7.82876253128, 1.86528265476, 6.3526263237],
        "cov": [[7141.49023438, 3478.80419922, -2130.73217773, -774.338500977, -504.572998047, -1073.22460938, -542.742919922, 77.3087997437, -262.323913574, -39.2959213257, 371.496704102, 76.3950271606, -200.303024292], [3478.80419922, 2427.18066406, -556.606750488, -772.54284668, -651.149719238, -672.473083496, -232.507675171, -8.60658740997, -194.025909424, -128.911468506, 123.5782547, 108.872764587, -59.5258293152], [-2130.73217773, -556.606750488, 1538.20263672, 245.368026733, -222.861541748, 319.094573975, 66.08618927, -72.1046981812, 120.683372498, -157.884277344, -273.553436279, 45.0067443848, 98.214050293], [-774.338500977, -772.54284668, 245.368026733, 699.322021484, 381.383117676, 87.2014389038, -72.8379821777, -3.77927565575, 61.7016334534, -7.98932170868, -104.365997314, -85.9433441162, 20.9853553772], [-504.572998047, -651.149719238, -222.861541748, 381.383117676, 543.359558105, 200.737518311, -92.5838623047, -55.9184112549, 57.5647087097, 63.2896881104, -5.17254161835, -46.9832191467, -8.52630710602], [-1073.22460938, -672.473083496, 319.094573975, 87.2014389038, 200.737518311, 561.483886719, 142.021133423, -36.6828804016, 133.58821106, 58.4983558655, -14.3078241348, 31.0946006775, -6.59473371506], [-542.742919922, -232.507675171, 66.08618927, -72.8379821777, -92.5838623047, 142.021133423, 400.11151123, 154.921081543, -42.3094444275, 70.2240524292, 81.4142150879, -23.3416538239, -6.69165992737], [77.3087997437, -8.60658740997, -72.1046981812, -3.77927565575, -55.9184112549, -36.6828804016, 154.921081543, 176.755508423, 33.342754364, 22.997505188, 40.2092018127, -17.8997802734, -12.2994070053], [-262.323913574, -194.025909424, 120.683372498, 61.7016334534, 57.5647087097, 133.58821106, -42.3094444275, 33.342754364, 189.185852051, 58.3925247192, -42.4759521484, 1.77999484539, 1.52990210056], [-39.2959213257, -128.911468506, -157.884277344, -7.98932170868, 63.2896881104, 58.4983558655, 70.2240524292, 22.997505188, 58.3925247192, 174.162704468, 103.557312012, -37.9165153503, -33.1716270447], [371.496704102, 123.5782547, -273.553436279, -104.365997314, -5.17254161835, -14.3078241348, 81.4142150879, 40.2092018127, -42.4759521484, 103.557312012, 189.940338135, 27.6071414948, -66.7063293457], [76.3950271606, 108.872764587, 45.0067443848, -85.9433441162, -46.9832191467, 31.0946006775, -23.3416538239, -17.8997802734, 1.77999484539, -37.9165153503, 27.6071414948, 103.585739136, 19.5599346161], [-200.303024292, -59.5258293152, 98.214050293, 20.9853553772, -8.52630710602, -6.59473371506, -6.69165992737, -12.2994070053, 1.52990210056, -33.1716270447, -66.7063293457, 19.5599346161, 92.4125442505]],
