{
"lowlevel": {
    "average_loudness": 0.966782808304,
    "barkbands_crest": {
        "dmean": 3.43334126472,
        "dmean2": 5.55496454239,
        "dvar": 8.80337142944,
        "dvar2": 21.9371585846,
        "max": 26.5388336182,
        "mean": 12.0329532623,
        "median": 11.386475563,
        "min": 3.39065647125,
        "var": 17.44805336
    },
    "barkbands_flatness_db": {
        "dmean": 0.0374463871121,
        "dmean2": 0.0555146560073,
        "dvar": 0.00128709105775,
        "dvar2": 0.00254113064148,
        "max": 0.441198766232,
        "mean": 0.291057616472,
        "median": 0.297469198704,
        "min": 0.10085054487,
        "var": 0.00390937551856
    },
    "barkbands_kurtosis": {
        "dmean": 7.80901002884,
        "dmean2": 12.2154388428,
        "dvar": 110.110610962,
        "dvar2": 245.127075195,
        "max": 114.669769287,
        "mean": 10.4264860153,
        "median": 5.00450706482,
        "min": -1.94486951828,
        "var": 212.764251709
    },
    "barkbands_skewness": {
        "dmean": 1.10413265228,
        "dmean2": 1.6039276123,
        "dvar": 1.30786466599,
        "dvar2": 2.53816652298,
        "max": 8.83114910126,
        "mean": 1.78941404819,
        "median": 1.80491089821,
        "min": -9.31381225586,
        "var": 4.169506073
    },
    "barkbands_spread": {
        "dmean": 10.0130109787,
        "dmean2": 15.5780086517,
        "dvar": 214.609115601,
        "dvar2": 455.130584717,
        "max": 108.975250244,
        "mean": 17.2105369568,
        "median": 9.55748748779,
        "min": 1.07598435879,
        "var": 356.341644287
    },
    "dissonance": {
        "dmean": 0.0348130241036,
        "dmean2": 0.0551223680377,
        "dvar": 0.00139959820081,
        "dvar2": 0.00295781460591,
        "max": 0.500000119209,
        "mean": 0.42071557045,
        "median": 0.426986336708,
        "min": 0.201700672507,
        "var": 0.0040117749013
    },
    "dynamic_complexity": 5.23108005524,
    "erbbands_crest": {
        "dmean": 3.55671477318,
        "dmean2": 5.81696081161,
        "dvar": 9.06068229675,
        "dvar2": 23.6362876892,
        "max": 28.2807617188,
        "mean": 12.0658226013,
        "median": 11.5050315857,
        "min": 3.56203985214,
        "var": 17.651424408
    },
    "erbbands_flatness_db": {
        "dmean": 0.0412080772221,
        "dmean2": 0.0598915368319,
        "dvar": 0.00179629120976,
        "dvar2": 0.00320164044388,
        "max": 0.500758051872,
        "mean": 0.346823066473,
        "median": 0.364600718021,
        "min": 0.0966949388385,
        "var": 0.00531144579872
    },
    "erbbands_kurtosis": {
        "dmean": 3.10424804688,
        "dmean2": 4.80488872528,
        "dvar": 29.7637691498,
        "dvar2": 67.2899169922,
        "max": 73.468170166,
        "mean": 3.04145264626,
        "median": 1.12733221054,
        "min": -1.91901981831,
        "var": 38.2112045288
    },
    "erbbands_skewness": {
        "dmean": 0.787967562675,
        "dmean2": 1.14376533031,
        "dvar": 0.846801519394,
        "dvar2": 1.63323497772,
        "max": 4.12853097916,
        "mean": 0.615713298321,
        "median": 0.900040566921,
        "min": -6.6415438652,
        "var": 2.28120851517
    },
    "erbbands_spread": {
        "dmean": 6.53247642517,
        "dmean2": 10.2161245346,
        "dvar": 53.1614952087,
        "dvar2": 127.358680725,
        "max": 71.3657226562,
        "mean": 17.6924476624,
        "median": 15.3445777893,
        "min": 1.0640860796,
        "var": 117.000709534
    },
    "hfc": {
        "dmean": 7.52768087387,
        "dmean2": 10.6727514267,
        "dvar": 95.9617080688,
        "dvar2": 163.821929932,
        "max": 79.9501876831,
        "mean": 12.690407753,
        "median": 5.71683120728,
        "min": 6.55231202629e-09,
        "var": 232.001831055
    },
    "melbands_crest": {
        "dmean": 3.82021665573,
        "dmean2": 6.08471012115,
        "dvar": 9.98836898804,
        "dvar2": 26.8634529114,
        "max": 30.1399536133,
        "mean": 13.9395780563,
        "median": 13.6371822357,
        "min": 2.76059961319,
        "var": 21.890750885
    },
    "melbands_flatness_db": {
        "dmean": 0.0451015271246,
        "dmean2": 0.0645901635289,
        "dvar": 0.00202764105052,
        "dvar2": 0.00362318521366,
        "max": 0.536705315113,
        "mean": 0.3577696383,
        "median": 0.371832966805,
        "min": 0.0645664557815,
        "var": 0.00765807554126
    },
    "melbands_kurtosis": {
        "dmean": 5.74361085892,
        "dmean2": 9.06970787048,
        "dvar": 46.6960449219,
        "dvar2": 113.918174744,
        "max": 81.7191772461,
        "mean": 8.87979221344,
        "median": 6.47293615341,
        "min": -1.90827667713,
        "var": 84.1666488647
    },
    "melbands_skewness": {
        "dmean": 0.912401854992,
        "dmean2": 1.36089479923,
        "dvar": 1.02050185204,
        "dvar2": 2.02260899544,
        "max": 8.09521961212,
        "mean": 1.85875213146,
        "median": 2.06768941879,
        "min": -5.24048519135,
        "var": 2.58702301979
    },
    "melbands_spread": {
        "dmean": 7.92303085327,
        "dmean2": 13.0753679276,
        "dvar": 132.918777466,
        "dvar2": 334.643005371,
        "max": 88.2279968262,
        "mean": 15.0601196289,
        "median": 9.32808113098,
        "min": 1.35022366047,
        "var": 203.250488281
    },
    "pitch_salience": {
        "dmean": 0.0821313709021,
        "dmean2": 0.132279351354,
        "dvar": 0.00706939492375,
        "dvar2": 0.0165551621467,
        "max": 0.936396539211,
        "mean": 0.674755513668,
        "median": 0.703937888145,
        "min": 0.225830703974,
        "var": 0.0153750283644
    },
    "silence_rate_20dB": {
        "dmean": 0,
        "dmean2": 0,
        "dvar": 0,
        "dvar2": 0,
        "max": 1,
        "mean": 1,
        "median": 1,
        "min": 1,
        "var": 0
    },
    "silence_rate_30dB": {
        "dmean": 0,
        "dmean2": 0,
        "dvar": 0,
        "dvar2": 0,
        "max": 1,
        "mean": 1,
        "median": 1,
        "min": 1,
        "var": 0
    },
    "silence_rate_60dB": {
        "dmean": 0.169705986977,
        "dmean2": 0.3395383358,
        "dvar": 0.140906661749,
        "dvar2": 0.254785478115,
        "max": 1,
        "mean": 0.364955365658,
        "median": 0,
        "min": 0,
        "var": 0.231757715344
    },
    "spectral_centroid": {
        "dmean": 333.85144043,
        "dmean2": 511.318878174,
        "dvar": 222339.765625,
        "dvar2": 397683.40625,
        "max": 3397.81860352,
        "mean": 1218.5916748,
        "median": 933.962097168,
        "min": 324.710418701,
        "var": 596893.125
    },
    "spectral_complexity": {
        "dmean": 3.84369182587,
        "dmean2": 5.23752784729,
        "dvar": 17.3173084259,
        "dvar2": 28.745634079,
        "max": 32,
        "mean": 8.99144363403,
        "median": 8,
        "min": 0,
        "var": 52.9063072205
    },
    "spectral_decrease": {
        "dmean": 2.25490959238e-09,
        "dmean2": 3.14204418039e-09,
        "dvar": 9.06692604472e-18,
        "dvar2": 1.59484971594e-17,
        "max": 4.3600748012e-12,
        "mean": -3.79863163147e-09,
        "median": -1.437156949e-09,
        "min": -2.22907878822e-08,
        "var": 2.15845402395e-17
    },
    "spectral_energy": {
        "dmean": 0.00917443912476,
        "dmean2": 0.0127913756296,
        "dvar": 0.000148857216118,
        "dvar2": 0.000261197565123,
        "max": 0.091382086277,
        "mean": 0.015487940982,
        "median": 0.00588490115479,
        "min": 4.95639445285e-13,
        "var": 0.000355418131221
    },
    "spectral_energyband_high": {
        "dmean": 4.85340478917e-06,
        "dmean2": 8.20430341264e-06,
        "dvar": 4.57538000542e-11,
        "dvar2": 1.08214111283e-10,
        "max": 0.0002276502928,
        "mean": 2.1381827537e-05,
        "median": 2.15494001168e-05,
        "min": 3.16998814351e-13,
        "var": 6.06102598666e-11
    },
    "spectral_energyband_low": {
        "dmean": 2.71116255135e-06,
        "dmean2": 4.19610069002e-06,
        "dvar": 8.99810365107e-11,
        "dvar2": 1.90960788848e-10,
        "max": 0.000173386419192,
        "mean": 2.56759130934e-06,
        "median": 1.79800622391e-07,
        "min": 2.12077462356e-15,
        "var": 1.07800310345e-10
    },
    "spectral_energyband_middle_high": {
        "dmean": 0.00240168953314,
        "dmean2": 0.00342860654928,
        "dvar": 1.14396743811e-05,
        "dvar2": 1.96091641556e-05,
        "max": 0.044516697526,
        "mean": 0.00359209510498,
        "median": 0.00108590582386,
        "min": 7.9459185e-14,
        "var": 2.69260872301e-05
    },
    "spectral_energyband_middle_low": {
        "dmean": 0.00723868003115,
        "dmean2": 0.0101072601974,
        "dvar": 9.69684042502e-05,
        "dvar2": 0.000175243956619,
        "max": 0.0734756365418,
        "mean": 0.0119953202084,
        "median": 0.00409429520369,
        "min": 6.53759476567e-14,
        "var": 0.000222109476454
    },
    "spectral_entropy": {
        "dmean": 0.253217071295,
        "dmean2": 0.363625556231,
        "dvar": 0.0545277297497,
        "dvar2": 0.107079781592,
        "max": 8.60272693634,
        "mean": 6.65556240082,
        "median": 6.61914300919,
        "min": 5.30949640274,
        "var": 0.211953371763
    },
    "spectral_flux": {
        "dmean": 0.0356923565269,
        "dmean2": 0.0573339052498,
        "dvar": 0.00138811685611,
        "dvar2": 0.00282237119973,
        "max": 0.282568156719,
        "mean": 0.0771460458636,
        "median": 0.0691217258573,
        "min": 8.60227883095e-05,
        "var": 0.00337914866395
    },
    "spectral_kurtosis": {
        "dmean": 13.454325676,
        "dmean2": 22.6409358978,
        "dvar": 131.939575195,
        "dvar2": 348.516296387,
        "max": 139.23236084,
        "mean": 33.4418640137,
        "median": 30.8379440308,
        "min": 3.58298063278,
        "var": 270.023529053
    },
    "spectral_rms": {
        "dmean": 0.00122788897716,
        "dmean2": 0.00166367227212,
        "dvar": 1.90309890513e-06,
        "dvar2": 2.98016334455e-06,
        "max": 0.00944210030138,
        "mean": 0.00304437289014,
        "median": 0.00239611463621,
        "min": 2.19897859921e-08,
        "var": 5.84198687648e-06
    },
    "spectral_rolloff": {
        "dmean": 1935.11206055,
        "dmean2": 3665.22705078,
        "dvar": 23600856,
        "dvar2": 52848976,
        "max": 19810.546875,
        "mean": 3496.86669922,
        "median": 1270.45898438,
        "min": 301.46484375,
        "var": 32882716
    },
    "spectral_skewness": {
        "dmean": 0.999213039875,
        "dmean2": 1.69776046276,
        "dvar": 0.644338786602,
        "dvar2": 1.79371702671,
        "max": 8.31995010376,
        "mean": 3.19256043434,
        "median": 3.2361664772,
        "min": -0.159547939897,
        "var": 1.47503554821
    },
    "spectral_spread": {
        "dmean": 502806.90625,
        "dmean2": 780284.4375,
        "dvar": 412454551552,
        "dvar2": 773213519872,
        "max": 15461316,
        "mean": 1797022.25,
        "median": 1503430.875,
        "min": 465896.34375,
        "var": 951968006144
    },
    "spectral_strongpeak": {
        "dmean": 0.915518701077,
        "dmean2": 1.4993429184,
        "dvar": 1.03620672226,
        "dvar2": 2.39924263954,
        "max": 8.55989551544,
        "mean": 1.47581338882,
        "median": 1.11242008209,
        "min": 3.92349733147e-07,
        "var": 1.66418969631
    },
    "zerocrossingrate": {
        "dmean": 0.054558660835,
        "dmean2": 0.0567842386663,
        "dvar": 0.0052663073875,
        "dvar2": 0.00508016720414,
        "max": 0.861328125,
        "mean": 0.150305435061,
        "median": 0.07568359375,
        "min": 0.02001953125,
        "var": 0.0282557699829
    },
    "barkbands": {
        "dmean": [4.09739300267e-07, 4.04749386007e-07, 1.65535777796e-06, 1.50641517394e-06, 0.000225704570767, 0.00087879144121, 0.00237906514667, 0.00365571910515, 0.0022165144328, 0.000536224746611, 0.000315020151902, 0.000423250428867, 0.000634700874798, 0.000308396614855, 0.000190632330487, 0.00024157128064, 0.000343031308148, 0.000236591469729, 0.000142963210237, 3.79547191187e-06, 5.11187806751e-07, 2.39479561515e-07, 1.16497567149e-07, 4.12384402182e-08, 1.57417314739e-08, 1.36879867441e-08, 4.25754024036e-06],
        "dmean2": [6.89921193953e-07, 7.10044332664e-07, 2.59786452261e-06, 2.45763499152e-06, 0.000316633406328, 0.00124720961321, 0.00365783949383, 0.00556163629517, 0.00320533663034, 0.000786526303273, 0.000480003625853, 0.000650381494779, 0.000947784050368, 0.000486028468003, 0.000303985463688, 0.000367207103409, 0.000513349310495, 0.00037075005821, 0.000219667039346, 5.97219650444e-06, 8.23537675387e-07, 3.87354077702e-07, 1.91385709059e-07, 6.53004619267e-08, 2.47881750681e-08, 2.02765466639e-08, 7.26529924577e-06],
        "dvar": [1.86171195647e-12, 2.42394927914e-12, 4.37253601382e-11, 3.09067008097e-11, 2.81101392829e-07, 3.48433354702e-06, 1.82819439942e-05, 4.11633554904e-05, 2.16833086597e-05, 1.9514241103e-06, 7.56592726248e-07, 1.07128244053e-06, 2.18207878788e-06, 8.78876392107e-07, 4.13618408857e-07, 4.95906476772e-07, 6.01949011525e-07, 2.49881367154e-07, 2.49157693588e-07, 2.15978124274e-10, 6.4288006342e-12, 1.59027847314e-12, 5.55329436949e-13, 3.00650888733e-14, 1.37353355008e-14, 1.86596191379e-15, 1.42399468953e-11],
        "dvar2": [4.72865800336e-12, 6.18437766275e-12, 9.90585252714e-11, 7.4435554942e-11, 4.46175647539e-07, 6.24684935246e-06, 4.08581836382e-05, 8.51188815432e-05, 3.82426442229e-05, 3.93658638131e-06, 1.63828815403e-06, 2.36136952481e-06, 4.49287563242e-06, 1.87701300547e-06, 9.93594767351e-07, 9.81250536825e-07, 1.3167718862e-06, 5.69341239043e-07, 5.60148635032e-07, 5.47299483511e-10, 1.49571605101e-11, 3.68692533101e-12, 1.33305486875e-12, 6.58975098881e-14, 2.60700749183e-14, 3.08336277009e-15, 3.98194290041e-11],
        "max": [2.35489969782e-05, 2.69346091955e-05, 0.000119428921607, 0.000170290848473, 0.014702479355, 0.0259832665324, 0.0586612671614, 0.0617200545967, 0.0464081540704, 0.0246925540268, 0.0158064644784, 0.0146082835272, 0.0168527029455, 0.0128566846251, 0.00988751091063, 0.0113730235025, 0.012837074697, 0.00549186533317, 0.00832581240684, 0.000347065128153, 7.64147698646e-05, 3.40924925695e-05, 2.05695778277e-05, 4.81526603835e-06, 5.12162887389e-06, 1.74460092239e-06, 3.93730624637e-05],
        "mean": [4.09219012454e-07, 3.27254696231e-07, 1.42368935485e-06, 1.61515743002e-06, 0.000387788517401, 0.00141000153963, 0.00300970068201, 0.00416209502146, 0.00272330129519, 0.00061578117311, 0.000348595785908, 0.000463591131847, 0.000721648044419, 0.000288535928121, 0.000181258801604, 0.000271976605291, 0.000439797935542, 0.000283163011773, 0.000151932166773, 4.09722906625e-06, 4.88088403472e-07, 1.96457975221e-07, 9.94579423264e-08, 3.98934361101e-08, 1.93111056035e-08, 1.80029289254e-08, 2.00445410883e-05],
        "median": [1.20533940162e-07, 2.77704899077e-08, 4.08701268384e-08, 2.92796812573e-07, 0.000127050851006, 0.000495800108183, 0.000678510172293, 0.000404033518862, 0.000125280581415, 4.65478515252e-05, 2.28433600569e-05, 2.11179649341e-05, 1.9546780095e-05, 1.4527948224e-05, 1.54634672072e-05, 2.03341514862e-05, 4.3139072659e-05, 4.84601769131e-05, 1.74751949089e-05, 1.25748465507e-06, 7.574082872e-08, 2.25243024232e-09, 5.36147570784e-09, 4.93353002895e-09, 6.12626172014e-09, 3.24947113661e-09, 2.1058238417e-05],
        "min": [4.97358158991e-16, 8.81900423253e-16, 6.68628962079e-16, 6.01931205533e-16, 6.16456497089e-16, 3.03137554062e-16, 2.06668119372e-15, 8.21114416695e-15, 3.84820010601e-14, 4.36554614615e-14, 7.28982643022e-15, 5.35953702276e-15, 1.84260243917e-15, 2.96102241339e-15, 4.25744382037e-15, 9.65710098219e-16, 8.6464564214e-15, 8.12613848146e-15, 3.16068650202e-15, 2.76617455409e-15, 2.71202225546e-15, 1.14193075009e-15, 4.43944494271e-15, 7.24904264084e-15, 8.29609987749e-15, 1.04218129149e-14, 3.00746786416e-13],
        "var": [1.82968505798e-12, 2.01948744186e-12, 4.52182805089e-11, 3.22625086369e-11, 8.57207339777e-07, 7.99868939794e-06, 3.00631836581e-05, 6.06726571277e-05, 4.05109312851e-05, 2.83607346319e-06, 1.00323393326e-06, 1.49795789639e-06, 3.73869261239e-06, 9.80597974376e-07, 4.27354706289e-07, 7.68763413816e-07, 1.06242896436e-06, 3.5227861872e-07, 2.79145723425e-07, 1.79990772287e-10, 7.22540213424e-12, 1.59940485335e-12, 5.15566268063e-13, 3.3492238388e-14, 1.64864409153e-14, 2.92721288154e-15, 2.00482963564e-11]
    },
    "erbbands": {
        "dmean": [1.22599249153e-05, 0.000117805371701, 0.00142465194222, 0.00451026670635, 0.0766953751445, 0.937828302383, 3.06052184105, 9.14958953857, 24.4125003815, 59.0512657166, 72.7927017212, 50.7471504211, 26.3974514008, 12.3494253159, 12.26334095, 18.3830108643, 27.2685012817, 19.9091739655, 9.87829494476, 10.6168022156, 13.7250070572, 18.8809814453, 14.0548677444, 9.29870891571, 4.19346761703, 0.264202833176, 0.0364064276218, 0.0151491733268, 0.00917340349406, 0.0058470973745, 0.00292549724691, 0.00124440819491, 0.000537076382898, 0.000243808681262, 8.7999360403e-05, 4.26056103606e-05, 2.87482253043e-05, 3.49723559339e-05, 0.000245681527304, 0.000123059711768],
        "dmean2": [2.08583769563e-05, 0.000197219254915, 0.00224101985805, 0.00683663925156, 0.106544867158, 1.31085479259, 4.31430244446, 13.1139316559, 37.0994491577, 89.4163742065, 108.135322571, 72.3493499756, 36.4934921265, 17.6058578491, 18.3566627502, 27.5495300293, 39.7797775269, 29.721288681, 14.9931659698, 16.3322315216, 20.0279350281, 27.7080059052, 21.4615898132, 14.0899295807, 6.41116333008, 0.402943283319, 0.0561894513667, 0.0244771484286, 0.0149191431701, 0.00962960813195, 0.00476483395323, 0.00199265661649, 0.000840002903715, 0.000377833173843, 0.000140513671795, 6.35768737993e-05, 4.21877412009e-05, 5.3800536989e-05, 0.000407264655223, 0.000211728198337],
        "dvar": [1.65523617035e-09, 2.21040380666e-07, 3.15388751915e-05, 0.000177146794158, 0.0167411640286, 4.32063102722, 70.382522583, 393.570343018, 2207.55126953, 9705.99511719, 16724.9433594, 11862.7207031, 4891.45751953, 862.003540039, 857.940063477, 1938.82141113, 3923.13208008, 2759.49511719, 940.577148438, 990.651123047, 1276.84533691, 1723.72106934, 737.749145508, 862.962402344, 212.558364868, 0.715180158615, 0.0199011359364, 0.00534480018541, 0.00221983483061, 0.00124649063218, 0.000340034079272, 2.85098503809e-05, 6.30645763522e-06, 2.48226933763e-06, 4.38233627165e-07, 6.66196342536e-08, 5.03419617104e-09, 3.09959591327e-09, 4.37708678191e-08, 1.21792886887e-08],
        "dvar2": [4.34009761463e-09, 5.63256264741e-07, 7.47427548049e-05, 0.000373917544493, 0.0276962704957, 6.91932916641, 117.378990173, 713.640808105, 4853.82666016, 21133, 33917.6796875, 21699.0976562, 8713.09960938, 1767.05773926, 1916.06030273, 4225.43896484, 7462.64257812, 5686.95263672, 2092.55371094, 2047.46801758, 2293.86499023, 3625.3972168, 1646.59924316, 1955.57971191, 479.630340576, 1.68668758869, 0.0436953529716, 0.0125798545778, 0.00522509496659, 0.00278396555223, 0.000855230726302, 6.69961518724e-05, 1.38304567372e-05, 5.25045516042e-06, 8.01703322395e-07, 1.11181506668e-07, 8.2171371929e-09, 6.67260691145e-09, 1.11402634673e-07, 3.50891333767e-08],
        "max": [0.000651914859191, 0.00973001215607, 0.0970661491156, 0.339100033045, 3.23846769333, 57.030418396, 227.528762817, 291.134643555, 606.070861816, 902.05267334, 1216.88916016, 1407.82421875, 998.015014648, 562.369384766, 392.442871094, 626.32598877, 909.960205078, 718.558410645, 418.832275391, 515.79107666, 542.737487793, 732.104797363, 334.625946045, 459.412658691, 279.040130615, 14.4232997894, 4.97674512863, 1.94083607197, 1.15463149548, 1.01010763645, 0.513386130333, 0.122601851821, 0.0903521552682, 0.0683811828494, 0.026720026508, 0.0113528473303, 0.00265680323355, 0.000860268308315, 0.00205222703516, 0.00127112306654],
        "mean": [1.15616367111e-05, 0.000104866143374, 0.00129129050765, 0.00663592061028, 0.158241719007, 1.66746032238, 5.14795923233, 14.0768852234, 33.3893013, 70.8653411865, 85.6588745117, 63.37084198, 31.03855896, 15.4514102936, 14.0486221313, 20.9822902679, 32.4642028809, 20.5152225494, 9.7609205246, 11.3707361221, 16.8515758514, 24.8347816467, 17.936794281, 10.2603960037, 4.45988273621, 0.306560844183, 0.0425608344376, 0.0141973579302, 0.00765675539151, 0.00500480318442, 0.00247908965684, 0.00114921235945, 0.000542207038961, 0.000270390009973, 0.000128214931465, 6.84557599016e-05, 4.18724448537e-05, 8.90720621101e-05, 0.00102234608494, 0.000603873690125],
        "median": [2.41686620939e-06, 1.43405177369e-05, 0.000148170554894, 0.00345959188417, 0.0795544832945, 0.471825182438, 1.730858922, 4.47898006439, 8.27392578125, 13.977935791, 8.188788414, 2.98100376129, 1.95292210579, 1.27767491341, 1.02879524231, 0.955905079842, 1.01636576653, 0.895995020866, 0.849277615547, 0.961955487728, 1.42346024513, 2.80867004395, 3.10248804092, 1.62967801094, 0.54300570488, 0.0807873010635, 0.0141118457541, 0.0015410205815, 0.00019645714201, 0.000193931016838, 0.000158600072609, 0.000117544353998, 9.46885702433e-05, 7.36351503292e-05, 5.3314572142e-05, 2.93851880997e-05, 1.12892948891e-05, 8.02349750302e-05, 0.00108295364771, 0.000620109611191],
        "min": [3.02541025815e-14, 1.87308041256e-13, 6.80311547114e-13, 1.56259055174e-12, 2.3225371279e-12, 1.9218908149e-12, 8.22374124094e-13, 3.67695977832e-12, 1.90169286568e-11, 7.28853366549e-11, 2.79517103907e-10, 8.26660073727e-10, 1.39600919713e-09, 9.63543467236e-10, 1.68965508252e-10, 2.4227483908e-10, 1.07513428715e-10, 8.06539834919e-11, 3.0362959369e-10, 9.43531155984e-11, 8.64915083998e-11, 4.96685303997e-10, 4.34386554504e-10, 2.40358705161e-10, 1.84851994822e-10, 1.37083594476e-10, 1.68064090422e-10, 4.70149821852e-11, 3.91278121015e-11, 4.09796710454e-11, 1.55179563643e-10, 1.29424707063e-10, 1.4376597135e-10, 6.70699468186e-11, 7.9034230549e-11, 4.34061502019e-11, 1.71203034388e-11, 1.25872558904e-11, 3.97065262614e-11, 6.10317352212e-12],
        "var": [1.49349654865e-09, 1.85293828281e-07, 3.04534969473e-05, 0.000227191616432, 0.0527594201267, 13.7842102051, 174.6693573, 857.258666992, 3923.40112305, 14373.9140625, 25595.0898438, 21794.4160156, 7864.50732422, 1327.68273926, 1184.83374023, 2859.17016602, 7481.32666016, 3595.9621582, 1085.83129883, 1300.17871094, 2451.85839844, 3215.4465332, 1160.2401123, 1015.85870361, 229.462402344, 0.717482984066, 0.0238430071622, 0.00588296307251, 0.00216956692748, 0.00133104680572, 0.000289720948786, 2.86694121314e-05, 6.90484148436e-06, 2.71626799986e-06, 5.37144160262e-07, 9.25675180952e-08, 8.65351879042e-09, 4.64959537538e-09, 8.26341945981e-08, 1.52262238373e-08]
    },
    "gfcc": {
        "mean": [-211.266159058, 114.862976074, -177.797912598, -80.7672958374, -28.0302562714, -97.5623168945, -34.2718696594, -10.8792009354, -9.65269756317, -23.1613311768, 16.2863445282, -16.9297332764, -2.12711191177],
        "cov": [[8388.80566406, 2975.18725586, -2064.99731445, -682.674804688, -841.722351074, 15.561293602, -447.016662598, 336.588562012, 112.350975037, -187.886154175, -239.388092041, 322.51550293, -554.468078613], [2975.18725586, 2342.92211914, -91.6956634521, -767.650939941, -627.244995117, -258.614868164, -248.798706055, 9.4221162796, -166.497772217, -240.2940979, -77.6013259888, 109.162124634, -97.8618545532], [-2064.99731445, -91.6956634521, 1298.3046875, 172.884368896, -104.356193542, -138.430679321, -11.2603635788, -222.530883789, -115.688407898, -78.1703796387, -24.5200996399, -60.3096504211, 257.324615479], [-682.674804688, -767.650939941, 172.884368896, 655.183410645, 247.089614868, -74.8368911743, -128.894165039, -54.5950813293, 68.4436645508, 49.239112854, -39.781337738, 17.6034297943, 69.2219467163], [-841.722351074, -627.244995117, -104.356193542, 247.089614868, 417.204376221, 4.12183046341, -67.0630493164, -41.2753944397, 56.4579162598, 79.1302642822, 32.4600257874, -33.6301803589, 24.7128543854], [15.561293602, -258.614868164, -138.430679321, -74.8368911743, 4.12183046341, 481.390686035, 217.486465454, -9.01120853424, 82.7117385864, 72.6076965332, -32.0988883972, -43.8162117004, -66.1863861084], [-447.016662598, -248.798706055, -11.2603635788, -128.894165039, -67.0630493164, 217.486465454, 388.293914795, 90.7071456909, -77.7756118774, 14.4890832901, 69.4470825195, -48.356174469, -40.1890106201], [336.588562012, 9.4221162796, -222.530883789, -54.5950813293, -41.2753944397, -9.01120853424, 90.7071456909, 182.54548645, 31.6837615967, -11.2992715836, 13.0765285492, 33.6293563843, -40.0340194702], [112.350975037, -166.497772217, -115.688407898, 68.4436645508, 56.4579162598, 82.7117385864, -77.7756118774, 31.6837615967, 197.451782227, 83.1590042114, -60.3014335632, 1.05891883373, 3.45636987686], [-187.886154175, -240.2940979, -78.1703796387, 49.239112854, 79.1302642822, 72.6076965332, 14.4890832901, -11.2992715836, 83.1590042114, 128.075531006, 28.4128818512, -38.1045875549, -22.8465900421], [-239.388092041, -77.6013259888, -24.5200996399, -39.781337738, 32.4600257874, -32.0988883972, 69.4470825195, 13.0765285492, -60.3014335632, 28.4128818512, 113.019355774, 9.16518688202, -25.3001747131], [322.51550293, 109.162124634, -60.3096504211, 17.6034297943, -33.6301803589, -43.8162117004, -48.356174469, 33.6293563843, 1.05891883373, -38.1045875549, 9.16518688202, 95.3147354126, 9.7437171936], [-554.468078613, -97.8618545532, 257.324615479, 69.2219467163, 24.7128543854, -66.1863861084, -40.1890106201, -40.0340194702, 3.45636987686, -22.8465900421, -25.3001747131, 9.7437171936, 140.784545898]],
        "icov": [[0.00255558989011, -0.00336794601753, 0.00417014630511, -0.00361730577424, 0.0032636562828, -0.00145025341772, 0.00081963307457, 0.000123736230307, -0.000382320693461, 9.39652018133e-05, 0.00095826596953, -0.000793908780906, 0.0011465458665], [-0.00336794601753, 0.00677715195343, -0.00576049927622, 0.00724204815924, -0.0025999948848, 0.00216143368743, 0.00156898598652, -0.000751969986595, 0.00303820054978, -0.000809812976513, 0.00122550746892, -0.000704705016688, 0.000184306467418], [0.00417014630511, -0.00576049927622, 0.00915071368217, -0.0072083720006, 0.00678564840928, -0.00210726005025, 0.000363771541743, 0.0027821988333, -0.00223662168719, 0.00275519886054, -0.00120949384291, 0.00167142006103, -0.00187959324103], [-0.00361730577424, 0.00724204815924, -0.0072083720006, 0.0107525503263, -0.00525508681312, 0.00327169569209, 0.000959135708399, -0.000993464724161, 0.00435646483675, -0.00418628333136, 0.00561387138441, -0.00454630516469, 0.00166518928017], [0.0032636562828, -0.0025999948848, 0.00678564840928, -0.00525508681312, 0.0109423808753, -0.00302289566025, 0.00484873354435, 0.000300048093777, -0.000280693464447, 0.00227020564489, -0.00351491756737, 0.0033886928577, -0.00113590620458], [-0.00145025341772, 0.00216143368743, -0.00210726005025, 0.00327169569209, -0.00302289566025, 0.00822025630623, -0.00789760053158, 0.00644073914737, -0.00446704542264, -0.00091249588877, 0.00532637583092, -0.00422894861549, 0.00321740563959], [0.00081963307457, 0.00156898598652, 0.000363771541743, 0.000959135708399, 0.00484873354435, -0.00789760053158, 0.0160236433148, -0.0111216213554, 0.0105648394674, -0.00213062018156, -0.00356202246621, 0.00515032373369, -0.0015719155781], [0.000123736230307, -0.000751969986595, 0.0027821988333, -0.000993464724161, 0.000300048093777, 0.00644073914737, -0.0111216213554, 0.0180202852935, -0.0122835617512, 0.00738450093195, -0.001226091641, -0.00352639588527, 0.00181624107063], [-0.000382320693461, 0.00303820054978, -0.00223662168719, 0.00435646483675, -0.000280693464447, -0.00446704542264, 0.0105648394674, -0.0122835617512, 0.0264657698572, -0.0202389527112, 0.0156764946878, -0.0066925957799, -0.000629431859124], [9.39652018133e-05, -0.000809812976513, 0.00275519886054, -0.00418628333136, 0.00227020564489, -0.00091249588877, -0.00213062018156, 0.00738450093195, -0.0202389527112, 0.0319572128356, -0.0221647508442, 0.015142637305, -0.00185455160681], [0.00095826596953, 0.00122550746892, -0.00120949384291, 0.00561387138441, -0.00351491756737, 0.00532637583092, -0.00356202246621, -0.001226091641, 0.0156764946878, -0.0221647508442, 0.0360276810825, -0.020106991753, 0.00971623789519], [-0.000793908780906, -0.000704705016688, 0.00167142006103, -0.00454630516469, 0.0033886928577, -0.00422894861549, 0.00515032373369, -0.00352639588527, -0.0066925957799, 0.015142637305, -0.020106991753, 0.0280217770487, -0.00948288477957], [0.0011465458665, 0.000184306467418, -0.00187959324103, 0.00166518928017, -0.00113590620458, 0.00321740563959, -0.0015719155781, 0.00181624107063, -0.000629431859124, -0.00185455160681, 0.00971623789519, -0.00948288477957, 0.0182601120323]]
    },
    "melbands": {
        "dmean": [1.17773346631e-07, 5.40149301287e-07, 1.24605799101e-06, 3.05524445139e-05, 9.15380733204e-05, 0.000197512417799, 0.000403318204917, 0.000707964820322, 0.00056611438049, 0.000297098595183, 0.000124817786855, 4.918373088e-05, 4.11334804085e-05, 4.31304943049e-05, 5.54582911718e-05, 6.51910231682e-05, 3.39247235388e-05, 1.63424901984e-05, 1.51992089741e-05, 1.56884743774e-05, 1.67804610101e-05, 1.98849320441e-05, 1.91006511159e-05, 9.68798121903e-06, 7.69474081608e-06, 5.07583263243e-06, 6.96260997302e-07, 3.95759194305e-08, 2.01030836422e-08, 1.25865851075e-08, 7.19108106395e-09, 5.40795408455e-09, 3.91023524671e-09, 2.96977531455e-09, 1.85744375436e-09, 1.0218046409e-09, 6.39825137316e-10, 4.005583365e-10, 2.78941453269e-10, 1.72039396618e-10],
        "dmean2": [1.99216060537e-07, 8.57460918269e-07, 1.88620163044e-06, 4.27804916399e-05, 0.000129590902361, 0.00028227941948, 0.000617968325969, 0.00106098898686, 0.000837766914628, 0.000429357343819, 0.000177176436409, 7.11760803824e-05, 6.17349287495e-05, 6.50708025205e-05, 8.39883068693e-05, 9.58145974437e-05, 5.26494295627e-05, 2.5371378797e-05, 2.45535375143e-05, 2.42191654252e-05, 2.47688694799e-05, 2.97459882859e-05, 2.87723469228e-05, 1.52291549966e-05, 1.18421248771e-05, 7.86218879512e-06, 1.10486018912e-06, 6.23121394483e-08, 3.11285575094e-08, 2.03061887305e-08, 1.18710401509e-08, 8.93627660759e-09, 6.38338848447e-09, 4.9800146229e-09, 3.05315817073e-09, 1.64924052193e-09, 1.03337671753e-09, 6.37022712358e-10, 4.4477727057e-10, 2.72759426156e-10],
        "dvar": [1.63026791502e-13, 4.5505738934e-12, 6.30962426404e-12, 4.25694413053e-09, 5.41617417582e-08, 1.72104194007e-07, 5.85873863201e-07, 1.36091841796e-06, 9.9755482097e-07, 4.39434444388e-07, 1.17592151128e-07, 1.39309026537e-08, 1.0979525733e-08, 1.02340296237e-08, 1.74805112607e-08, 2.49897968985e-08, 9.50045553338e-09, 3.14529979839e-09, 2.79200795816e-09, 2.52841148018e-09, 2.04998196196e-09, 2.38336683722e-09, 1.40689593309e-09, 5.9004745534e-10, 7.22303883371e-10, 3.22884913251e-10, 7.59993717264e-12, 1.1217707095e-14, 8.65973366285e-15, 4.44340778635e-15, 1.36170647139e-15, 8.24648301678e-16, 4.45264468064e-16, 3.85487420683e-16, 1.57961480268e-16, 2.52621471926e-17, 6.74602185484e-18, 3.75112387081e-18, 2.67821126612e-18, 1.412493614e-18],
        "dvar2": [4.0203842859e-13, 1.07418839448e-11, 1.38946536568e-11, 6.8770806827e-09, 8.71962910765e-08, 3.09555076683e-07, 1.29150544126e-06, 2.960666734e-06, 1.98272186935e-06, 7.82919926223e-07, 2.1272242634e-07, 2.93175421717e-08, 2.38090454019e-08, 2.24323706277e-08, 3.68747770096e-08, 5.17194145289e-08, 2.0248515753e-08, 7.31340588089e-09, 6.81210510223e-09, 5.19843323943e-09, 3.76227715648e-09, 5.23213161685e-09, 3.08889758216e-09, 1.40651179592e-09, 1.66610081287e-09, 7.23317739038e-10, 1.91870009464e-11, 2.4525664499e-14, 1.81658954914e-14, 1.07397679075e-14, 3.20054617845e-15, 1.98213057668e-15, 1.01061650283e-15, 8.75705753673e-16, 4.06096632262e-16, 6.36147088202e-17, 1.54410119274e-17, 8.59054693969e-18, 6.08531754442e-18, 2.8634416139e-18],
        "max": [6.72389569445e-06, 3.73221701011e-05, 6.21001745458e-05, 0.00171846919693, 0.00594538543373, 0.00590029684827, 0.011085097678, 0.0102836824954, 0.00954941101372, 0.009077523835, 0.00481674261391, 0.00209204340354, 0.00197953754105, 0.00112079037353, 0.00163885822985, 0.00190966832452, 0.00129530683625, 0.000760370807257, 0.000857704260852, 0.00113500060979, 0.00070585787762, 0.00085162196774, 0.000508521567099, 0.000351844064426, 0.000434493849752, 0.000332267634803, 5.60156586289e-05, 3.10803443426e-06, 3.54313374373e-06, 2.16626290239e-06, 7.55381961426e-07, 7.0993769441e-07, 5.54372377337e-07, 5.4239092151e-07, 3.43607865716e-07, 1.25037189491e-07, 5.71050442488e-08, 6.67652102493e-08, 6.7131601611e-08, 5.14245606098e-08],
        "mean": [1.07053878651e-07, 4.61453538492e-07, 1.87398632079e-06, 5.50188960915e-05, 0.000163535762113, 0.00031079078326, 0.000545063696336, 0.000840145628899, 0.000678053824231, 0.000372005772078, 0.000143354773172, 6.00906387263e-05, 4.63084616058e-05, 4.76342611364e-05, 6.46470070933e-05, 7.2302929766e-05, 3.27887246385e-05, 1.508335572e-05, 1.44934774653e-05, 1.66909558175e-05, 2.00812919502e-05, 2.53206435445e-05, 2.34928174905e-05, 1.13842415885e-05, 8.07372452982e-06, 5.29647923031e-06, 6.97620919254e-07, 5.3536560074e-08, 2.34489014872e-08, 1.12898375093e-08, 6.27509066931e-09, 4.32727587096e-09, 3.27877502926e-09, 2.51901544068e-09, 1.51779089297e-09, 8.82711626016e-10, 5.95289706418e-10, 3.82912840324e-10, 2.78917999808e-10, 1.88144541613e-10],
        "median": [1.32469200054e-08, 1.71174736607e-08, 5.17521925758e-07, 1.74949745997e-05, 6.3563886215e-05, 0.00010644194117, 0.000132636254421, 0.000150298888911, 5.1158858696e-05, 1.65192541317e-05, 9.09801838134e-06, 4.87353736389e-06, 3.22145774589e-06, 2.41938278123e-06, 2.16356284e-06, 1.95161237571e-06, 1.47684534113e-06, 1.20346680887e-06, 1.17764489005e-06, 1.24263033285e-06, 1.56726423484e-06, 2.2007006919e-06, 3.4072231756e-06, 1.91077060663e-06, 1.06987477011e-06, 5.52069195692e-07, 1.0187906696e-07, 2.77302234508e-08, 8.65511395887e-09, 1.34094579884e-09, 2.25771734641e-10, 2.79730891228e-11, 4.54962595375e-11, 1.04938946421e-10, 8.5299017849e-11, 6.65393920518e-11, 6.1418925501e-11, 5.76962019827e-11, 5.81920969744e-11, 5.25463700329e-11],
        "min": [2.80255514857e-16, 3.24820485781e-16, 2.96939681638e-16, 1.61817849223e-16, 3.66273391482e-17, 8.16017843274e-17, 3.22391301167e-16, 9.38826013627e-16, 2.64290076708e-15, 5.64003283028e-15, 7.08467928556e-15, 4.20604586113e-15, 7.13056740135e-16, 5.07839874076e-16, 5.57012307186e-16, 9.52298760868e-17, 1.52939673386e-16, 5.25612054677e-16, 2.43478350139e-16, 6.64092491842e-17, 9.05710095884e-17, 4.86409040538e-16, 4.45274103064e-16, 4.57825913733e-16, 1.47423834538e-16, 1.68045169277e-16, 7.02620381018e-17, 9.99391278106e-17, 1.20128091934e-16, 6.65278735015e-17, 1.27304593469e-17, 1.92105881297e-17, 2.97169465794e-17, 1.64978741263e-17, 7.81698847578e-17, 1.04099330131e-16, 6.89157718764e-17, 1.21547626509e-16, 5.62014301437e-17, 5.58358096955e-17],
        "var": [1.58574298441e-13, 4.42238693582e-12, 1.05661026803e-11, 1.29790134196e-08, 1.46787641597e-07, 3.88556713915e-07, 1.02149920167e-06, 2.03408376365e-06, 1.59174840064e-06, 8.15370583496e-07, 1.82090502676e-07, 2.06115569057e-08, 1.50786227948e-08, 1.47476040269e-08, 2.78204090876e-08, 4.19928483097e-08, 1.10585540725e-08, 3.24129767471e-09, 2.80121970064e-09, 3.35632344139e-09, 3.86137166686e-09, 4.09399891765e-09, 2.17256923563e-09, 7.41974870433e-10, 8.09102951305e-10, 3.51855017344e-10, 6.53497872136e-12, 1.29745584597e-14, 1.09481202248e-14, 4.51601079191e-15, 1.46497079909e-15, 7.56518053599e-16, 4.75840133999e-16, 3.92429888007e-16, 1.27870555407e-16, 2.19051438644e-17, 7.1672114694e-18, 3.82163481418e-18, 2.67370623371e-18, 1.60813992344e-18]
    },
    "mfcc": {
        "mean": [-838.596618652, 169.350753784, -81.1687011719, -18.3978977203, -14.0206155777, -70.6282577515, -32.6114578247, -15.6078519821, -32.1967391968, -11.0680608749, -1.21942722797, -4.48072004318, -1.77300322056],
        "cov": [[7292.90673828, 3400.82666016, -2054.62817383, -683.422241211, -450.494567871, -822.031188965, -381.259033203, 203.996276855, -208.67489624, -177.808746338, 223.860794067, 136.171417236, -156.492645264], [3400.82666016, 2405.34521484, -372.17364502, -586.798156738, -512.104370117, -576.332702637, -255.77784729, 11.1380167007, -186.811340332, -299.805755615, -60.2398643494, 75.8376693726, -87.7830276489], [-2054.62817383, -372.17364502, 1523.55847168, 145.377059937, -254.97857666, 226.112350464, -12.4189443588, -136.347442627, 81.8303909302, -170.270980835, -285.957305908, -30.5264167786, 1.54460000992], [-683.422241211, -586.798156738, 145.377059937, 558.999389648, 311.689331055, -51.7772331238, -101.593971252, -76.3917007446, -14.0940294266, -2.34294176102, -97.3188323975, -83.4724273682, 40.7275810242], [-450.494567871, -512.104370117, -254.97857666, 311.689331055, 488.226226807, 73.466468811, -135.295059204, -104.319755554, 8.01681518555, 52.7312393188, -9.55551147461, -25.5157699585, 39.2170829773], [-822.031188965, -576.332702637, 226.112350464, -51.7772331238, 73.466468811, 526.991455078, 136.466262817, -26.7148246765, 151.424682617, 111.94430542, 51.564453125, 57.3844261169, -13.1367874146], [-381.259033203, -255.77784729, -12.4189443588, -101.593971252, -135.295059204, 136.466262817, 361.685333252, 153.408615112, -29.7906188965, 87.5557174683, 122.104545593, 8.5873336792, -1.60289001465], [203.996276855, 11.1380167007, -136.347442627, -76.3917007446, -104.319755554, -26.7148246765, 153.408615112, 201.792892456, 40.4057655334, 17.1852684021, 70.003074646, 15.1879549026, -2.95530319214], [-208.67489624, -186.811340332, 81.8303909302, -14.0940294266, 8.01681518555, 151.424682617, -29.7906188965, 40.4057655334, 208.177780151, 86.0428009033, -17.5810413361, 20.2437801361, 13.1125249863], [-177.808746338, -299.805755615, -170.270980835, -2.34294176102, 52.7312393188, 111.94430542, 87.5557174683, 17.1852684021, 86.0428009033, 216.124420166, 128.699020386, -11.5001134872, 1.39122068882], [223.860794067, -60.2398643494, -285.957305908, -97.3188323975, -9.55551147461, 51.564453125, 122.104545593, 70.003074646, -17.5810413361, 128.699020386, 220.386978149, 61.5370521545, -35.9334106445], [136.171417236, 75.8376693726, -30.5264167786, -83.4724273682, -25.5157699585, 57.3844261169, 8.5873336792, 15.1879549026, 20.2437801361, -11.5001134872, 61.5370521545, 118.231330872, 19.4879760742], [-156.492645264, -87.7830276489, 1.54460000992, 40.7275810242, 39.2170829773, -13.1367874146, -1.60289001465, -2.95530319214, 13.1125249863, 1.39122068882, -35.9334106445, 19.4879760742, 95.251159668]],
