{
"lowlevel": {
    "average_loudness": 0.951324820518,
    "barkbands_crest": {
        "dmean": 3.43721747398,
        "dmean2": 5.53316116333,
        "dvar": 11.0229263306,
        "dvar2": 25.8373336792,
        "max": 26.4613304138,
        "mean": 12.133685112,
        "median": 10.8764781952,
        "min": 2.26546883583,
        "var": 26.7139854431
    },
    "barkbands_flatness_db": {
        "dmean": 0.0375987030566,
        "dmean2": 0.0544025227427,
        "dvar": 0.00136605836451,
        "dvar2": 0.00258883694187,
        "max": 0.473842173815,
        "mean": 0.291390806437,
        "median": 0.306443333626,
        "min": 0.0170317646116,
        "var": 0.00528356898576
    },
    "barkbands_kurtosis": {
        "dmean": 7.19783782959,
        "dmean2": 11.5719985962,
        "dvar": 130.524185181,
        "dvar2": 307.245910645,
        "max": 235.291656494,
        "mean": 8.12489318848,
        "median": 2.95441818237,
        "min": -1.92050158978,
        "var": 195.905715942
    },
    "barkbands_skewness": {
        "dmean": 1.11374139786,
        "dmean2": 1.66916966438,
        "dvar": 1.48745787144,
        "dvar2": 3.22862195969,
        "max": 14.2463941574,
        "mean": 1.41574835777,
        "median": 1.22372472286,
        "min": -8.28254890442,
        "var": 3.9182100296
    },
    "barkbands_spread": {
        "dmean": 8.92348575592,
        "dmean2": 14.3138742447,
        "dvar": 202.207794189,
        "dvar2": 468.20791626,
        "max": 129.580200195,
        "mean": 15.5623073578,
        "median": 8.64698600769,
        "min": 0.85257601738,
        "var": 292.105865479
    },
    "dissonance": {
        "dmean": 0.0513513498008,
        "dmean2": 0.0830294117332,
        "dvar": 0.0027573867701,
        "dvar2": 0.00660112919286,
        "max": 0.5,
        "mean": 0.411326617002,
        "median": 0.424580842257,
        "min": 0.100299745798,
        "var": 0.00616647349671
    },
    "dynamic_complexity": 5.20655679703,
    "erbbands_crest": {
        "dmean": 3.52615523338,
        "dmean2": 5.85716485977,
        "dvar": 10.3442745209,
        "dvar2": 25.6540050507,
        "max": 30.4630584717,
        "mean": 11.9167871475,
        "median": 10.9842033386,
        "min": 3.32402658463,
        "var": 21.5608901978
    },
    "erbbands_flatness_db": {
        "dmean": 0.0410735793412,
        "dmean2": 0.0597107224166,
        "dvar": 0.00183531071525,
        "dvar2": 0.00358477630652,
        "max": 0.494886040688,
        "mean": 0.354836732149,
        "median": 0.377820611,
        "min": 0.0573139041662,
        "var": 0.0065426225774
    },
    "erbbands_kurtosis": {
        "dmean": 2.64102935791,
        "dmean2": 4.33179426193,
        "dvar": 22.5995349884,
        "dvar2": 51.9845428467,
        "max": 61.4808197021,
        "mean": 2.01055955887,
        "median": 0.276391267776,
        "min": -1.93776273727,
        "var": 30.3188114166
    },
    "erbbands_skewness": {
        "dmean": 0.748432934284,
        "dmean2": 1.13478934765,
        "dvar": 0.771613478661,
        "dvar2": 1.64913082123,
        "max": 6.9519329071,
        "mean": 0.283594369888,
        "median": 0.415002942085,
        "min": -6.11272621155,
        "var": 1.81494581699
    },
    "erbbands_spread": {
        "dmean": 6.23147535324,
        "dmean2": 10.0847768784,
        "dvar": 56.5468330383,
        "dvar2": 137.134307861,
        "max": 66.2639007568,
        "mean": 16.6191673279,
        "median": 13.43151474,
        "min": 0.879736959934,
        "var": 108.482345581
    },
    "hfc": {
        "dmean": 8.27089595795,
        "dmean2": 11.8676633835,
        "dvar": 109.332626343,
        "dvar2": 199.525527954,
        "max": 85.4182281494,
        "mean": 14.3886823654,
        "median": 6.99276542664,
        "min": 1.18425330717e-16,
        "var": 265.243621826
    },
    "melbands_crest": {
        "dmean": 3.84656333923,
        "dmean2": 6.08684110641,
        "dvar": 13.8030672073,
        "dvar2": 30.5972423553,
        "max": 32.7195549011,
        "mean": 13.9266300201,
        "median": 12.6916484833,
        "min": 2.76909947395,
        "var": 39.1296081543
    },
    "melbands_flatness_db": {
        "dmean": 0.0449500419199,
        "dmean2": 0.0631584227085,
        "dvar": 0.00218481966294,
        "dvar2": 0.00379368802533,
        "max": 0.566809237003,
        "mean": 0.351687431335,
        "median": 0.376424491405,
        "min": 0.00654539046809,
        "var": 0.0090837161988
    },
    "melbands_kurtosis": {
        "dmean": 6.54896879196,
        "dmean2": 10.250079155,
        "dvar": 162.226547241,
        "dvar2": 381.184326172,
        "max": 253.579650879,
        "mean": 8.01296138763,
        "median": 2.47018742561,
        "min": -1.89995515347,
        "var": 304.830047607
    },
    "melbands_skewness": {
        "dmean": 1.01723253727,
        "dmean2": 1.50268495083,
        "dvar": 1.32333481312,
        "dvar2": 2.80867886543,
        "max": 11.5945425034,
        "mean": 1.58299529552,
        "median": 1.34783041477,
        "min": -6.40511226654,
        "var": 3.8170838356
    },
    "melbands_spread": {
        "dmean": 7.64124441147,
        "dmean2": 12.2983827591,
        "dvar": 129.504608154,
        "dvar2": 308.747406006,
        "max": 125.438545227,
        "mean": 16.1576042175,
        "median": 11.3745737076,
        "min": 0.420007735491,
        "var": 208.464248657
    },
    "pitch_salience": {
        "dmean": 0.0984008610249,
        "dmean2": 0.150697022676,
        "dvar": 0.0108966547996,
        "dvar2": 0.0227919910103,
        "max": 0.956581830978,
        "mean": 0.637195467949,
        "median": 0.68508285284,
        "min": 0.117673575878,
        "var": 0.0280036833137
    },
    "silence_rate_20dB": {
        "dmean": 0,
        "dmean2": 0,
        "dvar": 0,
        "dvar2": 0,
        "max": 1,
        "mean": 1,
        "median": 1,
        "min": 1,
        "var": 0
    },
    "silence_rate_30dB": {
        "dmean": 0,
        "dmean2": 0,
        "dvar": 0,
        "dvar2": 0,
        "max": 1,
        "mean": 1,
        "median": 1,
        "min": 1,
        "var": 0
    },
    "silence_rate_60dB": {
        "dmean": 0.153376579285,
        "dmean2": 0.306870222092,
        "dvar": 0.129854038358,
        "dvar2": 0.254687994719,
        "max": 1,
        "mean": 0.321128904819,
        "median": 0,
        "min": 0,
        "var": 0.218006283045
    },
    "spectral_centroid": {
        "dmean": 324.900360107,
        "dmean2": 481.259246826,
        "dvar": 246456.71875,
        "dvar2": 369007,
        "max": 11243.7402344,
        "mean": 1211.54284668,
        "median": 934.972412109,
        "min": 290.430389404,
        "var": 599766.3125
    },
    "spectral_complexity": {
        "dmean": 3.56886672974,
        "dmean2": 5.14122152328,
        "dvar": 15.2532520294,
        "dvar2": 28.5402545929,
        "max": 33,
        "mean": 8.54385948181,
        "median": 8,
        "min": 0,
        "var": 42.8590812683
    },
    "spectral_decrease": {
        "dmean": 2.37067299125e-09,
        "dmean2": 3.36269700973e-09,
        "dvar": 9.18958948494e-18,
        "dvar2": 1.6546909393e-17,
        "max": 4.53401942727e-12,
        "mean": -4.19502432791e-09,
        "median": -2.01654093424e-09,
        "min": -2.32758115004e-08,
        "var": 2.24146374909e-17
    },
    "spectral_energy": {
        "dmean": 0.00966925732791,
        "dmean2": 0.0137256989256,
        "dvar": 0.000151991975144,
        "dvar2": 0.000273232755717,
        "max": 0.0955958664417,
        "mean": 0.0171380415559,
        "median": 0.0083337938413,
        "min": 1.08248845459e-20,
        "var": 0.000371717091184
    },
    "spectral_energyband_high": {
        "dmean": 4.5597407734e-06,
        "dmean2": 7.76874639996e-06,
        "dvar": 1.53747403697e-10,
        "dvar2": 2.99286789796e-10,
        "max": 0.000591971795075,
        "mean": 2.45490064117e-05,
        "median": 2.33818227571e-05,
        "min": 7.8531242964e-21,
        "var": 4.1559516939e-10
    },
    "spectral_energyband_low": {
        "dmean": 2.13798412005e-05,
        "dmean2": 3.60138146789e-05,
        "dvar": 1.49179673059e-08,
        "dvar2": 4.2260687394e-08,
        "max": 0.0031088849064,
        "mean": 3.14885364787e-05,
        "median": 1.71774516389e-07,
        "min": 5.18861269723e-23,
        "var": 2.4812546684e-08
    },
    "spectral_energyband_middle_high": {
        "dmean": 0.00317934341729,
        "dmean2": 0.0044972570613,
        "dvar": 2.01373240998e-05,
        "dvar2": 3.68813562091e-05,
        "max": 0.0510245785117,
        "mean": 0.00502674514428,
        "median": 0.00169253943022,
        "min": 1.76795961884e-21,
        "var": 5.06656979269e-05
    },
    "spectral_energyband_middle_low": {
        "dmean": 0.00707376375794,
        "dmean2": 0.0102173686028,
        "dvar": 8.76334306668e-05,
        "dvar2": 0.000161550997291,
        "max": 0.0721741840243,
        "mean": 0.0121940309182,
        "median": 0.00592730008066,
        "min": 3.62746113099e-22,
        "var": 0.000201253234991
    },
    "spectral_entropy": {
        "dmean": 0.281798869371,
        "dmean2": 0.402342587709,
        "dvar": 0.0729909464717,
        "dvar2": 0.13684053719,
        "max": 9.80142116547,
        "mean": 6.5935459137,
        "median": 6.53859424591,
        "min": 4.68874406815,
        "var": 0.301983505487
    },
    "spectral_flux": {
        "dmean": 0.0366241931915,
        "dmean2": 0.0588729865849,
        "dvar": 0.00138155149762,
        "dvar2": 0.0031852342654,
        "max": 0.278900116682,
        "mean": 0.0760615244508,
        "median": 0.0664813071489,
        "min": 3.48024912e-07,
        "var": 0.00296274479479
    },
    "spectral_kurtosis": {
        "dmean": 15.6237201691,
        "dmean2": 26.4459896088,
        "dvar": 187.611679077,
        "dvar2": 518.077453613,
        "max": 154.902282715,
        "mean": 42.8123855591,
        "median": 39.6861953735,
        "min": -1.2273068428,
        "var": 402.213256836
    },
    "spectral_rms": {
        "dmean": 0.00123234943021,
        "dmean2": 0.00166653550696,
        "dvar": 1.77049662398e-06,
        "dvar2": 2.89730019176e-06,
        "max": 0.00965734198689,
        "mean": 0.00329063646495,
        "median": 0.00285140052438,
        "min": 3.24974812685e-12,
        "var": 5.89178353039e-06
    },
    "spectral_rolloff": {
        "dmean": 1846.00805664,
        "dmean2": 3465.00805664,
        "dvar": 21941782,
        "dvar2": 50621056,
        "max": 20348.8769531,
        "mean": 3305.77001953,
        "median": 1421.19140625,
        "min": 86.1328125,
        "var": 28995228
    },
    "spectral_skewness": {
        "dmean": 1.11546802521,
        "dmean2": 1.90600287914,
        "dvar": 0.84608989954,
        "dvar2": 2.37292122841,
        "max": 9.28768348694,
        "mean": 3.77140688896,
        "median": 3.74440956116,
        "min": -0.133932620287,
        "var": 1.91842758656
    },
    "spectral_spread": {
        "dmean": 557646.0625,
        "dmean2": 868883.625,
        "dvar": 1.33249158349e+12,
        "dvar2": 1.896660992e+12,
        "max": 41066508,
        "mean": 1718225,
        "median": 1346856.5,
        "min": 437529,
        "var": 2.38777689702e+12
    },
    "spectral_strongpeak": {
        "dmean": 0.948454558849,
        "dmean2": 1.55950641632,
        "dvar": 1.05500888824,
        "dvar2": 2.5264480114,
        "max": 7.90499258041,
        "mean": 1.59502196312,
        "median": 1.24871563911,
        "min": 7.84805886944e-10,
        "var": 1.74299252033
    },
    "zerocrossingrate": {
        "dmean": 0.0509654954076,
        "dmean2": 0.0536608062685,
        "dvar": 0.00533468695357,
        "dvar2": 0.00548140192404,
        "max": 0.8603515625,
        "mean": 0.140910297632,
        "median": 0.064453125,
        "min": 0.01806640625,
        "var": 0.0288051273674
    },
    "barkbands": {
        "dmean": [2.04691559702e-06, 1.73414155142e-05, 4.13799716625e-06, 4.66860228698e-06, 6.71355810482e-05, 0.00212489091791, 0.0010373655241, 0.00308227585629, 0.0023244349286, 0.00082662794739, 0.000418751034886, 0.000532683625352, 0.000604952685535, 0.000558616477065, 0.00032594462391, 0.000341178762028, 0.000349852227373, 0.000178450893145, 0.000125927530462, 2.79971300188e-06, 5.9210509562e-07, 3.13818816267e-07, 1.06901779873e-07, 7.6087921741e-08, 2.88314083718e-08, 3.37159384856e-08, 3.60143326361e-06],
        "dmean2": [3.32215654453e-06, 2.94892161037e-05, 7.27471297068e-06, 8.21134653961e-06, 0.000115884518891, 0.00313614448532, 0.0016688486794, 0.00480762030929, 0.00339039345272, 0.00122131197713, 0.0006114213611, 0.000782666611485, 0.000941691687331, 0.00085968041094, 0.000506627606228, 0.000536787032615, 0.000535155355465, 0.000280434614979, 0.000213167440961, 4.67375366497e-06, 8.86339250883e-07, 5.04605509377e-07, 1.75569894623e-07, 1.23016988596e-07, 4.28854818324e-08, 5.1996238426e-08, 6.16711122348e-06],
        "dvar": [9.25302820476e-11, 1.09742996912e-08, 5.6863003195e-10, 4.95422924907e-10, 7.26374054238e-08, 1.31463248181e-05, 6.21359367869e-06, 3.19790669892e-05, 1.84639902727e-05, 2.92135518976e-06, 9.47753107994e-07, 2.07540733754e-06, 2.40655322159e-06, 1.63276354215e-06, 6.03254989073e-07, 7.5772834407e-07, 7.57876875923e-07, 2.96200397543e-07, 4.74988070209e-07, 2.29694707699e-10, 2.190655643e-11, 1.19398492829e-11, 1.08527488211e-12, 1.04791240789e-12, 9.99742823249e-14, 4.94636775115e-13, 1.20836335729e-11],
        "dvar2": [2.39515907108e-10, 3.14516697131e-08, 1.6402789127e-09, 1.44335421393e-09, 1.74137795739e-07, 2.47859316005e-05, 1.27682424136e-05, 6.85715131112e-05, 3.25375403918e-05, 6.06874937148e-06, 2.10244161281e-06, 4.42522605226e-06, 5.56354416403e-06, 3.45635635313e-06, 1.32210095671e-06, 1.64281254911e-06, 1.50051175751e-06, 7.40754728668e-07, 1.28499823404e-06, 6.13964268315e-10, 3.75999023583e-11, 2.52942475992e-11, 1.85804388368e-12, 2.16971341067e-12, 2.05929254226e-13, 1.22584364534e-12, 3.44652154038e-11],
        "max": [0.000242275462369, 0.00267425877973, 0.000605061417446, 0.000653184950352, 0.00773659814149, 0.055709682405, 0.0552240349352, 0.0487784966826, 0.0412948280573, 0.0255911108106, 0.0162139330059, 0.0307285189629, 0.0249569900334, 0.0176760070026, 0.0112530523911, 0.0120264645666, 0.0178689640015, 0.016189949587, 0.0153690166771, 0.000388668471714, 0.000265693437541, 0.000167233825778, 4.76752029499e-05, 4.66630554001e-05, 1.12734232971e-05, 3.12382435368e-05, 5.13624254381e-05],
        "mean": [2.41665293288e-06, 2.14472966036e-05, 5.23087464899e-06, 5.37221831109e-06, 5.71957934881e-05, 0.00371998408809, 0.00117961491924, 0.00380851048976, 0.00311725912616, 0.00115433742758, 0.000535378756467, 0.00064304692205, 0.000680150173139, 0.000670336419716, 0.000364152976545, 0.00039040032425, 0.000433154054917, 0.000210848316783, 0.000112158515549, 2.76405035038e-06, 7.50360413804e-07, 3.68131850337e-07, 1.12761512128e-07, 9.04277186464e-08, 3.89879701856e-08, 3.60427492296e-08, 2.29271499848e-05],
        "median": [1.38265932037e-07, 4.21923616045e-08, 4.40804512891e-08, 1.36174222121e-07, 6.1042537709e-06, 0.00166638963856, 0.000197412853595, 0.000475689186715, 0.000250007375143, 0.000110424138256, 5.3311643569e-05, 5.53422723897e-05, 4.25534890383e-05, 4.73089748994e-05, 5.07839358761e-05, 6.0206213675e-05, 7.89547411841e-05, 4.94371633977e-05, 1.16100991363e-05, 4.995870313e-07, 5.99870730866e-08, 8.98710261765e-09, 7.10485625888e-09, 1.23445218492e-08, 7.78736186646e-09, 3.79324838207e-09, 2.3326734663e-05],
        "min": [7.38336484305e-25, 3.35696697436e-23, 1.23263523854e-23, 8.43874487029e-24, 4.30295382578e-23, 4.96963122083e-23, 3.6564122631e-23, 1.09740207574e-23, 1.96272632187e-22, 4.65881497546e-23, 3.35621093007e-23, 7.74935680087e-23, 5.19562693286e-23, 1.13680536241e-22, 1.27288752887e-22, 1.3403972354e-22, 1.93851523405e-22, 3.88469188522e-22, 3.56194326669e-22, 4.14345340826e-22, 1.71251781809e-22, 6.59426475915e-22, 5.80583854784e-22, 9.34725401295e-22, 1.29097225979e-21, 1.79953485573e-21, 2.41661361218e-21],
        "var": [1.46257644884e-10, 1.37732030225e-08, 8.24631918306e-10, 7.00072111393e-10, 6.67583464065e-08, 2.90710995614e-05, 1.05499184428e-05, 4.95806925755e-05, 3.32099334628e-05, 5.91856178289e-06, 1.59185651682e-06, 3.09053439196e-06, 3.16896489494e-06, 2.7250448511e-06, 8.13039889636e-07, 1.13812370728e-06, 1.38227028401e-06, 3.13878274483e-07, 3.81545589789e-07, 2.13577266983e-10, 7.48125381089e-11, 2.40184660355e-11, 1.75357786018e-12, 1.51225570694e-12, 1.52071402888e-13, 4.71631577108e-13, 1.52553577409e-11]
    },
    "erbbands": {
        "dmean": [0.000598779181018, 0.00368584715761, 0.00590784195811, 0.00979406386614, 0.028382929042, 0.250718742609, 2.85242795944, 24.8452033997, 17.2998161316, 33.9253578186, 58.8490142822, 57.9791717529, 33.896686554, 23.5140533447, 19.4451808929, 20.9191818237, 27.149641037, 28.0135917664, 21.5182666779, 13.8097305298, 19.7789211273, 18.4245147705, 10.9770965576, 7.22483587265, 3.73218631744, 0.220178171992, 0.0352566465735, 0.0208147559315, 0.0118368472904, 0.00757390167564, 0.00264107994735, 0.00177069322672, 0.00108474399894, 0.000379914825317, 0.000194568841835, 0.000119008211186, 7.8379882325e-05, 3.11102121486e-05, 0.000196085107746, 0.000107739659143],
        "dmean2": [0.000982080120593, 0.00640374375507, 0.0107017541304, 0.0174916181713, 0.0467722862959, 0.416321069002, 4.29761219025, 36.5462265015, 26.3306083679, 50.7401657104, 91.7760772705, 83.1175537109, 50.3686561584, 32.7856140137, 28.3507518768, 30.621553421, 41.7434272766, 41.8486099243, 32.3858909607, 21.3167896271, 30.5074062347, 27.6846561432, 16.9673538208, 11.8698358536, 6.32814741135, 0.358937293291, 0.0574886128306, 0.0317558944225, 0.0189012754709, 0.0113461129367, 0.00434011407197, 0.00308023300022, 0.00165390782058, 0.000596581143327, 0.000293180666631, 0.000177414971404, 0.000120661206893, 5.04568888573e-05, 0.000332833616994, 0.00018477156118],
        "dvar": [1.29082900457e-05, 0.000566011760384, 0.00135486619547, 0.00204438460059, 0.00948909018189, 0.670046627522, 19.4560642242, 1789.75488281, 1786.03991699, 3188.55200195, 14607.4257812, 11717.6591797, 4962.32421875, 2272.04614258, 2448.92749023, 2837.56665039, 5041.36328125, 3603.22167969, 2146.95068359, 1051.6619873, 2337.92114258, 2047.89733887, 1037.56433105, 979.446655273, 545.782287598, 0.966711819172, 0.0631845593452, 0.0241650268435, 0.0144492490217, 0.0108608724549, 0.000550319615286, 0.000491838611197, 0.000222387345275, 1.10243099698e-05, 6.76254694554e-06, 4.25909729529e-06, 2.94631195175e-06, 1.7529984575e-08, 3.34711387495e-08, 1.10634603701e-08],
        "dvar2": [3.36983321176e-05, 0.00167416385375, 0.00421396130696, 0.00598189467564, 0.0240770000964, 1.49112510681, 41.9117050171, 3289.15942383, 3577.23291016, 6785.71582031, 31773.6972656, 20806.8828125, 10367.0996094, 4174.18359375, 5642.91308594, 5892.00732422, 11593.9179688, 7321.03759766, 4562.89453125, 2083.42504883, 4758.94140625, 3890.43896484, 2564.92626953, 2546.16137695, 1487.82739258, 2.47764468193, 0.111615605652, 0.0467801913619, 0.0300171971321, 0.022202976048, 0.000909777998459, 0.000981157296337, 0.00052098929882, 2.36367868638e-05, 1.33399234983e-05, 1.03007450889e-05, 7.31109275875e-06, 4.30461000178e-08, 8.95090082054e-08, 3.16978123749e-08],
        "max": [0.103063620627, 0.549734771252, 0.932171881199, 1.10157620907, 2.02012467384, 24.0648555756, 64.5444107056, 585.107910156, 786.040100098, 626.093811035, 1253.6184082, 1144.0032959, 1067.21508789, 890.296325684, 764.021728516, 1140.30664062, 1397.17553711, 894.260070801, 586.869934082, 655.166687012, 588.962768555, 960.817138672, 1013.07141113, 477.755432129, 654.139160156, 20.4218120575, 11.9775743484, 8.83667469025, 5.67355060577, 5.02167320251, 1.09276354313, 0.89103448391, 0.717589020729, 0.141424506903, 0.0925322249532, 0.0921899229288, 0.0757523775101, 0.00551644107327, 0.00226553482935, 0.00161153799854],
        "mean": [0.00076938822167, 0.00413936562836, 0.00712757045403, 0.0129236038774, 0.0348910018802, 0.278770953417, 5.07895088196, 42.8757743835, 23.1586112976, 48.2565803528, 68.9291687012, 78.0651321411, 44.6015090942, 33.5983314514, 24.7744827271, 25.7911281586, 31.314043045, 35.2663269043, 25.6855697632, 16.8295612335, 24.7257213593, 23.5942783356, 13.7318468094, 7.18392896652, 3.35345458984, 0.218289762735, 0.0461512729526, 0.024093164131, 0.0140624511987, 0.00758645730093, 0.00285746296868, 0.00214299280196, 0.00124288897496, 0.000478730536997, 0.000287809292786, 0.000157410497195, 8.3559039922e-05, 9.39140663831e-05, 0.00120418262668, 0.000687156396452],
        "median": [2.53544430961e-06, 1.60489507834e-05, 8.72863020049e-05, 0.000575859332457, 0.00665430445224, 0.110133334994, 2.43545746803, 16.9885005951, 6.09270095825, 12.1988668442, 12.3143787384, 6.59716796875, 4.02214813232, 3.57870483398, 2.49203157425, 2.29410123825, 2.21530890465, 2.46744441986, 3.08230018616, 3.06816315651, 3.9509768486, 4.58934164047, 3.47088527679, 1.17867517471, 0.323754787445, 0.0343090519309, 0.00600237492472, 0.00193981593475, 0.000544295180589, 0.000305288645905, 0.00025608780561, 0.0003385701566, 0.000125263119116, 9.41605831031e-05, 6.7928856879e-05, 3.79080956918e-05, 1.3130541447e-05, 8.46833281685e-05, 0.0012538053561, 0.000684042926878],
        "min": [3.49803695056e-22, 9.41429199328e-21, 1.87324420118e-20, 2.49346212421e-20, 1.020363087e-19, 1.27708427697e-19, 3.03538552818e-19, 3.53336118163e-19, 4.16474995265e-19, 4.37680338955e-19, 9.4643203614e-19, 4.30858900975e-18, 2.45834872726e-18, 1.88675575705e-18, 1.19858801631e-18, 2.99266273522e-18, 2.88260180522e-18, 5.69125821317e-18, 5.16370351159e-18, 7.962117976e-18, 7.47216814583e-18, 1.21473706341e-17, 1.95569749743e-17, 1.68813534039e-17, 1.90323919191e-17, 2.20319142563e-17, 8.40550994538e-18, 1.12504562144e-17, 2.34413539195e-17, 2.26212374294e-17, 1.37541102442e-17, 1.95236875721e-17, 1.44485639372e-17, 1.22949876319e-17, 1.0397336045e-17, 6.558234485e-18, 3.22573617564e-18, 1.41550961791e-18, 3.01380231805e-19, 3.83314171076e-20],
        "var": [1.91238159459e-05, 0.000587076414376, 0.00161766062956, 0.00367298466153, 0.0137184876949, 0.728795588017, 43.4706420898, 4170.69775391, 3217.43969727, 6214.25585938, 20543.6894531, 21341.7421875, 8656.97949219, 5247.46630859, 3370.18798828, 4534.22216797, 6417.64160156, 6820.72851562, 3377.2746582, 1670.00817871, 4072.29638672, 3734.32763672, 1197.96191406, 902.471313477, 399.850006104, 0.902488052845, 0.203025490046, 0.0680496394634, 0.0312035251409, 0.0149510353804, 0.000936226279009, 0.000701353070326, 0.000299236096907, 1.74796114152e-05, 1.03340516944e-05, 4.59599323221e-06, 2.7499843327e-06, 1.69787668369e-08, 5.23974357236e-08, 1.32266988473e-08]
    },
    "gfcc": {
        "mean": [-202.055801392, 109.375144958, -187.161758423, -91.85131073, -27.751411438, -80.4492797852, -35.1240921021, -10.5154590607, 5.3874335289, -19.4496231079, 18.9969768524, -6.05605697632, 5.97396087646],
        "cov": [[8278.58203125, 2943.67749023, -2024.69226074, -932.850158691, -679.077758789, 108.270019531, -323.674560547, 357.21472168, 239.431777954, 97.4949188232, -85.8910293579, 288.929107666, -220.965286255], [2943.67749023, 1966.13586426, -357.644226074, -899.282043457, -565.010986328, -70.8221359253, -183.855987549, 24.4173259735, 41.4816932678, 33.6731376648, 44.8448257446, 170.135528564, -9.32117462158], [-2024.69226074, -357.644226074, 1625.15759277, 703.783203125, 2.92999267578, 138.881774902, 124.389472961, -112.922264099, -50.4407234192, 26.4451904297, -7.31439781189, -3.59262895584, 113.1876297], [-932.850158691, -899.282043457, 703.783203125, 1282.50170898, 456.304077148, 77.7437896729, 40.9192199707, 108.615188599, 47.4470252991, 34.6429100037, -69.5347595215, -29.6689624786, -16.4103374481], [-679.077758789, -565.010986328, 2.92999267578, 456.304077148, 474.749298096, 65.0815505981, 18.7517280579, 57.0701675415, 27.7697887421, -4.05738687515, -28.2064304352, -64.9291305542, -30.282787323], [108.270019531, -70.8221359253, 138.881774902, 77.7437896729, 65.0815505981, 584.629333496, 255.405044556, -31.4188289642, -0.205377459526, 46.7466239929, -86.6514205933, -58.1000289917, -35.8113479614], [-323.674560547, -183.855987549, 124.389472961, 40.9192199707, 18.7517280579, 255.405044556, 263.794067383, 0.989359557629, -81.9331207275, 14.4867448807, 6.43039464951, -61.3703575134, -30.6796302795], [357.21472168, 24.4173259735, -112.922264099, 108.615188599, 57.0701675415, -31.4188289642, 0.989359557629, 162.383621216, 72.8232727051, -5.15850400925, -23.4587574005, 23.1476020813, -28.1863975525], [239.431777954, 41.4816932678, -50.4407234192, 47.4470252991, 27.7697887421, -0.205377459526, -81.9331207275, 72.8232727051, 158.426361084, 21.6812343597, -61.021522522, 17.5046291351, 9.36530017853], [97.4949188232, 33.6731376648, 26.4451904297, 34.6429100037, -4.05738687515, 46.7466239929, 14.4867448807, -5.15850400925, 21.6812343597, 67.208984375, 15.9933586121, -12.0355072021, -12.7604150772], [-85.8910293579, 44.8448257446, -7.31439781189, -69.5347595215, -28.2064304352, -86.6514205933, 6.43039464951, -23.4587574005, -61.021522522, 15.9933586121, 98.8014144897, 18.7003059387, -11.6232833862], [288.929107666, 170.135528564, -3.59262895584, -29.6689624786, -64.9291305542, -58.1000289917, -61.3703575134, 23.1476020813, 17.5046291351, -12.0355072021, 18.7003059387, 90.9289703369, 18.3415985107], [-220.965286255, -9.32117462158, 113.1876297, -16.4103374481, -30.282787323, -35.8113479614, -30.6796302795, -28.1863975525, 9.36530017853, -12.7604150772, -11.6232833862, 18.3415985107, 70.7687149048]],
        "icov": [[0.00157178228255, -0.00251982174814, 0.00258341431618, -0.00265688356012, 0.00201163976453, -0.00131679011974, 0.000494148698635, -0.000420825614128, 2.06141478998e-07, 0.000230168530834, 0.000102483019873, -2.63928941422e-05, 0.000133984416607], [-0.00251982174814, 0.00555657595396, -0.00457204179838, 0.00546245556325, -0.00246202945709, 0.00113873404916, 0.00168409908656, -0.00160121696535, 0.00189388310537, -0.0023640205618, 0.000470288039651, -0.00120419508312, 0.000770791957621], [0.00258341431618, -0.00457204179838, 0.005851786118, -0.00607961183414, 0.00421134289354, -0.00219904026017, -0.000608821283095, 0.00120616157074, -0.00144484324846, 0.00191897479817, -0.00155209179502, 0.000797464570496, -0.00232361955568], [-0.00265688356012, 0.00546245556325, -0.00607961183414, 0.00822370126843, -0.00552324857563, 0.00255029671825, 0.000850565440487, -0.00241923239082, 0.00339482631534, -0.00547081930563, 0.00447785761207, -0.00326946587302, 0.00253381743096], [0.00201163976453, -0.00246202945709, 0.00421134289354, -0.00552324857563, 0.00853501260281, -0.00465057790279, 0.00431775022298, -0.00275470106862, -0.000692060915753, 0.00438265223056, -0.00563108595088, 0.00548110483214, -0.0014496864751], [-0.00131679011974, 0.00113873404916, -0.00219904026017, 0.00255029671825, -0.00465057790279, 0.00950302742422, -0.0110659655184, 0.00730607053265, -0.00289333099499, -0.00500808237121, 0.0102110924199, -0.00679044099525, 0.00399535801262], [0.000494148698635, 0.00168409908656, -0.000608821283095, 0.000850565440487, 0.00431775022298, -0.0110659655184, 0.0219679716974, -0.014264295809, 0.0113961137831, -2.92558870569e-05, -0.00820088945329, 0.00997986737639, -0.00242107314989], [-0.000420825614128, -0.00160121696535, 0.00120616157074, -0.00241923239082, -0.00275470106862, 0.00730607053265, -0.014264295809, 0.0208320003003, -0.0131953079253, 0.00484017049894, 0.00335845630616, -0.00729279359803, 0.00567734288052], [2.06141478998e-07, 0.00189388310537, -0.00144484324846, 0.00339482631534, -0.000692060915753, -0.00289333099499, 0.0113961137831, -0.0131953079253, 0.0233586914837, -0.0147568052635, 0.0118303969502, -0.00227636471391, -0.00194616732188], [0.000230168530834, -0.0023640205618, 0.00191897479817, -0.00547081930563, 0.00438265223056, -0.00500808237121, -2.92558870569e-05, 0.00484017049894, -0.0147568052635, 0.0338170975447, -0.0215918105096, 0.0127132702619, -0.00146510475315], [0.000102483019873, 0.000470288039651, -0.00155209179502, 0.00447785761207, -0.00563108595088, 0.0102110924199, -0.00820088945329, 0.00335845630616, 0.0118303969502, -0.0215918105096, 0.0371705628932, -0.018463851884, 0.00987420789897], [-2.63928941422e-05, -0.00120419508312, 0.000797464570496, -0.00326946587302, 0.00548110483214, -0.00679044099525, 0.00997986737639, -0.00729279359803, -0.00227636471391, 0.0127132702619, -0.018463851884, 0.0283473394811, -0.00972949527204], [0.000133984416607, 0.000770791957621, -0.00232361955568, 0.00253381743096, -0.0014496864751, 0.00399535801262, -0.00242107314989, 0.00567734288052, -0.00194616732188, -0.00146510475315, 0.00987420789897, -0.00972949527204, 0.0257042609155]]
    },
    "melbands": {
        "dmean": [4.95425956615e-06, 3.6689280023e-06, 1.81362190688e-06, 6.90547949489e-06, 8.62208471517e-05, 0.000506557116751, 0.000248929456575, 0.000471722771181, 0.000439562776592, 0.000376004521968, 0.000164577548276, 9.80370168691e-05, 5.8742123656e-05, 6.02702857577e-05, 5.84788213018e-05, 6.05429704592e-05, 5.47068921151e-05, 3.87075233448e-05, 2.23350871238e-05, 1.93528176169e-05, 2.5844816264e-05, 2.16769276449e-05, 1.36999324241e-05, 7.23984294382e-06, 5.96158815824e-06, 4.71295425086e-06, 5.38474125733e-07, 3.03123037781e-08, 2.03511021368e-08, 1.57536934609e-08, 1.03305977106e-08, 6.84802525797e-09, 5.47119682892e-09, 3.53306073286e-09, 1.65263880358e-09, 9.99562654869e-10, 1.16341358769e-09, 9.17616760354e-10, 4.02641836539e-10, 2.92171425942e-10],
        "dmean2": [8.26105133456e-06, 6.58702401779e-06, 3.11881058224e-06, 1.16148739835e-05, 0.000130938715301, 0.000747260812204, 0.000380961340852, 0.000717054004781, 0.000679231132381, 0.000547531933989, 0.000246259733103, 0.000138725721627, 8.51380536915e-05, 8.81740561454e-05, 9.02312604012e-05, 9.30493624764e-05, 8.33507729112e-05, 5.93595941609e-05, 3.46207452822e-05, 3.00767405861e-05, 4.01696415793e-05, 3.25180262735e-05, 2.15805375774e-05, 1.15027569336e-05, 9.98752511805e-06, 8.12097187008e-06, 9.07877051759e-07, 4.9034490246e-08, 3.39263515059e-08, 2.35456347752e-08, 1.6275391701e-08, 1.12292877219e-08, 8.11065525852e-09, 5.41023226219e-09, 2.64323407606e-09, 1.68248692756e-09, 2.00290983798e-09, 1.41224631989e-09, 6.45800579679e-10, 4.54417559137e-10],
        "dvar": [8.48152992283e-10, 5.48474210493e-10, 6.71312311296e-11, 4.81596984514e-10, 1.89633411196e-08, 7.39796689686e-07, 3.42015965771e-07, 6.39108634459e-07, 7.91121635757e-07, 5.19824197909e-07, 1.21527392594e-07, 4.074142268e-08, 1.9560726372e-08, 3.01413543013e-08, 2.5480190402e-08, 2.57840397921e-08, 1.56635433513e-08, 7.90925636096e-09, 3.06520808735e-09, 2.70442601646e-09, 4.50155912546e-09, 3.10121728297e-09, 1.92919791253e-09, 4.45512182701e-10, 8.02617083906e-10, 1.0504611625e-09, 7.41297648266e-12, 3.76610330107e-14, 3.76821309074e-14, 1.8550462002e-14, 5.70939508778e-15, 4.43406247185e-15, 5.23947094952e-15, 2.36339238822e-15, 1.98420313396e-16, 7.09495046002e-17, 2.54190775823e-16, 1.93974674207e-16, 1.10755612816e-17, 8.2524500992e-18],
        "dvar2": [2.32204966366e-09, 1.68546088197e-09, 1.9050314104e-10, 1.03273112284e-09, 4.08036662236e-08, 1.37916617859e-06, 6.80880475556e-07, 1.34059177981e-06, 1.69379336512e-06, 9.19424735457e-07, 2.55941699834e-07, 7.60462839366e-08, 4.49913990508e-08, 6.94891255648e-08, 5.68760221142e-08, 5.84759654032e-08, 3.27430136338e-08, 1.71506702173e-08, 6.94971413751e-09, 5.88276316549e-09, 9.51467349353e-09, 5.74552228017e-09, 4.81862150181e-09, 1.13393217038e-09, 2.11435446928e-09, 2.93544299979e-09, 1.83555462496e-11, 9.69735291958e-14, 7.93214981003e-14, 3.13688047163e-14, 1.13285794726e-14, 8.93951626862e-15, 1.08669490575e-14, 4.79471597178e-15, 3.34375388003e-16, 1.2875471222e-16, 5.26713515146e-16, 4.74693939602e-16, 2.27676434347e-17, 1.84878473413e-17],
        "max": [0.000772781961132, 0.00052122969646, 0.000241179179284, 0.000579989340622, 0.00228005950339, 0.0125830257311, 0.012434928678, 0.00916091632098, 0.0114605361596, 0.00765058165416, 0.00514645967633, 0.00341111212038, 0.00240554055199, 0.00413618655875, 0.00297123333439, 0.00265363254584, 0.00198609521613, 0.0010865223594, 0.000912564632017, 0.000900277635083, 0.000934535230044, 0.00137358228676, 0.00135009828955, 0.0003862415615, 0.000451192114269, 0.00093547772849, 4.89644880872e-05, 7.48097181713e-06, 9.27362543734e-06, 7.7485346992e-06, 4.15305748902e-06, 3.00356236949e-06, 3.53704353984e-06, 2.30717910199e-06, 7.04902788584e-07, 3.70276808326e-07, 6.36386801034e-07, 6.57742077692e-07, 1.66078933717e-07, 1.08012891076e-07],
        "mean": [6.34722209725e-06, 4.40238272859e-06, 2.51115739047e-06, 6.56237943986e-06, 0.000147829705384, 0.000881003914401, 0.000325215863995, 0.000645647349302, 0.000513502745889, 0.00049689412117, 0.000213143910514, 0.000139708849019, 7.58935057092e-05, 7.30069805286e-05, 6.67741114739e-05, 6.90603774274e-05, 6.62565871608e-05, 4.46577068942e-05, 2.46869531111e-05, 2.19480316446e-05, 3.13828677463e-05, 2.65349135589e-05, 1.68414662767e-05, 8.42961799208e-06, 5.5892223827e-06, 4.00646194976e-06, 4.96501399994e-07, 3.37225358749e-08, 2.54589505033e-08, 1.91326972043e-08, 1.17057492588e-08, 8.45523118187e-09, 5.54792167762e-09, 3.43865402819e-09, 1.68099156816e-09, 1.17453380355e-09, 1.33137700864e-09, 1.01057184843e-09, 4.66790550657e-10, 3.57750634672e-10],
        "median": [1.61238578045e-08, 2.25830198985e-08, 8.05834048379e-08, 5.73548391003e-07, 5.92484138906e-05, 0.000381542777177, 9.06858404051e-05, 0.000126813654788, 8.660050662e-05, 3.75277886633e-05, 1.81322429853e-05, 1.43476609082e-05, 8.01738860901e-06, 6.48629702482e-06, 5.31541991222e-06, 4.16192824559e-06, 4.08005962527e-06, 4.41463998868e-06, 3.86389683626e-06, 3.43058309227e-06, 4.62853768113e-06, 4.55888084616e-06, 4.21841150455e-06, 1.86162947102e-06, 7.80660116106e-07, 3.33112325279e-07, 5.46419656189e-08, 9.21244946994e-09, 3.15945647422e-09, 1.05697273156e-09, 9.53834233819e-10, 2.17474580011e-10, 1.53000875858e-10, 1.41743936033e-10, 1.07702569085e-10, 2.45134773591e-10, 1.53284718252e-10, 7.32622573718e-11, 7.61221363721e-11, 6.8425244637e-11],
        "min": [6.63414035262e-24, 1.15929420909e-23, 5.57250160157e-24, 9.72468202025e-24, 8.90635794908e-24, 8.23201361489e-24, 7.33731913062e-24, 3.96209925597e-24, 1.13109866373e-23, 2.84466871183e-23, 1.1305096213e-23, 7.13430419894e-24, 3.69467422581e-24, 5.63547242333e-24, 9.9486325315e-24, 4.67821693054e-24, 1.21367141681e-23, 7.81428652202e-24, 9.9494718795e-24, 9.9967412138e-24, 8.79914938548e-24, 1.15218870226e-23, 1.74500702291e-23, 1.67693968639e-23, 1.27311437372e-23, 1.62268009784e-23, 1.27626137652e-23, 1.44489088687e-23, 5.2477393998e-24, 4.2776025973e-24, 7.59785858837e-24, 1.41424979381e-23, 1.14233093862e-23, 1.37679499358e-23, 7.80149040928e-24, 8.50094734153e-24, 1.317455693e-23, 1.06690195213e-23, 8.27663710971e-24, 1.13131757264e-23],
        "var": [1.19016629885e-09, 6.28145535586e-10, 1.24994639639e-10, 6.07593086954e-10, 4.13317415848e-08, 1.67906489423e-06, 6.2844395643e-07, 1.17892557228e-06, 1.15217278562e-06, 9.11700510642e-07, 2.09035562193e-07, 9.18038409736e-08, 2.94017290514e-08, 4.02558555379e-08, 3.3847385339e-08, 3.39273391603e-08, 2.73378564231e-08, 1.1776219111e-08, 3.80428888391e-09, 3.8974561356e-09, 7.38612726536e-09, 5.74351055604e-09, 2.01884953199e-09, 4.82436979254e-10, 7.14683867642e-10, 7.14635906007e-10, 6.66186507001e-12, 4.81350290844e-14, 8.76393142085e-14, 5.6512140887e-14, 1.57732171508e-14, 1.12059629832e-14, 7.78183314093e-15, 3.07904459612e-15, 3.36397282117e-16, 1.07546985837e-16, 3.53257472933e-16, 2.46309134249e-16, 1.81493699977e-17, 1.14384412804e-17]
    },
    "mfcc": {
        "mean": [-833.208984375, 174.175186157, -93.5366439819, -38.2791938782, -9.60766887665, -62.1573829651, -37.9058418274, -10.5379714966, -23.0409145355, -9.83069610596, 3.04093050957, -1.93955385685, 1.96527600288],
        "cov": [[6974.27832031, 3247.74511719, -2112.59228516, -942.944030762, -500.628204346, -643.020080566, -419.889587402, 42.8868484497, -65.1253814697, -27.0670185089, 254.073181152, 104.720535278, -131.146865845], [3247.74511719, 2262.89331055, -585.839538574, -844.034790039, -540.359191895, -410.245910645, -277.456726074, -98.0717315674, -111.62940979, -134.478118896, 70.2918395996, 94.4045791626, -67.2533874512], [-2112.59228516, -585.839538574, 1652.63012695, 507.752868652, -65.2630996704, 401.28237915, 141.682373047, -66.619682312, 112.775970459, -92.4443588257, -151.469467163, 93.6806945801, 60.2713012695], [-942.944030762, -844.034790039, 507.752868652, 1076.36193848, 539.44708252, 126.136375427, 80.1528701782, 103.887397766, 99.1643981934, 39.9858970642, -21.452457428, 27.1129550934, 100.314170837], [-500.628204346, -540.359191895, -65.2630996704, 539.44708252, 537.87286377, 94.4937744141, 0.97319239378, 83.0128326416, 84.9340896606, 66.6848373413, 18.1610107422, -20.0264644623, 32.0397186279], [-643.020080566, -410.245910645, 401.28237915, 126.136375427, 94.4937744141, 574.425170898, 297.389190674, 51.3308563232, 164.832733154, 99.8358535767, 14.3121185303, 4.68625450134, -59.2637825012], [-419.889587402, -277.456726074, 141.682373047, 80.1528701782, 0.97319239378, 297.389190674, 389.548828125, 101.097099304, 3.42702937126, 89.7459259033, 52.6221389771, -26.304807663, -24.5453662872], [42.8868484497, -98.0717315674, -66.619682312, 103.887397766, 83.0128326416, 51.3308563232, 101.097099304, 151.458953857, 82.408744812, 28.227268219, 31.3502159119, 12.3557577133, 7.06226396561], [-65.1253814697, -111.62940979, 112.775970459, 99.1643981934, 84.9340896606, 164.832733154, 3.42702937126, 82.408744812, 216.56199646, 67.3149414062, -9.47697734833, 26.3648109436, -3.02233433723], [-27.0670185089, -134.478118896, -92.4443588257, 39.9858970642, 66.6848373413, 99.8358535767, 89.7459259033, 28.227268219, 67.3149414062, 143.427490234, 59.8048706055, -42.0019721985, -22.2705783844], [254.073181152, 70.2918395996, -151.469467163, -21.452457428, 18.1610107422, 14.3121185303, 52.6221389771, 31.3502159119, -9.47697734833, 59.8048706055, 101.948577881, 12.5495605469, -27.4799690247], [104.720535278, 94.4045791626, 93.6806945801, 27.1129550934, -20.0264644623, 4.68625450134, -26.304807663, 12.3557577133, 26.3648109436, -42.0019721985, 12.5495605469, 98.4481964111, 41.5558013916], [-131.146865845, -67.2533874512, 60.2713012695, 100.314170837, 32.0397186279, -59.2637825012, -24.5453662872, 7.06226396561, -3.02233433723, -22.2705783844, -27.4799690247, 41.5558013916, 97.2900390625]],
