{
"lowlevel": {
    "average_loudness": 0.975032567978,
    "barkbands_crest": {
        "dmean": 3.29578852654,
        "dmean2": 5.42734193802,
        "dvar": 10.8896589279,
        "dvar2": 26.5258197784,
        "max": 26.7282238007,
        "mean": 11.1555604935,
        "median": 10.1382255554,
        "min": 2.98829174042,
        "var": 22.6428432465
    },
    "barkbands_flatness_db": {
        "dmean": 0.0380388125777,
        "dmean2": 0.0592892169952,
        "dvar": 0.00118983222637,
        "dvar2": 0.00260923523456,
        "max": 0.435998529196,
        "mean": 0.290259897709,
        "median": 0.291817396879,
        "min": 0.157452121377,
        "var": 0.00269070942886
    },
    "barkbands_kurtosis": {
        "dmean": 6.6846165657,
        "dmean2": 11.0095329285,
        "dvar": 123.047225952,
        "dvar2": 298.278442383,
        "max": 155.89793396,
        "mean": 6.99340105057,
        "median": 2.52967453003,
        "min": -1.96954715252,
        "var": 206.24307251
    },
    "barkbands_skewness": {
        "dmean": 1.21154296398,
        "dmean2": 1.81196141243,
        "dvar": 1.7431229353,
        "dvar2": 3.70896673203,
        "max": 7.64450073242,
        "mean": 0.906757414341,
        "median": 1.18853735924,
        "min": -12.1947860718,
        "var": 4.78938388824
    },
    "barkbands_spread": {
        "dmean": 10.4448766708,
        "dmean2": 17.4273548126,
        "dvar": 246.705322266,
        "dvar2": 627.840942383,
        "max": 115.364349365,
        "mean": 15.9413433075,
        "median": 10.189699173,
        "min": 0.926340162754,
        "var": 259.308074951
    },
    "dissonance": {
        "dmean": 0.0301277581602,
        "dmean2": 0.047529745847,
        "dvar": 0.00129477947485,
        "dvar2": 0.00303008244373,
        "max": 0.500000059605,
        "mean": 0.4430539608,
        "median": 0.452530860901,
        "min": 0.16646823287,
        "var": 0.00268450705335
    },
    "dynamic_complexity": 5.61234617233,
    "erbbands_crest": {
        "dmean": 3.17379283905,
        "dmean2": 5.29153823853,
        "dvar": 7.73153924942,
        "dvar2": 20.6748256683,
        "max": 28.1750583649,
        "mean": 10.8746042252,
        "median": 10.2244319916,
        "min": 3.56750464439,
        "var": 12.5659608841
    },
    "erbbands_flatness_db": {
        "dmean": 0.0439461059868,
        "dmean2": 0.0670123249292,
        "dvar": 0.00210473383777,
        "dvar2": 0.0045607094653,
        "max": 0.51486325264,
        "mean": 0.353703051805,
        "median": 0.372980833054,
        "min": 0.0777097940445,
        "var": 0.00528403744102
    },
    "erbbands_kurtosis": {
        "dmean": 2.80602407455,
        "dmean2": 4.62696695328,
        "dvar": 27.1907367706,
        "dvar2": 69.3023757935,
        "max": 79.1559753418,
        "mean": 1.84047937393,
        "median": 0.145282745361,
        "min": -1.91459977627,
        "var": 28.4493312836
    },
    "erbbands_skewness": {
        "dmean": 0.815894603729,
        "dmean2": 1.25360774994,
        "dvar": 0.769872903824,
        "dvar2": 1.665153265,
        "max": 4.58284282684,
        "mean": 0.120605938137,
        "median": 0.394419014454,
        "min": -7.52953481674,
        "var": 1.53828322887
    },
    "erbbands_spread": {
        "dmean": 7.73487520218,
        "dmean2": 12.532128334,
        "dvar": 73.4165496826,
        "dvar2": 174.519760132,
        "max": 91.8663101196,
        "mean": 17.7000141144,
        "median": 14.6951494217,
        "min": 0.66145581007,
        "var": 137.812698364
    },
    "hfc": {
        "dmean": 8.82974720001,
        "dmean2": 12.6342363358,
        "dvar": 110.398323059,
        "dvar2": 199.554244995,
        "max": 93.2117385864,
        "mean": 14.5057201385,
        "median": 7.80943489075,
        "min": 2.76371993095e-05,
        "var": 261.608612061
    },
    "melbands_crest": {
        "dmean": 3.55691981316,
        "dmean2": 5.79820871353,
        "dvar": 10.587480545,
        "dvar2": 26.6244411469,
        "max": 29.446811676,
        "mean": 12.012638092,
        "median": 11.6270694733,
        "min": 2.99091005325,
        "var": 20.6855125427
    },
    "melbands_flatness_db": {
        "dmean": 0.0517886951566,
        "dmean2": 0.076388426125,
        "dvar": 0.00242339470424,
        "dvar2": 0.00461063580588,
        "max": 0.530283987522,
        "mean": 0.339758306742,
        "median": 0.353634357452,
        "min": 0.0237173419446,
        "var": 0.00816401094198
    },
    "melbands_kurtosis": {
        "dmean": 4.87717676163,
        "dmean2": 8.01583957672,
        "dvar": 55.7674484253,
        "dvar2": 142.380432129,
        "max": 105.491867065,
        "mean": 4.94908809662,
        "median": 2.63925862312,
        "min": -1.89017510414,
        "var": 63.8496932983
    },
    "melbands_skewness": {
        "dmean": 1.02520596981,
        "dmean2": 1.56682240963,
        "dvar": 1.28867912292,
        "dvar2": 2.7982378006,
        "max": 8.55769062042,
        "mean": 1.28394913673,
        "median": 1.45531725883,
        "min": -5.28953027725,
        "var": 2.66699695587
    },
    "melbands_spread": {
        "dmean": 9.64762210846,
        "dmean2": 15.8204927444,
        "dvar": 138.942901611,
        "dvar2": 352.926300049,
        "max": 95.6398620605,
        "mean": 18.2218971252,
        "median": 12.98787117,
        "min": 1.3186647892,
        "var": 208.21321106
    },
    "pitch_salience": {
        "dmean": 0.0900978893042,
        "dmean2": 0.147250905633,
        "dvar": 0.0107750771567,
        "dvar2": 0.0261803492904,
        "max": 0.964789927006,
        "mean": 0.699694514275,
        "median": 0.743167102337,
        "min": 0.19481806457,
        "var": 0.0227805320174
    },
    "silence_rate_20dB": {
        "dmean": 0,
        "dmean2": 0,
        "dvar": 0,
        "dvar2": 0,
        "max": 1,
        "mean": 1,
        "median": 1,
        "min": 1,
        "var": 0
    },
    "silence_rate_30dB": {
        "dmean": 0,
        "dmean2": 0,
        "dvar": 0,
        "dvar2": 0,
        "max": 1,
        "mean": 1,
        "median": 1,
        "min": 1,
        "var": 0
    },
    "silence_rate_60dB": {
        "dmean": 0.167832165956,
        "dmean2": 0.335787922144,
        "dvar": 0.139664843678,
        "dvar2": 0.267950445414,
        "max": 1,
        "mean": 0.333701252937,
        "median": 0,
        "min": 0,
        "var": 0.222341760993
    },
    "spectral_centroid": {
        "dmean": 398.846466064,
        "dmean2": 612.298156738,
        "dvar": 247208.921875,
        "dvar2": 448487.71875,
        "max": 3414.58691406,
        "mean": 1354.6282959,
        "median": 1011.21228027,
        "min": 359.33215332,
        "var": 580126.375
    },
    "spectral_complexity": {
        "dmean": 4.75892543793,
        "dmean2": 6.86966133118,
        "dvar": 25.8024215698,
        "dvar2": 46.815196991,
        "max": 36,
        "mean": 11.4495954514,
        "median": 11,
        "min": 0,
        "var": 76.5337600708
    },
    "spectral_decrease": {
        "dmean": 2.51649079352e-09,
        "dmean2": 3.53934215269e-09,
        "dvar": 9.64875413424e-18,
        "dvar2": 1.71214740095e-17,
        "max": 4.81750837139e-12,
        "mean": -4.02442834613e-09,
        "median": -1.73538283743e-09,
        "min": -2.4371951568e-08,
        "var": 2.3280012341e-17
    },
    "spectral_energy": {
        "dmean": 0.0102573242038,
        "dmean2": 0.0144471218809,
        "dvar": 0.000158078037202,
        "dvar2": 0.000280059321085,
        "max": 0.100439839065,
        "mean": 0.0165047962219,
        "median": 0.00742315966636,
        "min": 1.52614387794e-09,
        "var": 0.000383395148674
    },
    "spectral_energyband_high": {
        "dmean": 4.83082931169e-06,
        "dmean2": 8.16932151793e-06,
        "dvar": 5.76241207528e-11,
        "dvar2": 1.3623359385e-10,
        "max": 0.000151054628077,
        "mean": 2.4964028853e-05,
        "median": 2.39635774051e-05,
        "min": 1.30410049426e-09,
        "var": 6.43874537021e-11
    },
    "spectral_energyband_low": {
        "dmean": 4.01640681957e-06,
        "dmean2": 6.7185478656e-06,
        "dvar": 3.66098984461e-10,
        "dvar2": 9.70679536749e-10,
        "max": 0.000365939486073,
        "mean": 3.33858474733e-06,
        "median": 1.17491090634e-07,
        "min": 4.69116282278e-13,
        "var": 2.95249602544e-10
    },
    "spectral_energyband_middle_high": {
        "dmean": 0.00337877869606,
        "dmean2": 0.00495347985998,
        "dvar": 1.97406279767e-05,
        "dvar2": 3.65228661394e-05,
        "max": 0.0455292388797,
        "mean": 0.00494595244527,
        "median": 0.00225205044262,
        "min": 2.88030415491e-11,
        "var": 4.03772501159e-05
    },
    "spectral_energyband_middle_low": {
        "dmean": 0.00746873719618,
        "dmean2": 0.0106473760679,
        "dvar": 9.41288672038e-05,
        "dvar2": 0.000169820443261,
        "max": 0.0778123810887,
        "mean": 0.0116138989106,
        "median": 0.00363850779831,
        "min": 4.44833059277e-12,
        "var": 0.000215975873289
    },
    "spectral_entropy": {
        "dmean": 0.263602226973,
        "dmean2": 0.394624501467,
        "dvar": 0.0640507787466,
        "dvar2": 0.134811162949,
        "max": 8.81893157959,
        "mean": 6.76379060745,
        "median": 6.72165250778,
        "min": 5.36132192612,
        "var": 0.1961081177
    },
    "spectral_flux": {
        "dmean": 0.0361581332982,
        "dmean2": 0.0587256923318,
        "dvar": 0.00132004183251,
        "dvar2": 0.00315592600964,
        "max": 0.279707551003,
        "mean": 0.0825065299869,
        "median": 0.0795786976814,
        "min": 9.80345284916e-05,
        "var": 0.00319676054642
    },
    "spectral_kurtosis": {
        "dmean": 17.7834129333,
        "dmean2": 29.7661247253,
        "dvar": 228.081176758,
        "dvar2": 639.558959961,
        "max": 155.589797974,
        "mean": 42.0366859436,
        "median": 40.3616256714,
        "min": 2.73926115036,
        "var": 414.399108887
    },
    "spectral_rms": {
        "dmean": 0.00133591936901,
        "dmean2": 0.00180220988113,
        "dvar": 1.84502187039e-06,
        "dvar2": 3.02552280118e-06,
        "max": 0.00989899411798,
        "mean": 0.00317037943751,
        "median": 0.002691116184,
        "min": 1.22021344851e-06,
        "var": 6.05093919148e-06
    },
    "spectral_rolloff": {
        "dmean": 2105.2956543,
        "dmean2": 3968.58862305,
        "dvar": 24793342,
        "dvar2": 56144048,
        "max": 19616.7480469,
        "mean": 4164.36474609,
        "median": 1571.92382812,
        "min": 344.53125,
        "var": 37836960
    },
    "spectral_skewness": {
        "dmean": 1.20697617531,
        "dmean2": 2.02162647247,
        "dvar": 0.959851562977,
        "dvar2": 2.60974025726,
        "max": 9.01278972626,
        "mean": 3.6697063446,
        "median": 3.64331912994,
        "min": 0.0056942012161,
        "var": 2.09955358505
    },
    "spectral_spread": {
        "dmean": 690290.9375,
        "dmean2": 1110118.25,
        "dvar": 1.55669679309e+12,
        "dvar2": 3.6450163753e+12,
        "max": 19434678,
        "mean": 1805459.5,
        "median": 1290494,
        "min": 491770.625,
        "var": 3.10248210432e+12
    },
    "spectral_strongpeak": {
        "dmean": 0.989618599415,
        "dmean2": 1.67242097855,
        "dvar": 1.10145223141,
        "dvar2": 2.74049544334,
        "max": 6.62338876724,
        "mean": 1.57763695717,
        "median": 1.20140004158,
        "min": 0.00246240524575,
        "var": 1.68848049641
    },
    "zerocrossingrate": {
        "dmean": 0.0702136605978,
        "dmean2": 0.0784615501761,
        "dvar": 0.00876510702074,
        "dvar2": 0.0100886365399,
        "max": 0.861328125,
        "mean": 0.184068024158,
        "median": 0.09228515625,
        "min": 0.0205078125,
        "var": 0.0432609207928
    },
    "barkbands": {
        "dmean": [4.72150048836e-07, 1.18932939586e-06, 2.25489839067e-06, 1.41460805025e-06, 0.000142373159179, 0.00133848423138, 0.0026340438053, 0.00334409601055, 0.00189659954049, 0.000449940707767, 0.000441483105533, 0.000731014064513, 0.000901841907762, 0.00052517245058, 0.000377642340027, 0.000361969054211, 0.000384769635275, 0.000154896362801, 0.000254065380432, 6.08225354881e-06, 8.63225125158e-07, 3.50042114405e-07, 1.27950400497e-07, 4.8727201829e-08, 1.54662700425e-08, 9.97941196346e-09, 3.56057785211e-06],
        "dmean2": [8.31962722714e-07, 2.11280030271e-06, 3.78329900741e-06, 2.36179607782e-06, 0.000206613767659, 0.00200616917573, 0.00406948151067, 0.00509485090151, 0.00276553118601, 0.000671425950713, 0.000675981340464, 0.00115118047688, 0.00136630982161, 0.00080825004261, 0.000595055695157, 0.000573451572563, 0.000608687289059, 0.000249644741416, 0.000401030236389, 1.01704727058e-05, 1.43434874644e-06, 5.77508160404e-07, 2.18923815964e-07, 8.13147096324e-08, 2.42417446117e-08, 1.62840141371e-08, 6.16502984485e-06],
        "dvar": [3.15675046866e-12, 3.78913636578e-11, 1.40868858245e-10, 3.51429510492e-11, 1.75542595571e-07, 7.11934626452e-06, 1.90276314243e-05, 3.02470652969e-05, 1.1929089851e-05, 7.91915397258e-07, 1.19715650726e-06, 3.25642918142e-06, 3.77208016289e-06, 1.50290452439e-06, 1.07294783902e-06, 4.84565930492e-07, 3.9638817384e-07, 3.03779245314e-07, 1.18627667689e-06, 5.58828205932e-10, 1.30004618182e-11, 1.85328488667e-12, 2.38060547837e-13, 2.30295247932e-14, 1.86828574868e-15, 4.14042277763e-16, 1.2021179191e-11],
        "dvar2": [8.15078646937e-12, 1.08312234182e-10, 3.52951029514e-10, 8.89546838967e-11, 3.53240267259e-07, 1.45535423144e-05, 3.99671880587e-05, 6.18317135377e-05, 2.2259002435e-05, 1.67341124779e-06, 2.7240844247e-06, 8.00224279374e-06, 7.19324498277e-06, 3.36064113071e-06, 2.42275928031e-06, 1.20807476378e-06, 8.94946879271e-07, 7.09581797764e-07, 2.7000467071e-06, 1.39779832153e-09, 2.97778642022e-11, 4.37102957995e-12, 5.94359468326e-13, 5.55076817843e-14, 3.8675431198e-15, 9.50366837534e-16, 3.41371791945e-11],
        "max": [2.70070413535e-05, 0.000133009481942, 0.000289481366053, 0.000129077568999, 0.0105052571744, 0.0371083803475, 0.0483267679811, 0.0606591328979, 0.0349227488041, 0.0124765289947, 0.0200382508337, 0.0274630803615, 0.0270939674228, 0.0152547564358, 0.0168818552047, 0.00863035116345, 0.00792572367936, 0.0130469901487, 0.0164050757885, 0.000505515141413, 8.15092498669e-05, 2.45523988269e-05, 8.27896292321e-06, 2.12645181819e-06, 8.69027530825e-07, 2.24039212071e-07, 4.23334204243e-05],
        "mean": [4.83929397888e-07, 8.52594951084e-07, 1.83513805041e-06, 1.32967863919e-06, 0.000194585663849, 0.00177509966306, 0.00320290704258, 0.00406014081091, 0.00220796349458, 0.000513981969561, 0.000481278024381, 0.000775020918809, 0.00100519089028, 0.000541745626833, 0.000417685398133, 0.000436714646639, 0.000468654034194, 0.000156626745593, 0.000232898950344, 5.10428344569e-06, 6.88215720857e-07, 2.82077223801e-07, 1.06858792037e-07, 4.48227659433e-08, 1.94281817301e-08, 1.13989679917e-08, 2.35464667639e-05],
        "median": [1.40945871863e-07, 1.73648366797e-08, 1.62864370878e-08, 1.70656591081e-07, 7.12834880687e-05, 0.000634895346593, 0.000793812796474, 0.00032911344897, 0.000160952491569, 7.57954112487e-05, 6.04501619819e-05, 5.78002727707e-05, 6.38828714727e-05, 6.73590329825e-05, 7.10792082828e-05, 0.000119739444926, 0.000148229824845, 3.22143278026e-05, 1.66097124747e-05, 3.26669578499e-07, 2.54943941513e-08, 1.24119914346e-08, 5.51067858012e-09, 5.38077404855e-09, 6.56837961799e-09, 3.42263195563e-09, 2.39941291511e-05],
        "min": [3.28035287735e-13, 5.06399935006e-14, 1.38901856597e-13, 1.95412994597e-13, 8.38947712841e-14, 1.05167461653e-13, 2.2732705475e-13, 2.0095446032e-13, 1.17459416759e-12, 2.39599616189e-12, 2.52126683246e-12, 3.51616739197e-12, 8.50718042018e-13, 1.29730742208e-12, 4.20323227179e-13, 2.73505220208e-12, 7.38100205955e-12, 3.49370337348e-12, 3.68021758901e-12, 1.59718137153e-12, 2.21483053252e-12, 3.64238804049e-12, 5.15368563797e-12, 7.26938171117e-12, 1.44864996734e-11, 3.33035959921e-11, 1.29584643016e-09],
        "var": [2.8413105202e-12, 2.30473192614e-11, 1.28277791167e-10, 2.97049745912e-11, 2.57137088511e-07, 1.09620932562e-05, 2.96549042105e-05, 5.06691794726e-05, 2.03411254915e-05, 1.13728287943e-06, 1.46320633121e-06, 3.73421335098e-06, 5.60932176086e-06, 1.92091101781e-06, 1.45262322349e-06, 6.04105252933e-07, 6.17969249106e-07, 3.01957243209e-07, 1.24011319258e-06, 4.64427662994e-10, 1.26776427897e-11, 1.75631416962e-12, 2.04344936697e-13, 2.31278416015e-14, 2.35799085912e-15, 4.71500678331e-16, 1.36924247982e-11]
    },
    "erbbands": {
        "dmean": [2.65978487732e-05, 0.000329597009113, 0.00227527623065, 0.00408371211961, 0.0439622551203, 0.50170648098, 3.56121897697, 13.8444490433, 29.6156139374, 52.5513839722, 73.1267852783, 44.3882064819, 17.3943462372, 14.986366272, 21.2040939331, 29.5939159393, 40.0613746643, 30.6172599792, 21.7576236725, 18.1677322388, 20.2780418396, 20.673664093, 9.10178852081, 13.0461101532, 8.04819583893, 0.497237354517, 0.0604997389019, 0.0282740052789, 0.0139161953703, 0.00711627863348, 0.00325911375694, 0.00146952818613, 0.000632246956229, 0.00025475610164, 8.57596678543e-05, 3.85768726119e-05, 1.94448311959e-05, 3.3129897929e-05, 0.000201838280191, 0.000105991384771],
        "dmean2": [4.74060034321e-05, 0.000570298172534, 0.00380194769241, 0.00657816231251, 0.0632137954235, 0.706833899021, 5.08820295334, 20.8009395599, 45.2412452698, 81.4691696167, 109.947395325, 64.0160598755, 25.0203342438, 22.3362922668, 32.2852668762, 45.7203102112, 59.4468536377, 45.5580635071, 32.8730201721, 28.232416153, 31.8086452484, 32.327003479, 14.2870197296, 20.5294189453, 12.8019590378, 0.790299475193, 0.0974639207125, 0.0465412586927, 0.022889867425, 0.0120225055143, 0.0055637806654, 0.00250132614747, 0.00103196571581, 0.000402500765631, 0.000131950408104, 5.9129892179e-05, 3.05844732793e-05, 5.20400717505e-05, 0.000339589547366, 0.000183794429176],
        "dvar": [2.5931766956e-08, 2.58356317318e-06, 0.000133178982651, 0.000249284494203, 0.00600359356031, 1.81484472752, 104.768173218, 757.582336426, 2763.08837891, 7295.49853516, 15022.9785156, 6738.49609375, 1074.56884766, 1011.19573975, 2745.04516602, 4668.05517578, 7246.99169922, 4305.37890625, 3302.78442383, 1489.45727539, 1296.07751465, 1259.1171875, 559.002319336, 3543.83447266, 1125.92504883, 3.28404378891, 0.0364023707807, 0.0115082254633, 0.00288002355956, 0.000687769555952, 0.000151891814312, 2.41945854214e-05, 3.90037621401e-06, 5.24464212504e-07, 4.69237093625e-08, 5.61194468673e-09, 1.56373869409e-09, 4.03047861752e-09, 3.36105543397e-08, 1.0909798398e-08],
        "dvar2": [7.56234754817e-08, 7.2476045716e-06, 0.000338903657394, 0.00065479206387, 0.0117755867541, 3.22158622742, 192.120635986, 1542.69360352, 5632.96191406, 15802.4003906, 30446.1582031, 12390.5800781, 2211.69799805, 2223.12280273, 6400.02783203, 11090.0830078, 14292.4375, 8982.78808594, 7051.73144531, 3517.42114258, 3142.46606445, 2858.72680664, 1294.55224609, 8367.75878906, 2558.37890625, 7.36030387878, 0.0823947414756, 0.0271906573325, 0.00671422900632, 0.00162338628434, 0.000380905461498, 6.17503756075e-05, 9.02178908291e-06, 1.10969699563e-06, 9.69953433128e-08, 1.24069741148e-08, 3.59561425078e-09, 8.48033465672e-09, 9.31559611672e-08, 3.08961602968e-08],
        "max": [0.00423387112096, 0.02995586209, 0.254182010889, 0.291512817144, 1.07684063911, 34.4872512817, 363.797729492, 410.422485352, 780.507629395, 1088.55639648, 1282.23132324, 955.719055176, 471.16696167, 567.371887207, 832.471008301, 1085.57702637, 1361.33764648, 838.137878418, 1015.94885254, 560.734436035, 523.906066895, 517.446105957, 487.261627197, 983.443359375, 674.624389648, 29.7030487061, 4.16122913361, 2.26343846321, 1.0943557024, 0.36824002862, 0.213720560074, 0.0741046145558, 0.0414664931595, 0.0148777849972, 0.00350177846849, 0.00122680352069, 0.000564528570976, 0.00103463209234, 0.00211593345739, 0.00133357313462],
        "mean": [2.03141826205e-05, 0.000246095965849, 0.00186228717212, 0.0044442540966, 0.0685135647655, 0.753012299538, 4.80493021011, 17.9579639435, 36.8514518738, 67.1632843018, 88.9771194458, 53.4463691711, 20.3793792725, 17.3692836761, 23.6871070862, 32.197429657, 45.2004890442, 33.6421508789, 24.3822383881, 20.7758235931, 26.2385253906, 25.5583572388, 9.92280101776, 12.1626958847, 7.31761360168, 0.452288687229, 0.0510979220271, 0.022662024945, 0.0113853951916, 0.00583534454927, 0.00273539451882, 0.00130322901532, 0.000609743408859, 0.000288579321932, 0.00012623576913, 6.30000504316e-05, 2.71510743914e-05, 9.66008155956e-05, 0.00123265129514, 0.000704657810275],
        "median": [1.85621775017e-06, 8.609188626e-06, 6.74550392432e-05, 0.00141457235441, 0.025911424309, 0.283759772778, 2.04732179642, 5.89492607117, 10.8174562454, 13.1898393631, 6.98611164093, 3.87337183952, 2.68954086304, 2.5317530632, 2.59079933167, 2.44354271889, 3.24804019928, 3.79959821701, 3.91607475281, 4.90352725983, 9.14737701416, 8.64734649658, 2.73378610611, 1.32277071476, 0.493823826313, 0.0380665287375, 0.00377974053845, 0.00116676778998, 0.000615995959379, 0.000268468866125, 0.000173015607288, 0.000131020860863, 0.000102264471934, 8.11848876765e-05, 5.81236163271e-05, 3.36699195032e-05, 1.29786367324e-05, 8.69579816936e-05, 0.00128610339016, 0.000700993987266],
        "min": [3.20446642312e-12, 1.21370587192e-11, 1.28525121101e-10, 4.7201181852e-10, 5.68308289317e-10, 2.16850787327e-10, 3.12158160432e-10, 9.86362991284e-10, 4.30638769089e-09, 1.60663971016e-09, 7.61751461908e-09, 2.26046559249e-08, 5.97581859552e-08, 1.09361216971e-07, 1.26375581999e-07, 1.01754970672e-07, 4.18989003492e-08, 3.82069060834e-08, 5.50524106302e-08, 2.39140653946e-08, 3.02172082911e-07, 3.26340455103e-07, 1.49324492327e-07, 2.7484654197e-07, 1.57267294298e-07, 8.6303145963e-08, 8.02365534014e-08, 1.17391394383e-07, 1.25580797317e-07, 9.57235783972e-08, 1.60706591146e-07, 1.71065565269e-07, 1.129459406e-07, 1.26921264609e-07, 1.16013275431e-07, 7.42291561551e-08, 7.00152682498e-08, 8.89045637109e-08, 1.63256729024e-07, 2.78877561044e-08],
        "var": [1.46664911327e-08, 1.70454256931e-06, 0.000115824266686, 0.000215441148612, 0.0124359764159, 3.32758784294, 155.778152466, 1153.39477539, 4320.54345703, 11909.453125, 24728.40625, 11552.7568359, 1634.81604004, 1412.8894043, 3409.1574707, 5726.73974609, 10726.3544922, 6176.95605469, 4852.54443359, 1965.6829834, 1826.23901367, 1904.37414551, 627.730102539, 3498.11010742, 1166.74719238, 3.39700007439, 0.0371033772826, 0.0107926949859, 0.00277971895412, 0.000655144220218, 0.000129442531033, 2.15263971768e-05, 4.13754969486e-06, 6.41906353849e-07, 6.04832877116e-08, 7.41764738521e-09, 1.85500426131e-09, 5.43970823941e-09, 4.89050719921e-08, 1.20956400451e-08]
    },
    "gfcc": {
        "mean": [-210.612991333, 104.813903809, -191.700164795, -92.1558914185, -21.5400028229, -84.0056152344, -40.4582901001, -15.9357595444, 3.65917754173, -20.9348831177, 16.1642456055, -7.45831108093, 2.82789349556],
        "cov": [[11240.5722656, 4639.40527344, -2573.14013672, -783.165649414, -1280.83093262, -359.332183838, -425.504272461, 107.511756897, -25.8470344543, 163.834289551, -142.190124512, -149.826873779, -546.808654785], [4639.40527344, 3293.49829102, -316.235198975, -968.403503418, -784.327026367, -362.386322021, -406.674591064, -98.6765060425, -79.0781478882, -95.6458511353, -99.4573669434, -32.3214874268, -211.11567688], [-2573.14013672, -316.235198975, 1596.36108398, 146.343505859, -45.1341667175, 109.182899475, -29.2108821869, -174.157287598, 21.5920276642, -134.311752319, -88.8459014893, 60.6676597595, 156.877563477], [-783.165649414, -968.403503418, 146.343505859, 764.293029785, 215.938598633, -40.0015258789, 18.7339744568, 9.65117549896, -6.10663986206, 43.7346611023, -0.497282773256, 7.98490619659, 66.3653717041], [-1280.83093262, -784.327026367, -45.1341667175, 215.938598633, 413.911254883, -18.9933433533, -11.4860992432, 2.86422872543, 5.17646551132, 27.7640972137, 55.9361305237, -0.088550940156, 61.6865005493], [-359.332183838, -362.386322021, 109.182899475, -40.0015258789, -18.9933433533, 609.205993652, 258.835845947, -0.675506174564, 157.899185181, 74.2360992432, -59.3880958557, -22.7793159485, -26.256860733], [-425.504272461, -406.674591064, -29.2108821869, 18.7339744568, -11.4860992432, 258.835845947, 354.69128418, 126.734069824, -22.3828144073, 9.49356365204, 41.6209869385, 11.7084569931, -11.6183815002], [107.511756897, -98.6765060425, -174.157287598, 9.65117549896, 2.86422872543, -0.675506174564, 126.734069824, 156.388565063, 6.28525924683, -4.12972164154, 32.6583442688, 16.4281902313, -11.1720256805], [-25.8470344543, -79.0781478882, 21.5920276642, -6.10663986206, 5.17646551132, 157.899185181, -22.3828144073, 6.28525924683, 179.756149292, 70.1957473755, -58.0726661682, -20.9912452698, 2.32059311867], [163.834289551, -95.6458511353, -134.311752319, 43.7346611023, 27.7640972137, 74.2360992432, 9.49356365204, -4.12972164154, 70.1957473755, 125.270637512, 20.7058982849, -43.9981956482, -26.398727417], [-142.190124512, -99.4573669434, -88.8459014893, -0.497282773256, 55.9361305237, -59.3880958557, 41.6209869385, 32.6583442688, -58.0726661682, 20.7058982849, 106.094154358, 21.966840744, -12.5634002686], [-149.826873779, -32.3214874268, 60.6676597595, 7.98490619659, -0.088550940156, -22.7793159485, 11.7084569931, 16.4281902313, -20.9912452698, -43.9981956482, 21.966840744, 77.3331985474, 29.5861129761], [-546.808654785, -211.11567688, 156.877563477, 66.3653717041, 61.6865005493, -26.256860733, -11.6183815002, -11.1720256805, 2.32059311867, -26.398727417, -12.5634002686, 29.5861129761, 86.5331497192]],
        "icov": [[0.0047979359515, -0.00669200019911, 0.00727219693363, -0.00690188631415, 0.00624338025227, -0.00357246771455, 0.0022643331904, -0.00119560584426, 0.000913494848646, -0.00161729066167, 0.0015223704977, -0.00102713995147, 0.000770638464019], [-0.00669200019911, 0.0108570717275, -0.0101599423215, 0.0109213972464, -0.0068041482009, 0.00486828899011, -0.000824873161037, 0.000398738397053, 0.000579723855481, 0.00119828153402, -0.000745167490095, 0.00074081303319, 0.000500941998325], [0.00727219693363, -0.0101599423215, 0.0122401323169, -0.0109185939655, 0.0101026277989, -0.00532202329487, 0.00257206754759, 0.000503991672304, -0.000500296649989, 0.000201851973543, 0.000695009715855, -0.000651228590868, -0.00065802782774], [-0.00690188631415, 0.0109213972464, -0.0109185939655, 0.0130358999595, -0.00866330042481, 0.00544647220522, -0.00147506827489, -0.000368681561667, 0.00208422169089, -0.00180358951911, 0.00192528858315, -0.00084126443835, 0.000372169131879], [0.00624338025227, -0.0068041482009, 0.0101026277989, -0.00866330042481, 0.0149487107992, -0.00585080357268, 0.00693743303418, -0.00262578367256, 0.00170868169516, -0.000377533666324, -0.00216206163168, 0.00151758058928, -0.00165191281121], [-0.00357246771455, 0.00486828899011, -0.00532202329487, 0.00544647220522, -0.00585080357268, 0.0107059264556, -0.0113074481487, 0.0090737529099, -0.00898230075836, 0.00189549231436, 0.0014667888172, -0.00140397017822, 0.00335860927589], [0.0022643331904, -0.000824873161037, 0.00257206754759, -0.00147506827489, 0.00693743303418, -0.0113074481487, 0.0203463174403, -0.0168698374182, 0.0151964975521, -0.00611618999392, 0.000948654371314, 0.000218225395656, -0.00126863049809], [-0.00119560584426, 0.000398738397053, 0.000503991672304, -0.000368681561667, -0.00262578367256, 0.0090737529099, -0.0168698374182, 0.024256343022, -0.0175253525376, 0.0113199427724, -0.00708773033693, 0.000934124866035, 0.000853420526255], [0.000913494848646, 0.000579723855481, -0.000500296649989, 0.00208422169089, 0.00170868169516, -0.00898230075836, 0.0151964975521, -0.0175253525376, 0.0284250602126, -0.019805861637, 0.0158063638955, -0.00718000810593, 0.000274738122243], [-0.00161729066167, 0.00119828153402, 0.000201851973543, -0.00180358951911, -0.000377533666324, 0.00189549231436, -0.00611618999392, 0.0113199427724, -0.019805861637, 0.0313060469925, -0.0214367117733, 0.0162988696247, -0.00339771294966], [0.0015223704977, -0.000745167490095, 0.000695009715855, 0.00192528858315, -0.00216206163168, 0.0014667888172, 0.000948654371314, -0.00708773033693, 0.0158063638955, -0.0214367117733, 0.0327363051474, -0.0173376388848, 0.00998110324144], [-0.00102713995147, 0.00074081303319, -0.000651228590868, -0.00084126443835, 0.00151758058928, -0.00140397017822, 0.000218225395656, 0.000934124866035, -0.00718000810593, 0.0162988696247, -0.0173376388848, 0.0276738069952, -0.0110294520855], [0.000770638464019, 0.000500941998325, -0.00065802782774, 0.000372169131879, -0.00165191281121, 0.00335860927589, -0.00126863049809, 0.000853420526255, 0.000274738122243, -0.00339771294966, 0.00998110324144, -0.0110294520855, 0.0248684324324]]
    },
    "melbands": {
        "dmean": [2.86016955897e-07, 9.25412166453e-07, 1.09422853711e-06, 1.47114787978e-05, 0.000101224468381, 0.00030434911605, 0.000477865512948, 0.000605147273745, 0.000571081764065, 0.000249733653618, 8.11402569525e-05, 5.89509909332e-05, 6.53326133033e-05, 7.94142033556e-05, 8.49575953907e-05, 8.87008354766e-05, 5.56530721951e-05, 3.69210720237e-05, 2.73582445516e-05, 2.48760152317e-05, 2.52725330938e-05, 2.45919836743e-05, 1.22227065731e-05, 6.88857653586e-06, 1.15684952107e-05, 9.37117692956e-06, 1.44438718053e-06, 5.38331192956e-08, 2.99923748059e-08, 2.12186357373e-08, 1.3684591238e-08, 8.32626678715e-09, 5.2888848856e-09, 3.31374683249e-09, 1.99422034441e-09, 1.23651189288e-09, 7.59318385946e-10, 4.75119887877e-10, 2.96122321108e-10, 1.79855991211e-10],
        "dmean2": [5.05526145389e-07, 1.55059751705e-06, 1.70305224856e-06, 2.05811884371e-05, 0.000144836842082, 0.000458632712252, 0.000728301820345, 0.000941413687542, 0.00085819180822, 0.000363175960956, 0.000118203504826, 8.83140382939e-05, 9.96967792162e-05, 0.000124824451632, 0.000128992483951, 0.000133433961309, 8.4444109234e-05, 5.65876798646e-05, 4.35650763393e-05, 3.95534880226e-05, 3.96880350308e-05, 3.88634034607e-05, 1.9841862013e-05, 1.09826514745e-05, 1.82700860023e-05, 1.50607729665e-05, 2.34465414906e-06, 9.22417910942e-08, 4.88671574317e-08, 3.58127714151e-08, 2.28597549778e-08, 1.37685089996e-08, 8.91620821619e-09, 5.6602642573e-09, 3.42402128872e-09, 2.11883199874e-09, 1.3035411639e-09, 7.87829468329e-10, 4.76788719617e-10, 2.88123386261e-10],
        "dvar": [2.4486198659e-12, 2.14673036292e-11, 9.6251166759e-12, 1.40114375657e-09, 7.6530916715e-08, 3.54001144842e-07, 6.50128356483e-07, 9.3643643595e-07, 9.30162002533e-07, 2.24387619596e-07, 2.45366305052e-08, 1.57270250156e-08, 2.54720404769e-08, 4.11528660038e-08, 3.49608733075e-08, 4.06051370305e-08, 1.68063891692e-08, 9.8546717453e-09, 5.06513364584e-09, 2.67712674251e-09, 1.91670168626e-09, 1.71615621714e-09, 1.02857400375e-09, 7.04515390471e-10, 3.12883807752e-09, 1.66978797456e-09, 4.03636325752e-11, 3.06246015689e-14, 1.43477792852e-14, 8.06523088332e-15, 2.93531136355e-15, 1.10553607369e-15, 4.44412458799e-16, 1.56636442805e-16, 6.25839623676e-17, 2.01839762243e-17, 6.50462945899e-18, 2.65252648092e-18, 7.3553504944e-19, 3.16399298488e-19],
        "dvar2": [7.02652129189e-12, 5.56368527638e-11, 2.38534452607e-11, 2.55033238972e-09, 1.38404743666e-07, 7.20561217804e-07, 1.33529181312e-06, 1.96714813683e-06, 1.82948576821e-06, 4.11885736185e-07, 5.20939238413e-08, 3.41766579481e-08, 5.80200882894e-08, 1.02232220911e-07, 7.48021022901e-08, 7.89957610436e-08, 3.73900306272e-08, 2.11549693319e-08, 1.20719265695e-08, 6.74523326083e-09, 4.63292337827e-09, 3.87448917394e-09, 2.47141840326e-09, 1.6896082311e-09, 7.57352225378e-09, 3.79413389595e-09, 9.28737572958e-11, 7.84062010738e-14, 3.21702943961e-14, 1.91941562199e-14, 7.01820625744e-15, 2.61258863427e-15, 1.04371992684e-15, 3.7822895713e-16, 1.57178636536e-16, 5.19810223096e-17, 1.67301232812e-17, 6.30810458034e-18, 1.66756199371e-18, 6.77267568213e-19],
        "max": [3.77657925128e-05, 9.49953973759e-05, 4.94199775858e-05, 0.000974885188043, 0.00934541318566, 0.00823456607759, 0.0111209219322, 0.0122649921104, 0.0101061724126, 0.00514122657478, 0.00213113077916, 0.00225678621791, 0.00241461303085, 0.00264366110787, 0.00207595690154, 0.00327761447988, 0.0017487272853, 0.00172640313394, 0.00111373316031, 0.000586084206589, 0.000675156596117, 0.000575368467253, 0.000588701863308, 0.000577003520448, 0.000972474983428, 0.000763925141655, 0.000116811912449, 3.34821197612e-06, 2.8534896046e-06, 1.81427662937e-06, 1.11784675028e-06, 6.78074798088e-07, 3.60529043064e-07, 1.97905166033e-07, 1.31332328124e-07, 8.42489029651e-08, 3.09746432947e-08, 3.82939298049e-08, 1.54687214149e-08, 1.21120748986e-08],
        "mean": [2.21480064511e-07, 7.37087077596e-07, 1.25673250295e-06, 2.11208243854e-05, 0.000139525698614, 0.000401166267693, 0.000596027646679, 0.000782337912824, 0.000704524165485, 0.00029738919693, 9.26067150431e-05, 6.77988791722e-05, 7.27502265363e-05, 8.45452959766e-05, 9.25171116251e-05, 9.72560083028e-05, 5.77022256039e-05, 3.91849280277e-05, 3.00795527437e-05, 2.75581878668e-05, 3.16265759466e-05, 2.97233673336e-05, 1.3039816622e-05, 6.80942275721e-06, 1.03601141745e-05, 8.5199935711e-06, 1.25837857468e-06, 4.34402878113e-08, 2.39878250596e-08, 1.64503290989e-08, 1.06693160973e-08, 6.67664457055e-09, 4.24402868404e-09, 2.71744826641e-09, 1.6320975682e-09, 1.04242803278e-09, 6.65943356015e-10, 4.33523661414e-10, 3.00529406916e-10, 2.01355057627e-10],
        "median": [1.23868257873e-08, 7.86716380929e-09, 2.80538017705e-07, 5.68184077565e-06, 6.26222754363e-05, 0.00013916316675, 0.000173733817064, 0.000130102067487, 4.77350695292e-05, 2.17197994061e-05, 1.26787881527e-05, 9.61115529208e-06, 8.6001073214e-06, 6.61096146359e-06, 5.57168095838e-06, 6.50283118375e-06, 6.45606905891e-06, 5.48793377675e-06, 5.48039679416e-06, 6.86965449859e-06, 9.82319852483e-06, 8.93332435226e-06, 3.11872463499e-06, 1.33952846681e-06, 9.21490709516e-07, 5.08030154833e-07, 7.01166058548e-08, 3.20806892162e-09, 1.13439990734e-09, 5.76276470987e-10, 4.09736300444e-10, 3.14561571235e-10, 1.58054944133e-10, 1.09554136596e-10, 8.84662482159e-11, 7.61560536855e-11, 6.78635342366e-11, 6.21834250758e-11, 6.27597418479e-11, 5.89154003361e-11],
        "min": [3.78770941749e-14, 5.92369171293e-14, 9.32480682296e-14, 2.5679243752e-14, 1.00244714534e-14, 2.32928232908e-14, 5.8432405236e-14, 1.93611284367e-14, 7.13885873159e-14, 1.46036530308e-13, 2.90462044607e-13, 4.24229173925e-13, 3.66483454911e-13, 4.52887212324e-13, 1.26847723948e-13, 7.53105192683e-14, 7.86994642089e-14, 1.17231094623e-13, 3.03031491772e-14, 1.32303878207e-14, 4.95283718552e-13, 4.05039147838e-13, 1.74769270236e-13, 1.40101404328e-13, 9.85724156921e-14, 1.56093291504e-13, 5.00177800382e-14, 5.88075120826e-14, 4.77656447923e-14, 5.37753130599e-14, 7.64717336763e-14, 7.7923473609e-14, 6.02749051842e-14, 5.34607013064e-14, 9.39779260271e-14, 1.10738282151e-13, 9.88506287459e-14, 7.40124378885e-14, 1.04135355395e-13, 9.9141784463e-14],
        "var": [1.47066820527e-12, 1.79963249164e-11, 9.71269939476e-12, 2.68829625227e-09, 1.19089413886e-07, 5.43422856936e-07, 1.0382086657e-06, 1.61199500326e-06, 1.57850286087e-06, 3.78122138045e-07, 3.57628557879e-08, 2.2050054227e-08, 3.19801074511e-08, 4.70855709978e-08, 4.64268268274e-08, 5.80514836201e-08, 2.16713278434e-08, 1.37743620954e-08, 6.60408927544e-09, 2.96180502346e-09, 2.78089995476e-09, 2.61145460811e-09, 1.10593745273e-09, 6.76102562824e-10, 2.93384294636e-09, 1.75275050029e-09, 3.90445835385e-11, 2.46861416671e-14, 1.45572064873e-14, 7.34992595892e-15, 2.69942602851e-15, 1.03967905028e-15, 4.21635504619e-16, 1.43095932929e-16, 5.22374317558e-17, 1.72126359305e-17, 5.71357430533e-18, 2.65480639749e-18, 8.24212998708e-19, 3.72774810859e-19]
    },
    "mfcc": {
        "mean": [-837.651184082, 169.050216675, -95.9407424927, -37.3762550354, -3.2824857235, -59.0576820374, -42.2803649902, -13.1361370087, -26.2161712646, -13.4032115936, 0.794650614262, -4.32047367096, 3.37240624428],
        "cov": [[9996.30664062, 4855.62988281, -2455.46801758, -788.694763184, -797.028320312, -1052.13513184, -546.337341309, -272.592041016, -460.88180542, -9.19353866577, 196.709335327, 87.5460662842, 61.3096885681], [4855.62988281, 3470.08325195, -509.748718262, -839.676025391, -565.61315918, -691.265686035, -518.149963379, -235.552352905, -304.29498291, -256.282745361, -43.3715744019, 60.8802452087, 43.5087127686], [-2455.46801758, -509.748718262, 1733.36413574, 133.797348022, -127.382904053, 392.429473877, -53.9629821777, -20.9819889069, 213.939727783, -200.941848755, -225.426528931, 72.6684799194, -23.9390869141], [-788.694763184, -839.676025391, 133.797348022, 685.860717773, 243.712417603, -21.6915054321, 57.2288475037, -2.73900961876, -25.6381282806, 32.9782066345, -53.8370437622, -90.4309234619, 2.66617798805], [-797.028320312, -565.61315918, -127.382904053, 243.712417603, 400.707672119, 23.1459159851, -61.9165611267, -59.8486671448, -38.501499176, 39.7521057129, 0.396539360285, -80.837638855, -20.0421657562], [-1052.13513184, -691.265686035, 392.429473877, -21.6915054321, 23.1459159851, 600.273193359, 154.857757568, 14.5313835144, 263.289245605, 113.658828735, 40.816116333, 114.829292297, -33.9519462585], [-546.337341309, -518.149963379, -53.9629821777, 57.2288475037, -61.9165611267, 154.857757568, 363.912658691, 180.822662354, 49.624912262, 90.4563674927, 75.4262161255, 36.2268486023, 36.08045578], [-272.592041016, -235.552352905, -20.9819889069, -2.73900961876, -59.8486671448, 14.5313835144, 180.822662354, 213.300842285, 74.6142883301, 0.178853318095, 28.5217990875, 34.8389778137, 26.9743480682], [-460.88180542, -304.29498291, 213.939727783, -25.6381282806, -38.501499176, 263.289245605, 49.624912262, 74.6142883301, 260.091918945, 88.9524917603, 1.98069262505, 71.2512207031, -7.25732564926], [-9.19353866577, -256.282745361, -200.941848755, 32.9782066345, 39.7521057129, 113.658828735, 90.4563674927, 0.178853318095, 88.9524917603, 207.485916138, 102.008178711, 1.66146636009, 1.90162062645], [196.709335327, -43.3715744019, -225.426528931, -53.8370437622, 0.396539360285, 40.816116333, 75.4262161255, 28.5217990875, 1.98069262505, 102.008178711, 146.932571411, 47.8442802429, -11.9833707809], [87.5460662842, 60.8802452087, 72.6684799194, -90.4309234619, -80.837638855, 114.829292297, 36.2268486023, 34.8389778137, 71.2512207031, 1.66146636009, 47.8442802429, 122.085411072, 18.2284564972], [61.3096885681, 43.5087127686, -23.9390869141, 2.66617798805, -20.0421657562, -33.9519462585, 36.08045578, 26.9743480682, -7.25732564926, 1.90162062645, -11.9833707809, 18.2284564972, 83.2500839233]],
