{
"lowlevel": {
    "average_loudness": 0.969502329826,
    "barkbands_crest": {
        "dmean": 3.46678185463,
        "dmean2": 5.7904586792,
        "dvar": 10.5516748428,
        "dvar2": 26.7887039185,
        "max": 26.8432674408,
        "mean": 10.8202981949,
        "median": 9.8069486618,
        "min": 3.1466755867,
        "var": 19.3095836639
    },
    "barkbands_flatness_db": {
        "dmean": 0.0414554066956,
        "dmean2": 0.0651509463787,
        "dvar": 0.00137580186129,
        "dvar2": 0.00295419176109,
        "max": 0.457673430443,
        "mean": 0.267508268356,
        "median": 0.268996298313,
        "min": 0.11049194634,
        "var": 0.00347531866282
    },
    "barkbands_kurtosis": {
        "dmean": 5.17835998535,
        "dmean2": 8.80432510376,
        "dvar": 70.4942703247,
        "dvar2": 171.136627197,
        "max": 205.589355469,
        "mean": 5.02042245865,
        "median": 1.08271050453,
        "min": -1.94060206413,
        "var": 254.389984131
    },
    "barkbands_skewness": {
        "dmean": 1.04543805122,
        "dmean2": 1.68985271454,
        "dvar": 1.2128726244,
        "dvar2": 2.91071557999,
        "max": 7.71746492386,
        "mean": 0.869726598263,
        "median": 0.868138432503,
        "min": -14.3392925262,
        "var": 3.44075345993
    },
    "barkbands_spread": {
        "dmean": 10.6778650284,
        "dmean2": 17.5818309784,
        "dvar": 233.992553711,
        "dvar2": 552.276672363,
        "max": 143.199737549,
        "mean": 19.3702526093,
        "median": 12.4167108536,
        "min": 0.824578881264,
        "var": 367.35369873
    },
    "dissonance": {
        "dmean": 0.0268739275634,
        "dmean2": 0.0432468131185,
        "dvar": 0.00104924640618,
        "dvar2": 0.00254093226977,
        "max": 0.500000178814,
        "mean": 0.451690793037,
        "median": 0.462983429432,
        "min": 0.18685734272,
        "var": 0.00201552314684
    },
    "dynamic_complexity": 4.70293235779,
    "erbbands_crest": {
        "dmean": 3.30186605453,
        "dmean2": 5.55596780777,
        "dvar": 9.1389093399,
        "dvar2": 24.132358551,
        "max": 28.0305137634,
        "mean": 10.9273271561,
        "median": 10.2096290588,
        "min": 3.18732142448,
        "var": 14.6155109406
    },
    "erbbands_flatness_db": {
        "dmean": 0.045819375664,
        "dmean2": 0.070718511939,
        "dvar": 0.00205538375303,
        "dvar2": 0.00443213060498,
        "max": 0.492946028709,
        "mean": 0.337379604578,
        "median": 0.351836442947,
        "min": 0.0188564229757,
        "var": 0.00523382658139
    },
    "erbbands_kurtosis": {
        "dmean": 2.39267253876,
        "dmean2": 3.99900913239,
        "dvar": 19.9584217072,
        "dvar2": 49.8524627686,
        "max": 87.2477416992,
        "mean": 1.19210660458,
        "median": -0.291006803513,
        "min": -1.85981583595,
        "var": 20.3674068451
    },
    "erbbands_skewness": {
        "dmean": 0.787860691547,
        "dmean2": 1.23799204826,
        "dvar": 0.719410777092,
        "dvar2": 1.65941798687,
        "max": 4.96995782852,
        "mean": -0.146482154727,
        "median": -0.00667158327997,
        "min": -7.13452625275,
        "var": 1.4018522501
    },
    "erbbands_spread": {
        "dmean": 6.95867204666,
        "dmean2": 11.3947429657,
        "dvar": 69.5663375854,
        "dvar2": 173.637023926,
        "max": 140.170547485,
        "mean": 18.753408432,
        "median": 16.259469986,
        "min": 0.713322162628,
        "var": 159.565216064
    },
    "hfc": {
        "dmean": 11.2120628357,
        "dmean2": 16.1637897491,
        "dvar": 169.058303833,
        "dvar2": 322.698516846,
        "max": 77.8480682373,
        "mean": 15.8307209015,
        "median": 6.64291572571,
        "min": 2.61974059867e-06,
        "var": 334.164886475
    },
    "melbands_crest": {
        "dmean": 4.02467250824,
        "dmean2": 6.56691741943,
        "dvar": 12.073141098,
        "dvar2": 29.4281196594,
        "max": 31.5561676025,
        "mean": 12.5761966705,
        "median": 11.8908691406,
        "min": 3.11475491524,
        "var": 24.4259490967
    },
    "melbands_flatness_db": {
        "dmean": 0.0549034886062,
        "dmean2": 0.0845633819699,
        "dvar": 0.00246619200334,
        "dvar2": 0.00511502567679,
        "max": 0.544471800327,
        "mean": 0.323850512505,
        "median": 0.326895266771,
        "min": 0.0205311719328,
        "var": 0.00670466152951
    },
    "melbands_kurtosis": {
        "dmean": 4.6653676033,
        "dmean2": 7.93276357651,
        "dvar": 68.0638885498,
        "dvar2": 178.583831787,
        "max": 117.955963135,
        "mean": 3.8235013485,
        "median": 1.33648848534,
        "min": -1.9224395752,
        "var": 68.9828186035
    },
    "melbands_skewness": {
        "dmean": 1.00486671925,
        "dmean2": 1.59224963188,
        "dvar": 1.28040111065,
        "dvar2": 3.01734542847,
        "max": 9.06640815735,
        "mean": 1.25921559334,
        "median": 1.26276874542,
        "min": -6.2933049202,
        "var": 2.15963029861
    },
    "melbands_spread": {
        "dmean": 9.57971477509,
        "dmean2": 15.9121141434,
        "dvar": 140.709213257,
        "dvar2": 367.780914307,
        "max": 115.938743591,
        "mean": 19.8610439301,
        "median": 15.6360092163,
        "min": 1.35631763935,
        "var": 204.407363892
    },
    "pitch_salience": {
        "dmean": 0.0927962735295,
        "dmean2": 0.147879078984,
        "dvar": 0.0100614121184,
        "dvar2": 0.0238243471831,
        "max": 0.949795722961,
        "mean": 0.699156999588,
        "median": 0.731959223747,
        "min": 0.197101697326,
        "var": 0.0215610582381
    },
    "silence_rate_20dB": {
        "dmean": 0,
        "dmean2": 0,
        "dvar": 0,
        "dvar2": 0,
        "max": 1,
        "mean": 1,
        "median": 1,
        "min": 1,
        "var": 0
    },
    "silence_rate_30dB": {
        "dmean": 0,
        "dmean2": 0,
        "dvar": 0,
        "dvar2": 0,
        "max": 1,
        "mean": 1,
        "median": 1,
        "min": 1,
        "var": 0
    },
    "silence_rate_60dB": {
        "dmean": 0.205804750323,
        "dmean2": 0.411764711142,
        "dvar": 0.163450658321,
        "dvar2": 0.295758932829,
        "max": 1,
        "mean": 0.348907321692,
        "median": 0,
        "min": 0,
        "var": 0.227173879743
    },
    "spectral_centroid": {
        "dmean": 399.644775391,
        "dmean2": 630.125305176,
        "dvar": 232189.703125,
        "dvar2": 435950.4375,
        "max": 4484.03271484,
        "mean": 1307.59558105,
        "median": 1087.05126953,
        "min": 328.087310791,
        "var": 473405.84375
    },
    "spectral_complexity": {
        "dmean": 5.33735370636,
        "dmean2": 7.4291100502,
        "dvar": 28.1828613281,
        "dvar2": 42.5310821533,
        "max": 38,
        "mean": 11.5459680557,
        "median": 11,
        "min": 0,
        "var": 85.5781860352
    },
    "spectral_decrease": {
        "dmean": 3.00020097654e-09,
        "dmean2": 4.3060865984e-09,
        "dvar": 1.2689154083e-17,
        "dvar2": 2.45589047056e-17,
        "max": 4.87620664333e-12,
        "mean": -4.11528189304e-09,
        "median": -1.62752933353e-09,
        "min": -2.33266046479e-08,
        "var": 2.40659199497e-17
    },
    "spectral_energy": {
        "dmean": 0.0123176574707,
        "dmean2": 0.0176729522645,
        "dvar": 0.000212456114241,
        "dvar2": 0.000410716602346,
        "max": 0.0948905050755,
        "mean": 0.0169678553939,
        "median": 0.00676482450217,
        "min": 1.61136090582e-10,
        "var": 0.000404649559641
    },
    "spectral_energyband_high": {
        "dmean": 1.09362335934e-05,
        "dmean2": 1.82582207344e-05,
        "dvar": 7.32018279326e-10,
        "dvar2": 1.87289517228e-09,
        "max": 0.000383288861485,
        "mean": 3.05366156681e-05,
        "median": 2.48245596595e-05,
        "min": 1.24203217156e-10,
        "var": 6.42176534171e-10
    },
    "spectral_energyband_low": {
        "dmean": 7.70665883465e-06,
        "dmean2": 1.31929764393e-05,
        "dvar": 1.35626987419e-09,
        "dvar2": 3.76231490407e-09,
        "max": 0.00105327845085,
        "mean": 8.83603570401e-06,
        "median": 3.11731724878e-07,
        "min": 6.54178181894e-14,
        "var": 2.91528312601e-09
    },
    "spectral_energyband_middle_high": {
        "dmean": 0.00485966401175,
        "dmean2": 0.00714538665488,
        "dvar": 3.59620207746e-05,
        "dvar2": 7.02992911101e-05,
        "max": 0.040025383234,
        "mean": 0.00633897678927,
        "median": 0.00207744166255,
        "min": 1.12577169809e-11,
        "var": 6.54309769743e-05
    },
    "spectral_energyband_middle_low": {
        "dmean": 0.00792065635324,
        "dmean2": 0.011462232098,
        "dvar": 9.11794559215e-05,
        "dvar2": 0.000178336675162,
        "max": 0.0583589226007,
        "mean": 0.0107028605416,
        "median": 0.00384995969944,
        "min": 1.53022494849e-12,
        "var": 0.000173477383214
    },
    "spectral_entropy": {
        "dmean": 0.278412282467,
        "dmean2": 0.433066308498,
        "dvar": 0.0687774047256,
        "dvar2": 0.1559356004,
        "max": 8.83731842041,
        "mean": 6.80770778656,
        "median": 6.8035993576,
        "min": 5.35092449188,
        "var": 0.189342394471
    },
    "spectral_flux": {
        "dmean": 0.0404193922877,
        "dmean2": 0.0660681277514,
        "dvar": 0.00164762337226,
        "dvar2": 0.00349894515239,
        "max": 0.255359888077,
        "mean": 0.0874115824699,
        "median": 0.0848568826914,
        "min": 7.97777611297e-05,
        "var": 0.00349740730599
    },
    "spectral_kurtosis": {
        "dmean": 19.508392334,
        "dmean2": 32.8419075012,
        "dvar": 325.844360352,
        "dvar2": 865.548156738,
        "max": 165.342987061,
        "mean": 41.9644126892,
        "median": 39.004486084,
        "min": 2.3458943367,
        "var": 553.41015625
    },
    "spectral_rms": {
        "dmean": 0.0015664602397,
        "dmean2": 0.00213723932393,
        "dvar": 2.38955112764e-06,
        "dvar2": 3.96751647713e-06,
        "max": 0.0096216481179,
        "mean": 0.0031904366333,
        "median": 0.00256901327521,
        "min": 3.96492055188e-07,
        "var": 6.37513676338e-06
    },
    "spectral_rolloff": {
        "dmean": 2232.28442383,
        "dmean2": 4268.65869141,
        "dvar": 26934990,
        "dvar2": 61150408,
        "max": 20025.8789062,
        "mean": 3971.14428711,
        "median": 1744.18945312,
        "min": 86.1328125,
        "var": 34401160
    },
    "spectral_skewness": {
        "dmean": 1.24739456177,
        "dmean2": 2.07672691345,
        "dvar": 1.15771484375,
        "dvar2": 3.05855107307,
        "max": 10.2954683304,
        "mean": 3.76255989075,
        "median": 3.65253615379,
        "min": 0.00959846563637,
        "var": 2.35650205612
    },
    "spectral_spread": {
        "dmean": 662115.3125,
        "dmean2": 1074578.5,
        "dvar": 1.09190859981e+12,
        "dvar2": 2.37269732557e+12,
        "max": 22705466,
        "mean": 1878753.5,
        "median": 1403370.75,
        "min": 490081.71875,
        "var": 4.26115098214e+12
    },
    "spectral_strongpeak": {
        "dmean": 0.999745488167,
        "dmean2": 1.7070068121,
        "dvar": 1.12043201923,
        "dvar2": 2.7941429615,
        "max": 5.72936201096,
        "mean": 1.4405144453,
        "median": 1.03127861023,
        "min": 0.00033151669777,
        "var": 1.53862190247
    },
    "zerocrossingrate": {
        "dmean": 0.0683621391654,
        "dmean2": 0.0758211314678,
        "dvar": 0.00733188400045,
        "dvar2": 0.00857558008283,
        "max": 0.861328125,
        "mean": 0.165926218033,
        "median": 0.0888671875,
        "min": 0.0224609375,
        "var": 0.0314294099808
    },
    "barkbands": {
        "dmean": [9.40797747262e-07, 5.19012701261e-06, 1.98268958229e-06, 1.58002205808e-06, 0.000148205275764, 0.00167069397867, 0.00320994947106, 0.00296726753004, 0.00156289967708, 0.000638042751234, 0.000537926040124, 0.000915225129575, 0.00137306295801, 0.000836766965222, 0.000621841812972, 0.000624973035883, 0.000331527204253, 0.000165569173987, 0.000123292615172, 6.36700497125e-06, 4.12618601331e-06, 1.46202455653e-06, 4.24629348572e-07, 1.55810141678e-07, 4.85764495295e-08, 1.65830424947e-08, 3.82610187444e-06],
        "dmean2": [1.57954832503e-06, 9.1294050435e-06, 3.44304089595e-06, 2.75576144304e-06, 0.000228133838391, 0.00261089531705, 0.00502594187856, 0.00455114571378, 0.00231988262385, 0.00098842359148, 0.000831852143165, 0.00140120275319, 0.00217713741586, 0.00130217068363, 0.000949342211243, 0.00094022549456, 0.000510103185661, 0.000263812777121, 0.000190437756828, 1.06357365439e-05, 6.95652306604e-06, 2.45481646743e-06, 7.30819124328e-07, 2.64711218279e-07, 8.00240300691e-08, 2.61976360605e-08, 6.52430435366e-06],
        "dvar": [2.0529763653e-11, 1.08385334041e-09, 4.30572383303e-11, 2.22283979417e-11, 1.2982823705e-07, 8.85187182575e-06, 2.58798972936e-05, 2.47205680353e-05, 1.09616630652e-05, 2.3892223453e-06, 1.65713049682e-06, 3.13532177643e-06, 6.7394744292e-06, 3.01346290144e-06, 1.61182254033e-06, 1.16222145152e-06, 5.57448629479e-07, 1.91023502794e-07, 1.05963032127e-07, 2.33924213333e-10, 2.00749278312e-10, 2.30221553627e-11, 1.81803714878e-12, 2.13555979541e-13, 1.2689816476e-14, 7.6601419291e-16, 1.74832544275e-11],
        "dvar2": [5.42455490249e-11, 3.15676906837e-09, 1.15843779014e-10, 6.03882152617e-11, 2.44949234229e-07, 1.86547749763e-05, 5.83587861911e-05, 5.36510087841e-05, 2.11389105971e-05, 5.46132287127e-06, 4.11593373428e-06, 7.03512705513e-06, 1.46912416312e-05, 6.58436420053e-06, 3.6955784708e-06, 2.32256752497e-06, 1.20826280181e-06, 4.26360230676e-07, 2.13888526446e-07, 5.79058689887e-10, 5.22490661847e-10, 5.94852569979e-11, 4.93032784737e-12, 5.47562646266e-13, 3.18744223995e-14, 1.73559835513e-15, 4.98910357472e-11],
        "max": [0.000117044437502, 0.000913154217415, 7.7817006968e-05, 6.68312713969e-05, 0.0108075840399, 0.0299448240548, 0.0432564429939, 0.0420284606516, 0.0443354807794, 0.0287401340902, 0.0230204686522, 0.0191780850291, 0.0200243350118, 0.0181828904897, 0.0132600162178, 0.0160463042557, 0.01038311515, 0.00740420306101, 0.00676104985178, 0.000178313872311, 0.000204248470254, 7.25038480596e-05, 2.17233136937e-05, 1.05654644358e-05, 1.13900307497e-06, 2.32556885749e-07, 6.59339566482e-05],
        "mean": [1.06459219751e-06, 5.9346702983e-06, 1.57390184086e-06, 1.28573901748e-06, 0.000212819009903, 0.00190650450531, 0.00344589725137, 0.00307323085144, 0.00181233941112, 0.000688467291184, 0.000556506449357, 0.000957332726102, 0.00137649627868, 0.000804194249213, 0.000642185041215, 0.000731947191525, 0.0004028363619, 0.000178390444489, 0.000134764704853, 5.30674196852e-06, 3.03917795463e-06, 1.12347640879e-06, 3.34925402967e-07, 1.29399623461e-07, 4.87463935883e-08, 2.00852294796e-08, 2.41139950958e-05],
        "median": [1.56232019322e-07, 9.01482906102e-08, 6.82162806243e-08, 1.66872652585e-07, 4.52180065622e-05, 0.000638559518848, 0.000708930543624, 0.000270573538728, 0.000148169085151, 7.29571038391e-05, 5.0601476687e-05, 6.92760950187e-05, 8.52493103594e-05, 8.46042894409e-05, 7.84761359682e-05, 0.000159498216817, 5.64514266443e-05, 2.24414998229e-05, 1.49255429278e-05, 3.73587340619e-07, 3.08857863729e-08, 1.81678529998e-08, 1.20223369038e-08, 1.06188489113e-08, 1.12644560346e-08, 5.40042144337e-09, 2.45326700679e-05],
        "min": [1.49100431437e-14, 2.10764226709e-14, 2.14939658682e-14, 3.28190470948e-14, 1.02314803765e-13, 4.04441616916e-13, 1.5434066514e-13, 1.95242151439e-13, 4.49570177093e-13, 3.5473005284e-13, 6.3630639657e-14, 6.93668646828e-13, 7.81177043625e-13, 8.88445350275e-13, 5.75680291198e-13, 1.39466086249e-12, 3.41303222663e-12, 2.35837629807e-12, 6.83228376219e-13, 7.06571357412e-13, 1.67079598854e-12, 1.56717759429e-12, 1.25755623363e-12, 3.78788493627e-12, 3.07101761556e-12, 1.23537161403e-11, 1.10932270314e-10],
        "var": [3.39935996019e-11, 1.99845007209e-09, 3.80284692625e-11, 1.8028020049e-11, 4.40199983132e-07, 1.19813294077e-05, 3.4884782508e-05, 3.35703080054e-05, 1.91172639461e-05, 3.08298467644e-06, 1.74118144969e-06, 4.13056750403e-06, 8.51178901939e-06, 3.4932327253e-06, 2.0186121219e-06, 1.86384386325e-06, 1.01825946786e-06, 2.58856971413e-07, 1.66301092008e-07, 2.06619277243e-10, 1.6108873957e-10, 1.93852798397e-11, 1.4147964484e-12, 1.81450245996e-13, 1.1769622752e-14, 1.07039182968e-15, 1.76576635258e-11]
    },
    "erbbands": {
        "dmean": [0.000206742479349, 0.000981553806923, 0.00222822022624, 0.00388206564821, 0.0258861910552, 0.508697867393, 4.10360050201, 17.6003036499, 39.7841758728, 59.801940918, 56.3700332642, 37.2189064026, 22.5502490997, 18.9542121887, 23.2847728729, 40.9069061279, 61.7268791199, 46.8870773315, 35.5401649475, 32.3589706421, 30.5185871124, 18.2666568756, 9.92819404602, 7.7579331398, 3.54690289497, 0.389018952847, 0.20912027359, 0.127181634307, 0.0597350113094, 0.0248571634293, 0.0105611598119, 0.00517221726477, 0.00166894227732, 0.000815306906588, 0.000225830008276, 7.49343380448e-05, 3.43315659848e-05, 2.64557365881e-05, 0.000216509637539, 0.000112880108645],
        "dmean2": [0.000364401523257, 0.00173525931314, 0.00381730659865, 0.00653890240937, 0.0402037240565, 0.749150693417, 6.24219036102, 27.3933258057, 62.1692695618, 92.5641479492, 84.249786377, 54.5914878845, 33.4157104492, 28.8877620697, 35.1731071472, 62.2390480042, 96.1595001221, 72.207244873, 53.2820091248, 48.9988594055, 45.3202514648, 27.8705043793, 15.7351560593, 11.9181547165, 5.54846096039, 0.629240453243, 0.350608795881, 0.215321496129, 0.10068076849, 0.0421547815204, 0.0183218363672, 0.00889175757766, 0.00285899755545, 0.00136200210545, 0.000359329482308, 0.000116038638225, 5.4500564147e-05, 4.27456361649e-05, 0.000358136225259, 0.000194556690985],
        "dvar": [2.82007385977e-06, 2.4914757887e-05, 5.54477483092e-05, 0.000102244739537, 0.00256999745034, 1.45500481129, 68.5349807739, 1021.33300781, 4464.38085938, 9503.31054688, 9599.91796875, 6386.81347656, 2253.02319336, 2047.18811035, 2485.17163086, 5770.953125, 13291.1162109, 8340.25097656, 5367.77880859, 3673.91137695, 2952.65283203, 1601.64904785, 630.132995605, 455.205108643, 92.9362945557, 0.667122542858, 0.468674719334, 0.202327534556, 0.0404152311385, 0.0055067720823, 0.00123855296988, 0.000338212179486, 1.73130156327e-05, 4.03133799409e-06, 2.06497261956e-07, 1.5776448592e-08, 3.61309471231e-09, 9.62912416469e-10, 4.48697257127e-08, 1.61316719982e-08],
        "dvar2": [7.79924812377e-06, 7.63203788665e-05, 0.000148077800986, 0.000275992584648, 0.0054101399146, 2.41931724548, 146.332672119, 2111.36376953, 10171.2285156, 20527.1269531, 20700.9707031, 12500.0019531, 4405.86621094, 4425.30810547, 5656.80712891, 13186.8232422, 28917.9375, 18166.4863281, 11827.1787109, 8395.82324219, 5566.75244141, 3384.3034668, 1372.41833496, 930.30090332, 198.894561768, 1.58513367176, 1.20867431164, 0.528861582279, 0.105378888547, 0.0140883168206, 0.00338924513198, 0.000906992936507, 4.41112861154e-05, 1.04270029624e-05, 4.93256493428e-07, 3.64147538789e-08, 8.44375058762e-09, 2.19631934861e-09, 1.17520841059e-07, 4.59175630851e-08],
        "max": [0.0528704077005, 0.10021224618, 0.104279242456, 0.133085772395, 1.55512416363, 50.7519378662, 108.178825378, 328.778930664, 646.618347168, 936.400634766, 923.716491699, 1162.59387207, 961.39666748, 729.566711426, 667.037109375, 654.840759277, 1087.50256348, 994.873413086, 771.320922852, 652.74206543, 1009.07653809, 471.013366699, 336.688934326, 634.778076172, 226.3828125, 10.4408044815, 9.95727825165, 6.6584687233, 3.03392076492, 0.913291931152, 0.699766337872, 0.47047290206, 0.0553028285503, 0.0224128030241, 0.00495808711275, 0.00128053931985, 0.000630619178992, 0.00069956103107, 0.00296998722479, 0.00205192621797],
        "mean": [0.000272431061603, 0.000945092586335, 0.00185476953629, 0.00378897367045, 0.0376719273627, 0.80533427, 4.94393253326, 20.0836772919, 43.1690635681, 63.168548584, 60.4546508789, 42.2835235596, 26.8547420502, 20.9894866943, 25.7843875885, 43.1292457581, 62.8370666504, 46.1642417908, 36.024269104, 36.6001396179, 37.1426124573, 22.866186142, 11.3880348206, 8.40269947052, 3.92835283279, 0.365561962128, 0.15897321701, 0.0950011610985, 0.0456516072154, 0.019879668951, 0.00825178343803, 0.00410672556609, 0.00146320764907, 0.000743897166103, 0.000261770270299, 0.000107144187496, 4.32160668424e-05, 9.55769355642e-05, 0.00125404458959, 0.000722560856957],
        "median": [4.87065335619e-06, 2.30115165323e-05, 0.000118960029795, 0.000883242464624, 0.0116260200739, 0.215319916606, 1.84812164307, 6.43173503876, 12.0008811951, 8.29342651367, 5.46515703201, 3.55488204956, 2.58009767532, 2.22184848785, 2.16301488876, 3.23310041428, 4.35481643677, 4.71014022827, 4.28967237473, 6.58572816849, 8.5174741745, 3.75618958473, 1.57947409153, 1.07169723511, 0.421042859554, 0.0374352224171, 0.00395657680929, 0.0013970292639, 0.000811728707049, 0.000505904317833, 0.000344610423781, 0.000253391073784, 0.000180801696843, 0.000131667155074, 8.89363291208e-05, 4.81836686959e-05, 1.30739463202e-05, 9.23829284147e-05, 0.00132101704367, 0.00071614945773],
        "min": [7.68574223362e-13, 4.43229524263e-12, 2.04277428306e-11, 7.48439088483e-11, 1.73174169449e-10, 3.56795731848e-10, 1.44407519276e-09, 3.85231313516e-09, 2.75433720276e-09, 2.64152588692e-09, 5.11010878057e-09, 9.53015977245e-09, 1.56221258152e-08, 4.24139567912e-09, 9.60765778046e-09, 2.98267828214e-08, 3.73378412633e-08, 5.09088948775e-08, 1.83366477557e-08, 6.48054196972e-08, 7.82961251389e-08, 1.9994733691e-07, 1.49651725678e-07, 4.6434625034e-08, 3.63444847551e-08, 4.10517664307e-08, 5.04007395818e-08, 6.54741327821e-08, 6.34006340761e-08, 4.46899939277e-08, 4.00413888713e-08, 5.52837846612e-08, 7.87028042737e-08, 3.56469271878e-08, 2.21747047391e-08, 1.92480040795e-08, 2.64732538113e-08, 2.85396879462e-08, 1.31658417502e-08, 1.92427651591e-09],
        "var": [5.64332094655e-06, 3.59267396561e-05, 5.02928960486e-05, 0.000101805460872, 0.0083704860881, 7.18699979782, 97.4594497681, 1380.3605957, 5622.69238281, 13225.3173828, 13740.4248047, 10181.5527344, 4376.49560547, 2520.64648438, 3213.89111328, 7605.96972656, 17102.3144531, 10085.8759766, 6694.21923828, 4916.34716797, 5135.93017578, 2958.94799805, 938.082397461, 637.144592285, 158.623901367, 0.766099393368, 0.376821994781, 0.162416040897, 0.0333168357611, 0.0048922165297, 0.000923531595618, 0.000253011996392, 1.54356330313e-05, 3.45316834682e-06, 2.17136943093e-07, 2.02367935742e-08, 4.90778129247e-09, 1.43883727155e-09, 6.1750327518e-08, 1.53886823284e-08]
    },
    "gfcc": {
        "mean": [-194.821655273, 103.625785828, -184.575927734, -85.6888504028, -25.0119285583, -70.0783615112, -39.1517753601, -17.9546489716, 7.4829325676, -15.4005918503, 17.4819297791, -6.96929216385, 4.64979505539],
        "cov": [[11109.5849609, 3006.81445312, -3163.38232422, -262.016693115, -1431.96105957, 111.756195068, -229.201019287, -72.0927734375, 72.2605743408, 552.243225098, -52.7657318115, 24.7701339722, -257.584564209], [3006.81445312, 1819.12536621, -513.775390625, -723.32244873, -579.387695312, -229.819900513, -309.749969482, -166.830551147, -41.3638877869, 54.0765800476, 20.9757823944, 98.0274658203, 32.7677230835], [-3163.38232422, -513.775390625, 1652.27050781, 167.510665894, 121.305847168, 94.1326980591, 13.8980970383, -150.319854736, 24.5725593567, -125.588981628, -47.871887207, 47.1785964966, 168.381271362], [-262.016693115, -723.32244873, 167.510665894, 913.426879883, 257.581695557, 36.9490394592, 95.2315979004, 105.654975891, -2.89666628838, 19.7731971741, -26.6797428131, -33.0752258301, -31.4722805023], [-1431.96105957, -579.387695312, 121.305847168, 257.581695557, 587.824462891, -113.413162231, -32.899597168, 109.674858093, -27.1373653412, -107.094917297, 37.9188346863, -15.2741136551, 7.99946308136], [111.756195068, -229.819900513, 94.1326980591, 36.9490394592, -113.413162231, 662.639770508, 286.646575928, -72.3904800415, 160.661193848, 176.649414062, -61.191280365, -37.8665657043, -10.6336278915], [-229.201019287, -309.749969482, 13.8980970383, 95.2315979004, -32.899597168, 286.646575928, 444.947601318, 174.472564697, -38.1420555115, 15.6902370453, 37.0627670288, -57.3418006897, -96.9321670532], [-72.0927734375, -166.830551147, -150.319854736, 105.654975891, 109.674858093, -72.3904800415, 174.472564697, 258.280731201, -51.0151367188, -88.417137146, 33.0025978088, -22.6358032227, -80.0366592407], [72.2605743408, -41.3638877869, 24.5725593567, -2.89666628838, -27.1373653412, 160.661193848, -38.1420555115, -51.0151367188, 165.290267944, 90.9737243652, -63.4065284729, -5.79789495468, 34.6675987244], [552.243225098, 54.0765800476, -125.588981628, 19.7731971741, -107.094917297, 176.649414062, 15.6902370453, -88.417137146, 90.9737243652, 191.842254639, 3.80055880547, -36.9896774292, -2.71933555603], [-52.7657318115, 20.9757823944, -47.871887207, -26.6797428131, 37.9188346863, -61.191280365, 37.0627670288, 33.0025978088, -63.4065284729, 3.80055880547, 112.329071045, 20.9402866364, -26.8436946869], [24.7701339722, 98.0274658203, 47.1785964966, -33.0752258301, -15.2741136551, -37.8665657043, -57.3418006897, -22.6358032227, -5.79789495468, -36.9896774292, 20.9402866364, 98.2915649414, 45.583442688], [-257.584564209, 32.7677230835, 168.381271362, -31.4722805023, 7.99946308136, -10.6336278915, -96.9321670532, -80.0366592407, 34.6675987244, -2.71933555603, -26.8436946869, 45.583442688, 108.668067932]],
        "icov": [[0.00382114574313, -0.00556436413899, 0.00581106171012, -0.00561363063753, 0.00468395464122, -0.00322865415365, 0.00206381757744, -0.00109481823165, 0.000307193724439, -0.000317160185659, 0.000638622965198, -0.000173084816197, 0.000603635970037], [-0.00556436413899, 0.00968460459262, -0.0083248289302, 0.00902843754739, -0.00558495614678, 0.00445827748626, -0.00137004931457, 0.000455252651591, 0.00110388558824, -0.000656087591778, -0.000617696088739, -0.000721474119928, -0.000853736069985], [0.00581106171012, -0.0083248289302, 0.0100293224677, -0.00897284597158, 0.00738336518407, -0.004722869955, 0.00205601425841, 0.000333089439664, -0.00111572141759, 0.00226637744345, -0.000497602275573, 0.00090580660617, -0.000871058902703], [-0.00561363063753, 0.00902843754739, -0.00897284597158, 0.0105191739276, -0.00737667409703, 0.00483757024631, -0.00213596015237, -0.000442348449724, 0.00233271205798, -0.00351474690251, 0.00224079261534, -0.00219832384028, 0.000349962559994], [0.00468395464122, -0.00558495614678, 0.00738336518407, -0.00737667409703, 0.010088714771, -0.00543281016871, 0.005690603517, -0.00338622462004, -7.73068168201e-05, 0.00295682251453, -0.0036801926326, 0.00298730237409, -0.00154595274944], [-0.00322865415365, 0.00445827748626, -0.004722869955, 0.00483757024631, -0.00543281016871, 0.0102517493069, -0.0101178092882, 0.00729816360399, -0.00597267784178, -0.00163988478016, 0.00299145816825, -0.00310079776682, 0.00137898151297], [0.00206381757744, -0.00137004931457, 0.00205601425841, -0.00213596015237, 0.005690603517, -0.0101178092882, 0.0162692964077, -0.01294773072, 0.00967895053327, -0.00286247488111, -0.00221893866546, 0.00244859117083, 0.000333010248141], [-0.00109481823165, 0.000455252651591, 0.000333089439664, -0.000442348449724, -0.00338622462004, 0.00729816360399, -0.01294773072, 0.0191552042961, -0.0118547361344, 0.0105599742383, -0.00344747770578, 0.00138609611895, 0.00275879143737], [0.000307193724439, 0.00110388558824, -0.00111572141759, 0.00233271205798, -7.73068168201e-05, -0.00597267784178, 0.00967895053327, -0.0118547361344, 0.0240110121667, -0.0158088151366, 0.0122736198828, -0.00627827970311, -0.000266908522462], [-0.000317160185659, -0.000656087591778, 0.00226637744345, -0.00351474690251, 0.00295682251453, -0.00163988478016, -0.00286247488111, 0.0105599742383, -0.0158088151366, 0.026943732053, -0.0175962802023, 0.0142570929602, -0.00484701106325], [0.000638622965198, -0.000617696088739, -0.000497602275573, 0.00224079261534, -0.0036801926326, 0.00299145816825, -0.00221893866546, -0.00344747770578, 0.0122736198828, -0.0175962802023, 0.0264461170882, -0.015164447017, 0.00770327728242], [-0.000173084816197, -0.000721474119928, 0.00090580660617, -0.00219832384028, 0.00298730237409, -0.00310079776682, 0.00244859117083, 0.00138609611895, -0.00627827970311, 0.0142570929602, -0.015164447017, 0.0241353753954, -0.0110617075115], [0.000603635970037, -0.000853736069985, -0.000871058902703, 0.000349962559994, -0.00154595274944, 0.00137898151297, 0.000333010248141, 0.00275879143737, -0.000266908522462, -0.00484701106325, 0.00770327728242, -0.0110617075115, 0.0214262418449]]
    },
    "melbands": {
        "dmean": [1.61513503372e-06, 1.14243800908e-06, 8.27754035981e-07, 1.23510872072e-05, 0.000119243617519, 0.000392354122596, 0.000612531322986, 0.000668281980325, 0.000431905180449, 0.000218347180635, 0.00010998853395, 7.69795296947e-05, 7.37141235732e-05, 8.82133608684e-05, 0.000142581571708, 0.000127753519337, 8.45040340209e-05, 6.07658002991e-05, 4.47301936219e-05, 4.57813730463e-05, 3.42103739968e-05, 2.04609314096e-05, 1.29947566165e-05, 6.94217669661e-06, 6.6089514803e-06, 4.22188986704e-06, 6.54160942304e-07, 1.55850557348e-07, 1.35553491987e-07, 9.9735132153e-08, 6.45678710498e-08, 3.67451598038e-08, 2.02166656749e-08, 1.11867848318e-08, 6.40891206771e-09, 4.3479393419e-09, 2.63546540147e-09, 1.18455789622e-09, 9.08668362776e-10, 6.12086104024e-10],
        "dmean2": [2.84496763925e-06, 1.96173505174e-06, 1.40528345582e-06, 1.81705199793e-05, 0.00018156391161, 0.000610104005318, 0.000958782678936, 0.00103724061046, 0.000647896202281, 0.000324356922647, 0.000164657467394, 0.0001178173261, 0.000113026610052, 0.000132891684189, 0.000224844741751, 0.000199627233087, 0.000130625310703, 9.4250550319e-05, 6.80906960042e-05, 6.99825759511e-05, 5.06397045683e-05, 3.13615055347e-05, 2.06929089472e-05, 1.10674245661e-05, 1.02891272036e-05, 6.63863511363e-06, 1.06122831767e-06, 2.6303180789e-07, 2.28566605642e-07, 1.68855137872e-07, 1.09492525269e-07, 6.20406339635e-08, 3.43024844085e-08, 1.91875848543e-08, 1.12196874014e-08, 7.6392776549e-09, 4.50710624378e-09, 2.05193884106e-09, 1.54133505958e-09, 1.03851571787e-09],
        "dvar": [1.32464358926e-10, 1.52655353636e-11, 4.57107615648e-12, 1.19691889733e-09, 5.66931817048e-08, 4.62052412331e-07, 9.9755948213e-07, 1.15549244128e-06, 5.72739224936e-07, 2.38165185351e-07, 5.77164129822e-08, 3.58402729717e-08, 2.74657079302e-08, 3.01582616657e-08, 7.4881626233e-08, 6.21966762537e-08, 3.02210878544e-08, 1.83512085528e-08, 8.25906720792e-09, 6.58523235941e-09, 4.50381421047e-09, 2.23118612475e-09, 1.17970311297e-09, 3.87987392214e-10, 3.69129365962e-10, 1.42474573805e-10, 2.89228146641e-12, 2.2343079806e-13, 2.13326399731e-13, 1.18328171697e-13, 5.67319628775e-14, 1.62393258292e-14, 4.12061115345e-15, 1.19299751945e-15, 4.73843306765e-16, 3.06646467455e-16, 7.756102027e-17, 9.67218733382e-18, 5.60494522498e-18, 2.57436328971e-18],
        "dvar2": [3.80075082518e-10, 4.12802431127e-11, 1.21150268637e-11, 2.06821293425e-09, 1.18750016043e-07, 9.65115759755e-07, 2.2584135877e-06, 2.4625946935e-06, 1.23367703964e-06, 4.60480663378e-07, 1.17729051397e-07, 7.83122473536e-08, 6.51308766919e-08, 6.62830359488e-08, 1.71769912072e-07, 1.34200078605e-07, 6.72085178621e-08, 4.13837106805e-08, 1.91011970685e-08, 1.48008698631e-08, 8.48448777901e-09, 4.69688465898e-09, 2.51102871829e-09, 9.15518105771e-10, 7.57145957042e-10, 3.10233783107e-10, 6.8065887128e-12, 5.60135163079e-13, 5.51253216251e-13, 3.06107325902e-13, 1.49477029062e-13, 4.24062403302e-14, 1.05837461326e-14, 3.11657133206e-15, 1.3055658688e-15, 8.57647064177e-16, 2.03181591471e-16, 2.53851704564e-17, 1.46456661879e-17, 6.77134226698e-18],
        "max": [0.000338569458108, 6.11269788351e-05, 2.85374226223e-05, 0.00151687907055, 0.00334224710241, 0.0066352635622, 0.00938372686505, 0.0106211602688, 0.00763345789164, 0.00688840495422, 0.00471881357953, 0.00319541874342, 0.00253752665594, 0.00235306634568, 0.0025650546886, 0.00251485034823, 0.00174001941923, 0.00139028346166, 0.00100421381649, 0.00119434832595, 0.00147879682481, 0.000682538549881, 0.000523689086549, 0.000442863645731, 0.000579581130296, 0.000259084947174, 3.50711270585e-05, 6.29602482149e-06, 6.97303494235e-06, 5.00435180584e-06, 3.57169165e-06, 2.0409663648e-06, 7.22260722341e-07, 5.60529144877e-07, 3.76369058586e-07, 4.66934295673e-07, 1.99950790147e-07, 4.05277198468e-08, 2.96190467708e-08, 1.72704321955e-08],
        "mean": [1.96648511519e-06, 1.0356235407e-06, 7.46375746985e-07, 1.95655047719e-05, 0.000147519167513, 0.000449124636361, 0.00067072751699, 0.000705809856299, 0.000464352604467, 0.000250026379945, 0.000128726023831, 8.3049548266e-05, 8.00190464361e-05, 9.53663620749e-05, 0.000143521319842, 0.000126377955894, 8.0446327047e-05, 5.88195543969e-05, 4.74106891488e-05, 5.16301479365e-05, 4.07923289458e-05, 2.50169723586e-05, 1.45180383697e-05, 7.29832800062e-06, 6.88663840265e-06, 4.61516629002e-06, 6.34378523046e-07, 1.21030524269e-07, 1.00080114862e-07, 7.36265164392e-08, 4.77689638956e-08, 2.77361813517e-08, 1.57010138224e-08, 8.95719320937e-09, 4.93671814539e-09, 3.26328319922e-09, 2.11565076569e-09, 1.00183339402e-09, 7.8052192487e-10, 5.44916889389e-10],
        "median": [3.41296875206e-08, 3.33582264034e-08, 1.27255589177e-07, 2.78215384242e-06, 5.67206225242e-05, 0.000150230815052, 0.000180590068339, 7.88700781413e-05, 4.18738418375e-05, 2.05288852158e-05, 1.25577016661e-05, 8.74110082805e-06, 6.98583835401e-06, 7.4033087003e-06, 8.28793781693e-06, 8.36258914205e-06, 7.76241176936e-06, 5.98826954956e-06, 6.5105386966e-06, 1.04590180854e-05, 8.57887971506e-06, 3.47826835423e-06, 1.67838015841e-06, 9.16208705348e-07, 8.320755569e-07, 4.29498584253e-07, 6.53603109413e-08, 4.05148803395e-09, 1.18727472298e-09, 7.34208416286e-10, 5.41539035837e-10, 4.06717770574e-10, 3.03821856562e-10, 2.41829445358e-10, 1.85087778437e-10, 1.60876478805e-10, 1.39259936915e-10, 1.18068832489e-10, 1.13095352527e-10, 9.91189283428e-11],
        "min": [7.02811103721e-15, 9.07071658995e-15, 1.55952606108e-14, 1.74161256434e-14, 4.37488858075e-14, 8.44232181992e-14, 3.97062110025e-14, 3.10060848795e-14, 4.3664497609e-14, 6.49042655016e-14, 7.84245850769e-14, 1.78238127653e-14, 1.76531644256e-14, 7.62180642493e-14, 9.22430602496e-14, 6.79775314272e-14, 1.00505100932e-13, 2.23269719499e-14, 6.04316333845e-14, 8.64834259436e-14, 9.80890377061e-14, 1.88841414836e-13, 2.3106993749e-13, 7.4309644809e-14, 3.22496952645e-14, 2.88668997831e-14, 1.48565191318e-14, 3.2483245965e-14, 2.29629513917e-14, 4.89530088015e-14, 3.19037805614e-14, 3.22255378849e-14, 3.48764325254e-14, 2.28103973698e-14, 2.19099589952e-14, 2.75868466525e-14, 3.34133254106e-14, 5.9082296347e-14, 4.03440877982e-14, 2.63469598243e-14],
        "var": [2.50993864581e-10, 2.01834209068e-11, 4.34087141232e-12, 5.95523630409e-09, 8.72803838092e-08, 6.32729324934e-07, 1.28055683035e-06, 1.60204137956e-06, 8.28666372854e-07, 3.8171984329e-07, 1.04580919924e-07, 4.30808313467e-08, 3.25221094499e-08, 4.15945500265e-08, 9.03969663568e-08, 7.88675862395e-08, 3.4613847788e-08, 2.08288373216e-08, 1.05203907808e-08, 9.25126375506e-09, 7.72898989254e-09, 4.11245482113e-09, 1.83217108152e-09, 4.59112470264e-10, 4.96840568687e-10, 2.31112615157e-10, 3.81321146534e-12, 1.85792746747e-13, 1.69472414075e-13, 9.51888782098e-14, 4.4945899216e-14, 1.32066133e-14, 3.54155889016e-15, 1.00987916065e-15, 3.45992153707e-16, 2.04218055396e-16, 6.1866446052e-17, 8.11546237231e-18, 4.58804949816e-18, 2.06390475703e-18]
    },
    "mfcc": {
        "mean": [-826.635559082, 169.864212036, -91.0385971069, -37.2494697571, -5.11291122437, -47.2842178345, -39.7415885925, -15.9855718613, -23.0174694061, -9.07107925415, 2.06112742424, -3.3930888176, 5.88280057907],
        "cov": [[10386.0244141, 3214.36865234, -2649.61865234, -468.18347168, -1227.16540527, -287.874267578, -398.038909912, -446.69543457, -231.307983398, 156.540206909, 170.675460815, 230.71005249, 184.090896606], [3214.36865234, 2097.50463867, -547.716247559, -701.21484375, -502.615203857, -361.100372314, -359.199157715, -305.621551514, -213.35697937, -142.326126099, -101.703918457, 3.69456243515, 118.0103302], [-2649.61865234, -547.716247559, 1564.2791748, 82.0663909912, -32.7203407288, 356.775878906, 1.36198604107, -57.2291641235, 167.208053589, -111.545051575, -169.737884521, 17.7431793213, -30.3283100128], [-468.18347168, -701.21484375, 82.0663909912, 748.798217773, 309.272888184, -74.7686386108, 100.650009155, 141.251968384, -22.1022758484, 14.9524030685, 37.3247642517, -46.397769928, -54.871673584], [-1227.16540527, -502.615203857, -32.7203407288, 309.272888184, 620.554382324, -81.2818832397, -59.4021873474, 61.9165344238, -39.8590278625, -33.8651809692, -31.2616710663, -106.568367004, -34.4527587891], [-287.874267578, -361.100372314, 356.775878906, -74.7686386108, -81.2818832397, 683.662109375, 108.931312561, -115.392364502, 260.37979126, 143.039245605, 14.220582962, 130.43359375, 19.7277050018], [-398.038909912, -359.199157715, 1.36198604107, 100.650009155, -59.4021873474, 108.931312561, 420.387390137, 243.23298645, 32.1645088196, 108.812072754, 144.821655273, 53.7464256287, 1.65286529064], [-446.69543457, -305.621551514, -57.2291641235, 141.251968384, 61.9165344238, -115.392364502, 243.23298645, 346.029296875, 31.8002319336, -3.13488745689, 88.3795394897, 15.2228517532, -22.028629303], [-231.307983398, -213.35697937, 167.208053589, -22.1022758484, -39.8590278625, 260.37979126, 32.1645088196, 31.8002319336, 239.127944946, 91.6756668091, -8.61698436737, 58.2723617554, 7.47514438629], [156.540206909, -142.326126099, -111.545051575, 14.9524030685, -33.8651809692, 143.039245605, 108.812072754, -3.13488745689, 91.6756668091, 200.837738037, 97.6803665161, 14.6998386383, -3.52120757103], [170.675460815, -101.703918457, -169.737884521, 37.3247642517, -31.2616710663, 14.220582962, 144.821655273, 88.3795394897, -8.61698436737, 97.6803665161, 168.868453979, 50.1710395813, -35.7485351562], [230.71005249, 3.69456243515, 17.7431793213, -46.397769928, -106.568367004, 130.43359375, 53.7464256287, 15.2228517532, 58.2723617554, 14.6998386383, 50.1710395813, 127.128860474, 28.7274990082], [184.090896606, 118.0103302, -30.3283100128, -54.871673584, -34.4527587891, 19.7277050018, 1.65286529064, -22.028629303, 7.47514438629, -3.52120757103, -35.7485351562, 28.7274990082, 109.882835388]],
