{
"lowlevel": {
    "average_loudness": 0.963708639145,
    "barkbands_crest": {
        "dmean": 3.66079926491,
        "dmean2": 5.84130144119,
        "dvar": 10.7998952866,
        "dvar2": 26.2859363556,
        "max": 26.8350982666,
        "mean": 13.0217494965,
        "median": 12.1500349045,
        "min": 2.96272969246,
        "var": 29.5372390747
    },
    "barkbands_flatness_db": {
        "dmean": 0.0373465903103,
        "dmean2": 0.0526557676494,
        "dvar": 0.00140497332904,
        "dvar2": 0.00241551175714,
        "max": 0.513113379478,
        "mean": 0.282218784094,
        "median": 0.276063740253,
        "min": 0.0436199270189,
        "var": 0.00706761330366
    },
    "barkbands_kurtosis": {
        "dmean": 12.8657608032,
        "dmean2": 19.8650035858,
        "dvar": 642.035217285,
        "dvar2": 1371.32800293,
        "max": 482.718658447,
        "mean": 18.1802940369,
        "median": 4.80186223984,
        "min": -1.97373056412,
        "var": 1408.32885742
    },
    "barkbands_skewness": {
        "dmean": 1.23834514618,
        "dmean2": 1.82353174686,
        "dvar": 1.98168551922,
        "dvar2": 4.13318347931,
        "max": 19.3102149963,
        "mean": 1.87281811237,
        "median": 1.6498131752,
        "min": -14.1740837097,
        "var": 9.58867168427
    },
    "barkbands_spread": {
        "dmean": 8.50198364258,
        "dmean2": 13.1379919052,
        "dvar": 175.593948364,
        "dvar2": 381.319976807,
        "max": 144.752151489,
        "mean": 16.4630260468,
        "median": 8.86312961578,
        "min": 0.487282276154,
        "var": 375.882843018
    },
    "dissonance": {
        "dmean": 0.04909433797,
        "dmean2": 0.0799627974629,
        "dvar": 0.00266435253434,
        "dvar2": 0.00637491885573,
        "max": 0.5,
        "mean": 0.403724431992,
        "median": 0.417017787695,
        "min": 0.10492516309,
        "var": 0.00657753972337
    },
    "dynamic_complexity": 4.88479042053,
    "erbbands_crest": {
        "dmean": 3.99212241173,
        "dmean2": 6.42182731628,
        "dvar": 13.6085205078,
        "dvar2": 33.2720069885,
        "max": 31.7866039276,
        "mean": 13.6582956314,
        "median": 12.3761358261,
        "min": 2.62505626678,
        "var": 33.474899292
    },
    "erbbands_flatness_db": {
        "dmean": 0.0380675569177,
        "dmean2": 0.0540393032134,
        "dvar": 0.0016493947478,
        "dvar2": 0.00279807252809,
        "max": 0.513397634029,
        "mean": 0.333423405886,
        "median": 0.350473254919,
        "min": 0.0435312315822,
        "var": 0.00814616680145
    },
    "erbbands_kurtosis": {
        "dmean": 3.89418506622,
        "dmean2": 6.21060991287,
        "dvar": 42.5037269592,
        "dvar2": 98.9781646729,
        "max": 87.3062057495,
        "mean": 3.84935569763,
        "median": 0.869543194771,
        "min": -1.95236170292,
        "var": 67.4112854004
    },
    "erbbands_skewness": {
        "dmean": 0.816716015339,
        "dmean2": 1.24818921089,
        "dvar": 0.769270300865,
        "dvar2": 1.6783810854,
        "max": 7.64689159393,
        "mean": 0.715393006802,
        "median": 0.706547856331,
        "min": -6.9911532402,
        "var": 2.60237836838
    },
    "erbbands_spread": {
        "dmean": 6.72408437729,
        "dmean2": 10.780787468,
        "dvar": 64.0926742554,
        "dvar2": 149.490859985,
        "max": 120.95665741,
        "mean": 18.6341533661,
        "median": 14.1771469116,
        "min": 0.862560391426,
        "var": 252.662734985
    },
    "hfc": {
        "dmean": 7.20595169067,
        "dmean2": 9.99426174164,
        "dvar": 81.802734375,
        "dvar2": 147.397781372,
        "max": 96.1592483521,
        "mean": 14.047121048,
        "median": 8.00513648987,
        "min": 2.63619148733e-09,
        "var": 233.017578125
    },
    "melbands_crest": {
        "dmean": 4.34827947617,
        "dmean2": 6.9018034935,
        "dvar": 14.7399148941,
        "dvar2": 37.1915550232,
        "max": 33.3292274475,
        "mean": 15.5015535355,
        "median": 14.6413059235,
        "min": 2.19930577278,
        "var": 39.4892959595
    },
    "melbands_flatness_db": {
        "dmean": 0.0425209067762,
        "dmean2": 0.0599085018039,
        "dvar": 0.00195667450316,
        "dvar2": 0.00345297204331,
        "max": 0.607447087765,
        "mean": 0.351712703705,
        "median": 0.355992496014,
        "min": 0.00910783186555,
        "var": 0.0102306222543
    },
    "melbands_kurtosis": {
        "dmean": 8.4006690979,
        "dmean2": 13.308763504,
        "dvar": 188.946777344,
        "dvar2": 441.055877686,
        "max": 167.783752441,
        "mean": 11.2448778152,
        "median": 5.17697381973,
        "min": -1.92032873631,
        "var": 322.278045654
    },
    "melbands_skewness": {
        "dmean": 1.02752411366,
        "dmean2": 1.57192826271,
        "dvar": 1.13787913322,
        "dvar2": 2.56897950172,
        "max": 10.5645742416,
        "mean": 1.91666173935,
        "median": 1.7539665699,
        "min": -4.49262237549,
        "var": 3.3923432827
    },
    "melbands_spread": {
        "dmean": 7.77988052368,
        "dmean2": 12.5300588608,
        "dvar": 147.386962891,
        "dvar2": 335.264892578,
        "max": 135.041305542,
        "mean": 16.8371620178,
        "median": 10.3191547394,
        "min": 0.448484748602,
        "var": 357.051300049
    },
    "pitch_salience": {
        "dmean": 0.0989241078496,
        "dmean2": 0.157092884183,
        "dvar": 0.00984880607575,
        "dvar2": 0.0227155014873,
        "max": 0.962807476521,
        "mean": 0.59596067667,
        "median": 0.616779386997,
        "min": 0.131596803665,
        "var": 0.0265070330352
    },
    "silence_rate_20dB": {
        "dmean": 0,
        "dmean2": 0,
        "dvar": 0,
        "dvar2": 0,
        "max": 1,
        "mean": 1,
        "median": 1,
        "min": 1,
        "var": 0
    },
    "silence_rate_30dB": {
        "dmean": 0,
        "dmean2": 0,
        "dvar": 0,
        "dvar2": 0,
        "max": 1,
        "mean": 1,
        "median": 1,
        "min": 1,
        "var": 0
    },
    "silence_rate_60dB": {
        "dmean": 0.146088242531,
        "dmean2": 0.292284876108,
        "dvar": 0.124746277928,
        "dvar2": 0.231332778931,
        "max": 1,
        "mean": 0.296145290136,
        "median": 0,
        "min": 0,
        "var": 0.20844759047
    },
    "spectral_centroid": {
        "dmean": 300.660247803,
        "dmean2": 460.510345459,
        "dvar": 193381.109375,
        "dvar2": 350998.90625,
        "max": 10581.9990234,
        "mean": 1179.22180176,
        "median": 909.979125977,
        "min": 334.901947021,
        "var": 607293.9375
    },
    "spectral_complexity": {
        "dmean": 3.19836854935,
        "dmean2": 4.60385751724,
        "dvar": 13.7037248611,
        "dvar2": 25.7036323547,
        "max": 36,
        "mean": 8.55670833588,
        "median": 7,
        "min": 0,
        "var": 48.0320243835
    },
    "spectral_decrease": {
        "dmean": 2.22566987063e-09,
        "dmean2": 3.10880898802e-09,
        "dvar": 8.18652628592e-18,
        "dvar2": 1.5165100871e-17,
        "max": 4.4033431415e-12,
        "mean": -4.25152180128e-09,
        "median": -2.45507214558e-09,
        "min": -2.42521469573e-08,
        "var": 2.06968794892e-17
    },
    "spectral_energy": {
        "dmean": 0.00902914628386,
        "dmean2": 0.0125946244225,
        "dvar": 0.000133507521241,
        "dvar2": 0.000246482173679,
        "max": 0.100164189935,
        "mean": 0.0173203013837,
        "median": 0.0101215522736,
        "min": 2.29387282823e-13,
        "var": 0.00034078527824
    },
    "spectral_energyband_high": {
        "dmean": 4.17448563894e-06,
        "dmean2": 7.08558764018e-06,
        "dvar": 3.60684468403e-11,
        "dvar2": 8.87647108594e-11,
        "max": 0.000124556754599,
        "mean": 2.26536903938e-05,
        "median": 2.20035344682e-05,
        "min": 1.66125536179e-13,
        "var": 4.34378435998e-11
    },
    "spectral_energyband_low": {
        "dmean": 6.50624569971e-05,
        "dmean2": 0.000109466425783,
        "dvar": 6.02723133625e-08,
        "dvar2": 1.63807357012e-07,
        "max": 0.00591081101447,
        "mean": 9.84418438748e-05,
        "median": 3.17982039633e-06,
        "min": 1.56817032877e-15,
        "var": 9.36888895353e-08
    },
    "spectral_energyband_middle_high": {
        "dmean": 0.00236276164651,
        "dmean2": 0.00321691040881,
        "dvar": 1.52687443915e-05,
        "dvar2": 2.58190029854e-05,
        "max": 0.0683830976486,
        "mean": 0.00403774995357,
        "median": 0.00106758298352,
        "min": 3.15598919611e-14,
        "var": 4.17970877606e-05
    },
    "spectral_energyband_middle_low": {
        "dmean": 0.00735790096223,
        "dmean2": 0.0105073126033,
        "dvar": 9.82594428933e-05,
        "dvar2": 0.000191522674868,
        "max": 0.0777869150043,
        "mean": 0.0132446745411,
        "median": 0.00773114617914,
        "min": 8.54840896962e-15,
        "var": 0.000224679592066
    },
    "spectral_entropy": {
        "dmean": 0.29573109746,
        "dmean2": 0.417309641838,
        "dvar": 0.0836729183793,
        "dvar2": 0.155127048492,
        "max": 9.7884016037,
        "mean": 6.50543928146,
        "median": 6.4790802002,
        "min": 4.33392620087,
        "var": 0.474251031876
    },
    "spectral_flux": {
        "dmean": 0.0363150946796,
        "dmean2": 0.0583356283605,
        "dvar": 0.00133434706368,
        "dvar2": 0.00301901553757,
        "max": 0.259725093842,
        "mean": 0.0752175822854,
        "median": 0.0649980083108,
        "min": 4.91972059535e-05,
        "var": 0.00291611487046
    },
    "spectral_kurtosis": {
        "dmean": 13.5914068222,
        "dmean2": 22.3988075256,
        "dvar": 168.724304199,
        "dvar2": 435.209899902,
        "max": 186.446929932,
        "mean": 36.5267372131,
        "median": 31.8679618835,
        "min": -1.24618136883,
        "var": 453.960754395
    },
    "spectral_rms": {
        "dmean": 0.00114872260019,
        "dmean2": 0.00152580440044,
        "dvar": 1.60447268627e-06,
        "dvar2": 2.57488090938e-06,
        "max": 0.009885401465,
        "mean": 0.00336344633251,
        "median": 0.00314240111038,
        "min": 1.49596957044e-08,
        "var": 5.58506235393e-06
    },
    "spectral_rolloff": {
        "dmean": 1235.92529297,
        "dmean2": 2293.48828125,
        "dvar": 14053956,
        "dvar2": 31852228,
        "max": 19745.9472656,
        "mean": 2840.36962891,
        "median": 1130.49316406,
        "min": 64.599609375,
        "var": 24549234
    },
    "spectral_skewness": {
        "dmean": 1.01193940639,
        "dmean2": 1.65567970276,
        "dvar": 0.826939880848,
        "dvar2": 2.13503265381,
        "max": 11.420715332,
        "mean": 3.45526242256,
        "median": 3.29453659058,
        "min": -0.0248605683446,
        "var": 2.48261499405
    },
    "spectral_spread": {
        "dmean": 490608.46875,
        "dmean2": 766586.75,
        "dvar": 847223324672,
        "dvar2": 1.35204660838e+12,
        "max": 41805004,
        "mean": 2081117.75,
        "median": 1517564,
        "min": 615777.9375,
        "var": 6.49907090227e+12
    },
    "spectral_strongpeak": {
        "dmean": 0.867289066315,
        "dmean2": 1.39267659187,
        "dvar": 0.956106185913,
        "dvar2": 2.14139556885,
        "max": 7.74000358582,
        "mean": 1.59409046173,
        "median": 1.26379394531,
        "min": 2.684873607e-06,
        "var": 1.85267043114
    },
    "zerocrossingrate": {
        "dmean": 0.0365586318076,
        "dmean2": 0.0387933664024,
        "dvar": 0.00296744774096,
        "dvar2": 0.00309049617499,
        "max": 0.861328125,
        "mean": 0.122718580067,
        "median": 0.0615234375,
        "min": 0.015625,
        "var": 0.023635385558
    },
    "barkbands": {
        "dmean": [6.8452686719e-06, 5.77582432015e-05, 7.80945629231e-06, 1.00840707091e-05, 0.000201368660782, 0.00164029467851, 0.00203842204064, 0.0034523315262, 0.00235846126452, 0.000569821917452, 0.000345972948708, 0.000337871257216, 0.000328524532961, 0.000391132663935, 0.000314211181831, 0.00030903564766, 0.000223523165914, 0.000235443978454, 0.000144509991514, 5.4362467381e-06, 4.4193259896e-07, 2.40623307945e-07, 1.1684466017e-07, 5.4928282367e-08, 4.1914674398e-08, 1.71392215975e-08, 3.50238269675e-06],
        "dmean2": [1.09292604975e-05, 9.8029820947e-05, 1.35598993438e-05, 1.64837638295e-05, 0.000294076133287, 0.00236920686439, 0.00319416332059, 0.00519410986453, 0.00356850633398, 0.00079804030247, 0.000481589697301, 0.000486040022224, 0.000496648077387, 0.000574090343434, 0.000474220491014, 0.000476120971143, 0.000340845086612, 0.000365302839782, 0.000231751488172, 8.62325032358e-06, 7.29216594664e-07, 3.99363585757e-07, 1.94890219518e-07, 9.4224255065e-08, 6.89887471594e-08, 2.76427698509e-08, 6.06510138823e-06],
        "dvar": [2.32483365892e-09, 4.70812508979e-08, 4.70483318971e-10, 6.55681842154e-10, 6.10349331964e-07, 8.65477977641e-06, 2.14395477087e-05, 4.35068432125e-05, 2.83830486296e-05, 2.61710715677e-06, 8.60764203026e-07, 1.16980947951e-06, 9.77726699602e-07, 1.05601588984e-06, 6.32365413367e-07, 6.58423175537e-07, 2.66963894546e-07, 2.10245659105e-07, 2.64479695034e-07, 1.48010681489e-09, 4.59885862031e-12, 1.81961368716e-12, 4.58756025789e-13, 1.68311978938e-13, 7.70981748496e-13, 2.3572745657e-14, 1.0541563282e-11],
        "dvar2": [5.38298827735e-09, 1.33240632749e-07, 1.36032385356e-09, 1.73604419729e-09, 1.17107470032e-06, 1.71133960976e-05, 4.46766935056e-05, 9.50031826505e-05, 5.96469872107e-05, 4.78004312754e-06, 1.52824190991e-06, 2.38704683397e-06, 2.33754667534e-06, 2.20280708163e-06, 1.3097981082e-06, 1.4530946828e-06, 5.66051085116e-07, 4.6450114155e-07, 6.24680978945e-07, 3.61012619798e-09, 1.16543545647e-11, 4.71248474271e-12, 1.14910056297e-12, 3.49465546562e-13, 1.97052075178e-12, 5.69422032312e-14, 3.08304180796e-11],
        "max": [0.00220286217518, 0.00443948851898, 0.00040130794514, 0.00047278899001, 0.0158917028457, 0.0355980843306, 0.0578878559172, 0.0692703053355, 0.0709959715605, 0.0397958904505, 0.0141881825402, 0.0194984786212, 0.0141429975629, 0.0218509342521, 0.0123320631683, 0.0120256524533, 0.00889375340194, 0.00806929543614, 0.0130014410242, 0.0012525432976, 3.77614196623e-05, 3.70261332137e-05, 2.15806230699e-05, 1.40320398714e-05, 3.69312474504e-05, 6.31934562989e-06, 4.37352573499e-05],
        "mean": [7.41611665944e-06, 7.4800766015e-05, 1.20991089716e-05, 1.3505701645e-05, 0.000256770348642, 0.00282775424421, 0.00263506523333, 0.00449208263308, 0.00282435608096, 0.000733867578674, 0.00046514015412, 0.00040888870717, 0.000357358600013, 0.000506159209181, 0.000376566895284, 0.00044320707093, 0.000330800947268, 0.000354796880856, 0.000172041240148, 5.23859398527e-06, 4.91173352657e-07, 2.37931104152e-07, 1.18457080589e-07, 6.77777194369e-08, 5.07748083578e-08, 2.72561262449e-08, 2.14167030208e-05],
        "median": [2.63419565272e-07, 2.46112222158e-07, 2.82614394109e-07, 1.57366139319e-06, 2.2186910428e-05, 0.000707005441654, 0.000252915371675, 0.000488810124807, 0.000245382660069, 4.10674438172e-05, 3.02205426124e-05, 2.98069680866e-05, 2.17203487409e-05, 2.79332816717e-05, 3.46161250491e-05, 3.35157455993e-05, 3.36301309289e-05, 5.93593103986e-05, 1.71260326169e-05, 3.42701667932e-07, 9.93844722075e-08, 2.47042493129e-08, 1.31626585187e-08, 1.18794645232e-08, 1.11856124363e-08, 5.61119462006e-09, 2.1756561182e-05],
        "min": [4.96857562519e-16, 6.40716738308e-16, 4.29170895006e-16, 5.23737253128e-16, 7.0941958066e-16, 5.68608452931e-16, 1.13275092465e-15, 2.34499059744e-15, 2.65921546868e-15, 1.5463109495e-15, 1.01386243896e-15, 1.97881507797e-15, 1.36198228649e-15, 1.06616164126e-15, 1.09851110006e-15, 7.65272499098e-15, 3.45888000418e-15, 3.0017877798e-15, 7.14877426868e-15, 6.52893461612e-15, 8.38878306961e-15, 1.25657117497e-14, 9.18847958061e-15, 1.47446311616e-14, 2.28937149186e-14, 3.66142392013e-14, 6.12536958005e-14],
        "var": [2.71693534337e-09, 6.33384544813e-08, 7.31276650345e-10, 1.01498365268e-09, 1.13402222723e-06, 1.97498156922e-05, 4.26783662988e-05, 7.17373695807e-05, 4.0550949052e-05, 4.76085733681e-06, 1.73333023668e-06, 1.71130784565e-06, 1.14448778277e-06, 2.2266851829e-06, 1.03782531369e-06, 1.25561768982e-06, 6.38179301404e-07, 6.03321552717e-07, 4.0898385123e-07, 1.5108895246e-09, 4.35803736848e-12, 1.56052796553e-12, 4.47111748667e-13, 1.85143743327e-13, 5.64304083062e-13, 2.11127400556e-14, 1.26379453777e-11]
    },
    "erbbands": {
        "dmean": [0.00220075808465, 0.0115477833897, 0.0120260147378, 0.0197401978076, 0.137422144413, 0.869998216629, 2.30858588219, 18.270280838, 28.5402088165, 40.7406578064, 74.836265564, 56.7620849609, 24.0780620575, 17.6863918304, 14.5526151657, 12.3886651993, 13.9689054489, 18.5341300964, 17.9151802063, 16.0785331726, 15.1257324219, 12.0856304169, 12.7850255966, 10.4474897385, 4.10701084137, 0.312602639198, 0.0321113429964, 0.0157176367939, 0.00922290608287, 0.00561471097171, 0.00306172459386, 0.00153027265333, 0.000793158600572, 0.000611342256889, 0.000235806248384, 8.25753595564e-05, 3.23531021422e-05, 2.39401470026e-05, 0.000192478270037, 0.000103934267827],
        "dmean2": [0.00380478380248, 0.0196148194373, 0.0207632053643, 0.0321414284408, 0.206498190761, 1.28748703003, 3.5156481266, 26.0991744995, 43.0670890808, 61.6096878052, 113.867584229, 84.4434127808, 33.9189758301, 23.8839378357, 20.0812206268, 17.8051147461, 20.5814552307, 26.3120422363, 26.0934391022, 24.2687263489, 22.3275642395, 18.0644931793, 19.527387619, 16.2946777344, 6.60331869125, 0.486121565104, 0.0517590790987, 0.0255287066102, 0.0152343427762, 0.00948024913669, 0.00510777207091, 0.00255714985542, 0.00135314301588, 0.0010093174642, 0.00038372882409, 0.000127722072648, 5.23233866261e-05, 3.87468207919e-05, 0.000325915025314, 0.000180275004823],
        "dvar": [8.89470320544e-05, 0.00174969574437, 0.0012425603345, 0.0025976151228, 0.104079909623, 12.6161117554, 47.2026252747, 1067.93615723, 3642.58740234, 6692.58447266, 24365.8300781, 17576.8554688, 3064.22045898, 2297.58276367, 1551.1953125, 1423.94873047, 1647.64221191, 2432.64941406, 1866.08679199, 1439.4609375, 1561.18188477, 699.486022949, 611.652648926, 744.716125488, 409.422454834, 3.17174315453, 0.0148953078315, 0.00533184688538, 0.00237417337485, 0.00101394660305, 0.000341739971191, 9.22118852031e-05, 6.96949209669e-05, 0.000159035233082, 2.01293751161e-05, 1.24554389913e-06, 4.32361346725e-08, 1.61730628889e-09, 2.81099872268e-08, 9.61074597683e-09],
        "dvar2": [0.000240810099058, 0.00500456336886, 0.00356245529838, 0.00694529013708, 0.203088909388, 23.4183006287, 100.781028748, 2091.10375977, 7418.51171875, 13902.2490234, 54963.578125, 36679.7539062, 5563.52539062, 3826.68334961, 2821.65307617, 2826.3840332, 3677.03930664, 5335.87939453, 3781.52001953, 3160.45361328, 3335.73144531, 1467.16357422, 1362.26452637, 1745.22924805, 1018.55755615, 7.41577243805, 0.0368687734008, 0.0128645300865, 0.00609033275396, 0.00264413515106, 0.000856957747601, 0.000219545487198, 0.000139410316478, 0.000410614418797, 5.14301573276e-05, 2.88846968033e-06, 1.0912984294e-07, 3.7832581512e-09, 7.8314499774e-08, 2.81371637101e-08],
        "max": [0.25932341814, 0.800226032734, 0.598685026169, 0.972373247147, 4.85258388519, 87.3801345825, 193.904418945, 439.591827393, 938.569519043, 960.069702148, 1515.67138672, 1981.44543457, 960.061645508, 1008.23126221, 595.159301758, 775.213195801, 594.379882812, 1203.8157959, 596.402099609, 540.480651855, 660.258178711, 491.903320312, 486.806060791, 676.53527832, 476.163238525, 54.0198669434, 2.13874769211, 1.46184659004, 1.25174856186, 0.735743522644, 0.619673967361, 0.299757093191, 0.333620846272, 0.528436660767, 0.188510119915, 0.0479114241898, 0.00752606755123, 0.000814453174826, 0.00206181453541, 0.00133902451489],
        "mean": [0.0025277514942, 0.0151047334075, 0.0190042871982, 0.03031389229, 0.215599611402, 1.14079022408, 3.43881869316, 32.4230613708, 41.6710968018, 58.4115905762, 92.6778564453, 68.1828460693, 31.1811332703, 24.154335022, 19.1155357361, 15.6909036636, 16.6496639252, 24.2810249329, 23.2102832794, 21.5425682068, 22.9458389282, 19.2223968506, 19.5609340668, 14.2887611389, 4.50965690613, 0.342539846897, 0.0361891835928, 0.0179682280868, 0.00932369194925, 0.00568423420191, 0.0031506055966, 0.00175809592474, 0.00100410962477, 0.000677601958159, 0.000322676060023, 0.000152030319441, 5.11973812536e-05, 8.63125242176e-05, 0.00111347273923, 0.000644682382699],
        "median": [1.471797259e-05, 8.18890111987e-05, 0.000978952739388, 0.00828581210226, 0.0398624241352, 0.12082349509, 1.03988552094, 9.09098052979, 10.0610275269, 12.2095241547, 14.1464223862, 7.09982252121, 2.68843793869, 1.52481269836, 1.46467137337, 1.20427429676, 1.06009995937, 1.42518377304, 1.96221387386, 2.12884712219, 1.91288948059, 2.38483810425, 3.65837097168, 1.9128203392, 0.383719205856, 0.0351024083793, 0.00722495140508, 0.0036045666784, 0.00114656193182, 0.000589252624195, 0.000393119320506, 0.00029863169766, 0.000191751430975, 0.000141288895975, 9.56686853897e-05, 5.5314583733e-05, 1.57006797963e-05, 7.9619087046e-05, 0.00115767773241, 0.000641854130663],
        "min": [2.48954977185e-14, 1.26123802157e-13, 4.33646120315e-13, 1.24005493374e-12, 2.48493651871e-12, 2.27796254082e-12, 1.29647930846e-12, 6.24629948459e-12, 1.23569461954e-11, 3.20413487409e-11, 5.33242651424e-11, 5.93161630924e-11, 5.94019555766e-11, 4.27336707687e-11, 4.75572220493e-11, 8.60322021956e-11, 6.8751795923e-11, 3.3575087155e-11, 9.3901011966e-11, 1.72036287993e-10, 4.06034039724e-10, 1.93867283338e-10, 1.81866022242e-10, 2.0250619237e-10, 3.99139110652e-10, 3.96395805069e-10, 2.81534240365e-10, 3.68403418882e-10, 2.51717424682e-10, 4.94214280611e-10, 2.81403206293e-10, 2.14353756967e-10, 3.09382630626e-10, 2.68340599741e-10, 1.44650305622e-10, 1.51278739535e-10, 6.37759012267e-11, 2.99044539132e-11, 9.564139411e-12, 8.76308845366e-13],
        "var": [9.93069406832e-05, 0.00250449101441, 0.00196451321244, 0.00442141015083, 0.229989990592, 25.1121730804, 62.2451934814, 2555.17041016, 8055.97119141, 12003.1933594, 34448.3242188, 25050.078125, 5316.61474609, 4637.18408203, 2711.42016602, 2242.64306641, 2305.01489258, 5219.40917969, 3542.71459961, 2642.51416016, 3291.74658203, 1885.11206055, 1719.42163086, 1453.30517578, 478.353881836, 3.8087272644, 0.0159244686365, 0.00540996761993, 0.00212473981082, 0.000857316888869, 0.000332154915668, 9.54567294684e-05, 7.44590724935e-05, 0.000114351787488, 1.47976970766e-05, 1.12039560918e-06, 3.83815752514e-08, 2.82355272496e-09, 4.66226417473e-08, 1.08888027484e-08]
    },
    "gfcc": {
        "mean": [-188.306106567, 123.183738708, -159.201828003, -67.1499176025, -23.1484832764, -73.3220977783, -28.0922641754, -2.79078292847, 7.4546661377, -18.159866333, 14.8589363098, -11.2680940628, -2.4015545845],
        "cov": [[9296.11425781, 3222.53686523, -2543.45800781, -228.651657104, 88.578956604, 146.664459229, -187.038330078, 777.850097656, 371.524597168, 300.342102051, 56.8381690979, 361.103637695, -118.866111755], [3222.53686523, 2051.66357422, -453.402313232, -601.729248047, -306.981964111, -181.705200195, -206.281768799, 87.8212890625, 32.4615898132, 25.8144264221, 8.75298881531, 69.0200424194, -103.917556763], [-2543.45800781, -453.402313232, 2164.09667969, 762.273193359, -107.943870544, 263.804473877, 112.808395386, -261.21987915, -100.857841492, -10.8922214508, -62.9995002747, -19.7642612457, 77.5015563965], [-228.651657104, -601.729248047, 762.273193359, 1433.49450684, 600.00604248, 323.491668701, 166.330093384, 258.760253906, 124.721206665, 137.059783936, 12.3810396194, 117.933189392, 100.824333191], [88.578956604, -306.981964111, -107.943870544, 600.00604248, 673.31817627, 315.854156494, 155.504333496, 225.835922241, 138.190307617, 113.03339386, 34.5253868103, 62.3475952148, 82.4207077026], [146.664459229, -181.705200195, 263.804473877, 323.491668701, 315.854156494, 899.738342285, 361.547729492, 40.3558654785, 104.561920166, 174.228302002, -25.7454719543, 91.7859115601, 121.52545929], [-187.038330078, -206.281768799, 112.808395386, 166.330093384, 155.504333496, 361.547729492, 285.90423584, 63.5507736206, -19.6814594269, 58.2379684448, 24.6478900909, 13.7596378326, 25.0684375763], [777.850097656, 87.8212890625, -261.21987915, 258.760253906, 225.835922241, 40.3558654785, 63.5507736206, 312.090545654, 153.219833374, 61.2014389038, 22.1789188385, 89.0600357056, 18.9379901886], [371.524597168, 32.4615898132, -100.857841492, 124.721206665, 138.190307617, 104.561920166, -19.6814594269, 153.219833374, 232.485961914, 91.9308776855, -17.2830047607, 79.7680587769, 74.0377120972], [300.342102051, 25.8144264221, -10.8922214508, 137.059783936, 113.03339386, 174.228302002, 58.2379684448, 61.2014389038, 91.9308776855, 134.742553711, 43.7184677124, 56.7479782104, 47.0424156189], [56.8381690979, 8.75298881531, -62.9995002747, 12.3810396194, 34.5253868103, -25.7454719543, 24.6478900909, 22.1789188385, -17.2830047607, 43.7184677124, 108.832901001, 51.9574356079, 3.61323642731], [361.103637695, 69.0200424194, -19.7642612457, 117.933189392, 62.3475952148, 91.7859115601, 13.7596378326, 89.0600357056, 79.7680587769, 56.7479782104, 51.9574356079, 149.304656982, 80.3966598511], [-118.866111755, -103.917556763, 77.5015563965, 100.824333191, 82.4207077026, 121.52545929, 25.0684375763, 18.9379901886, 74.0377120972, 47.0424156189, 3.61323642731, 80.3966598511, 132.44732666]],
        "icov": [[0.00262289843522, -0.00390970613807, 0.00398785900325, -0.00410373974591, 0.00341638806276, -0.00263975723647, 0.00171690154821, -0.00143252965063, 0.00102964625694, -0.000975621805992, 0.000665992964059, -0.000428651372204, 0.000265786104137], [-0.00390970613807, 0.00672463607043, -0.00619864882901, 0.00687322858721, -0.00514027057216, 0.00354218995199, -0.0010996859055, 0.000605253735557, -0.000149849351146, -2.95461832138e-05, -0.000140876640216, -0.000342899729731, 0.000538761320058], [0.00398785900325, -0.00619864882901, 0.00731610646471, -0.00771843083203, 0.00624542729929, -0.00398679682985, 0.00141288957093, -3.54718577e-05, 0.000189915925148, -8.93530013855e-05, 0.000395517243305, -6.29808055237e-05, -0.00022768897179], [-0.00410373974591, 0.00687322858721, -0.00771843083203, 0.00971144810319, -0.00767132407054, 0.00432362826541, -0.000999663374387, -0.00103470543399, 0.0016014771536, -0.00217169406824, 0.00191344390623, -0.00190007733181, 0.000954584684223], [0.00341638806276, -0.00514027057216, 0.00624542729929, -0.00767132407054, 0.00944003183395, -0.00574814900756, 0.00347149558365, -0.00345528172329, -3.12357951771e-05, 0.00163755600806, -0.00413028616458, 0.00469768233597, -0.00284806475975], [-0.00263975723647, 0.00354218995199, -0.00398679682985, 0.00432362826541, -0.00574814900756, 0.00964246038347, -0.010774503462, 0.00744246924296, -0.00333633762784, -0.00403756462038, 0.00755583168939, -0.00674374774098, 0.00234293984249], [0.00171690154821, -0.0010996859055, 0.00141288957093, -0.000999663374387, 0.00347149558365, -0.010774503462, 0.0199416205287, -0.0134955877438, 0.0100086051971, -0.000586152891628, -0.00717169092968, 0.00800560228527, -0.00355710810982], [-0.00143252965063, 0.000605253735557, -3.54718577e-05, -0.00103470543399, -0.00345528172329, 0.00744246924296, -0.0134955877438, 0.0187372062355, -0.012192892842, 0.00342357601039, 0.00318694137968, -0.00794005580246, 0.00552683742717], [0.00102964625694, -0.000149849351146, 0.000189915925148, 0.0016014771536, -3.12357951771e-05, -0.00333633762784, 0.0100086051971, -0.012192892842, 0.0193974133581, -0.0121823875234, 0.0079113971442, -0.0020839557983, -0.00306105986238], [-0.000975621805992, -2.95461832138e-05, -8.93530013855e-05, -0.00217169406824, 0.00163755600806, -0.00403756462038, -0.000586152891628, 0.00342357601039, -0.0121823875234, 0.0262128133327, -0.0179717540741, 0.00905064214021, -0.00439012795687], [0.000665992964059, -0.000140876640216, 0.000395517243305, 0.00191344390623, -0.00413028616458, 0.00755583168939, -0.00717169092968, 0.00318694137968, 0.0079113971442, -0.0179717540741, 0.0305573269725, -0.0197455827147, 0.00845116749406], [-0.000428651372204, -0.000342899729731, -6.29808055237e-05, -0.00190007733181, 0.00469768233597, -0.00674374774098, 0.00800560228527, -0.00794005580246, -0.0020839557983, 0.00905064214021, -0.0197455827147, 0.028116710484, -0.0148641411215], [0.000265786104137, 0.000538761320058, -0.00022768897179, 0.000954584684223, -0.00284806475975, 0.00234293984249, -0.00355710810982, 0.00552683742717, -0.00306105986238, -0.00439012795687, 0.00845116749406, -0.0148641411215, 0.0191860757768]]
    },
    "melbands": {
        "dmean": [1.7520151232e-05, 9.04782791622e-06, 5.23839298694e-06, 3.23543681588e-05, 7.653881039e-05, 0.00039168971125, 0.000426980928751, 0.000529632263351, 0.000590613402892, 0.000347294931998, 0.000114545902761, 7.2720758908e-05, 4.76103741676e-05, 3.66384228982e-05, 3.32145209541e-05, 3.37608580594e-05, 3.61817437806e-05, 3.12405645673e-05, 2.28534281632e-05, 2.20291913138e-05, 1.78893114935e-05, 1.31227916427e-05, 1.23489562611e-05, 1.15714656204e-05, 8.77850470715e-06, 4.52049198429e-06, 8.93564788385e-07, 4.49661037294e-08, 1.51460941566e-08, 1.13589555539e-08, 7.91482435147e-09, 5.51988010855e-09, 3.92748056299e-09, 2.77982703523e-09, 1.88669702084e-09, 1.26358412622e-09, 7.96287813465e-10, 5.75596958985e-10, 5.39284616963e-10, 5.25778753868e-10],
        "dmean2": [3.0092891393e-05, 1.52415777848e-05, 8.27364056022e-06, 4.75497981824e-05, 0.000116702358355, 0.000561259512324, 0.000645674415864, 0.000800660345703, 0.000898123485968, 0.000515108054969, 0.000163497170433, 9.90689004539e-05, 6.51133959764e-05, 5.16339387104e-05, 4.9917238357e-05, 5.01779541082e-05, 5.21963593201e-05, 4.60892733827e-05, 3.46039960277e-05, 3.40780534316e-05, 2.6524070563e-05, 1.98549714696e-05, 1.93781015696e-05, 1.7959431716e-05, 1.38679952215e-05, 7.29409202904e-06, 1.4231205796e-06, 7.07924527887e-08, 2.48829579164e-08, 1.87849344968e-08, 1.30418325028e-08, 9.10588138225e-09, 6.68152866368e-09, 4.69166705486e-09, 3.18082449269e-09, 2.11349138191e-09, 1.32876776249e-09, 9.76031921951e-10, 8.84208040119e-10, 8.90400531084e-10],
        "dvar": [5.04062525053e-09, 8.6689744272e-10, 1.2956694051e-10, 1.33629143306e-08, 5.01636847616e-08, 4.75378357123e-07, 8.03954890216e-07, 9.4914435067e-07, 1.52065013026e-06, 6.4843789005e-07, 7.69225749764e-08, 4.13331271432e-08, 1.62719757668e-08, 1.1204029704e-08, 1.29671056115e-08, 1.18838725527e-08, 1.04249435751e-08, 6.10804562484e-09, 3.52814844007e-09, 3.45646489208e-09, 2.44312725606e-09, 9.76516090212e-10, 6.38991304314e-10, 5.49324197241e-10, 6.2302873971e-10, 4.49109915923e-10, 4.20528716016e-11, 5.48007921322e-14, 4.64717299676e-15, 2.96176504952e-15, 1.58316556479e-15, 8.69802781063e-16, 5.45216685181e-16, 2.48999681466e-16, 1.29876250017e-16, 7.22790750121e-17, 2.20484065834e-17, 3.0181008138e-17, 7.74474450631e-17, 1.41192795481e-16],
        "dvar2": [1.39492479789e-08, 2.43565567715e-09, 3.08407993588e-10, 2.43201583316e-08, 1.02783857869e-07, 9.23775985484e-07, 1.63225195138e-06, 1.93721893993e-06, 3.43891542798e-06, 1.33984133299e-06, 1.38849870268e-07, 6.96531827771e-08, 2.88851147445e-08, 2.11001367489e-08, 3.00382936302e-08, 2.89020416488e-08, 2.32393944088e-08, 1.25218768687e-08, 7.54148388182e-09, 7.87949172576e-09, 5.21412824028e-09, 2.03767358542e-09, 1.53924339941e-09, 1.23833832077e-09, 1.47870315992e-09, 1.11516962331e-09, 1.06188460802e-10, 1.10671156484e-13, 1.16404807207e-14, 7.69346642871e-15, 3.74549880111e-15, 2.23710464622e-15, 1.42205756888e-15, 6.50084075672e-16, 3.29963537487e-16, 1.7826409239e-16, 5.09319587695e-17, 5.93095315169e-17, 1.90823645469e-16, 3.75345445219e-16],
        "max": [0.00170393357985, 0.00044488205458, 0.000181378549314, 0.0028545637615, 0.00604609539732, 0.00863069854677, 0.0126861324534, 0.0092668896541, 0.0117781832814, 0.0106746768579, 0.00532312970608, 0.00400847895071, 0.00204856763594, 0.00192072463688, 0.00218235142529, 0.00182655500248, 0.00270413816907, 0.00108906207606, 0.000948064145632, 0.00108083256055, 0.000801180722192, 0.000647203996778, 0.000511324324179, 0.000386517815059, 0.000640639045741, 0.000456359324744, 0.000173927241121, 7.51817287892e-06, 1.20281470117e-06, 9.4196172995e-07, 8.95678113011e-07, 7.68277971019e-07, 5.60966157082e-07, 3.43750315324e-07, 3.72888905531e-07, 3.19742156307e-07, 1.28049464365e-07, 2.24841301133e-07, 3.73732206072e-07, 4.90723834901e-07],
        "mean": [2.2049061954e-05, 1.36477692649e-05, 8.10413985164e-06, 4.46749472758e-05, 0.000106323488581, 0.0006947403308, 0.000616405508481, 0.000745318015106, 0.000714267836884, 0.000410492240917, 0.000145296449773, 9.78812895482e-05, 6.32559604128e-05, 4.60164701508e-05, 3.84132727049e-05, 3.81985410058e-05, 4.62128446088e-05, 3.91587200284e-05, 2.80375115835e-05, 2.99882140098e-05, 2.60995911958e-05, 1.9603079636e-05, 1.84378604899e-05, 1.6570351363e-05, 1.14257991299e-05, 4.93094739795e-06, 8.58275882365e-07, 4.9682913783e-08, 1.54271102559e-08, 1.28612382966e-08, 8.46396197574e-09, 5.30713517577e-09, 3.87528631407e-09, 2.76896794382e-09, 1.86675563896e-09, 1.34419630982e-09, 9.16213938051e-10, 6.90902390854e-10, 6.12628558994e-10, 5.38633138092e-10],
        "median": [9.88983970274e-08, 1.03285685782e-07, 1.99840724235e-06, 3.88288390241e-06, 1.94762815227e-05, 0.000204440206289, 0.000139537150972, 0.000102871679701, 9.47707740124e-05, 3.59707191819e-05, 1.00345187093e-05, 5.2352061175e-06, 4.60874889541e-06, 3.54005260306e-06, 2.4538398975e-06, 2.15632780964e-06, 2.48926698987e-06, 2.66811412075e-06, 2.71112594419e-06, 2.3202067041e-06, 1.80467895916e-06, 1.85627152405e-06, 3.09795450448e-06, 2.48719993579e-06, 1.36428775477e-06, 3.89526832123e-07, 4.29907274224e-08, 5.65986724155e-09, 2.59922527945e-09, 2.66734678789e-09, 1.38095246349e-09, 5.67015878694e-10, 3.71643105179e-10, 2.63424060343e-10, 2.11868106392e-10, 2.01009014988e-10, 1.50502998952e-10, 1.21673754405e-10, 1.16978871034e-10, 9.98759547288e-11],
        "min": [2.22971629546e-16, 2.084240372e-16, 2.53153054583e-16, 1.86632222043e-16, 5.2040635562e-17, 1.36663657372e-16, 1.99731917445e-16, 3.94668304919e-16, 4.31894555918e-16, 3.80287988345e-16, 2.91940043197e-16, 1.70478562585e-16, 1.454714633e-16, 1.99779576283e-16, 2.36920038726e-16, 9.67191055918e-17, 5.38875644337e-17, 1.70484782983e-16, 7.06554650535e-17, 4.49694556258e-16, 4.72898494452e-16, 2.237421913e-16, 1.2726546948e-16, 1.44044874528e-16, 1.59968379252e-16, 2.68937540025e-16, 2.35698987793e-16, 2.7752168955e-16, 1.53680880155e-16, 1.99770272155e-16, 2.12540432036e-16, 7.16536272073e-17, 3.67059451292e-16, 2.13350142594e-16, 1.81144110289e-16, 1.15420229874e-16, 1.33407530374e-16, 2.46760920447e-16, 1.91531090033e-16, 2.51974381767e-16],
        "var": [6.27931129316e-09, 1.43342515635e-09, 2.45566872392e-10, 2.91420771958e-08, 7.36085894459e-08, 1.1289282611e-06, 1.7948398181e-06, 1.82829683126e-06, 2.14503074858e-06, 9.33161743433e-07, 1.33215905862e-07, 8.15827263523e-08, 3.05705505355e-08, 1.81730719362e-08, 1.61918958241e-08, 1.41513636365e-08, 2.06624086729e-08, 1.13070068863e-08, 5.5108895225e-09, 6.24654772352e-09, 5.10484454708e-09, 2.35339991939e-09, 1.69172875708e-09, 1.31981514606e-09, 1.09971198814e-09, 5.54617851645e-10, 4.04739748661e-11, 7.98851341522e-14, 4.43711094342e-15, 2.73253929927e-15, 1.58986665419e-15, 7.67509206062e-16, 4.53323033645e-16, 2.12801596116e-16, 1.22030501464e-16, 7.35635210673e-17, 2.35341850909e-17, 3.29941236698e-17, 6.10442152882e-17, 9.56356247208e-17]
    },
    "mfcc": {
        "mean": [-829.121765137, 184.084625244, -70.3101272583, -16.4739971161, -1.36733520031, -55.7343406677, -30.8145942688, -4.10705471039, -18.3372268677, -4.4372754097, 11.068529129, -2.38430070877, -1.89482855797],
        "cov": [[7809.57714844, 3222.63671875, -2640.72851562, -401.127410889, 40.3041038513, -520.627319336, -219.208374023, 366.934265137, 231.562042236, 180.163619995, 345.764678955, 256.622558594, 147.599761963], [3222.63671875, 2168.94799805, -590.683410645, -547.032653809, -249.540740967, -345.440856934, -232.294616699, -30.4439792633, -58.1523399353, -73.3497085571, 118.708297729, 81.9585113525, -51.1319885254], [-2640.72851562, -590.683410645, 2049.65722656, 433.57711792, -168.495346069, 398.927459717, 54.2714309692, -210.749404907, -48.8051872253, -182.220703125, -194.272003174, 7.81826543808, -59.2098579407], [-401.127410889, -547.032653809, 433.57711792, 1149.40588379, 566.992919922, 166.589584351, 177.081939697, 193.528198242, 180.978515625, 79.8862380981, 4.91232442856, 99.2367019653, 167.627151489], [40.3041038513, -249.540740967, -168.495346069, 566.992919922, 594.645446777, 200.575546265, 134.04788208, 199.463088989, 226.02645874, 135.614196777, 54.7878379822, 82.9511260986, 136.196044922], [-520.627319336, -345.440856934, 398.927459717, 166.589584351, 200.575546265, 785.707702637, 421.088195801, 112.261390686, 290.852874756, 142.775924683, -31.1227893829, 103.756103516, 88.2460479736], [-219.208374023, -232.294616699, 54.2714309692, 177.081939697, 134.04788208, 421.088195801, 485.395446777, 173.632522583, 113.280693054, 122.848152161, 32.3485069275, 46.4246749878, 70.1748352051], [366.934265137, -30.4439792633, -210.749404907, 193.528198242, 199.463088989, 112.261390686, 173.632522583, 255.302459717, 187.718292236, 77.1706466675, 60.7098236084, 86.5019683838, 89.5169143677], [231.562042236, -58.1523399353, -48.8051872253, 180.978515625, 226.02645874, 290.852874756, 113.280693054, 187.718292236, 349.272186279, 142.261611938, 3.18156862259, 112.705253601, 125.076576233], [180.163619995, -73.3497085571, -182.220703125, 79.8862380981, 135.614196777, 142.775924683, 122.848152161, 77.1706466675, 142.261611938, 171.518600464, 53.7355575562, 13.3012809753, 50.9078712463], [345.764678955, 118.708297729, -194.272003174, 4.91232442856, 54.7878379822, -31.1227893829, 32.3485069275, 60.7098236084, 3.18156862259, 53.7355575562, 128.282241821, 43.224281311, -14.2082014084], [256.622558594, 81.9585113525, 7.81826543808, 99.2367019653, 82.9511260986, 103.756103516, 46.4246749878, 86.5019683838, 112.705253601, 13.3012809753, 43.224281311, 159.895446777, 106.783401489], [147.599761963, -51.1319885254, -59.2098579407, 167.627151489, 136.196044922, 88.2460479736, 70.1748352051, 89.5169143677, 125.076576233, 50.9078712463, -14.2082014084, 106.783401489, 181.015594482]],
