{
"lowlevel": {
    "average_loudness": 0.965038299561,
    "barkbands_crest": {
        "dmean": 3.93221855164,
        "dmean2": 6.39964771271,
        "dvar": 11.8606281281,
        "dvar2": 29.5872879028,
        "max": 26.551897049,
        "mean": 13.3246011734,
        "median": 12.1992988586,
        "min": 3.3978729248,
        "var": 26.2981395721
    },
    "barkbands_flatness_db": {
        "dmean": 0.0392849855125,
        "dmean2": 0.0580893233418,
        "dvar": 0.0013581556268,
        "dvar2": 0.00268662674353,
        "max": 0.497182369232,
        "mean": 0.310604453087,
        "median": 0.318524181843,
        "min": 0.0755877271295,
        "var": 0.00422548502684
    },
    "barkbands_kurtosis": {
        "dmean": 13.0723009109,
        "dmean2": 21.0905532837,
        "dvar": 660.58807373,
        "dvar2": 1606.72375488,
        "max": 805.61151123,
        "mean": 17.520318985,
        "median": 3.6801097393,
        "min": -1.96755433083,
        "var": 2800.29614258
    },
    "barkbands_skewness": {
        "dmean": 1.45404350758,
        "dmean2": 2.15398573875,
        "dvar": 2.37303256989,
        "dvar2": 5.10174512863,
        "max": 26.6190929413,
        "mean": 2.01597213745,
        "median": 1.44565653801,
        "min": -6.51173496246,
        "var": 9.07808971405
    },
    "barkbands_spread": {
        "dmean": 10.5830717087,
        "dmean2": 17.302318573,
        "dvar": 282.088470459,
        "dvar2": 667.680175781,
        "max": 115.664764404,
        "mean": 15.687587738,
        "median": 8.30561828613,
        "min": 0.423574507236,
        "var": 343.657806396
    },
    "dissonance": {
        "dmean": 0.040477860719,
        "dmean2": 0.0630103573203,
        "dvar": 0.0018924587639,
        "dvar2": 0.00415305420756,
        "max": 0.500000059605,
        "mean": 0.410840958357,
        "median": 0.418821305037,
        "min": 0.130503728986,
        "var": 0.00541665032506
    },
    "dynamic_complexity": 4.95652532578,
    "erbbands_crest": {
        "dmean": 4.17028188705,
        "dmean2": 6.76582956314,
        "dvar": 12.3090467453,
        "dvar2": 31.9416179657,
        "max": 31.4854412079,
        "mean": 13.5187273026,
        "median": 12.5207710266,
        "min": 3.54938721657,
        "var": 27.1940231323
    },
    "erbbands_flatness_db": {
        "dmean": 0.0442904159427,
        "dmean2": 0.0638586655259,
        "dvar": 0.00207328796387,
        "dvar2": 0.00390157126822,
        "max": 0.524276554585,
        "mean": 0.360930472612,
        "median": 0.378480643034,
        "min": 0.0596956945956,
        "var": 0.00555820716545
    },
    "erbbands_kurtosis": {
        "dmean": 4.76494121552,
        "dmean2": 7.86328220367,
        "dvar": 92.9337844849,
        "dvar2": 228.632843018,
        "max": 107.288085938,
        "mean": 4.59427690506,
        "median": 0.762942075729,
        "min": -1.93214428425,
        "var": 149.390731812
    },
    "erbbands_skewness": {
        "dmean": 0.951303303242,
        "dmean2": 1.41034114361,
        "dvar": 1.06265985966,
        "dvar2": 2.18691492081,
        "max": 8.47005653381,
        "mean": 0.584992706776,
        "median": 0.566985964775,
        "min": -8.42593193054,
        "var": 3.02713346481
    },
    "erbbands_spread": {
        "dmean": 7.42641782761,
        "dmean2": 11.9418506622,
        "dvar": 74.0791854858,
        "dvar2": 189.965927124,
        "max": 63.1757469177,
        "mean": 16.3419513702,
        "median": 13.1033420563,
        "min": 0.512620687485,
        "var": 134.372085571
    },
    "hfc": {
        "dmean": 7.94847917557,
        "dmean2": 10.8681726456,
        "dvar": 93.6244888306,
        "dvar2": 160.961380005,
        "max": 75.4610519409,
        "mean": 13.2434587479,
        "median": 6.38107204437,
        "min": 1.19994062205e-16,
        "var": 234.829620361
    },
    "melbands_crest": {
        "dmean": 4.59374809265,
        "dmean2": 7.53205728531,
        "dvar": 15.2451963425,
        "dvar2": 36.6910972595,
        "max": 33.1169471741,
        "mean": 15.4042253494,
        "median": 14.7975234985,
        "min": 2.43813490868,
        "var": 36.1608123779
    },
    "melbands_flatness_db": {
        "dmean": 0.0514740683138,
        "dmean2": 0.0725834295154,
        "dvar": 0.00261025200598,
        "dvar2": 0.00469556171447,
        "max": 0.613804936409,
        "mean": 0.374351471663,
        "median": 0.392533421516,
        "min": 0.00794832594693,
        "var": 0.00970649439842
    },
    "melbands_kurtosis": {
        "dmean": 10.6867771149,
        "dmean2": 17.0124473572,
        "dvar": 385.661895752,
        "dvar2": 902.312866211,
        "max": 284.218353271,
        "mean": 12.9934692383,
        "median": 4.17347812653,
        "min": -1.91303622723,
        "var": 620.585693359
    },
    "melbands_skewness": {
        "dmean": 1.26471221447,
        "dmean2": 1.82316160202,
        "dvar": 1.93830990791,
        "dvar2": 3.87363028526,
        "max": 14.552230835,
        "mean": 1.87091100216,
        "median": 1.6866543293,
        "min": -8.3922662735,
        "var": 5.16805887222
    },
    "melbands_spread": {
        "dmean": 8.20940589905,
        "dmean2": 13.5491085052,
        "dvar": 145.585540771,
        "dvar2": 366.281066895,
        "max": 136.970352173,
        "mean": 13.7990322113,
        "median": 9.46098518372,
        "min": 0.368967831135,
        "var": 183.56817627
    },
    "pitch_salience": {
        "dmean": 0.104371666908,
        "dmean2": 0.163396030664,
        "dvar": 0.0103028453887,
        "dvar2": 0.0226150620729,
        "max": 0.907531797886,
        "mean": 0.602478802204,
        "median": 0.63528072834,
        "min": 0.0694865211844,
        "var": 0.0281646586955
    },
    "silence_rate_20dB": {
        "dmean": 0,
        "dmean2": 0,
        "dvar": 0,
        "dvar2": 0,
        "max": 1,
        "mean": 1,
        "median": 1,
        "min": 1,
        "var": 0
    },
    "silence_rate_30dB": {
        "dmean": 0,
        "dmean2": 0,
        "dvar": 0,
        "dvar2": 0,
        "max": 1,
        "mean": 1,
        "median": 1,
        "min": 1,
        "var": 0
    },
    "silence_rate_60dB": {
        "dmean": 0.159724876285,
        "dmean2": 0.319571852684,
        "dvar": 0.134212583303,
        "dvar2": 0.251845091581,
        "max": 1,
        "mean": 0.301757067442,
        "median": 0,
        "min": 0,
        "var": 0.210704803467
    },
    "spectral_centroid": {
        "dmean": 324.67300415,
        "dmean2": 483.585388184,
        "dvar": 221982.640625,
        "dvar2": 378293.15625,
        "max": 3419.77270508,
        "mean": 1132.82788086,
        "median": 851.252075195,
        "min": 286.368286133,
        "var": 604951.875
    },
    "spectral_complexity": {
        "dmean": 3.64081001282,
        "dmean2": 5.01911306381,
        "dvar": 15.5360307693,
        "dvar2": 25.5110378265,
        "max": 34,
        "mean": 8.51145935059,
        "median": 8,
        "min": 0,
        "var": 50.6003494263
    },
    "spectral_decrease": {
        "dmean": 2.57820098604e-09,
        "dmean2": 3.53686502308e-09,
        "dvar": 9.61324244337e-18,
        "dvar2": 1.71074830767e-17,
        "max": 4.25709727886e-12,
        "mean": -4.31486801844e-09,
        "median": -2.36870567605e-09,
        "min": -2.0382454835e-08,
        "var": 2.31908621233e-17
    },
    "spectral_energy": {
        "dmean": 0.0104307401925,
        "dmean2": 0.0142893325537,
        "dvar": 0.000156726586283,
        "dvar2": 0.000278024759609,
        "max": 0.0824199616909,
        "mean": 0.0174864623696,
        "median": 0.00952712632716,
        "min": 1.06724587466e-20,
        "var": 0.000380118988687
    },
    "spectral_energyband_high": {
        "dmean": 3.80637789021e-06,
        "dmean2": 6.53965525999e-06,
        "dvar": 2.90288643817e-11,
        "dvar2": 8.19882911562e-11,
        "max": 0.000107219202619,
        "mean": 2.23128517973e-05,
        "median": 2.19894445763e-05,
        "min": 7.99776054236e-21,
        "var": 2.7779537351e-11
    },
    "spectral_energyband_low": {
        "dmean": 2.833143526e-06,
        "dmean2": 4.58944850834e-06,
        "dvar": 8.44489200791e-11,
        "dvar2": 1.95780530676e-10,
        "max": 0.000114984592074,
        "mean": 2.44296302299e-06,
        "median": 1.52942817522e-07,
        "min": 5.67187961628e-23,
        "var": 8.08088110316e-11
    },
    "spectral_energyband_middle_high": {
        "dmean": 0.00307298498228,
        "dmean2": 0.00428002234548,
        "dvar": 1.8851898858e-05,
        "dvar2": 3.25625915139e-05,
        "max": 0.0585900619626,
        "mean": 0.00447032647207,
        "median": 0.00122428627219,
        "min": 1.37354380749e-21,
        "var": 4.46195917903e-05
    },
    "spectral_energyband_middle_low": {
        "dmean": 0.00805560592562,
        "dmean2": 0.0114023387432,
        "dvar": 0.000100992881926,
        "dvar2": 0.000187148150872,
        "max": 0.0682346746325,
        "mean": 0.0131071005017,
        "median": 0.00731809204444,
        "min": 3.61110230151e-22,
        "var": 0.00022195285419
    },
    "spectral_entropy": {
        "dmean": 0.295421689749,
        "dmean2": 0.433274120092,
        "dvar": 0.0852972120047,
        "dvar2": 0.173628985882,
        "max": 9.25928592682,
        "mean": 6.52035808563,
        "median": 6.55788516998,
        "min": 4.33753395081,
        "var": 0.338197171688
    },
    "spectral_flux": {
        "dmean": 0.0381052903831,
        "dmean2": 0.0596598722041,
        "dvar": 0.00144820741843,
        "dvar2": 0.00320403510705,
        "max": 0.274412065744,
        "mean": 0.0841332376003,
        "median": 0.0771225467324,
        "min": 9.23072147998e-05,
        "var": 0.00369648146443
    },
    "spectral_kurtosis": {
        "dmean": 17.500711441,
        "dmean2": 29.0094909668,
        "dvar": 230.433959961,
        "dvar2": 580.765075684,
        "max": 156.885772705,
        "mean": 43.9709129333,
        "median": 40.1172065735,
        "min": -1.09953343868,
        "var": 577.002990723
    },
    "spectral_rms": {
        "dmean": 0.00131573865656,
        "dmean2": 0.00172873097472,
        "dvar": 1.86503575605e-06,
        "dvar2": 2.87634134111e-06,
        "max": 0.00896714720875,
        "mean": 0.00330666569062,
        "median": 0.00304873054847,
        "min": 3.22678711008e-12,
        "var": 6.12597432337e-06
    },
    "spectral_rolloff": {
        "dmean": 2116.546875,
        "dmean2": 4044.32885742,
        "dvar": 27022788,
        "dvar2": 58144892,
        "max": 19530.6152344,
        "mean": 3799.89233398,
        "median": 1313.52539062,
        "min": 279.931640625,
        "var": 38150572
    },
    "spectral_skewness": {
        "dmean": 1.16389775276,
        "dmean2": 1.94145035744,
        "dvar": 0.862318873405,
        "dvar2": 2.35844635963,
        "max": 10.2024946213,
        "mean": 3.95642089844,
        "median": 3.92062139511,
        "min": 0.101471923292,
        "var": 2.42633247375
    },
    "spectral_spread": {
        "dmean": 645427.5625,
        "dmean2": 977656.75,
        "dvar": 1.39291512013e+12,
        "dvar2": 2.07602070323e+12,
        "max": 50177148,
        "mean": 1829137.75,
        "median": 1433137.875,
        "min": 413015.8125,
        "var": 2.53719687987e+12
    },
    "spectral_strongpeak": {
        "dmean": 0.985856354237,
        "dmean2": 1.64662194252,
        "dvar": 1.06159973145,
        "dvar2": 2.5399184227,
        "max": 7.93717908859,
        "mean": 1.61331021786,
        "median": 1.26554763317,
        "min": 6.0784360878e-10,
        "var": 1.65622663498
    },
    "zerocrossingrate": {
        "dmean": 0.0648180767894,
        "dmean2": 0.0704009756446,
        "dvar": 0.00827261712402,
        "dvar2": 0.00911328755319,
        "max": 0.857421875,
        "mean": 0.155543133616,
        "median": 0.05859375,
        "min": 0.01220703125,
        "var": 0.0359845757484
    },
    "barkbands": {
        "dmean": [4.16845097106e-07, 4.80290054838e-07, 1.1755447531e-06, 2.20316155719e-06, 0.000623049098067, 0.00193594407756, 0.00333466520533, 0.00291485432535, 0.00193695118651, 0.000616517034359, 0.000501348113175, 0.00066067656735, 0.000879141385667, 0.000605417240877, 0.000370743975509, 0.000216089334572, 9.89961845335e-05, 8.64662943059e-05, 0.000121342367493, 3.68670430362e-06, 3.85769027389e-07, 2.08656274481e-07, 8.59277733412e-08, 3.3260814547e-08, 1.15363256725e-08, 7.08033853769e-09, 3.24773463944e-06],
        "dmean2": [7.11822053745e-07, 8.46149077915e-07, 1.94346534954e-06, 3.75113518203e-06, 0.000907300098334, 0.00283081457019, 0.00505928555503, 0.00459709065035, 0.0028278469108, 0.000916605873499, 0.000753799104132, 0.00100213650148, 0.00129932013806, 0.00094610924134, 0.000583878078032, 0.000326603738358, 0.000155300891493, 0.000137536451803, 0.000190543505596, 6.0043130361e-06, 6.6670634169e-07, 3.6401354464e-07, 1.50914374331e-07, 5.55086039356e-08, 1.93666114257e-08, 1.15192344552e-08, 5.57157591174e-06],
        "dvar": [2.29064770624e-12, 3.46704978095e-12, 1.82024829237e-11, 1.10735282055e-10, 2.2722738322e-06, 1.57782287715e-05, 3.7329406041e-05, 2.99664170598e-05, 1.86804427358e-05, 3.59238947567e-06, 1.69849408849e-06, 2.54942688116e-06, 3.63917342838e-06, 2.2350927793e-06, 1.01358034499e-06, 3.0569935916e-07, 8.00555710612e-08, 9.13813096304e-08, 2.03264406196e-07, 1.04222117048e-10, 3.17999511272e-12, 1.30645993156e-12, 5.54244204785e-13, 3.44480405301e-14, 2.61136657748e-15, 1.36590362552e-15, 8.7346284719e-12],
        "dvar2": [6.12198226141e-12, 9.3378143759e-12, 4.05698946659e-11, 2.92588842044e-10, 4.42364216724e-06, 2.92859658657e-05, 7.78527537477e-05, 6.74457623973e-05, 3.52328279405e-05, 8.18571061245e-06, 3.50019217876e-06, 5.53155632588e-06, 7.83647828939e-06, 5.01721115143e-06, 2.19210301111e-06, 6.34704178992e-07, 1.83650854524e-07, 2.2389770038e-07, 4.26148574206e-07, 2.67658784026e-10, 8.73377238586e-12, 3.65485636547e-12, 1.639602191e-12, 9.90231591928e-14, 7.32876876997e-15, 3.96660023485e-15, 2.47618470867e-11],
        "max": [3.57324170182e-05, 2.88679402729e-05, 7.65115401009e-05, 0.00026083656121, 0.0242615267634, 0.0565616115928, 0.0621590837836, 0.0485412627459, 0.041986707598, 0.0320818349719, 0.0175495725125, 0.0233743339777, 0.0274924784899, 0.0220885146409, 0.0206906553358, 0.00864144973457, 0.00751504674554, 0.00594038516283, 0.0127784796059, 0.00022018776508, 3.66147432942e-05, 2.48958622251e-05, 2.46542240347e-05, 5.64748006582e-06, 1.48532126332e-06, 1.2746269249e-06, 3.7646619603e-05],
        "mean": [4.33794184573e-07, 3.71635849206e-07, 9.58256350714e-07, 1.70416853962e-06, 0.00086086220108, 0.00294440123253, 0.00387420528568, 0.00292341317981, 0.00223820097744, 0.000652064045426, 0.000539239495993, 0.000760257535148, 0.000988628249615, 0.000639453995973, 0.000435291120084, 0.000255346938502, 0.000115714632557, 9.80348559096e-05, 0.000132075918373, 3.74064438802e-06, 3.10631691036e-07, 1.56083643787e-07, 6.73169608945e-08, 3.08270458049e-08, 1.53186263674e-08, 8.77412364986e-09, 2.15301952267e-05],
        "median": [1.324310972e-07, 2.52456437977e-08, 2.89102199957e-08, 9.57737853469e-08, 0.000135147798574, 0.000878825900145, 0.000812877551652, 0.000215456326259, 6.54256000416e-05, 3.73908987967e-05, 3.01439231407e-05, 3.35967015417e-05, 3.93974914914e-05, 5.02632246935e-05, 5.03233532072e-05, 4.08680825785e-05, 2.05292726605e-05, 1.82726398634e-05, 1.77857582457e-05, 5.22146365256e-07, 1.53404684511e-08, 7.56263851542e-09, 6.14271034038e-09, 5.6774389634e-09, 6.81633149924e-09, 3.11518633112e-09, 2.20009605982e-05],
        "min": [2.91078977073e-23, 2.69428373985e-23, 6.34358868173e-24, 1.21478473621e-23, 8.62827659138e-23, 1.09527051046e-22, 5.91561365462e-23, 6.15208133739e-23, 2.87310620083e-23, 1.47373211488e-23, 1.18325399738e-22, 7.52573240472e-23, 1.3844845888e-22, 5.70484895341e-23, 2.6217301198e-22, 1.75555074845e-22, 1.14897048109e-22, 2.11046520194e-22, 1.5254528966e-22, 1.79708358091e-22, 3.86133705859e-22, 5.92970460366e-22, 6.71588110988e-22, 7.3341875106e-22, 1.26004850841e-21, 1.85921383666e-21, 2.5795554701e-21],
        "var": [1.84716955273e-12, 2.49864300257e-12, 1.77477112867e-11, 8.01990696075e-11, 4.56929683423e-06, 3.44522959494e-05, 6.06091198279e-05, 3.63885810657e-05, 2.98178547382e-05, 4.19492744186e-06, 2.19961452785e-06, 3.65531241187e-06, 5.94431367062e-06, 3.04227683046e-06, 1.7006101416e-06, 4.5079397637e-07, 1.05933530392e-07, 1.14507507476e-07, 2.4697234835e-07, 1.02674847791e-10, 2.40490721955e-12, 8.55880524873e-13, 3.04966501271e-13, 2.24426563217e-14, 1.8315791524e-15, 8.65739828713e-16, 1.14504057278e-11]
    },
    "erbbands": {
        "dmean": [1.91471772268e-05, 0.000112947178422, 0.000997911440209, 0.00592617690563, 0.0694737434387, 1.96082162857, 11.553524971, 16.7764644623, 33.6084899902, 65.4475250244, 59.8430213928, 46.2731971741, 24.4556407928, 17.4781188965, 21.0740394592, 28.1504249573, 38.9419250488, 31.671672821, 23.8619422913, 15.4516220093, 10.4337387085, 5.01516580582, 4.02604198456, 6.62762117386, 3.77657914162, 0.251226276159, 0.0277481321245, 0.0138465464115, 0.00826316792518, 0.00435304874554, 0.00217264820822, 0.00100997940172, 0.000398248434067, 0.000179054579348, 6.8769993959e-05, 3.35507647833e-05, 1.53641813085e-05, 2.15221698454e-05, 0.000179668903002, 9.63105849223e-05],
        "dmean2": [3.27177367581e-05, 0.000193473082618, 0.00160398765001, 0.00953469518572, 0.095401905477, 2.74132847786, 16.4891700745, 24.6763134003, 51.5795478821, 101.275192261, 91.2663345337, 67.5612792969, 34.8622283936, 25.6623630524, 30.6732120514, 41.3891601562, 56.9801330566, 47.8059196472, 36.3608512878, 23.1017189026, 15.8661956787, 7.73282337189, 6.3293428421, 10.3736333847, 6.00701379776, 0.387602001429, 0.0452802665532, 0.0237551666796, 0.0143510429189, 0.00771369133145, 0.00380278425291, 0.00173009256832, 0.000653154507745, 0.000297672930174, 0.00011056981748, 5.34087012056e-05, 2.42132155108e-05, 3.43966421497e-05, 0.000301935884636, 0.000165945632034],
        "dvar": [5.41107691987e-09, 1.60442283459e-07, 1.08617377919e-05, 0.000395936367568, 0.0251081362367, 19.9796791077, 739.536987305, 1445.02880859, 4720.01708984, 16123.4296875, 13313.1816406, 11091.2353516, 4859.95703125, 1842.41174316, 2728.69799805, 3999.06225586, 6794.28955078, 5551.04492188, 3671.84716797, 1868.57910156, 685.896179199, 198.793731689, 195.492904663, 473.72277832, 198.12121582, 0.474171251059, 0.00911368429661, 0.0046554217115, 0.00197199685499, 0.000731881009415, 0.000374867551727, 5.13524137205e-05, 2.31261515182e-06, 5.53775976186e-07, 6.41682689206e-08, 4.38056453334e-08, 4.29572155625e-09, 1.15085896368e-09, 2.63343569173e-08, 7.9624458138e-09],
        "dvar2": [1.4433794604e-08, 4.26415141419e-07, 2.45220871875e-05, 0.000989535124972, 0.0438411533833, 37.1092681885, 1370.2421875, 2909.1003418, 10298.5263672, 36150.2304688, 28576.4433594, 21447.6230469, 9866.67089844, 3541.85742188, 5428.53417969, 8485.07910156, 14079.0546875, 12112.9208984, 8510.46484375, 4227.0390625, 1483.37390137, 435.436676025, 449.094512939, 1104.47155762, 401.305053711, 0.978847682476, 0.0234381798655, 0.0131649533287, 0.00551066221669, 0.00209289998747, 0.00111058587208, 0.000151740809088, 5.81925269216e-06, 1.51358199219e-06, 1.7927422391e-07, 1.29863963139e-07, 1.23272299035e-08, 2.56667798126e-09, 7.03551776837e-08, 2.27777796624e-08],
        "max": [0.00133506394923, 0.00629097176716, 0.0586122758687, 0.430265069008, 3.54418444633, 68.5172653198, 410.757232666, 673.86920166, 733.175476074, 1084.47424316, 1174.05407715, 1086.2902832, 1317.51489258, 809.467956543, 648.256469727, 834.441223145, 1289.0736084, 1273.1796875, 1235.87463379, 1069, 370.660888672, 422.025939941, 327.870666504, 566.088562012, 318.658416748, 13.7183980942, 1.64632189274, 1.25078892708, 0.919208228588, 0.61606246233, 0.655153036118, 0.238845005631, 0.0295203030109, 0.0190965663642, 0.0074017373845, 0.00745316036046, 0.00218180357479, 0.000675272021908, 0.00180982577149, 0.00118137313984],
        "mean": [1.68264177773e-05, 9.95328955469e-05, 0.000907952955458, 0.00621568365023, 0.112519256771, 2.95266795158, 17.544342041, 23.9560337067, 41.0268783569, 70.3684310913, 65.2964477539, 51.9026679993, 27.5955963135, 19.8855495453, 23.5087451935, 34.4648208618, 45.4174346924, 35.1876411438, 27.3116016388, 18.4401054382, 12.9662761688, 6.29154920578, 4.82986497879, 7.37311553955, 4.17037630081, 0.282407462597, 0.0270182602108, 0.0111191114411, 0.00626195315272, 0.00335429701954, 0.00174115516711, 0.000883061322384, 0.000416064780438, 0.000214945190237, 0.000107825937448, 5.62875356991e-05, 2.31872381846e-05, 7.9034078226e-05, 0.00112138083205, 0.000647891545668],
        "median": [3.22433788824e-06, 1.68989590748e-05, 0.000121978016978, 0.00155634852126, 0.0349584668875, 0.681035995483, 3.25957322121, 7.67631387711, 11.2534074783, 11.9753723145, 4.96212911606, 1.79848194122, 1.29389822483, 1.33392238617, 1.3390045166, 1.57077395916, 1.95085048676, 2.63833713531, 3.06599283218, 2.59015798569, 2.39250230789, 1.21180891991, 0.990102529526, 1.28245186806, 0.491616725922, 0.0398974530399, 0.00324053503573, 0.000753316504415, 0.000388482469134, 0.000263293273747, 0.000186016332009, 0.000139696741826, 0.000108904721856, 8.36198596517e-05, 5.94737866777e-05, 3.29930990119e-05, 1.09368356789e-05, 7.72153871367e-05, 0.0011714277789, 0.000646587577648],
        "min": [1.18955074823e-21, 5.02282081739e-21, 4.75386554538e-21, 3.46698859702e-20, 5.11411005306e-20, 4.10346853547e-19, 4.05108137781e-19, 1.11010264503e-18, 1.29137090107e-18, 8.42074413072e-19, 1.10055263806e-18, 4.94757765775e-19, 7.2759323668e-19, 1.44321075925e-18, 5.27889172061e-18, 3.2954497169e-18, 6.35489611964e-18, 3.8616074901e-18, 6.37799844697e-18, 1.60851110006e-17, 9.35623742705e-18, 7.2023765716e-18, 1.07130543412e-17, 6.91137774083e-18, 8.89406845775e-18, 1.02385620351e-17, 1.68731709333e-17, 1.3598943569e-17, 1.29110990491e-17, 2.45354177392e-17, 2.11758584229e-17, 1.93184375923e-17, 1.07134075473e-17, 1.24789054508e-17, 9.66184509462e-18, 6.85325217278e-18, 3.55233582601e-18, 1.26433615711e-18, 3.57440743459e-19, 3.94809590521e-20],
        "var": [3.99022281883e-09, 1.23095404092e-07, 1.07996665974e-05, 0.000343020859873, 0.0614653788507, 44.2797546387, 1724.20532227, 2489.06054688, 7094.79443359, 21124.8769531, 17877.6875, 16417.2363281, 6541.90966797, 2792.29272461, 3810.203125, 6593.56689453, 11796.1972656, 8040.02392578, 5655.77880859, 2883.72998047, 1052.92419434, 281.066101074, 278.875, 532.937011719, 263.32131958, 0.678246319294, 0.00837319623679, 0.00315382983536, 0.00130609923508, 0.000446865218692, 0.000205956355785, 2.99363928207e-05, 2.04887533073e-06, 4.125863029e-07, 4.87554956408e-08, 2.5079314625e-08, 2.9620481623e-09, 1.671472738e-09, 4.12565697161e-08, 9.86908776923e-09]
    },
    "gfcc": {
        "mean": [-218.038818359, 112.987014771, -177.470169067, -88.2855224609, -23.2306404114, -84.9416503906, -41.5206832886, -22.3373794556, -5.33271217346, -17.5560874939, 22.0172691345, -13.2778110504, 2.433126688],
        "cov": [[10082.9335938, 4367.5859375, -2287.31665039, -946.96673584, -1139.20983887, -376.967529297, -374.047393799, -15.2423906326, -195.027648926, 89.4046630859, -169.045578003, -116.644752502, -367.021362305], [4367.5859375, 3097.13745117, -254.053543091, -880.465209961, -762.684631348, -441.457489014, -484.725982666, -234.983856201, -210.287643433, -78.6628341675, -53.9453315735, 26.4525108337, -97.990234375], [-2287.31665039, -254.053543091, 1597.00109863, 332.593902588, -62.2329368591, -105.164978027, -238.745941162, -217.457458496, 4.8677315712, -131.676269531, -18.8305110931, 145.975982666, 177.848175049], [-946.96673584, -880.465209961, 332.593902588, 928.563049316, 350.960540771, -170.080505371, -124.135528564, 23.1539878845, 27.9771709442, -14.7375469208, -23.5065898895, 33.2061920166, 83.3438034058], [-1139.20983887, -762.684631348, -62.2329368591, 350.960540771, 518.599609375, -19.6842556, -64.0418624878, 16.3616542816, 51.2892684937, 20.9500923157, 22.789894104, -18.0107955933, 46.9356002808], [-376.967529297, -441.457489014, -105.164978027, -170.080505371, -19.6842556, 593.03717041, 315.701904297, 27.5786495209, 128.803131104, 73.6262664795, -54.5787162781, -36.3925323486, -48.305683136], [-374.047393799, -484.725982666, -238.745941162, -124.135528564, -64.0418624878, 315.701904297, 492.118469238, 187.229125977, -43.2830657959, 8.31755065918, 32.4408226013, -52.6804847717, -61.5276145935], [-15.2423906326, -234.983856201, -217.457458496, 23.1539878845, 16.3616542816, 27.5786495209, 187.229125977, 199.240524292, 32.3218154907, -1.52394580841, 12.5091638565, -8.88850688934, -28.9578800201], [-195.027648926, -210.287643433, 4.8677315712, 27.9771709442, 51.2892684937, 128.803131104, -43.2830657959, 32.3218154907, 219.850646973, 84.7157821655, -53.3182373047, 2.40827655792, 2.34668254852], [89.4046630859, -78.6628341675, -131.676269531, -14.7375469208, 20.9500923157, 73.6262664795, 8.31755065918, -1.52394580841, 84.7157821655, 128.753753662, 22.1522750854, -43.7235908508, -33.6008453369], [-169.045578003, -53.9453315735, -18.8305110931, -23.5065898895, 22.789894104, -54.5787162781, 32.4408226013, 12.5091638565, -53.3182373047, 22.1522750854, 104.727279663, 19.056427002, -18.3646736145], [-116.644752502, 26.4525108337, 145.975982666, 33.2061920166, -18.0107955933, -36.3925323486, -52.6804847717, -8.88850688934, 2.40827655792, -43.7235908508, 19.056427002, 105.263252258, 41.8129768372], [-367.021362305, -97.990234375, 177.848175049, 83.3438034058, 46.9356002808, -48.305683136, -61.5276145935, -28.9578800201, 2.34668254852, -33.6008453369, -18.3646736145, 41.8129768372, 98.4724349976]],
        "icov": [[0.00328076211736, -0.00479373428971, 0.00526337744668, -0.00496910372749, 0.00430469820276, -0.00214860890992, 0.000744874065276, 0.000464465323603, -0.00152696552686, 0.0013004229404, -0.000816496380139, 0.000294264405966, -0.000143602810567], [-0.00479373428971, 0.00876323133707, -0.00753382686526, 0.00854685995728, -0.00461633736268, 0.00289274007082, 0.00232648756355, -0.00247155595571, 0.00565915228799, -0.00356985419057, 0.00359297543764, -0.00145904207602, 0.00150901812594], [0.00526337744668, -0.00753382686526, 0.00996168423444, -0.00875770952553, 0.00813291780651, -0.00329822185449, 0.000722688389942, 0.00342782796361, -0.00506408745423, 0.00551403639838, -0.00401403242722, 0.00144556385931, -0.00185385730583], [-0.00496910372749, 0.00854685995728, -0.00875770952553, 0.0107953753322, -0.00735310139135, 0.00396603811532, 0.00114635680802, -0.00363135454245, 0.00708518130705, -0.00679302494973, 0.00705890916288, -0.00364697747864, 0.00214156019501], [0.00430469820276, -0.00461633736268, 0.00813291780651, -0.00735310139135, 0.0118106007576, -0.00505623826757, 0.00632428983226, -0.00109069235623, -0.00174049800262, 0.00527633912861, -0.00600494071841, 0.00474193645641, -0.00278511247598], [-0.00214860890992, 0.00289274007082, -0.00329822185449, 0.00396603811532, -0.00505623826757, 0.0111287301406, -0.0122599592432, 0.0105259930715, -0.00653039850295, -0.00194807816297, 0.00648395204917, -0.00537576014176, 0.00375755643472], [0.000744874065276, 0.00232648756355, 0.000722688389942, 0.00114635680802, 0.00632428983226, -0.0122599592432, 0.0241870228201, -0.0208480767906, 0.017450504005, -0.0040307091549, -0.0013307731133, 0.00474214414135, -0.00128388695884], [0.000464465323603, -0.00247155595571, 0.00342782796361, -0.00363135454245, -0.00109069235623, 0.0105259930715, -0.0208480767906, 0.0286792218685, -0.021914338693, 0.0124943731353, -0.00534334545955, -0.000943087623455, 0.00143456214573], [-0.00152696552686, 0.00565915228799, -0.00506408745423, 0.00708518130705, -0.00174049800262, -0.00653039850295, 0.017450504005, -0.021914338693, 0.0334080755711, -0.0252058599144, 0.0202724374831, -0.0104989437386, 0.00401664664969], [0.0013004229404, -0.00356985419057, 0.00551403639838, -0.00679302494973, 0.00527633912861, -0.00194807816297, -0.0040307091549, 0.0124943731353, -0.0252058599144, 0.0366111882031, -0.0276621095836, 0.0190283712, -0.00537505559623], [-0.000816496380139, 0.00359297543764, -0.00401403242722, 0.00705890916288, -0.00600494071841, 0.00648395204917, -0.0013307731133, -0.00534334545955, 0.0202724374831, -0.0276621095836, 0.0390548147261, -0.0222665965557, 0.0122637487948], [0.000294264405966, -0.00145904207602, 0.00144556385931, -0.00364697747864, 0.00474193645641, -0.00537576014176, 0.00474214414135, -0.000943087623455, -0.0104989437386, 0.0190283712, -0.0222665965557, 0.0271391421556, -0.0110241100192], [-0.000143602810567, 0.00150901812594, -0.00185385730583, 0.00214156019501, -0.00278511247598, 0.00375755643472, -0.00128388695884, 0.00143456214573, 0.00401664664969, -0.00537505559623, 0.0122637487948, -0.0110241100192, 0.0204859469086]]
    },
    "melbands": {
        "dmean": [1.60794826343e-07, 3.75390982299e-07, 1.01431362509e-06, 4.86110620841e-05, 0.000332598778186, 0.00037542701466, 0.00055835780222, 0.000698607240338, 0.000479301466839, 0.000271934841294, 0.000116743518447, 6.95557246218e-05, 7.05137717887e-05, 7.16266295058e-05, 8.9476168796e-05, 7.91386555647e-05, 5.91425305174e-05, 4.19051903009e-05, 2.65289672825e-05, 1.68495862454e-05, 1.18759116958e-05, 6.19251659373e-06, 2.78296170109e-06, 4.54038490716e-06, 5.77659284318e-06, 4.66204073746e-06, 6.207919796e-07, 4.52502497694e-08, 1.38158302576e-08, 9.10116426667e-09, 7.30378513225e-09, 5.02860419971e-09, 3.07263547938e-09, 2.17583728812e-09, 1.40738209975e-09, 7.19905968172e-10, 5.59759183449e-10, 2.80408363196e-10, 2.06738709485e-10, 1.27773139291e-10],
        "dmean2": [2.74274071899e-07, 6.13595943832e-07, 1.68826829849e-06, 6.984785432e-05, 0.000468293292215, 0.000551400706172, 0.000853008532431, 0.00108155538328, 0.000735391338822, 0.000394092785427, 0.000168764905538, 0.000103530241176, 0.000103635145933, 0.00010605881107, 0.000133510344313, 0.000117094612506, 9.11473398446e-05, 6.58384524286e-05, 4.13907037e-05, 2.52425306826e-05, 1.84338186955e-05, 9.74144768406e-06, 4.41629163106e-06, 7.2686416388e-06, 9.08846868697e-06, 7.47043031879e-06, 9.65368258221e-07, 7.33685538989e-08, 2.35649970648e-08, 1.56833674936e-08, 1.27351507118e-08, 8.79257378017e-09, 5.41014166799e-09, 3.88934617845e-09, 2.48924658663e-09, 1.23732146751e-09, 9.59769264064e-10, 4.58899834799e-10, 3.46422501796e-10, 2.17054971219e-10],
        "dvar": [3.80843902421e-13, 1.65133152378e-12, 1.72643739582e-11, 1.50178571801e-08, 5.54483790438e-07, 6.2534229528e-07, 1.18235902846e-06, 1.74953481746e-06, 8.97020925095e-07, 3.995681368e-07, 1.17752186668e-07, 3.08660368376e-08, 3.31596545777e-08, 3.27186704396e-08, 4.04469915338e-08, 2.97752418277e-08, 2.26358594091e-08, 1.29154349437e-08, 5.92340887451e-09, 2.07373340722e-09, 8.95414020707e-10, 3.67253921718e-10, 1.03295060006e-10, 2.48716824913e-10, 3.80137282763e-10, 3.69347108453e-10, 3.84086642699e-12, 1.6691975154e-14, 3.64643872145e-15, 1.79284984143e-15, 1.77080432667e-15, 7.69858293122e-16, 3.1392870087e-16, 2.65023771353e-16, 2.13107441185e-16, 1.53655085354e-17, 1.81865815448e-17, 1.09447296396e-18, 7.59169615794e-19, 2.78741797704e-19],
        "dvar2": [1.00417449963e-12, 3.74028672617e-12, 4.54523606253e-11, 2.87753412209e-08, 1.01127386642e-06, 1.21234324979e-06, 2.51991468758e-06, 3.97871781388e-06, 1.88192279893e-06, 7.65136235259e-07, 2.42887921331e-07, 6.18875688474e-08, 6.89968047141e-08, 7.07941936184e-08, 8.57114201835e-08, 6.21032114623e-08, 5.13597768759e-08, 3.10113819069e-08, 1.30656996333e-08, 4.46770309637e-09, 2.01708316716e-09, 8.55044535175e-10, 2.26313537355e-10, 6.19009121738e-10, 8.94971541321e-10, 7.64647567486e-10, 7.55332428548e-12, 4.37070356036e-14, 9.61635573282e-15, 4.8637034172e-15, 5.08644343617e-15, 2.16448702935e-15, 8.75998615314e-16, 7.73321546146e-16, 6.34034018931e-16, 4.40679114761e-17, 5.41057382833e-17, 2.60260158146e-18, 2.02956187236e-18, 7.73544825768e-19],
        "max": [1.08876683953e-05, 2.19422217924e-05, 0.000100077304523, 0.00208471529186, 0.0107878251001, 0.0135254897177, 0.0126413768157, 0.0111319357529, 0.00925630424172, 0.00650399411097, 0.00632919277996, 0.00316718383692, 0.00269732601009, 0.00351359508932, 0.00329238804989, 0.00212831236422, 0.00257669202983, 0.00239601940848, 0.00209158682264, 0.000723571982235, 0.000415981718106, 0.000565769849345, 0.00025321074645, 0.000276668812148, 0.00052298331866, 0.000473663880257, 5.921247066e-05, 2.1426371859e-06, 1.13179680739e-06, 9.60646843851e-07, 9.09311665964e-07, 5.42420764305e-07, 4.07842378536e-07, 4.69970245831e-07, 5.06403068812e-07, 1.14931033579e-07, 1.44012446412e-07, 2.17312461359e-08, 1.92768698781e-08, 1.32601476466e-08],
        "mean": [1.34036113764e-07, 3.11006658649e-07, 8.91367903932e-07, 6.59953730064e-05, 0.000523844733834, 0.000548489158973, 0.000682557350956, 0.000743850425351, 0.000525226525497, 0.000305157038383, 0.000129327730974, 7.72358471295e-05, 7.59562244639e-05, 8.10901619843e-05, 0.000107533640403, 8.87148053152e-05, 6.25611282885e-05, 4.5357948693e-05, 3.06529364025e-05, 1.9711565983e-05, 1.42894277815e-05, 7.31965837986e-06, 3.29991598846e-06, 5.09826986672e-06, 6.16077795712e-06, 4.95133463119e-06, 6.80964546973e-07, 4.35997158377e-08, 1.17725393878e-08, 7.37127958672e-09, 5.41428812895e-09, 3.70910724357e-09, 2.31110131033e-09, 1.63930269359e-09, 1.07672160077e-09, 6.25512863728e-10, 4.75170736092e-10, 2.84016116181e-10, 2.16254125718e-10, 1.49182180498e-10],
        "median": [1.44458791596e-08, 1.29549357908e-08, 1.11703961636e-07, 8.25071583677e-06, 0.000108314648969, 0.000173579464899, 0.000174855929799, 0.000115420785733, 2.58848594967e-05, 8.54306108522e-06, 6.04946399108e-06, 5.04968465975e-06, 4.37632706962e-06, 3.9407600525e-06, 3.83040060115e-06, 3.89301158066e-06, 4.45111663794e-06, 4.43414683104e-06, 3.6023066059e-06, 2.82695987153e-06, 2.50763332588e-06, 1.27524481286e-06, 5.95085793975e-07, 8.8326646619e-07, 1.04524758626e-06, 5.17629757724e-07, 7.00900102402e-08, 6.39755715071e-09, 1.03163788623e-09, 3.28226112956e-10, 2.02405564531e-10, 1.60162091922e-10, 1.32945460196e-10, 1.19044052393e-10, 9.52493084405e-11, 8.13739076122e-11, 7.17499809566e-11, 6.59411553139e-11, 6.55180285025e-11, 5.98815025343e-11],
        "min": [1.12031335744e-23, 3.82142445176e-24, 5.20278379454e-24, 1.51777863684e-23, 1.65181841086e-23, 2.48251734305e-23, 1.80108840684e-23, 1.03109910551e-23, 8.01046439624e-24, 3.55099070611e-24, 3.73216996793e-24, 4.14991165472e-24, 1.86295040571e-23, 8.95816007814e-24, 1.23244165208e-23, 1.16315804981e-23, 6.4894541907e-24, 8.84870562754e-24, 1.72651785879e-23, 1.94173978189e-23, 9.68345536048e-24, 6.28169465511e-24, 1.07346740478e-23, 8.6038929008e-24, 5.15221702165e-24, 5.30587410978e-24, 6.48606051109e-24, 6.72973215053e-24, 1.02009055158e-23, 9.9754916676e-24, 7.44975153114e-24, 6.84162181475e-24, 1.12514268501e-23, 1.27315050355e-23, 1.0423251484e-23, 1.35225353082e-23, 1.16885504549e-23, 6.51406270664e-24, 7.54643037938e-24, 1.20799516817e-23],
        "var": [2.91571969476e-13, 1.61264588922e-12, 1.29555359496e-11, 2.98664488696e-08, 1.35934988066e-06, 1.18710397601e-06, 1.85604278613e-06, 2.1973667117e-06, 1.23183633605e-06, 5.95396272729e-07, 1.53768269229e-07, 4.51072708074e-08, 4.31106883525e-08, 4.53053381477e-08, 7.20384463193e-08, 4.69587249086e-08, 2.99327425068e-08, 1.7584389056e-08, 9.07865871369e-09, 2.97770119673e-09, 1.37591804616e-09, 4.56430199192e-10, 1.44949607872e-10, 3.10314274277e-10, 4.06081779314e-10, 4.55442711322e-10, 5.80670104014e-12, 1.54882176691e-14, 3.0261264245e-15, 1.37103442172e-15, 1.09772748871e-15, 4.99464888749e-16, 2.04451690906e-16, 1.50842935969e-16, 1.13968481576e-16, 9.97941544821e-18, 1.0361352034e-17, 1.03111620231e-18, 5.82207817122e-19, 1.98993935233e-19]
    },
    "mfcc": {
        "mean": [-848.242370605, 170.182754517, -84.1211471558, -34.0220947266, -6.80746746063, -56.2075576782, -36.1330223083, -23.0711593628, -36.862575531, -8.86597919464, 0.981509923935, -12.72397995, 3.11823630333],
        "cov": [[8849.13867188, 4465.44287109, -2315.96972656, -866.872497559, -827.135375977, -1012.40081787, -325.423217773, -309.484649658, -512.893737793, 25.0824146271, 60.2747535706, -56.1841201782, 51.0999336243], [4465.44287109, 3139.24438477, -562.577331543, -809.454833984, -638.021972656, -661.671447754, -407.498840332, -334.678833008, -378.692321777, -237.313842773, -90.2976837158, 20.400850296, 4.74969339371], [-2315.96972656, -562.577331543, 1587.08105469, 288.71673584, -55.1369400024, 242.422485352, -136.893630981, -83.879486084, 85.0606002808, -267.688903809, -202.383529663, 56.9486885071, -58.2738037109], [-866.872497559, -809.454833984, 288.71673584, 879.011352539, 438.359954834, -59.3247528076, -78.4527282715, -5.32199239731, -32.5672607422, -33.4257125854, -104.107330322, -113.46849823, 11.2610177994], [-827.135375977, -638.021972656, -55.1369400024, 438.359954834, 602.446044922, 73.2512435913, -171.033996582, -56.3371353149, 9.5712928772, 0.186302244663, -24.6103839874, -55.405670166, 0.971654593945], [-1012.40081787, -661.671447754, 242.422485352, -59.3247528076, 73.2512435913, 539.453552246, 162.051361084, 39.8734512329, 231.202789307, 105.105453491, 64.4123687744, 88.1825790405, -42.6817703247], [-325.423217773, -407.498840332, -136.893630981, -78.4527282715, -171.033996582, 162.051361084, 425.395263672, 222.567184448, 67.9597702026, 143.114822388, 110.645385742, 19.7975215912, 10.0325145721], [-309.484649658, -334.678833008, -83.879486084, -5.32199239731, -56.3371353149, 39.8734512329, 222.567184448, 267.970947266, 126.392784119, 49.601524353, 67.344909668, 39.4069862366, 8.09711647034], [-512.893737793, -378.692321777, 85.0606002808, -32.5672607422, 9.5712928772, 231.202789307, 67.9597702026, 126.392784119, 283.690856934, 123.109214783, 38.8772277832, 62.8666038513, 3.89046502113], [25.0824146271, -237.313842773, -267.688903809, -33.4257125854, 0.186302244663, 105.105453491, 143.114822388, 49.601524353, 123.109214783, 260.004699707, 132.535507202, -9.73301887512, 23.4547634125], [60.2747535706, -90.2976837158, -202.383529663, -104.107330322, -24.6103839874, 64.4123687744, 110.645385742, 67.344909668, 38.8772277832, 132.535507202, 189.366577148, 74.1572952271, -16.1937561035], [-56.1841201782, 20.400850296, 56.9486885071, -113.46849823, -55.405670166, 88.1825790405, 19.7975215912, 39.4069862366, 62.8666038513, -9.73301887512, 74.1572952271, 141.971374512, 23.1338100433], [51.0999336243, 4.74969339371, -58.2738037109, 11.2610177994, 0.971654593945, -42.6817703247, 10.0325145721, 8.09711647034, 3.89046502113, 23.4547634125, -16.1937561035, 23.1338100433, 111.178939819]],
