{
"lowlevel": {
    "average_loudness": 0.951001286507,
    "barkbands_crest": {
        "dmean": 3.12206482887,
        "dmean2": 4.79265975952,
        "dvar": 8.57876396179,
        "dvar2": 19.9092998505,
        "max": 26.7633190155,
        "mean": 12.7073345184,
        "median": 11.8517656326,
        "min": 2.53797793388,
        "var": 30.3790283203
    },
    "barkbands_flatness_db": {
        "dmean": 0.0365393459797,
        "dmean2": 0.0491664931178,
        "dvar": 0.00120495946612,
        "dvar2": 0.00215647439472,
        "max": 0.539148509502,
        "mean": 0.208281233907,
        "median": 0.203565910459,
        "min": 0.0393391735852,
        "var": 0.00647056801245
    },
    "barkbands_kurtosis": {
        "dmean": 12.2622175217,
        "dmean2": 19.126750946,
        "dvar": 2819.67749023,
        "dvar2": 7570.94140625,
        "max": 2104.06103516,
        "mean": 15.7262306213,
        "median": 5.24130630493,
        "min": -1.950912714,
        "var": 3033.27612305
    },
    "barkbands_skewness": {
        "dmean": 1.08263862133,
        "dmean2": 1.59784722328,
        "dvar": 2.05330586433,
        "dvar2": 4.73725652695,
        "max": 35.3954658508,
        "mean": 2.387362957,
        "median": 1.93064069748,
        "min": -3.33946442604,
        "var": 5.24618434906
    },
    "barkbands_spread": {
        "dmean": 7.37986469269,
        "dmean2": 10.882481575,
        "dvar": 120.489593506,
        "dvar2": 246.080841064,
        "max": 121.272163391,
        "mean": 16.7655258179,
        "median": 11.135017395,
        "min": 0.0666954144835,
        "var": 282.969329834
    },
    "dissonance": {
        "dmean": 0.0329388491809,
        "dmean2": 0.0536363311112,
        "dvar": 0.00109285872895,
        "dvar2": 0.00268486887217,
        "max": 0.500000059605,
        "mean": 0.436462819576,
        "median": 0.448945909739,
        "min": 0.138250738382,
        "var": 0.00259207142517
    },
    "dynamic_complexity": 4.59808778763,
    "erbbands_crest": {
        "dmean": 3.4821844101,
        "dmean2": 5.57716608047,
        "dvar": 10.9056148529,
        "dvar2": 25.1267204285,
        "max": 31.8781890869,
        "mean": 10.3192596436,
        "median": 9.1390581131,
        "min": 2.34161973,
        "var": 25.7207527161
    },
    "erbbands_flatness_db": {
        "dmean": 0.0301182214171,
        "dmean2": 0.0404936783016,
        "dvar": 0.000750321079977,
        "dvar2": 0.00132614804897,
        "max": 0.431321710348,
        "mean": 0.184677109122,
        "median": 0.181848779321,
        "min": 0.0499272495508,
        "var": 0.0031619835645
    },
    "erbbands_kurtosis": {
        "dmean": 2.47931265831,
        "dmean2": 3.92418980598,
        "dvar": 17.6161670685,
        "dvar2": 38.0628242493,
        "max": 149.993835449,
        "mean": 2.23121500015,
        "median": 0.765909194946,
        "min": -1.92163717747,
        "var": 30.5278072357
    },
    "erbbands_skewness": {
        "dmean": 0.664097547531,
        "dmean2": 0.973508000374,
        "dvar": 0.437481254339,
        "dvar2": 0.901712834835,
        "max": 10.4901218414,
        "mean": 0.752887368202,
        "median": 0.754241645336,
        "min": -4.83906364441,
        "var": 1.44471859932
    },
    "erbbands_spread": {
        "dmean": 15.4528055191,
        "dmean2": 23.878320694,
        "dvar": 368.018981934,
        "dvar2": 807.738525391,
        "max": 177.838256836,
        "mean": 38.6222190857,
        "median": 30.9958572388,
        "min": 1.94685804844,
        "var": 748.048400879
    },
    "hfc": {
        "dmean": 6.42029905319,
        "dmean2": 8.36364173889,
        "dvar": 178.809844971,
        "dvar2": 311.717102051,
        "max": 154.757919312,
        "mean": 11.356631279,
        "median": 5.30785751343,
        "min": 1.19071550681e-16,
        "var": 390.175018311
    },
    "melbands_crest": {
        "dmean": 3.96551275253,
        "dmean2": 6.17292737961,
        "dvar": 13.476266861,
        "dvar2": 30.5938568115,
        "max": 39.6060409546,
        "mean": 17.6640510559,
        "median": 16.9293308258,
        "min": 1.870480299,
        "var": 47.3941879272
    },
    "melbands_flatness_db": {
        "dmean": 0.0441130176187,
        "dmean2": 0.0578164979815,
        "dvar": 0.00183975324035,
        "dvar2": 0.00292732869275,
        "max": 0.657040536404,
        "mean": 0.276505827904,
        "median": 0.275344669819,
        "min": 0.00415502442047,
        "var": 0.0112456409261
    },
    "melbands_kurtosis": {
        "dmean": 22.4340858459,
        "dmean2": 34.964012146,
        "dvar": 2677.41455078,
        "dvar2": 6489.38916016,
        "max": 1594.15563965,
        "mean": 32.795425415,
        "median": 12.5742073059,
        "min": -1.86429381371,
        "var": 4133.36865234
    },
    "melbands_skewness": {
        "dmean": 1.39314854145,
        "dmean2": 2.09459877014,
        "dvar": 2.75516843796,
        "dvar2": 5.96926403046,
        "max": 32.6863327026,
        "mean": 3.49139070511,
        "median": 2.74559092522,
        "min": -1.40762877464,
        "var": 7.67309522629
    },
    "melbands_spread": {
        "dmean": 8.4275636673,
        "dmean2": 12.2929096222,
        "dvar": 275.582122803,
        "dvar2": 581.247558594,
        "max": 256.255828857,
        "mean": 17.5251598358,
        "median": 9.96499729156,
        "min": 0.159686088562,
        "var": 539.712219238
    },
    "pitch_salience": {
        "dmean": 0.0922426953912,
        "dmean2": 0.14602907002,
        "dvar": 0.00743237603456,
        "dvar2": 0.0179392565042,
        "max": 0.884562909603,
        "mean": 0.521112143993,
        "median": 0.534031450748,
        "min": 0.0280466284603,
        "var": 0.0242077074945
    },
    "silence_rate_20dB": {
        "dmean": 0,
        "dmean2": 0,
        "dvar": 0,
        "dvar2": 0,
        "max": 1,
        "mean": 1,
        "median": 1,
        "min": 1,
        "var": 0
    },
    "silence_rate_30dB": {
        "dmean": 0.0306905377656,
        "dmean2": 0.061387617141,
        "dvar": 0.029750270769,
        "dvar2": 0.0900211185217,
        "max": 1,
        "mean": 0.981459796429,
        "median": 1,
        "min": 0,
        "var": 0.0181983392686
    },
    "silence_rate_60dB": {
        "dmean": 0.076939471066,
        "dmean2": 0.15389534831,
        "dvar": 0.0710208341479,
        "dvar2": 0.152591705322,
        "max": 1,
        "mean": 0.18412360549,
        "median": 0,
        "min": 0,
        "var": 0.15021468699
    },
    "spectral_centroid": {
        "dmean": 329.452423096,
        "dmean2": 466.16317749,
        "dvar": 221073.125,
        "dvar2": 408913.9375,
        "max": 10864.1679688,
        "mean": 1011.35803223,
        "median": 718.966796875,
        "min": 88.2064208984,
        "var": 644631.8125
    },
    "spectral_complexity": {
        "dmean": 3.51555848122,
        "dmean2": 4.51582670212,
        "dvar": 32.5032806396,
        "dvar2": 35.57289505,
        "max": 63,
        "mean": 10.9396905899,
        "median": 7,
        "min": 0,
        "var": 145.285583496
    },
    "spectral_decrease": {
        "dmean": 3.01672287151e-09,
        "dmean2": 4.49769199662e-09,
        "dvar": 2.62233277556e-17,
        "dvar2": 6.2086581974e-17,
        "max": 3.50887042313e-29,
        "mean": -6.05554184574e-09,
        "median": -3.68044461574e-09,
        "min": -5.13932185697e-08,
        "var": 5.33184244676e-17
    },
    "spectral_energy": {
        "dmean": 0.0118770711124,
        "dmean2": 0.0175735782832,
        "dvar": 0.00040096140583,
        "dvar2": 0.000941311416682,
        "max": 0.196554616094,
        "mean": 0.0238850768656,
        "median": 0.0144592430443,
        "min": 1.06677040736e-20,
        "var": 0.000814521219581
    },
    "spectral_energyband_high": {
        "dmean": 0.000315463432344,
        "dmean2": 0.000410464359447,
        "dvar": 4.64157722035e-07,
        "dvar2": 8.04280091415e-07,
        "max": 0.00868472177535,
        "mean": 0.000429944688221,
        "median": 5.95634410274e-05,
        "min": 7.83731819968e-21,
        "var": 9.95193772724e-07
    },
    "spectral_energyband_low": {
        "dmean": 0.00706120766699,
        "dmean2": 0.0111200790852,
        "dvar": 0.000252886413364,
        "dvar2": 0.000626990455203,
        "max": 0.184194862843,
        "mean": 0.0130844293162,
        "median": 0.00399592379108,
        "min": 7.55005014653e-23,
        "var": 0.000497887784149
    },
    "spectral_energyband_middle_high": {
        "dmean": 0.00168403913267,
        "dmean2": 0.00222075381316,
        "dvar": 1.8843660655e-05,
        "dvar2": 3.36631201208e-05,
        "max": 0.0532985404134,
        "mean": 0.00262431334704,
        "median": 0.00050230906345,
        "min": 1.41325756457e-21,
        "var": 3.86413776141e-05
    },
    "spectral_energyband_middle_low": {
        "dmean": 0.00556226633489,
        "dmean2": 0.00890738610178,
        "dvar": 0.000106815474282,
        "dvar2": 0.000277217070106,
        "max": 0.100056126714,
        "mean": 0.00856459047645,
        "median": 0.00495101511478,
        "min": 3.33718278462e-22,
        "var": 0.000126021375763
    },
    "spectral_entropy": {
        "dmean": 0.313191503286,
        "dmean2": 0.425312787294,
        "dvar": 0.106951095164,
        "dvar2": 0.182981938124,
        "max": 9.81199169159,
        "mean": 7.21626663208,
        "median": 7.21388530731,
        "min": 4.15595245361,
        "var": 0.425588488579
    },
    "spectral_flux": {
        "dmean": 0.0323183573782,
        "dmean2": 0.0485374443233,
        "dvar": 0.00190003286116,
        "dvar2": 0.00344624463469,
        "max": 0.395531445742,
        "mean": 0.0789528340101,
        "median": 0.0584004223347,
        "min": 1.03284575337e-10,
        "var": 0.00431328173727
    },
    "spectral_kurtosis": {
        "dmean": 3.7689614296,
        "dmean2": 5.86668348312,
        "dvar": 26.1230182648,
        "dvar2": 60.9593887329,
        "max": 75.7647857666,
        "mean": 6.71448278427,
        "median": 4.4151301384,
        "min": -1.19685935974,
        "var": 57.9808273315
    },
    "spectral_rms": {
        "dmean": 0.00105972995516,
        "dmean2": 0.00145991321187,
        "dvar": 1.90159175872e-06,
        "dvar2": 3.85048497265e-06,
        "max": 0.0138477655128,
        "mean": 0.00408022198826,
        "median": 0.00375587260351,
        "min": 3.22606828404e-12,
        "var": 6.65431616653e-06
    },
    "spectral_rolloff": {
        "dmean": 564.58013916,
        "dmean2": 922.129394531,
        "dvar": 1725445.5,
        "dvar2": 3759856.5,
        "max": 18906.1523438,
        "mean": 1120.60314941,
        "median": 495.263671875,
        "min": 21.533203125,
        "var": 2766442
    },
    "spectral_skewness": {
        "dmean": 0.484292000532,
        "dmean2": 0.707198500633,
        "dvar": 0.246102392673,
        "dvar2": 0.502692222595,
        "max": 7.47293567657,
        "mean": 1.81943738461,
        "median": 1.71157026291,
        "min": -0.210222661495,
        "var": 0.906256258488
    },
    "spectral_spread": {
        "dmean": 1086599.25,
        "dmean2": 1497287.375,
        "dvar": 1.72037518131e+12,
        "dvar2": 2.89932784435e+12,
        "max": 40471976,
        "mean": 4613210,
        "median": 3807339.25,
        "min": 782861.75,
        "var": 5.62928130458e+12
    },
    "spectral_strongpeak": {
        "dmean": 0.285674065351,
        "dmean2": 0.470615655184,
        "dvar": 0.239952668548,
        "dvar2": 0.576712429523,
        "max": 9.70852184296,
        "mean": 0.509818971157,
        "median": 0.33640179038,
        "min": 0,
        "var": 0.346415996552
    },
    "zerocrossingrate": {
        "dmean": 0.0148895084858,
        "dmean2": 0.0162258408964,
        "dvar": 0.0004122563696,
        "dvar2": 0.000469320570119,
        "max": 0.50341796875,
        "mean": 0.0463868752122,
        "median": 0.03271484375,
        "min": 0,
        "var": 0.00188661937136
    },
    "barkbands": {
        "dmean": [0.000456786568975, 0.00462226849049, 0.00300099211745, 0.00150490179658, 0.00152325164527, 0.00112497096416, 0.00160927488469, 0.00071804941399, 0.00071113021113, 0.000305501773255, 0.000255343533354, 0.000287956441753, 0.000277235871181, 0.000202111201361, 0.000190303355339, 0.000143678073073, 0.000180323491804, 0.000184097880265, 0.000176854882739, 0.000162650059792, 0.000108778796857, 5.45961192984e-05, 3.87363725167e-05, 3.71139249182e-05, 2.23901370191e-05, 7.90042304288e-06, 1.10432154088e-07],
        "dmean2": [0.000685402366798, 0.0065267952159, 0.00543430866674, 0.00262362649664, 0.00245585734956, 0.00187878962606, 0.00272452272475, 0.00116660352796, 0.00109845842235, 0.000480257353047, 0.000414248817833, 0.000453457498224, 0.000443570752395, 0.000312903779559, 0.000287751085125, 0.000222667425987, 0.000269025593298, 0.000226828939049, 0.000237671207287, 0.000229726967518, 0.000148945502588, 7.3960996815e-05, 5.74311161472e-05, 5.632823013e-05, 3.34985015797e-05, 1.15821849249e-05, 1.85684385201e-07],
        "dvar": [1.68984229276e-06, 0.000105419181637, 0.000123101548525, 1.63816457643e-05, 8.59903411765e-06, 7.55620976634e-06, 1.52684424393e-05, 3.92551146433e-06, 3.07788445753e-06, 6.52252595046e-07, 5.58895749236e-07, 6.84648057359e-07, 7.31411489596e-07, 3.31696384137e-07, 3.25445142835e-07, 1.78785015237e-07, 3.91670226918e-07, 3.4672788729e-07, 3.00456065361e-07, 3.49172154301e-07, 8.43975200837e-08, 1.65486593318e-08, 1.27398944727e-08, 1.12457012591e-08, 2.18363793714e-09, 3.63351099208e-10, 2.44024093467e-13],
        "dvar2": [4.76125751447e-06, 0.000178647635039, 0.000350149523001, 4.58631948277e-05, 2.22854123422e-05, 2.00377544388e-05, 3.95621209464e-05, 9.65398157859e-06, 7.13363260729e-06, 1.51718086272e-06, 1.38700693242e-06, 1.59588375936e-06, 1.82031487839e-06, 7.99043448296e-07, 7.13702547728e-07, 4.15963512523e-07, 8.96117626326e-07, 5.66987466755e-07, 5.32819171895e-07, 7.90672970652e-07, 1.57465052553e-07, 3.07253706922e-08, 2.81026686366e-08, 2.83204180107e-08, 4.88074869409e-09, 7.50437101349e-10, 6.12555633387e-13],
        "max": [0.0380350463092, 0.11475135386, 0.141662746668, 0.0608032569289, 0.0510842166841, 0.0518487095833, 0.0667324140668, 0.0368768945336, 0.0319139137864, 0.0151802357286, 0.0144130988047, 0.0178498197347, 0.0134517252445, 0.00926832575351, 0.00820560287684, 0.00841706246138, 0.0098452437669, 0.00980977993459, 0.00904002971947, 0.00872245617211, 0.00402431003749, 0.00255959783681, 0.00549956317991, 0.00372161413543, 0.00120766903274, 0.000456209818367, 1.49817651618e-05],
        "mean": [0.000622060440946, 0.00906851980835, 0.00264941598289, 0.00152335083112, 0.00247422559187, 0.0012449065689, 0.00154349894729, 0.000756857276428, 0.000876597187016, 0.000353748269845, 0.000266132381512, 0.000326991808834, 0.000304579880321, 0.000244488997851, 0.000233950690017, 0.000179522030521, 0.000213187318877, 0.000241801375523, 0.000230218327488, 0.000192486128071, 0.000144071993418, 7.33433262212e-05, 4.74737462355e-05, 4.10617249145e-05, 2.40894369199e-05, 8.34397178551e-06, 9.29663315219e-08],
        "median": [0.000171290448634, 0.00145581772085, 0.000577064463869, 0.000477214576676, 0.00103824376129, 0.000342022627592, 0.000291972159175, 0.000129543142975, 0.000142702599987, 4.16135371779e-05, 2.63437214016e-05, 2.62918929366e-05, 2.52237223322e-05, 2.40321751335e-05, 1.6200938262e-05, 1.98077777895e-05, 1.72888230736e-05, 1.14244840006e-05, 1.33746361826e-05, 1.27642306325e-05, 1.09298216557e-05, 8.59918327478e-06, 6.94368691256e-06, 5.54493044547e-06, 3.69076042261e-06, 5.3752637541e-07, 6.56309395719e-10],
        "min": [1.23240954544e-23, 1.67823120946e-23, 4.2426775951e-23, 1.03601086905e-23, 6.22178066936e-23, 9.30764612731e-23, 3.47456625604e-23, 4.18470515381e-23, 5.31676157356e-23, 8.31863606431e-23, 7.69249949335e-23, 1.28949248295e-22, 1.01258614935e-22, 4.54263816778e-23, 8.56204004325e-23, 1.00088424979e-22, 1.61568646726e-22, 2.72223428079e-22, 1.84424332665e-22, 4.18913741613e-22, 4.85452581247e-22, 5.6073192398e-22, 6.23973678439e-22, 7.90937843456e-22, 1.26278985685e-21, 1.58671679376e-21, 2.48128718074e-21],
        "var": [2.18541981667e-06, 0.000296985759633, 7.73920182837e-05, 1.15976481538e-05, 1.74326651177e-05, 7.28095892555e-06, 1.40623442348e-05, 4.12388590121e-06, 4.37939797848e-06, 8.46309546887e-07, 6.14120722275e-07, 9.61386831477e-07, 8.2055976236e-07, 4.45127341209e-07, 4.87537079152e-07, 2.52436990422e-07, 5.15542467383e-07, 7.17212458312e-07, 5.60360206237e-07, 4.65084042389e-07, 1.67136207097e-07, 3.30737215393e-08, 1.6683799231e-08, 1.28578756531e-08, 2.87060264448e-09, 5.05350761237e-10, 2.31085875262e-13]
    },
    "erbbands": {
        "dmean": [0.188568949699, 0.935124993324, 2.95584225655, 4.68556976318, 4.43614435196, 6.24239349365, 5.51709127426, 10.8446912766, 18.6310920715, 25.5265140533, 12.487452507, 17.1003894806, 12.306889534, 8.56090736389, 10.4767436981, 11.6578979492, 12.0535154343, 10.2992229462, 9.5626039505, 8.94115829468, 8.93219089508, 9.14175319672, 10.6832714081, 9.03672122955, 8.183385849, 7.80822849274, 5.17384624481, 3.56968641281, 2.13248896599, 1.54980540276, 1.00618958473, 0.871545851231, 0.540586590767, 0.279294997454, 0.14652825892, 0.0563503578305, 0.0108642065898, 0.000788294011727, 2.41904181166e-05, 1.42013750519e-05],
        "dmean2": [0.225630402565, 1.48519718647, 5.30466890335, 8.22234630585, 7.43689632416, 9.95123958588, 8.92644500732, 18.3401107788, 32.1757278442, 41.9856872559, 19.9229183197, 26.4835605621, 18.9349460602, 13.6203384399, 16.9521923065, 18.1532554626, 18.6631088257, 15.6235342026, 14.1212596893, 13.3691663742, 13.7297229767, 13.2331914902, 13.410197258, 12.0582151413, 11.7442436218, 10.9817237854, 6.86782550812, 5.06825304031, 2.85958814621, 2.26103854179, 1.48063063622, 1.33082520962, 0.811191856861, 0.417324990034, 0.22080655396, 0.0843630805612, 0.0157918911427, 0.00116270477884, 3.49386500602e-05, 2.0651754312e-05],
        "dvar": [0.2401034832, 4.43486738205, 111.284942627, 170.670318604, 100.883895874, 150.731536865, 122.467102051, 830.229125977, 2229.00170898, 4174.91650391, 851.69317627, 1948.41943359, 911.189453125, 550.681274414, 812.782775879, 1178.46496582, 1302.82263184, 774.809326172, 756.996154785, 763.478027344, 832.465637207, 877.102416992, 1240.76806641, 865.687561035, 650.500366211, 798.450927734, 242.399749756, 84.5034942627, 27.3224925995, 11.7301626205, 11.9472484589, 8.31492328644, 1.90058517456, 0.344953715801, 0.106622189283, 0.017673458904, 0.000810582132544, 6.16327179159e-06, 4.61845317545e-09, 5.24448429129e-10],
        "dvar2": [0.298068761826, 10.6510286331, 316.286895752, 474.825469971, 280.036621094, 379.41305542, 310.748382568, 2213.13134766, 6010.01660156, 10420.0332031, 2081.18334961, 4598.24902344, 2099.15185547, 1302.09692383, 2003.14208984, 2712.81469727, 3093.49902344, 1829.0423584, 1687.77124023, 1633.19213867, 1948.09509277, 1864.41931152, 2145.06713867, 1560.11621094, 1257.53076172, 1767.85461426, 453.655487061, 174.663131714, 49.6497764587, 25.9867343903, 26.7527713776, 20.1084403992, 4.66050767899, 0.796722471714, 0.237475842237, 0.0384628735483, 0.00164064858109, 1.31117849378e-05, 1.08707887136e-08, 1.20591192587e-09],
        "max": [5.80493116379, 22.3380661011, 130.040542603, 156.436065674, 137.180877686, 248.288467407, 211.022613525, 609.78527832, 722.129516602, 1041.54882812, 630.706176758, 870.802185059, 584.00982666, 406.219421387, 423.198547363, 729.522644043, 566.50177002, 447.762176514, 477.837341309, 427.15435791, 547.446044922, 439.646789551, 555.956237793, 450.259460449, 368.077514648, 423.455932617, 243.983200073, 120.310813904, 79.925201416, 73.3903045654, 204.751495361, 117.267974854, 43.4020996094, 14.9145689011, 11.1118240356, 2.90324521065, 0.831511259079, 0.100549317896, 0.00284509942867, 0.000217095162952],
        "mean": [0.326424270868, 1.75214874744, 3.09378647804, 4.56933307648, 5.72593927383, 10.4057712555, 7.49658107758, 11.3134794235, 17.5672016144, 25.678352356, 14.3342084885, 20.428478241, 15.2991704941, 10.3456811905, 11.5200223923, 13.6152439117, 13.9381427765, 13.2238788605, 11.8594799042, 11.3860301971, 11.2628965378, 11.7793703079, 13.6534175873, 11.8652515411, 10.6417074203, 9.38728237152, 6.77604341507, 4.68268203735, 2.82654047012, 1.99969613552, 1.2069760561, 0.949590325356, 0.615830242634, 0.309752970934, 0.152869552374, 0.0574982315302, 0.0117225423455, 0.000854389683809, 3.38789832313e-05, 2.87571638182e-05],
        "median": [0.0552317909896, 0.230877771974, 0.644450128078, 1.53134036064, 2.58338332176, 3.60776853561, 3.15509700775, 2.82003211975, 4.12946939468, 4.72591018677, 3.13175916672, 3.59801077843, 2.46361684799, 1.6169270277, 1.34821891785, 1.12071323395, 1.26579046249, 1.45814669132, 1.08644783497, 0.977950274944, 1.26209867001, 1.06638884544, 0.74820458889, 0.659168481827, 0.71352314949, 0.617578446865, 0.443690389395, 0.426348716021, 0.313217699528, 0.26556751132, 0.17407682538, 0.122391998768, 0.0872002542019, 0.049676951021, 0.020674219355, 0.0046816682443, 0.000656109303236, 3.95872230001e-05, 1.34645270009e-05, 1.79922444659e-05],
        "min": [7.21684236836e-22, 3.74324147612e-21, 3.50790689548e-20, 5.64725833089e-20, 8.00470498209e-20, 2.0609772356e-19, 3.79739878412e-19, 9.01717960948e-19, 5.51924734896e-19, 6.54999711026e-19, 1.32471134624e-18, 9.90769537358e-19, 3.0224954176e-18, 1.71547074382e-18, 4.67772083965e-18, 4.17721783923e-18, 3.66457058665e-18, 3.69806767914e-18, 3.14946267854e-18, 5.68597046111e-18, 5.24551374213e-18, 9.48141136042e-18, 1.68080039903e-17, 1.07254206913e-17, 1.05472071099e-17, 2.16095078591e-17, 1.72179877891e-17, 2.2604427465e-17, 1.9731910439e-17, 1.67431695738e-17, 1.83756965395e-17, 1.47348246774e-17, 1.54832047561e-17, 1.195551519e-17, 1.06338608965e-17, 5.50041896046e-18, 2.96943281528e-18, 1.3145199641e-18, 3.8402146866e-19, 3.5612842788e-20],
        "var": [0.592454493046, 10.1359004974, 76.8383026123, 116.522109985, 96.1145935059, 410.173828125, 161.04208374, 743.907287598, 1805.6796875, 4216.49804688, 1027.24169922, 2562.59594727, 1300.71875, 682.344848633, 931.814575195, 1671.32116699, 1600.95556641, 1126.43798828, 1064.90820312, 1143.24658203, 1119.76574707, 1389.63720703, 2359.87670898, 1578.47851562, 1163.7265625, 1102.81311035, 448.693450928, 155.250167847, 54.2070579529, 19.5111160278, 14.2687520981, 9.73908996582, 2.32209086418, 0.467389166355, 0.130908578634, 0.0223603453487, 0.00116445997264, 8.26081941341e-06, 5.59671331501e-09, 1.08124853515e-09]
    },
    "gfcc": {
        "mean": [-88.2399291992, 118.609161377, -101.804878235, 40.7263450623, -63.2615661621, 12.7071228027, -37.7595977783, 5.53089475632, -15.6167707443, 0.372663527727, -9.72629261017, -6.99080085754, -3.75222682953],
        "cov": [[10748.0439453, -1296.93603516, -1046.94006348, 261.611572266, -530.165039062, 285.619781494, -87.2119216919, 325.495513916, -387.5519104, 235.766540527, -252.646957397, 16.0743961334, -297.487182617], [-1296.93603516, 2745.92041016, -270.722808838, -320.685394287, 644.588256836, -250.306350708, 451.233917236, -200.131988525, 497.851989746, -358.546569824, 370.451904297, -199.209884644, 277.260650635], [-1046.94006348, -270.722808838, 2100.8125, 271.765899658, 85.0105895996, 284.203186035, -153.188766479, 107.433189392, -44.2415313721, 276.49822998, -48.5215835571, 239.575286865, -43.1474952698], [261.611572266, -320.685394287, 271.765899658, 730.248474121, 62.7482681274, -37.1192245483, -25.2993431091, -81.0824508667, -4.89151859283, 17.9775218964, 34.0551757812, 10.9933710098, 28.8438262939], [-530.165039062, 644.588256836, 85.0105895996, 62.7482681274, 493.459869385, 22.9062862396, 126.799003601, -5.75357437134, 174.535598755, -42.5133209229, 98.0271530151, -14.15762043, 81.292930603], [285.619781494, -250.306350708, 284.203186035, -37.1192245483, 22.9062862396, 406.881195068, 87.3503265381, 111.635490417, -24.6765766144, 117.917251587, -18.3881797791, 58.1425514221, -20.9598712921], [-87.2119216919, 451.233917236, -153.188766479, -25.2993431091, 126.799003601, 87.3503265381, 409.017669678, 45.6193008423, 80.5561828613, -31.5915660858, 105.101737976, -28.7487640381, 46.6799201965], [325.495513916, -200.131988525, 107.433189392, -81.0824508667, -5.75357437134, 111.635490417, 45.6193008423, 270.180053711, 34.9654388428, 99.0710220337, -45.5704307556, 39.446269989, -24.8792800903], [-387.5519104, 497.851989746, -44.2415313721, -4.89151859283, 174.535598755, -24.6765766144, 80.5561828613, 34.9654388428, 286.344055176, -20.0693759918, 75.5554504395, -37.9698028564, 69.4129486084], [235.766540527, -358.546569824, 276.49822998, 17.9775218964, -42.5133209229, 117.917251587, -31.5915660858, 99.0710220337, -20.0693759918, 226.453063965, -32.8698577881, 50.6514320374, -55.5638389587], [-252.646957397, 370.451904297, -48.5215835571, 34.0551757812, 98.0271530151, -18.3881797791, 105.101737976, -45.5704307556, 75.5554504395, -32.8698577881, 167.841156006, -11.0544500351, 50.6095504761], [16.0743961334, -199.209884644, 239.575286865, 10.9933710098, -14.15762043, 58.1425514221, -28.7487640381, 39.446269989, -37.9698028564, 50.6514320374, -11.0544500351, 134.220306396, -13.6704101562], [-297.487182617, 277.260650635, -43.1474952698, 28.8438262939, 81.292930603, -20.9598712921, 46.6799201965, -24.8792800903, 69.4129486084, -55.5638389587, 50.6095504761, -13.6704101562, 119.693397522]],
        "icov": [[0.000151191343321, -0.000226537129492, 0.000216183922021, -0.000302178435959, 0.000191377956071, -0.000243177637458, 0.000181695795618, -0.000295596284559, 0.000281913264189, -0.000242412919761, 0.000223744878895, -0.000238986394834, 0.000348491972545], [-0.000226537129492, 0.00243953918107, -0.000969201908447, 0.00189124385361, -0.00153721065726, 0.00138029607479, -0.00155753933359, 0.00143836031202, -0.00198763958178, 0.00192799372599, -0.00206169649027, 0.00207675714046, -0.00167040782981], [0.000216183922021, -0.000969201908447, 0.00126966158859, -0.0011098627001, 0.000430910120485, -0.000978969619609, 0.000941571663134, -0.00066278653685, 0.000845088390633, -0.00139046728145, 0.000910453964025, -0.00185284786858, 0.000806319352705], [-0.000302178435959, 0.00189124385361, -0.0011098627001, 0.00315482425503, -0.00139509455767, 0.00143340660725, -0.0012634935556, 0.00175175524782, -0.00145158497617, 0.00121208105702, -0.00177624542266, 0.00180695881136, -0.00187500449829], [0.000191377956071, -0.00153721065726, 0.000430910120485, -0.00139509455767, 0.00396110164002, -0.00116763717961, 0.000551111705136, -0.000827576615848, -0.000146613267134, -0.000738392467611, 0.000755468790885, -0.00132228096481, 0.000518102780916], [-0.000243177637458, 0.00138029607479, -0.000978969619609, 0.00143340660725, -0.00116763717961, 0.0044633122161, -0.00195986125618, 0.000351576018147, -0.000616967445239, -0.000133433641167, -0.000774347980041, 0.000800199282821, -0.00137338333298], [0.000181695795618, -0.00155753933359, 0.000941571663134, -0.0012634935556, 0.000551111705136, -0.00195986125618, 0.00468004401773, -0.001964854775, 0.00134158367291, -0.000671167450491, -0.00082535558613, -0.000764651864301, 0.000924367341213], [-0.000295596284559, 0.00143836031202, -0.00066278653685, 0.00175175524782, -0.000827576615848, 0.000351576018147, -0.001964854775, 0.00671959808096, -0.00271738180891, -0.000675420975313, 0.000809569202829, 2.36237483477e-05, -0.00101822719444], [0.000281913264189, -0.00198763958178, 0.000845088390633, -0.00145158497617, -0.000146613267134, -0.000616967445239, 0.00134158367291, -0.00271738180891, 0.00730397272855, -0.00207087141462, 0.000218751229113, -0.000215818712604, -0.000451395229902], [-0.000242412919761, 0.00192799372599, -0.00139046728145, 0.00121208105702, -0.000738392467611, -0.000133433641167, -0.000671167450491, -0.000675420975313, -0.00207087141462, 0.00895319506526, -0.0021975338459, 0.00128150812816, 0.0011703382479], [0.000223744878895, -0.00206169649027, 0.000910453964025, -0.00177624542266, 0.000755468790885, -0.000774347980041, -0.00082535558613, 0.000809569202829, 0.000218751229113, -0.0021975338459, 0.0110268527642, -0.00278680142947, -0.000198154477403], [-0.000238986394834, 0.00207675714046, -0.00185284786858, 0.00180695881136, -0.00132228096481, 0.000800199282821, -0.000764651864301, 2.36237483477e-05, -0.000215818712604, 0.00128150812816, -0.00278680142947, 0.0120974332094, -0.00188662216533], [0.000348491972545, -0.00167040782981, 0.000806319352705, -0.00187500449829, 0.000518102780916, -0.00137338333298, 0.000924367341213, -0.00101822719444, -0.000451395229902, 0.0011703382479, -0.000198154477403, -0.00188662216533, 0.0133415525779]]
    },
    "melbands": {
        "dmean": [0.00141552824061, 0.00135231169406, 0.000791843398474, 0.000372089416487, 0.000205208329135, 0.00023972040799, 0.000301251886413, 0.000256288185483, 9.78955504252e-05, 0.000109169399366, 6.09440794506e-05, 3.43014362443e-05, 3.54828734999e-05, 3.31531700795e-05, 3.02482767438e-05, 2.5443643608e-05, 1.91960825759e-05, 1.6023455828e-05, 1.44819359775e-05, 1.04027467387e-05, 1.14667354865e-05, 1.03850497908e-05, 1.02259409687e-05, 8.1670086729e-06, 7.59771592129e-06, 6.46506623525e-06, 5.97901998844e-06, 5.05446359966e-06, 3.29317936121e-06, 3.00421766042e-06, 1.79603057404e-06, 1.25808855955e-06, 9.84416942629e-07, 8.44613680329e-07, 5.79274626489e-07, 5.68120583466e-07, 5.30209831595e-07, 4.24988684244e-07, 2.81336440366e-07, 2.25767365691e-07],
        "dmean2": [0.00177861261182, 0.00232669338584, 0.00138478365261, 0.000598764745519, 0.00033286071266, 0.000404783495469, 0.000515989901032, 0.00041920831427, 0.000157621019753, 0.000168135913555, 9.44690182223e-05, 5.46263399883e-05, 5.75604208279e-05, 5.25137329532e-05, 4.66973579023e-05, 4.04558886657e-05, 2.96130419883e-05, 2.42153546424e-05, 2.21774007514e-05, 1.58690254466e-05, 1.79438357009e-05, 1.56853038789e-05, 1.4090905097e-05, 1.01594923763e-05, 1.06041843537e-05, 9.36384822126e-06, 8.88697741175e-06, 7.24258779883e-06, 4.50241714134e-06, 4.36032087237e-06, 2.64265850092e-06, 1.72895136075e-06, 1.38565940233e-06, 1.28111128106e-06, 8.68039876423e-07, 8.72492705639e-07, 8.24905328045e-07, 6.49832543331e-07, 4.21097411163e-07, 3.43546616932e-07],
        "dvar": [1.08626290967e-05, 1.74307460838e-05, 4.54053088106e-06, 5.45544651231e-07, 1.48505179709e-07, 3.915961031e-07, 5.50536697119e-07, 4.17065422198e-07, 5.56733752433e-08, 8.02901709562e-08, 2.26125358438e-08, 8.72984262656e-09, 1.00981276674e-08, 9.9406403109e-09, 8.36962144035e-09, 5.92390492216e-09, 2.73715428101e-09, 2.20300200304e-09, 2.02648209324e-09, 9.40268418681e-10, 1.5416123933e-09, 1.21572896195e-09, 1.21117793572e-09, 6.71707023336e-10, 6.52734533091e-10, 3.83435477813e-10, 4.54701692965e-10, 3.40628053541e-10, 1.16069369394e-10, 6.00988911414e-11, 2.288397076e-11, 1.00012385526e-11, 6.16139040829e-12, 3.66457038325e-12, 3.28232319796e-12, 7.17362193953e-12, 3.44633219532e-12, 1.38270081149e-12, 5.01584342637e-13, 2.30218296683e-13],
        "dvar2": [1.4707506125e-05, 4.89337508043e-05, 1.26493496282e-05, 1.40053123232e-06, 3.81481953582e-07, 1.04714115423e-06, 1.46521563238e-06, 1.03585352917e-06, 1.38476863754e-07, 1.8546140268e-07, 5.22549576942e-08, 2.06747898801e-08, 2.50395384427e-08, 2.45582274516e-08, 1.78111463356e-08, 1.47792560412e-08, 6.51406484309e-09, 5.1100128573e-09, 4.59411308995e-09, 2.09085571079e-09, 3.6918959001e-09, 2.80016410059e-09, 2.23484231121e-09, 1.16168097364e-09, 1.25389365557e-09, 7.41071648491e-10, 1.04781316956e-09, 7.51908979524e-10, 2.38015412934e-10, 1.18906218205e-10, 4.84223702801e-11, 1.85252022056e-11, 1.32255924962e-11, 8.80277187948e-12, 7.96655883623e-12, 1.46753807023e-11, 9.01491728489e-12, 3.5320123562e-12, 1.238989163e-12, 5.38512973363e-13],
        "max": [0.0394659824669, 0.0505171455443, 0.0269461143762, 0.0132445003837, 0.00617319671437, 0.0120213516057, 0.0122807770967, 0.010303504765, 0.00414385134354, 0.00548562640324, 0.00290721980855, 0.00166873459239, 0.00177950051147, 0.00263624545187, 0.00135996507015, 0.00129827624187, 0.000894049066119, 0.000775302934926, 0.00064936792478, 0.000546364113688, 0.000631213653833, 0.000494387000799, 0.000534804479685, 0.000434323417721, 0.000408993451856, 0.000267026509391, 0.000357478886144, 0.000255551276496, 0.000168288985151, 0.000118925199786, 6.63288810756e-05, 4.46717676823e-05, 8.29548080219e-05, 3.77020114684e-05, 9.56308940658e-05, 0.00014671421377, 7.18130759196e-05, 3.92017391277e-05, 2.48083015322e-05, 1.13452097139e-05],
        "mean": [0.00266040628776, 0.00190960231703, 0.000813973194454, 0.000602040439844, 0.000301433348795, 0.000252193422057, 0.000287625123747, 0.000262516085058, 0.000107903433673, 0.000133104782435, 7.4172305176e-05, 4.05545360991e-05, 3.75734416593e-05, 3.66016574844e-05, 3.45543485309e-05, 2.8549669878e-05, 2.40553599724e-05, 1.87983587239e-05, 1.76031699084e-05, 1.26947470562e-05, 1.37424603963e-05, 1.22213996292e-05, 1.31124133986e-05, 1.060680097e-05, 9.59824774327e-06, 8.21946105134e-06, 7.04195281287e-06, 6.02672980676e-06, 4.15652948504e-06, 3.75842887479e-06, 2.34987214753e-06, 1.63474726378e-06, 1.25211226987e-06, 1.03756406133e-06, 6.73846670907e-07, 6.37829657535e-07, 5.54705422928e-07, 4.61350992964e-07, 3.23755784848e-07, 2.39860696638e-07],
        "median": [0.00046490051318, 0.000385239254683, 0.000308323797071, 0.000238764667301, 0.000134824338602, 6.44440078759e-05, 6.43817329546e-05, 5.03209230374e-05, 2.04811803997e-05, 2.09230620385e-05, 1.12162570076e-05, 5.43825308341e-06, 4.10918801208e-06, 3.21639004142e-06, 2.23570782509e-06, 2.63119750343e-06, 2.45141836785e-06, 1.51739425291e-06, 1.11804831704e-06, 1.22650124013e-06, 1.39270116506e-06, 1.04620244201e-06, 7.06695004737e-07, 4.98702661389e-07, 4.64071433726e-07, 4.91591833907e-07, 4.38159304395e-07, 3.65903503052e-07, 2.49085019277e-07, 2.5762938094e-07, 2.29670575891e-07, 1.63007328524e-07, 1.55546629799e-07, 1.37661302801e-07, 9.61506501085e-08, 7.81402960115e-08, 6.94857504868e-08, 6.11697856812e-08, 4.90271006015e-08, 3.75500555094e-08],
        "min": [6.29714883467e-24, 1.40449742199e-23, 9.48229582965e-24, 1.05003618486e-23, 1.26245670511e-23, 1.91377844933e-23, 9.47179845759e-24, 6.98972098337e-24, 1.16983875504e-23, 5.9249954196e-24, 1.54035299605e-23, 6.74370918805e-24, 1.43888434216e-23, 1.36998570402e-23, 8.22202584697e-24, 1.04633177294e-23, 6.16809631817e-24, 4.26204113265e-24, 7.48796789769e-24, 6.32935171455e-24, 6.47449778237e-24, 8.1536757827e-24, 1.75382175467e-23, 1.08209004891e-23, 8.6086631427e-24, 6.70696168051e-24, 1.06407317581e-23, 1.57016357634e-23, 7.43799434821e-24, 1.54959197719e-23, 1.33079256989e-23, 1.30334549576e-23, 7.03845207693e-24, 9.97275195367e-24, 1.12072829827e-23, 8.74150021939e-24, 8.59378680374e-24, 9.87147877952e-24, 1.15931408839e-23, 8.97950428766e-24],
        "var": [3.04625245917e-05, 1.65729943546e-05, 3.16940395351e-06, 1.18944376482e-06, 2.11423355267e-07, 3.51508361973e-07, 4.6672309395e-07, 4.25856001129e-07, 6.27589571423e-08, 1.13593955575e-07, 3.19639958946e-08, 1.09127631376e-08, 1.11512106216e-08, 1.33425173132e-08, 1.14080362934e-08, 6.7657266456e-09, 3.96615673637e-09, 2.83140932922e-09, 2.93478574775e-09, 1.32186916968e-09, 1.91719418119e-09, 1.614902434e-09, 2.16258810859e-09, 1.35099154086e-09, 1.0833350883e-09, 6.79517109248e-10, 6.0940541502e-10, 4.64652455401e-10, 1.87288073938e-10, 1.10782126528e-10, 3.99233493487e-11, 1.93237613411e-11, 9.62447829767e-12, 5.40210194286e-12, 3.64583146659e-12, 9.15237850785e-12, 3.29827051088e-12, 1.45287774866e-12, 6.53768326368e-13, 2.89739369649e-13]
    },
    "mfcc": {
        "mean": [-729.742797852, 136.964233398, 21.7287330627, 27.1928443909, 5.40491437912, 5.85913181305, -3.34501981735, 0.0635315403342, 0.72495663166, 2.43187117577, 1.17522108555, 1.44053971767, -0.144059211016],
        "cov": [[10365.40625, -920.086425781, -1439.27307129, 31.8715305328, -665.78515625, -48.7168502808, 2.70562839508, 19.655626297, -80.2852935791, 62.4760780334, -2.14906525612, -22.3043670654, -142.212234497], [-920.086425781, 2492.35791016, -277.532806396, -157.187744141, 182.756027222, -19.6568870544, 51.7403945923, 185.318222046, 120.093040466, 9.51806163788, 125.053161621, 45.4332046509, 105.576217651], [-1439.27307129, -277.532806396, 1601.19824219, 178.279998779, 262.871337891, 181.893554688, 32.8913650513, -46.9004631042, 21.8874797821, -24.9144592285, -24.1653690338, 98.3350753784, 87.5878219604], [31.8715305328, -157.187744141, 178.279998779, 636.391906738, 155.471328735, 56.8978767395, -7.32340049744, -32.2855758667, -30.0670127869, -25.8959770203, -34.5180053711, -2.72061347961, 35.4548187256], [-665.78515625, 182.756027222, 262.871337891, 155.471328735, 444.72265625, 77.4924850464, -62.9874725342, 7.09073352814, 36.7270774841, 12.8282613754, 1.74280643463, 21.646566391, 40.6362991333], [-48.7168502808, -19.6568870544, 181.893554688, 56.8978767395, 77.4924850464, 282.944244385, 111.58341217, 30.3359909058, 10.9966020584, 24.3335170746, 36.561416626, 16.8891372681, 11.2559747696], [2.70562839508, 51.7403945923, 32.8913650513, -7.32340049744, -62.9874725342, 111.58341217, 272.855377197, 84.391494751, 11.9364919662, 42.2463684082, 41.3213005066, 4.43088436127, 11.7269830704], [19.655626297, 185.318222046, -46.9004631042, -32.2855758667, 7.09073352814, 30.3359909058, 84.391494751, 201.77684021, 67.2010574341, 22.6807327271, 37.3873558044, 18.8082351685, 21.7823314667], [-80.2852935791, 120.093040466, 21.8874797821, -30.0670127869, 36.7270774841, 10.9966020584, 11.9364919662, 67.2010574341, 176.682891846, 77.4008560181, 46.8997917175, 19.3423557281, 24.8051834106], [62.4760780334, 9.51806163788, -24.9144592285, -25.8959770203, 12.8282613754, 24.3335170746, 42.2463684082, 22.6807327271, 77.4008560181, 162.420806885, 68.6133117676, 1.5051214695, 14.6713933945], [-2.14906525612, 125.053161621, -24.1653690338, -34.5180053711, 1.74280643463, 36.561416626, 41.3213005066, 37.3873558044, 46.8997917175, 68.6133117676, 128.605422974, 41.5414733887, 23.3504638672], [-22.3043670654, 45.4332046509, 98.3350753784, -2.72061347961, 21.646566391, 16.8891372681, 4.43088436127, 18.8082351685, 19.3423557281, 1.5051214695, 41.5414733887, 105.509460449, 36.9841270447], [-142.212234497, 105.576217651, 87.5878219604, 35.4548187256, 40.6362991333, 11.2559747696, 11.7269830704, 21.7823314667, 24.8051834106, 14.6713933945, 23.3504638672, 36.9841270447, 100.598548889]],
