{
"lowlevel": {
    "average_loudness": 0.829575002193,
    "barkbands_crest": {
        "dmean": 2.77436900139,
        "dmean2": 4.5813126564,
        "dvar": 7.5737156868,
        "dvar2": 18.2103919983,
        "max": 26.1962928772,
        "mean": 13.0898675919,
        "median": 12.0673131943,
        "min": 2.44183683395,
        "var": 33.7379150391
    },
    "barkbands_flatness_db": {
        "dmean": 0.0307572390884,
        "dmean2": 0.0473388396204,
        "dvar": 0.000919475103728,
        "dvar2": 0.00199378258549,
        "max": 0.472918570042,
        "mean": 0.187812104821,
        "median": 0.179920017719,
        "min": 0.0256653074175,
        "var": 0.00579718267545
    },
    "barkbands_kurtosis": {
        "dmean": 12.8497600555,
        "dmean2": 19.2757701874,
        "dvar": 607.899291992,
        "dvar2": 1219.41821289,
        "max": 915.447814941,
        "mean": 24.0564212799,
        "median": 8.68081188202,
        "min": -1.93680381775,
        "var": 1902.58068848
    },
    "barkbands_skewness": {
        "dmean": 1.10247731209,
        "dmean2": 1.65119194984,
        "dvar": 1.42770195007,
        "dvar2": 2.92273378372,
        "max": 23.3853588104,
        "mean": 3.2958586216,
        "median": 2.81768798828,
        "min": -6.67621183395,
        "var": 8.36896038055
    },
    "barkbands_spread": {
        "dmean": 8.2080373764,
        "dmean2": 13.1474542618,
        "dvar": 140.992553711,
        "dvar2": 364.871063232,
        "max": 125.234893799,
        "mean": 21.2818279266,
        "median": 13.3556337357,
        "min": 0.173943698406,
        "var": 490.473083496
    },
    "dissonance": {
        "dmean": 0.0169433485717,
        "dmean2": 0.0281004440039,
        "dvar": 0.000319853657857,
        "dvar2": 0.000833144935314,
        "max": 0.5,
        "mean": 0.465152025223,
        "median": 0.470079362392,
        "min": 0.258289694786,
        "var": 0.000694644812029
    },
    "dynamic_complexity": 7.23825597763,
    "erbbands_crest": {
        "dmean": 2.59286093712,
        "dmean2": 4.32900953293,
        "dvar": 6.12295389175,
        "dvar2": 15.9200954437,
        "max": 29.8189582825,
        "mean": 8.66302204132,
        "median": 7.84043741226,
        "min": 2.37698817253,
        "var": 13.9257946014
    },
    "erbbands_flatness_db": {
        "dmean": 0.0195228755474,
        "dmean2": 0.0304171983153,
        "dvar": 0.000346121902112,
        "dvar2": 0.000812246929854,
        "max": 0.332148820162,
        "mean": 0.146808296442,
        "median": 0.144760757685,
        "min": 0.0498953871429,
        "var": 0.00152738206089
    },
    "erbbands_kurtosis": {
        "dmean": 1.38348555565,
        "dmean2": 2.24828314781,
        "dvar": 5.38599491119,
        "dvar2": 13.0260133743,
        "max": 43.1767311096,
        "mean": 0.647719323635,
        "median": -0.486578583717,
        "min": -1.85827696323,
        "var": 11.4776563644
    },
    "erbbands_skewness": {
        "dmean": 0.515193998814,
        "dmean2": 0.794197499752,
        "dvar": 0.264172196388,
        "dvar2": 0.639955461025,
        "max": 6.06758403778,
        "mean": 0.283468574286,
        "median": 0.244434729218,
        "min": -3.92061710358,
        "var": 1.25226163864
    },
    "erbbands_spread": {
        "dmean": 14.4432497025,
        "dmean2": 22.4530258179,
        "dvar": 246.547943115,
        "dvar2": 595.348327637,
        "max": 175.782516479,
        "mean": 55.7143669128,
        "median": 49.6517333984,
        "min": 4.42932224274,
        "var": 844.609802246
    },
    "hfc": {
        "dmean": 6.87383508682,
        "dmean2": 9.2678194046,
        "dvar": 251.364273071,
        "dvar2": 376.893341064,
        "max": 192.771728516,
        "mean": 14.5751838684,
        "median": 7.00734186172,
        "min": 1.20194703134e-16,
        "var": 613.144104004
    },
    "melbands_crest": {
        "dmean": 3.44954228401,
        "dmean2": 5.59119701385,
        "dvar": 10.6573705673,
        "dvar2": 25.6093521118,
        "max": 39.2747306824,
        "mean": 19.5411148071,
        "median": 18.302816391,
        "min": 2.22379851341,
        "var": 60.8897628784
    },
    "melbands_flatness_db": {
        "dmean": 0.038101516664,
        "dmean2": 0.0573761500418,
        "dvar": 0.00145357812289,
        "dvar2": 0.00293951295316,
        "max": 0.597508430481,
        "mean": 0.2641479671,
        "median": 0.264748632908,
        "min": 0.00390797667205,
        "var": 0.0104125579819
    },
    "melbands_kurtosis": {
        "dmean": 33.3025588989,
        "dmean2": 50.314907074,
        "dvar": 3390.56884766,
        "dvar2": 6960.22021484,
        "max": 1771.97314453,
        "mean": 67.7922058105,
        "median": 32.6934738159,
        "min": -1.93081378937,
        "var": 10941.6279297
    },
    "melbands_skewness": {
        "dmean": 1.53810918331,
        "dmean2": 2.3234398365,
        "dvar": 2.83676028252,
        "dvar2": 5.91273117065,
        "max": 33.809463501,
        "mean": 5.46102428436,
        "median": 4.78814268112,
        "min": -2.60576725006,
        "var": 14.6131324768
    },
    "melbands_spread": {
        "dmean": 9.90167045593,
        "dmean2": 15.7207307816,
        "dvar": 397.62487793,
        "dvar2": 1055.03149414,
        "max": 298.199645996,
        "mean": 21.2860965729,
        "median": 8.85828971863,
        "min": 0.173363268375,
        "var": 1092.96520996
    },
    "pitch_salience": {
        "dmean": 0.0896658822894,
        "dmean2": 0.150226637721,
        "dvar": 0.00740477535874,
        "dvar2": 0.0186805855483,
        "max": 0.968752026558,
        "mean": 0.471411913633,
        "median": 0.498222708702,
        "min": 0.0210749488324,
        "var": 0.0300472192466
    },
    "silence_rate_20dB": {
        "dmean": 0,
        "dmean2": 0,
        "dvar": 0,
        "dvar2": 0,
        "max": 1,
        "mean": 1,
        "median": 1,
        "min": 1,
        "var": 0
    },
    "silence_rate_30dB": {
        "dmean": 0.0315800495446,
        "dmean2": 0.0631667003036,
        "dvar": 0.0305836237967,
        "dvar2": 0.0602188557386,
        "max": 1,
        "mean": 0.863237142563,
        "median": 1,
        "min": 0,
        "var": 0.118047252297
    },
    "silence_rate_60dB": {
        "dmean": 0.0123392241076,
        "dmean2": 0.0246810298413,
        "dvar": 0.0121872741729,
        "dvar2": 0.0293020270765,
        "max": 1,
        "mean": 0.210581347346,
        "median": 0,
        "min": 0,
        "var": 0.166244998574
    },
    "spectral_centroid": {
        "dmean": 335.151641846,
        "dmean2": 522.188842773,
        "dvar": 157721.8125,
        "dvar2": 368083.53125,
        "max": 10968.1875,
        "mean": 1314.03186035,
        "median": 1071.72766113,
        "min": 157.873153687,
        "var": 818497.3125
    },
    "spectral_complexity": {
        "dmean": 3.03628563881,
        "dmean2": 4.17464971542,
        "dvar": 23.4485645294,
        "dvar2": 34.7486915588,
        "max": 65,
        "mean": 11.1814098358,
        "median": 9,
        "min": 0,
        "var": 113.553871155
    },
    "spectral_decrease": {
        "dmean": 3.17274495565e-09,
        "dmean2": 4.95207830298e-09,
        "dvar": 4.71302068957e-17,
        "dvar2": 1.08910583151e-16,
        "max": 1.63625289147e-22,
        "mean": -1.06930242438e-08,
        "median": -4.65174565534e-09,
        "min": -7.51279856104e-08,
        "var": 2.32638631285e-16
    },
    "spectral_energy": {
        "dmean": 0.0124157676473,
        "dmean2": 0.0192660558969,
        "dvar": 0.000698277726769,
        "dvar2": 0.00160773529205,
        "max": 0.286879777908,
        "mean": 0.0416801013052,
        "median": 0.0186696462333,
        "min": 1.0969093469e-20,
        "var": 0.00339615577832
    },
    "spectral_energyband_high": {
        "dmean": 0.000557927123737,
        "dmean2": 0.000693287292961,
        "dvar": 2.5584015475e-06,
        "dvar2": 3.37769688485e-06,
        "max": 0.0193761624396,
        "mean": 0.000806411262602,
        "median": 9.38647717703e-05,
        "min": 8.1203609876e-21,
        "var": 6.0785828282e-06
    },
    "spectral_energyband_low": {
        "dmean": 0.00939259212464,
        "dmean2": 0.0145322727039,
        "dvar": 0.000607653986663,
        "dvar2": 0.00137439183891,
        "max": 0.266275107861,
        "mean": 0.030321303755,
        "median": 0.00368920248002,
        "min": 1.1294413143e-22,
        "var": 0.00312439771369
    },
    "spectral_energyband_middle_high": {
        "dmean": 0.0013484301744,
        "dmean2": 0.00181659939699,
        "dvar": 8.97692552826e-06,
        "dvar2": 1.55858633661e-05,
        "max": 0.0410909578204,
        "mean": 0.00247030076571,
        "median": 0.000668111257255,
        "min": 1.37938183257e-21,
        "var": 2.20092806558e-05
    },
    "spectral_energyband_middle_low": {
        "dmean": 0.00499255722389,
        "dmean2": 0.00854993332177,
        "dvar": 0.000124980811961,
        "dvar2": 0.000347168854205,
        "max": 0.131615489721,
        "mean": 0.00894826464355,
        "median": 0.00542324967682,
        "min": 4.12130825249e-22,
        "var": 0.000139435243909
    },
    "spectral_entropy": {
        "dmean": 0.233836784959,
        "dmean2": 0.368241459131,
        "dvar": 0.0625091195107,
        "dvar2": 0.144829168916,
        "max": 9.78470611572,
        "mean": 7.48147678375,
        "median": 7.48596286774,
        "min": 5.25256681442,
        "var": 0.317147165537
    },
    "spectral_flux": {
        "dmean": 0.0264636855572,
        "dmean2": 0.0411500260234,
        "dvar": 0.00231802882627,
        "dvar2": 0.00423835264519,
        "max": 0.479880660772,
        "mean": 0.0741515606642,
        "median": 0.0575293339789,
        "min": 1.04733437201e-10,
        "var": 0.00536437984556
    },
    "spectral_kurtosis": {
        "dmean": 1.66860389709,
        "dmean2": 2.66665363312,
        "dvar": 3.82520842552,
        "dvar2": 9.01574897766,
        "max": 36.8671684265,
        "mean": 3.99869537354,
        "median": 3.1973555088,
        "min": -1.27475762367,
        "var": 10.8984746933
    },
    "spectral_rms": {
        "dmean": 0.000812931044493,
        "dmean2": 0.00123286433518,
        "dvar": 1.69436646047e-06,
        "dvar2": 3.47935224454e-06,
        "max": 0.0167296957225,
        "mean": 0.0049988781102,
        "median": 0.00426782015711,
        "min": 3.27132309956e-12,
        "var": 1.56747591973e-05
    },
    "spectral_rolloff": {
        "dmean": 697.326843262,
        "dmean2": 1175.58288574,
        "dvar": 2210675.5,
        "dvar2": 5681522.5,
        "max": 19789.0136719,
        "mean": 1541.04431152,
        "median": 322.998046875,
        "min": 43.06640625,
        "var": 6303238
    },
    "spectral_skewness": {
        "dmean": 0.280185729265,
        "dmean2": 0.425289005041,
        "dvar": 0.084237575531,
        "dvar2": 0.189909487963,
        "max": 5.16383934021,
        "mean": 1.45861506462,
        "median": 1.38998317719,
        "min": -0.165595114231,
        "var": 0.334910422564
    },
    "spectral_spread": {
        "dmean": 857727.375,
        "dmean2": 1353025.75,
        "dvar": 1.04823259136e+12,
        "dvar2": 2.48297658778e+12,
        "max": 39664740,
        "mean": 5328715.5,
        "median": 4707429,
        "min": 1956569,
        "var": 4.11038121984e+12
    },
    "spectral_strongpeak": {
        "dmean": 0.222371742129,
        "dmean2": 0.375667095184,
        "dvar": 0.236232951283,
        "dvar2": 0.644725680351,
        "max": 10.7493371964,
        "mean": 0.561079084873,
        "median": 0.483327776194,
        "min": 0,
        "var": 0.31716427207
    },
    "zerocrossingrate": {
        "dmean": 0.0123338121921,
        "dmean2": 0.0146877570078,
        "dvar": 0.000233059588936,
        "dvar2": 0.000298545783153,
        "max": 0.509765625,
        "mean": 0.0569603256881,
        "median": 0.0380859375,
        "min": 0.001953125,
        "var": 0.00338346627541
    },
    "barkbands": {
        "dmean": [0.000399615062634, 0.00759380590171, 0.00350907631218, 0.00179111887701, 0.0025255207438, 0.000566019909456, 0.000792880658992, 0.000507882854436, 0.000497754779644, 0.000220158399316, 0.000171114894329, 0.000128204061184, 0.000154544322868, 0.000157273956574, 0.000185059645446, 0.000214585379581, 0.00019497644098, 0.000241079877014, 0.000154516848852, 0.000178619520739, 0.000210167039768, 0.000134250658448, 0.000108573600301, 4.69701226393e-05, 2.35555999097e-05, 5.36399056728e-06, 3.73591404923e-07],
        "dmean2": [0.000447674130555, 0.0110247954726, 0.00641967216507, 0.00329081341624, 0.0043173939921, 0.000960050325375, 0.00134974811226, 0.000850388139952, 0.00080292817438, 0.000350425951183, 0.00026372881257, 0.000196137581952, 0.000243868373218, 0.000234523948166, 0.000288136216113, 0.000328128429828, 0.000291575561278, 0.000358150777174, 0.000225836396567, 0.000236081818002, 0.000257390842307, 0.000175500608748, 0.000149885992869, 7.01088792994e-05, 3.56479431503e-05, 8.15132443677e-06, 6.46039666208e-07],
        "dvar": [9.74835643319e-07, 0.000395705719711, 0.000159049493959, 3.06352922053e-05, 2.73400164588e-05, 1.87854709566e-06, 4.59576085632e-06, 2.52706399806e-06, 2.65932681032e-06, 7.98467112872e-07, 5.41575616353e-07, 3.29349177264e-07, 4.67161214601e-07, 2.69733448022e-07, 4.37382880136e-07, 4.27018562732e-07, 2.75630611668e-07, 3.45761947074e-07, 2.28827474302e-07, 3.48848288922e-07, 4.7110614787e-07, 1.52697396061e-07, 9.98141018727e-08, 1.3105890595e-08, 3.39166295049e-09, 1.68192126893e-10, 1.22202898842e-12],
        "dvar2": [1.56281555519e-06, 0.000751207116991, 0.000475800712593, 9.02708925423e-05, 7.38053859095e-05, 4.72503370474e-06, 1.20848180813e-05, 6.48920149615e-06, 6.91829018251e-06, 1.96339010472e-06, 1.2838869452e-06, 7.70814665429e-07, 1.11682163606e-06, 5.73065960907e-07, 9.70725750449e-07, 9.28318115712e-07, 5.98444160005e-07, 6.9110677714e-07, 4.69132771741e-07, 5.24851770933e-07, 6.37528046354e-07, 2.5295287287e-07, 1.83534581311e-07, 2.8425535703e-08, 7.68360752801e-09, 3.7645805917e-10, 3.18956818422e-12],
        "max": [0.01851227507, 0.248847723007, 0.128880128264, 0.0683619081974, 0.0781727880239, 0.0363526232541, 0.0486550666392, 0.0411233492196, 0.0762514844537, 0.0197150148451, 0.0192317869514, 0.0164059083909, 0.0262090340257, 0.01359858457, 0.0228721797466, 0.0183420125395, 0.00929953716695, 0.0137483356521, 0.00837754271924, 0.00778980972245, 0.00868352130055, 0.00548943085596, 0.00473258923739, 0.00519266026095, 0.00289518339559, 0.00037793914089, 2.50970733759e-05],
        "mean": [0.00138523743954, 0.0241517834365, 0.00394108146429, 0.00190746434964, 0.0040516750887, 0.000725915189832, 0.00085825950373, 0.000587313435972, 0.000774912710767, 0.000218426037463, 0.000177742593223, 0.000165259392816, 0.000159774644999, 0.000215583568206, 0.000230375313549, 0.000296851416351, 0.000274584075669, 0.000388442858821, 0.000231271187658, 0.000247179414146, 0.000278608611552, 0.000172103173099, 0.000135282694828, 6.35289979982e-05, 3.32371273544e-05, 7.65023378335e-06, 3.46876134927e-07],
        "median": [9.24210871744e-06, 0.00134388357401, 0.000722862081602, 0.000675842980854, 0.00138956005685, 0.000318095117109, 0.000186062738067, 0.000121246790513, 0.000208284560358, 1.87169061974e-05, 1.1896228898e-05, 8.15548264654e-06, 7.96933454694e-06, 3.06315923808e-05, 2.70660311799e-05, 4.46023150289e-05, 3.15607030643e-05, 0.000115172762889, 5.65173795621e-05, 2.95060126518e-05, 1.72849613591e-05, 9.12417544896e-06, 7.60467355576e-06, 1.01568220998e-05, 7.91342063167e-06, 2.21486425289e-06, 6.22133313755e-08],
        "min": [1.42145803006e-24, 3.25092671376e-23, 5.2214621275e-23, 5.54810418481e-23, 3.37650453463e-23, 7.3624741694e-23, 3.02605844174e-23, 7.30855205554e-23, 9.21333622837e-23, 1.00429755626e-22, 6.66964161771e-23, 6.7553466219e-23, 9.591087006e-23, 1.1063769147e-22, 1.024874141e-22, 1.07217468264e-22, 1.20956370764e-22, 2.51423829202e-22, 2.83099914074e-22, 2.30430814254e-22, 4.29628542677e-22, 6.4840524341e-22, 7.3394553344e-22, 8.64148578325e-22, 1.58900244566e-21, 1.64136524025e-21, 2.19440030518e-21],
        "var": [9.04373064259e-06, 0.00240727909841, 0.000108993022877, 2.00275153475e-05, 3.9686125092e-05, 2.10611074181e-06, 4.56760380985e-06, 2.4694743388e-06, 2.86908107228e-06, 7.66294931509e-07, 6.10394010891e-07, 3.91450583948e-07, 4.95261247124e-07, 4.72512709848e-07, 6.18081799075e-07, 7.39325002996e-07, 5.07025504248e-07, 6.42324266664e-07, 3.7172205225e-07, 6.82982033595e-07, 1.02201079244e-06, 3.07475858108e-07, 1.87893789416e-07, 2.20434017706e-08, 7.17327353073e-09, 3.25980964444e-10, 1.3009906737e-12]
    },
    "erbbands": {
        "dmean": [0.297830909491, 1.65955460072, 3.78277921677, 5.02121162415, 8.4695110321, 8.23581409454, 6.19443893433, 3.45557785034, 8.77155780792, 12.4804000854, 11.7658042908, 10.9992618561, 5.10705709457, 9.43733406067, 5.57539987564, 4.52909851074, 7.59377527237, 7.51052713394, 8.85069561005, 9.59634876251, 10.4195671082, 11.7568998337, 11.766037941, 9.90414428711, 8.42972278595, 8.64169311523, 8.62624645233, 7.10766124725, 4.89824724197, 4.13817977905, 2.67222309113, 1.24844610691, 0.676071345806, 0.339733392, 0.131598621607, 0.0375477336347, 0.00769099034369, 0.000980440643616, 5.8273137256e-05, 1.5705707483e-05],
        "dmean2": [0.336903870106, 2.65288209915, 6.81593608856, 9.22354507446, 14.8486833572, 13.8547897339, 10.3543148041, 5.91313695908, 15.013882637, 21.0482997894, 19.4087638855, 17.8075370789, 8.16744327545, 14.7933158875, 8.13210296631, 6.91234493256, 11.9552106857, 11.1207666397, 13.0695924759, 14.453874588, 15.5878448486, 17.1528091431, 17.1046733856, 13.3568544388, 12.2398910522, 11.0184421539, 10.8471508026, 9.14183044434, 6.60844898224, 5.41002082825, 3.6885342598, 1.74160778522, 1.0146677494, 0.507859647274, 0.201870381832, 0.0572624914348, 0.0117371249944, 0.00156354939099, 9.81584817055e-05, 2.43049380515e-05],
        "dvar": [0.551397681236, 21.9389839172, 183.580001831, 292.176391602, 368.152587891, 291.000823975, 267.38583374, 93.6883163452, 652.931945801, 1092.37304688, 1449.04150391, 1381.59814453, 220.507629395, 1713.56640625, 530.051940918, 320.997619629, 1234.34509277, 607.6640625, 998.24597168, 1068.24328613, 997.904968262, 1012.85467529, 850.998962402, 593.077209473, 885.148620605, 783.538330078, 868.811340332, 503.199737549, 191.314178467, 143.304641724, 58.7329826355, 10.720366478, 2.44072604179, 0.778765261173, 0.100501090288, 0.00855928752571, 0.000340494152624, 5.22591108165e-06, 3.42338850601e-08, 9.41240974051e-10],
        "dvar2": [0.638034641743, 51.6078147888, 543.696044922, 858.278381348, 1040.7175293, 775.868713379, 674.271728516, 245.878189087, 1726.45349121, 2793.67822266, 3770.49121094, 3574.51489258, 548.049133301, 4002.94238281, 1159.96252441, 766.838012695, 2949.86572266, 1292.36047363, 2194.41137695, 2306.25439453, 2277.2043457, 2081.88061523, 1646.5267334, 1025.28979492, 1771.52478027, 1192.23132324, 1198.85144043, 691.425598145, 300.513031006, 240.500366211, 107.915214539, 19.2233963013, 5.47125196457, 1.77888834476, 0.224931672215, 0.0191080030054, 0.000776137283538, 1.22191304399e-05, 9.13044218009e-08, 2.13168660501e-09],
        "max": [11.0332164764, 52.9273109436, 137.682769775, 188.919219971, 216.154266357, 303.127319336, 709.594177246, 426.391906738, 626.780944824, 634.710449219, 1118.0949707, 1600.48266602, 363.540466309, 1026.85791016, 820.423400879, 534.223571777, 1395.21618652, 598.528503418, 1162.46630859, 895.546936035, 911.291625977, 507.704986572, 887.812744141, 421.206085205, 404.458007812, 443.719970703, 369.033966064, 257.418060303, 183.117996216, 162.862503052, 105.661720276, 124.265464783, 68.8755340576, 48.9089736938, 16.5314731598, 2.72404050827, 0.567109763622, 0.0545535907149, 0.005929405801, 0.000329589092871],
        "mean": [1.09847152233, 3.83502960205, 4.86896896362, 5.39069128036, 12.0600061417, 12.7888584137, 8.80807113647, 4.22461175919, 9.5484752655, 14.130610466, 16.791053772, 15.8181343079, 6.36252164841, 9.74270439148, 6.93895578384, 6.05310535431, 8.03664493561, 10.5327224731, 12.0188245773, 13.5134687424, 15.3410053253, 17.4568748474, 19.3355388641, 15.9894685745, 11.4699602127, 11.8175916672, 11.2894601822, 9.98267841339, 6.23233556747, 5.33436822891, 3.42705845833, 1.6597058773, 0.928265154362, 0.472964525223, 0.185019642115, 0.0524156466126, 0.0110252648592, 0.00128835311625, 7.54033462727e-05, 4.98101398989e-05],
        "median": [0.0257144831121, 0.340456098318, 0.894874632359, 2.48100113869, 3.49187278748, 4.34286117554, 3.72543621063, 1.84882354736, 2.62468290329, 2.93550896645, 4.26133203506, 4.25749397278, 1.27410435677, 0.935806214809, 0.52031826973, 0.37876278162, 0.589983701706, 1.69627571106, 1.23569059372, 1.93076038361, 2.52381277084, 2.60282039642, 4.5151925087, 4.90126037598, 2.43645763397, 1.46322035789, 0.844365119934, 0.573697566986, 0.355253994465, 0.261656045914, 0.225510001183, 0.18096293509, 0.172877252102, 0.104403376579, 0.0457911416888, 0.0140829123557, 0.00327382329851, 0.000385419669328, 2.92578133667e-05, 2.41564212047e-05],
        "min": [7.34902667843e-22, 8.79388472343e-21, 5.24822769587e-20, 1.29315006317e-19, 1.43775338346e-19, 1.37933582065e-19, 4.71696177092e-19, 4.78075962663e-19, 2.77211591119e-19, 7.28265527723e-19, 1.73445515927e-18, 2.55778514267e-18, 3.28059065796e-18, 2.43580743518e-18, 3.1359606094e-18, 2.78657130598e-18, 4.76117343729e-18, 4.9206832243e-18, 4.40792678388e-18, 7.44503662174e-18, 5.85566035992e-18, 7.5837746628e-18, 1.24605751284e-17, 1.08705305047e-17, 1.75412069591e-17, 1.08650462972e-17, 1.99007214584e-17, 1.70013839282e-17, 2.65210863064e-17, 2.00655289236e-17, 1.9392991381e-17, 1.62664868935e-17, 1.55169355271e-17, 1.48084619499e-17, 1.32000109031e-17, 6.54431841196e-18, 2.63252773525e-18, 1.33141647228e-18, 3.33993352569e-19, 3.14354514476e-20],
        "var": [5.50232887268, 63.1421661377, 143.418411255, 182.01020813, 423.415008545, 417.899200439, 350.793762207, 88.7075271606, 634.223876953, 1165.23486328, 1504.66394043, 1397.69494629, 245.810455322, 1773.91845703, 754.058044434, 396.854827881, 1302.98913574, 1053.07336426, 1584.59362793, 1741.41223145, 1653.13122559, 1911.16833496, 1689.20397949, 1229.34448242, 1236.54443359, 1523.25366211, 1765.89099121, 1169.7322998, 395.123016357, 299.591918945, 112.478683472, 20.0439224243, 4.19737911224, 1.4521702528, 0.228554069996, 0.0164117515087, 0.00064988178201, 9.17983925319e-06, 3.52767841605e-08, 4.21807744289e-09]
    },
    "gfcc": {
        "mean": [-81.0724105835, 83.3873672485, -84.5527954102, 58.4251441956, -50.6840019226, 5.27120733261, -42.1053314209, 21.0203514099, -21.0726833344, -1.11536359787, -17.2231731415, -5.63054656982, -12.6640377045],
        "cov": [[18328.3007812, 3291.69799805, -2828.22216797, -441.991363525, -337.42855835, 126.556411743, 220.435302734, -283.94744873, 701.454223633, 198.77835083, 30.9144153595, -539.207702637, 283.866790771], [3291.69799805, 2245.81811523, -436.209350586, -449.935119629, 253.244400024, -198.654769897, 69.1175231934, -50.5364952087, 162.472763062, -44.120010376, 100.728691101, -222.748641968, 100.582962036], [-2828.22216797, -436.209350586, 1314.04650879, 338.591766357, 94.2915039062, -19.7219924927, -8.45367336273, 43.1710586548, -83.0416641235, -53.9988632202, 12.4614887238, 109.638145447, -82.245010376], [-441.991363525, -449.935119629, 338.591766357, 555.065490723, -20.5187568665, 5.18057823181, 50.8323440552, 9.00850582123, 100.414749146, 30.8651313782, 6.75048875809, 54.4558868408, 12.2200689316], [-337.42855835, 253.244400024, 94.2915039062, -20.5187568665, 421.578918457, 46.0227355957, 79.2054443359, 108.030403137, 85.4143981934, 34.1223640442, 87.9165878296, -7.54976463318, 42.9335899353], [126.556411743, -198.654769897, -19.7219924927, 5.18057823181, 46.0227355957, 345.497558594, 153.624771118, 2.9281642437, 16.8477096558, 30.477684021, 53.7100296021, 58.7926597595, 5.15467405319], [220.435302734, 69.1175231934, -8.45367336273, 50.8323440552, 79.2054443359, 153.624771118, 256.790008545, 40.384765625, 90.6167602539, 47.1033821106, 79.6193237305, 40.6160240173, 26.9648303986], [-283.94744873, -50.5364952087, 43.1710586548, 9.00850582123, 108.030403137, 2.9281642437, 40.384765625, 194.651153564, 97.920715332, 55.9789505005, 42.8312301636, 7.10346126556, 17.6050815582], [701.454223633, 162.472763062, -83.0416641235, 100.414749146, 85.4143981934, 16.8477096558, 90.6167602539, 97.920715332, 250.411331177, 93.1724243164, 62.269241333, -8.480717659, 54.6167030334], [198.77835083, -44.120010376, -53.9988632202, 30.8651313782, 34.1223640442, 30.477684021, 47.1033821106, 55.9789505005, 93.1724243164, 117.804504395, 43.6093978882, 3.61065220833, 13.8009576797], [30.9144153595, 100.728691101, 12.4614887238, 6.75048875809, 87.9165878296, 53.7100296021, 79.6193237305, 42.8312301636, 62.269241333, 43.6093978882, 122.698959351, 31.5866718292, 23.7462921143], [-539.207702637, -222.748641968, 109.638145447, 54.4558868408, -7.54976463318, 58.7926597595, 40.6160240173, 7.10346126556, -8.480717659, 3.61065220833, 31.5866718292, 120.137512207, 11.1646566391], [283.866790771, 100.582962036, -82.245010376, 12.2200689316, 42.9335899353, 5.15467405319, 26.9648303986, 17.6050815582, 54.6167030334, 13.8009576797, 23.7462921143, 11.1646566391, 91.0623397827]],
        "icov": [[0.000149427971337, -0.000238407461438, 0.000234212726355, -0.000189075784874, 0.000221639260417, -0.000274728197837, 9.78990283329e-05, 8.61109947436e-05, -0.000206751414225, -0.000145638201502, 0.00012758235971, 0.000167755046277, -7.91248476162e-06], [-0.000238407461438, 0.00157892622519, -0.000477614288684, 0.00138780195266, -0.000745252531487, 0.00131917581894, -0.000897064164747, 0.00107413961086, -0.000993947614916, 0.00146580301225, -0.00136623263825, 0.00152545643505, -0.000740523566492], [0.000234212726355, -0.000477614288684, 0.001638635993, -0.00125922751613, -0.000130293832626, -0.000290713069262, 0.000290960684652, -0.000455341272755, 0.000416200608015, 0.000227944357903, 9.03290492715e-05, -0.000820150773507, 0.00131898233667], [-0.000189075784874, 0.00138780195266, -0.00125922751613, 0.00398508785293, -0.000206385273486, 0.00124212063383, -0.00109039631207, 0.00173895794433, -0.00265674083494, 0.000935430463869, -0.000428387254942, 0.000713945075404, -0.00112604070455], [0.000221639260417, -0.000745252531487, -0.000130293832626, -0.000206385273486, 0.00395085290074, -0.00102458999027, 0.000107240462967, -0.00157551269513, -0.000136032162118, -0.000158997718245, -0.0012391890632, 0.00106372812297, -0.00119120511226], [-0.000274728197837, 0.00131917581894, -0.000290713069262, 0.00124212063383, -0.00102458999027, 0.00549860205501, -0.00321743264794, 0.0011970406631, 5.84094523219e-05, 0.00046693670447, -0.00113364460412, -0.000546182272956, 0.000119961136079], [9.78990283329e-05, -0.000897064164747, 0.000290960684652, -0.00109039631207, 0.000107240462967, -0.00321743264794, 0.00737613486126, -0.000649948196951, -0.000931505230255, -0.000643465027679, -0.00145701225847, -0.001569326967, 0.000396392657422], [8.61109947436e-05, 0.00107413961086, -0.000455341272755, 0.00173895794433, -0.00157551269513, 0.0011970406631, -0.000649948196951, 0.0089763617143, -0.00396957108751, -0.000756290100981, -0.000977696618065, 0.0010411379626, -0.00034460547613], [-0.000206751414225, -0.000993947614916, 0.000416200608015, -0.00265674083494, -0.000136032162118, 5.84094523219e-05, -0.000931505230255, -0.00396957108751, 0.0106708956882, -0.00499873748049, -0.000140370873851, -0.000308646005578, -0.00198919535615], [-0.000145638201502, 0.00146580301225, 0.000227944357903, 0.000935430463869, -0.000158997718245, 0.00046693670447, -0.000643465027679, -0.000756290100981, -0.00499873748049, 0.0149754649028, -0.00402551563457, 0.00162958656438, 0.000879005645402], [0.00012758235971, -0.00136623263825, 9.03290492715e-05, -0.000428387254942, -0.0012391890632, -0.00113364460412, -0.00145701225847, -0.000977696618065, -0.000140370873851, -0.00402551563457, 0.0146044557914, -0.00454675359651, -3.73577422579e-05], [0.000167755046277, 0.00152545643505, -0.000820150773507, 0.000713945075404, 0.00106372812297, -0.000546182272956, -0.001569326967, 0.0010411379626, -0.000308646005578, 0.00162958656438, -0.00454675359651, 0.0146221024916, -0.00392055138946], [-7.91248476162e-06, -0.000740523566492, 0.00131898233667, -0.00112604070455, -0.00119120511226, 0.000119961136079, 0.000396392657422, -0.00034460547613, -0.00198919535615, 0.000879005645402, -3.73577422579e-05, -0.00392055138946, 0.0152208209038]]
    },
    "melbands": {
        "dmean": [0.00229593552649, 0.00187132495921, 0.000947727181483, 0.000641764549073, 0.00021980497695, 8.53556994116e-05, 0.000144288438605, 0.000129427950014, 0.000102147816506, 6.615028542e-05, 2.52719510172e-05, 3.87211475754e-05, 2.00297581614e-05, 1.65287274285e-05, 1.20278482427e-05, 1.53962791956e-05, 1.54941226356e-05, 1.41940718095e-05, 1.33082467073e-05, 1.38223267641e-05, 1.26721970446e-05, 1.24002772282e-05, 1.4106440176e-05, 1.02456979221e-05, 8.19054912427e-06, 5.70690554014e-06, 7.19980789654e-06, 5.09387064085e-06, 5.38275298823e-06, 5.59057707505e-06, 4.16411421611e-06, 2.87562056656e-06, 2.71809039987e-06, 2.37783183366e-06, 1.80584584086e-06, 9.7314591585e-07, 6.84557562636e-07, 5.29589613052e-07, 3.35689975373e-07, 2.84593056676e-07],
        "dmean2": [0.00301277847029, 0.00325106014498, 0.001719227992, 0.00110966444481, 0.000364847888704, 0.000145282727317, 0.000246311188675, 0.000217502223677, 0.000168006910826, 0.000107166735688, 4.06156977988e-05, 6.0903836129e-05, 2.95607660519e-05, 2.53066009464e-05, 1.88644844457e-05, 2.43384110945e-05, 2.34610361076e-05, 2.10273592529e-05, 2.07340744964e-05, 2.11750830204e-05, 1.93276791833e-05, 1.86298948393e-05, 2.09724530578e-05, 1.48170865941e-05, 1.13136366053e-05, 8.85121971805e-06, 1.05537992567e-05, 6.54871291772e-06, 6.75918681736e-06, 7.22323193258e-06, 5.668862741e-06, 4.18130275648e-06, 3.32607487508e-06, 3.37746178047e-06, 2.59355556409e-06, 1.33066566832e-06, 9.9824831068e-07, 8.0187032836e-07, 5.3242854392e-07, 4.23377571224e-07],
        "dvar": [3.36131961376e-05, 3.84760460292e-05, 8.57911618368e-06, 1.809094897e-06, 2.94590222438e-07, 4.85765241365e-08, 1.66777326172e-07, 1.16954112173e-07, 1.11439604211e-07, 4.6703757306e-08, 6.08493166965e-09, 2.919302311e-08, 6.06025452043e-09, 6.27278851084e-09, 2.63154475988e-09, 4.0714840388e-09, 2.98485791639e-09, 2.41411290958e-09, 2.22738671951e-09, 2.3376938163e-09, 1.70854708159e-09, 1.29352872857e-09, 1.2581151676e-09, 6.92954416071e-10, 4.2174841397e-10, 3.78194864314e-10, 7.09866887494e-10, 2.44422038165e-10, 3.53034296241e-10, 3.40705713642e-10, 1.96968996669e-10, 6.9138909875e-11, 6.68114383262e-11, 4.95965664371e-11, 2.84916985838e-11, 7.42525745751e-12, 3.68200522155e-12, 1.41413183247e-12, 8.26854264311e-13, 5.45745360795e-13],
        "dvar2": [5.16080508532e-05, 0.000108253458166, 2.50729244726e-05, 4.95919130117e-06, 7.42831218759e-07, 1.26002063894e-07, 4.41352028702e-07, 2.9832736459e-07, 2.90685278515e-07, 1.20014433946e-07, 1.52263730513e-08, 6.84552219354e-08, 1.33786661749e-08, 1.47923397975e-08, 6.49722853296e-09, 9.61979118586e-09, 6.52191145534e-09, 5.33590505114e-09, 4.95086283081e-09, 5.00316010843e-09, 4.06452826951e-09, 2.78432721323e-09, 2.7902942179e-09, 1.4165290052e-09, 7.42845729373e-10, 8.42641789678e-10, 1.27085608703e-09, 3.45574346916e-10, 5.103719114e-10, 6.11592776423e-10, 3.33780003636e-10, 1.29247140768e-10, 1.02153605019e-10, 9.51268300242e-11, 5.49925487092e-11, 1.2212376943e-11, 7.77994769302e-12, 3.17267501333e-12, 2.04812447384e-12, 1.22742614683e-12],
        "max": [0.080040819943, 0.0666470453143, 0.0309822093695, 0.0165893882513, 0.0222273729742, 0.00843493640423, 0.0105368904769, 0.00600064918399, 0.0102129857987, 0.0086521403864, 0.00186699489132, 0.00425301259384, 0.00225875619799, 0.00237333984114, 0.00194885383826, 0.00224108016118, 0.00128598185256, 0.00151929166168, 0.00137452012859, 0.00179044657853, 0.00121209491044, 0.000742416013964, 0.000743954267818, 0.000784134666901, 0.000335592631018, 0.000323945918353, 0.000419606105424, 0.000284520792775, 0.000231878730119, 0.0002707602398, 0.000168079015566, 0.000112283065391, 0.000112745488877, 0.000105084072857, 8.37555489852e-05, 5.72745630052e-05, 9.23047045944e-05, 4.49819744972e-05, 4.95895910717e-05, 3.8791080442e-05],
        "mean": [0.00786588620394, 0.00329677574337, 0.00113299814984, 0.000999856856652, 0.000329814472934, 0.000105111423181, 0.000157099464559, 0.000144546778756, 0.000152742781211, 9.35091084102e-05, 2.89979034278e-05, 3.90266723116e-05, 2.29518773267e-05, 2.17038123083e-05, 1.31698325276e-05, 1.62241449289e-05, 2.07959164982e-05, 1.86063516594e-05, 1.74834767677e-05, 1.90004247997e-05, 1.74082433659e-05, 1.70069979504e-05, 2.01102357096e-05, 1.57233444043e-05, 1.26982622533e-05, 7.95934738562e-06, 8.91936997505e-06, 7.28743361833e-06, 6.88017325956e-06, 6.79651384417e-06, 5.4458946579e-06, 3.36517337018e-06, 3.44060276802e-06, 2.93782090921e-06, 2.27023724619e-06, 1.21570917599e-06, 9.1294862159e-07, 7.15845715149e-07, 4.34719851228e-07, 3.88746059343e-07],
        "median": [0.000328675785568, 0.000518125947565, 0.000524778151885, 0.000316190358717, 0.000144621895743, 4.52011809102e-05, 4.05088649131e-05, 2.62431130977e-05, 3.415865649e-05, 2.38129705394e-05, 4.33537934441e-06, 3.4051925013e-06, 1.97071949515e-06, 1.00041165751e-06, 8.46468196869e-07, 1.05394474303e-06, 3.26930558003e-06, 1.57844704063e-06, 2.32389083976e-06, 2.70698001259e-06, 2.57104647972e-06, 1.82873282029e-06, 3.83294946005e-06, 4.33514333054e-06, 3.66336689694e-06, 1.87224350157e-06, 1.15464763439e-06, 8.47566411721e-07, 5.1215528174e-07, 4.16403366899e-07, 2.68401606718e-07, 1.87151627529e-07, 1.49040133124e-07, 1.24708449789e-07, 1.25410721807e-07, 1.00197979691e-07, 1.12960009346e-07, 1.25522632288e-07, 9.33318560215e-08, 8.22119403665e-08],
        "min": [7.84417172856e-24, 2.18129001753e-23, 2.43796437239e-23, 8.51369770034e-24, 1.41728154404e-23, 1.14511506541e-23, 5.11287179514e-24, 1.12126535478e-23, 1.24833191395e-23, 1.6161928213e-23, 1.57458277513e-23, 9.17639055896e-24, 1.02344605033e-23, 6.89607293873e-24, 9.63403716908e-24, 9.07516156102e-24, 9.99943201835e-24, 7.38816989343e-24, 8.73004595904e-24, 9.13451782212e-24, 6.22655879986e-24, 8.06310114014e-24, 8.13077436176e-24, 1.32358411671e-23, 7.81614507832e-24, 1.23161042934e-23, 1.01868204044e-23, 6.40519161868e-24, 1.28136751539e-23, 8.93968258916e-24, 1.07976559137e-23, 1.76344112455e-23, 8.22837144409e-24, 1.30030238593e-23, 1.12602794472e-23, 9.32021331262e-24, 1.06655296006e-23, 1.12358926012e-23, 1.00052175242e-23, 1.30787947381e-23],
        "var": [0.000268812698778, 4.63966025563e-05, 5.77618902753e-06, 2.41577549787e-06, 4.29757704978e-07, 4.91271876513e-08, 1.62362070455e-07, 1.2538698968e-07, 1.22141045722e-07, 4.84744333562e-08, 6.34466035265e-09, 2.97788655956e-08, 8.38797564739e-09, 7.27012938739e-09, 2.74993450233e-09, 4.53689441571e-09, 4.70648098272e-09, 3.91976984204e-09, 3.19382209568e-09, 3.95411836607e-09, 2.48774179035e-09, 2.18868234647e-09, 2.08070738417e-09, 1.23515264683e-09, 8.25395751747e-10, 4.89936147208e-10, 1.0311215215e-09, 5.36516608918e-10, 6.96998181393e-10, 5.9608640246e-10, 3.80402959133e-10, 1.14530725182e-10, 1.389459936e-10, 9.13059211571e-11, 5.21651576102e-11, 1.36280509447e-11, 5.94965483131e-12, 2.48610116868e-12, 1.1138722323e-12, 1.085897431e-12]
    },
    "mfcc": {
        "mean": [-729.943237305, 107.58039856, 25.2629852295, 49.4502258301, 19.8516998291, -5.18225193024, 0.0860148444772, 7.42892360687, 2.97845482826, 5.63843917847, 4.22010993958, -2.08189487457, -6.60599517822],
        "cov": [[18576.4570312, 2458.9699707, -1914.16809082, -341.842346191, -762.393066406, 142.627563477, -584.928405762, -220.993881226, 356.593353271, 408.256286621, 164.939056396, 181.994750977, -101.990486145], [2458.9699707, 2234.45214844, -459.007110596, -144.175704956, 113.95451355, -192.932144165, 22.762966156, -75.275718689, 31.4858989716, 74.6057281494, 63.9515647888, -30.840429306, -39.1452102661], [-1914.16809082, -459.007110596, 942.225036621, 279.064788818, 67.5761566162, 92.1569824219, 31.9309864044, 84.4404830933, -83.0274200439, -56.6336021423, -10.0697793961, -29.1185073853, 8.70892429352], [-341.842346191, -144.175704956, 279.064788818, 509.773651123, 106.016807556, -35.1397628784, -71.5260467529, 14.0057220459, 33.7704963684, 52.5076751709, 25.5709266663, 8.68776893616, 5.29323101044], [-762.393066406, 113.95451355, 67.5761566162, 106.016807556, 319.985687256, -40.6983909607, 51.7373275757, 22.1273880005, 46.6865921021, 37.2508087158, 25.758146286, 32.4919700623, 19.1501102448], [142.627563477, -192.932144165, 92.1569824219, -35.1397628784, -40.6983909607, 306.933929443, 92.1237030029, 77.6906661987, 12.7205991745, -7.71667909622, 37.1977119446, 31.0072669983, 36.513671875], [-584.928405762, 22.762966156, 31.9309864044, -71.5260467529, 51.7373275757, 92.1237030029, 220.359146118, 77.475944519, -2.46711468697, -5.63965559006, 33.842502594, 31.0368900299, 12.8310451508], [-220.993881226, -75.275718689, 84.4404830933, 14.0057220459, 22.1273880005, 77.6906661987, 77.475944519, 152.58631897, 35.7347145081, 7.63663911819, 32.6428604126, 38.8328056335, 52.9724655151], [356.593353271, 31.4858989716, -83.0274200439, 33.7704963684, 46.6865921021, 12.7205991745, -2.46711468697, 35.7347145081, 143.155914307, 77.6605529785, 39.8539237976, 37.6697998047, 31.5061531067], [408.256286621, 74.6057281494, -56.6336021423, 52.5076751709, 37.2508087158, -7.71667909622, -5.63965559006, 7.63663911819, 77.6605529785, 154.748397827, 71.438369751, 33.5250968933, 9.07529735565], [164.939056396, 63.9515647888, -10.0697793961, 25.5709266663, 25.758146286, 37.1977119446, 33.842502594, 32.6428604126, 39.8539237976, 71.438369751, 118.689559937, 56.1811027527, 25.7708530426], [181.994750977, -30.840429306, -29.1185073853, 8.68776893616, 32.4919700623, 31.0072669983, 31.0368900299, 38.8328056335, 37.6697998047, 33.5250968933, 56.1811027527, 124.743911743, 63.8455696106], [-101.990486145, -39.1452102661, 8.70892429352, 5.29323101044, 19.1501102448, 36.513671875, 12.8310451508, 52.9724655151, 31.5061531067, 9.07529735565, 25.7708530426, 63.8455696106, 114.758140564]],
