{
"lowlevel": {
    "average_loudness": 0.891517043114,
    "barkbands_crest": {
        "dmean": 3.11294674873,
        "dmean2": 4.93372297287,
        "dvar": 8.30046844482,
        "dvar2": 18.647195816,
        "max": 26.5234336853,
        "mean": 13.1114244461,
        "median": 12.2002830505,
        "min": 1.88623571396,
        "var": 29.3164253235
    },
    "barkbands_flatness_db": {
        "dmean": 0.0303570628166,
        "dmean2": 0.0453401841223,
        "dvar": 0.00102295575198,
        "dvar2": 0.00211322610267,
        "max": 0.488004654646,
        "mean": 0.188097789884,
        "median": 0.184866815805,
        "min": 0.0181681867689,
        "var": 0.00516205327585
    },
    "barkbands_kurtosis": {
        "dmean": 7.24849033356,
        "dmean2": 11.4746465683,
        "dvar": 319.212371826,
        "dvar2": 773.99206543,
        "max": 421.248016357,
        "mean": 9.63188266754,
        "median": 3.02418017387,
        "min": -1.91236555576,
        "var": 558.028137207
    },
    "barkbands_skewness": {
        "dmean": 0.888860404491,
        "dmean2": 1.33112573624,
        "dvar": 1.02456057072,
        "dvar2": 2.20046520233,
        "max": 16.558555603,
        "mean": 2.00234603882,
        "median": 1.59217047691,
        "min": -2.4850935936,
        "var": 3.56757068634
    },
    "barkbands_spread": {
        "dmean": 6.1310095787,
        "dmean2": 9.40493869781,
        "dvar": 61.0936775208,
        "dvar2": 130.449707031,
        "max": 115.659393311,
        "mean": 16.6640110016,
        "median": 13.5695018768,
        "min": 0.310583680868,
        "var": 169.729507446
    },
    "dissonance": {
        "dmean": 0.0335270166397,
        "dmean2": 0.0560824349523,
        "dvar": 0.000990070751868,
        "dvar2": 0.00258980458602,
        "max": 0.500000059605,
        "mean": 0.441329360008,
        "median": 0.451323986053,
        "min": 0.193318724632,
        "var": 0.0019758422859
    },
    "dynamic_complexity": 3.81634807587,
    "erbbands_crest": {
        "dmean": 3.53184866905,
        "dmean2": 5.66750335693,
        "dvar": 10.3917226791,
        "dvar2": 23.838924408,
        "max": 30.4510650635,
        "mean": 11.0922737122,
        "median": 10.0276250839,
        "min": 2.49772453308,
        "var": 26.0950508118
    },
    "erbbands_flatness_db": {
        "dmean": 0.0264663994312,
        "dmean2": 0.0378344245255,
        "dvar": 0.00066516926745,
        "dvar2": 0.00120143569075,
        "max": 0.450708121061,
        "mean": 0.184917777777,
        "median": 0.180374890566,
        "min": 0.0385834947228,
        "var": 0.00377164501697
    },
    "erbbands_kurtosis": {
        "dmean": 2.1087448597,
        "dmean2": 3.24829792976,
        "dvar": 11.795964241,
        "dvar2": 25.8717861176,
        "max": 76.7673797607,
        "mean": 2.41234564781,
        "median": 1.27920556068,
        "min": -1.82087600231,
        "var": 19.7817230225
    },
    "erbbands_skewness": {
        "dmean": 0.528460502625,
        "dmean2": 0.807222604752,
        "dvar": 0.26392737031,
        "dvar2": 0.575397253036,
        "max": 7.67160081863,
        "mean": 0.693731725216,
        "median": 0.619240999222,
        "min": -6.52222013474,
        "var": 0.932438969612
    },
    "erbbands_spread": {
        "dmean": 10.0195837021,
        "dmean2": 15.1605606079,
        "dvar": 149.524719238,
        "dvar2": 317.477539062,
        "max": 157.083206177,
        "mean": 30.3731117249,
        "median": 23.9603462219,
        "min": 1.59049582481,
        "var": 473.391815186
    },
    "hfc": {
        "dmean": 8.97199821472,
        "dmean2": 12.8502073288,
        "dvar": 197.51512146,
        "dvar2": 410.851074219,
        "max": 283.728790283,
        "mean": 18.1065387726,
        "median": 9.34635734558,
        "min": 1.21444195846e-16,
        "var": 483.715881348
    },
    "melbands_crest": {
        "dmean": 4.02788066864,
        "dmean2": 6.27354383469,
        "dvar": 16.5675449371,
        "dvar2": 35.5955162048,
        "max": 37.5047798157,
        "mean": 19.1724872589,
        "median": 18.7316303253,
        "min": 2.49389481544,
        "var": 59.2942810059
    },
    "melbands_flatness_db": {
        "dmean": 0.0353602543473,
        "dmean2": 0.0521154180169,
        "dvar": 0.001340760733,
        "dvar2": 0.00286325183697,
        "max": 0.611615359783,
        "mean": 0.255711019039,
        "median": 0.255097359419,
        "min": 0.00893938262016,
        "var": 0.00731825549155
    },
    "melbands_kurtosis": {
        "dmean": 15.4915494919,
        "dmean2": 24.3600654602,
        "dvar": 1790.78112793,
        "dvar2": 4446.35400391,
        "max": 1183.25268555,
        "mean": 22.8011512756,
        "median": 7.63932704926,
        "min": -1.86087095737,
        "var": 3355.05151367
    },
    "melbands_skewness": {
        "dmean": 1.16001570225,
        "dmean2": 1.73471748829,
        "dvar": 1.97955036163,
        "dvar2": 4.33593225479,
        "max": 30.0072612762,
        "mean": 2.91809368134,
        "median": 2.23103141785,
        "min": -2.61359882355,
        "var": 7.17359495163
    },
    "melbands_spread": {
        "dmean": 6.62912893295,
        "dmean2": 10.0560731888,
        "dvar": 72.9893112183,
        "dvar2": 152.395751953,
        "max": 196.216445923,
        "mean": 17.2841491699,
        "median": 13.9780044556,
        "min": 0.181876644492,
        "var": 196.189376831
    },
    "pitch_salience": {
        "dmean": 0.0916061326861,
        "dmean2": 0.13982950151,
        "dvar": 0.00851382035762,
        "dvar2": 0.0179321859032,
        "max": 0.946465790272,
        "mean": 0.454502910376,
        "median": 0.455091416836,
        "min": 0.0348911508918,
        "var": 0.029919533059
    },
    "silence_rate_20dB": {
        "dmean": 0,
        "dmean2": 0,
        "dvar": 0,
        "dvar2": 0,
        "max": 1,
        "mean": 1,
        "median": 1,
        "min": 1,
        "var": 0
    },
    "silence_rate_30dB": {
        "dmean": 0.0316934362054,
        "dmean2": 0.0633914396167,
        "dvar": 0.030690882355,
        "dvar2": 0.07580409199,
        "max": 1,
        "mean": 0.972198188305,
        "median": 1,
        "min": 0,
        "var": 0.0270253513008
    },
    "silence_rate_60dB": {
        "dmean": 0.0306850112975,
        "dmean2": 0.0613744407892,
        "dvar": 0.0297433380038,
        "dvar2": 0.0653881728649,
        "max": 1,
        "mean": 0.088663212955,
        "median": 0,
        "min": 0,
        "var": 0.0808102488518
    },
    "spectral_centroid": {
        "dmean": 253.189590454,
        "dmean2": 375.35333252,
        "dvar": 95933.3046875,
        "dvar2": 191650.75,
        "max": 11147.7929688,
        "mean": 1078.06298828,
        "median": 972.424804688,
        "min": 164.310058594,
        "var": 273816.21875
    },
    "spectral_complexity": {
        "dmean": 3.39652824402,
        "dmean2": 4.68477153778,
        "dvar": 15.9056510925,
        "dvar2": 27.1977920532,
        "max": 54,
        "mean": 13.045375824,
        "median": 11,
        "min": 0,
        "var": 70.3283538818
    },
    "spectral_decrease": {
        "dmean": 4.10045775112e-09,
        "dmean2": 6.70878375075e-09,
        "dvar": 4.03339222381e-17,
        "dvar2": 1.12929251559e-16,
        "max": 7.76919296971e-29,
        "mean": -8.6786995368e-09,
        "median": -6.068635372e-09,
        "min": -8.801362128e-08,
        "var": 6.82651380763e-17
    },
    "spectral_energy": {
        "dmean": 0.0161193627864,
        "dmean2": 0.0262212026864,
        "dvar": 0.000601259933319,
        "dvar2": 0.00166792050004,
        "max": 0.338848769665,
        "mean": 0.0343977175653,
        "median": 0.0241096206009,
        "min": 1.07221162405e-20,
        "var": 0.00104982906487
    },
    "spectral_energyband_high": {
        "dmean": 0.000416927214246,
        "dmean2": 0.000618480728008,
        "dvar": 1.54616202508e-06,
        "dvar2": 3.62249966201e-06,
        "max": 0.0395466834307,
        "mean": 0.000625328801107,
        "median": 0.000110080007289,
        "min": 7.9839295009e-21,
        "var": 2.52739937423e-06
    },
    "spectral_energyband_low": {
        "dmean": 0.00953822489828,
        "dmean2": 0.0161954257637,
        "dvar": 0.000421341537731,
        "dvar2": 0.00118536595255,
        "max": 0.290848255157,
        "mean": 0.018110556528,
        "median": 0.0123142870143,
        "min": 2.12788981405e-23,
        "var": 0.000543107045814
    },
    "spectral_energyband_middle_high": {
        "dmean": 0.00355125009082,
        "dmean2": 0.00496290996671,
        "dvar": 4.2602798203e-05,
        "dvar2": 8.44647875056e-05,
        "max": 0.0930082798004,
        "mean": 0.00608237599954,
        "median": 0.00196748808958,
        "min": 1.31226398165e-21,
        "var": 0.000102706420876
    },
    "spectral_energyband_middle_low": {
        "dmean": 0.00736554758623,
        "dmean2": 0.0120977517217,
        "dvar": 0.000196587017854,
        "dvar2": 0.000515253224876,
        "max": 0.161219581962,
        "mean": 0.00993072334677,
        "median": 0.00455555226654,
        "min": 2.40983703195e-22,
        "var": 0.000208368874155
    },
    "spectral_entropy": {
        "dmean": 0.233353599906,
        "dmean2": 0.339949458838,
        "dvar": 0.0548459365964,
        "dvar2": 0.109796531498,
        "max": 9.79934978485,
        "mean": 7.43924283981,
        "median": 7.41422367096,
        "min": 4.72703552246,
        "var": 0.277950942516
    },
    "spectral_flux": {
        "dmean": 0.036159992218,
        "dmean2": 0.0562280490994,
        "dvar": 0.00183285726234,
        "dvar2": 0.00391236972064,
        "max": 0.454620420933,
        "mean": 0.100298538804,
        "median": 0.0811920836568,
        "min": 1.03547649621e-10,
        "var": 0.00525707472116
    },
    "spectral_kurtosis": {
        "dmean": 2.51828551292,
        "dmean2": 4.00288486481,
        "dvar": 11.6805419922,
        "dvar2": 30.3758850098,
        "max": 112.404563904,
        "mean": 5.97479057312,
        "median": 4.5646686554,
        "min": -1.29776608944,
        "var": 42.1794090271
    },
    "spectral_rms": {
        "dmean": 0.00121689145453,
        "dmean2": 0.00190456304699,
        "dvar": 2.26953898164e-06,
        "dvar2": 5.87500426263e-06,
        "max": 0.0181819740683,
        "mean": 0.00517661031336,
        "median": 0.00484990514815,
        "min": 3.23428523546e-12,
        "var": 6.76169293001e-06
    },
    "spectral_rolloff": {
        "dmean": 430.908843994,
        "dmean2": 718.998657227,
        "dvar": 786463.6875,
        "dvar2": 1722006.25,
        "max": 19487.5488281,
        "mean": 1023.35406494,
        "median": 785.961914062,
        "min": 43.06640625,
        "var": 1549860.125
    },
    "spectral_skewness": {
        "dmean": 0.343852162361,
        "dmean2": 0.513073027134,
        "dvar": 0.11640817672,
        "dvar2": 0.258817523718,
        "max": 9.0667848587,
        "mean": 1.82733905315,
        "median": 1.79598987103,
        "min": -0.146330490708,
        "var": 0.543832182884
    },
    "spectral_spread": {
        "dmean": 753252,
        "dmean2": 1095077.75,
        "dvar": 828719890432,
        "dvar2": 1.52732421325e+12,
        "max": 39023716,
        "mean": 4599897.5,
        "median": 4270442,
        "min": 902988.125,
        "var": 3.6859061207e+12
    },
    "spectral_strongpeak": {
        "dmean": 0.484475165606,
        "dmean2": 0.828436970711,
        "dvar": 1.08645582199,
        "dvar2": 2.81192708015,
        "max": 26.1033210754,
        "mean": 0.739442944527,
        "median": 0.40640771389,
        "min": 0,
        "var": 1.2340208292
    },
    "zerocrossingrate": {
        "dmean": 0.00978581327945,
        "dmean2": 0.0107976561412,
        "dvar": 0.000165454548551,
        "dvar2": 0.000187288635061,
        "max": 0.50048828125,
        "mean": 0.0434439145029,
        "median": 0.03564453125,
        "min": 0.00146484375,
        "var": 0.00111476553138
    },
    "barkbands": {
        "dmean": [0.00146978115663, 0.00766382645816, 0.00149023090489, 0.00152960454579, 0.00209596310742, 0.000867134483997, 0.00152356713079, 0.00168768502772, 0.00161877635401, 0.00107880588621, 0.000743903743569, 0.000857757870108, 0.00113236100879, 0.000600337516516, 0.000330985814799, 0.000198188397917, 0.000160160154337, 4.84630945721e-05, 5.39707289136e-05, 5.2443912864e-05, 0.000102412705019, 0.000108954161988, 0.000107310494059, 5.59001782676e-05, 4.33688510384e-05, 1.2071574929e-05, 7.50239451008e-06],
        "dmean2": [0.00245702639222, 0.0123627847061, 0.00273192906752, 0.00281409895979, 0.00371259101667, 0.00148899375927, 0.00251947343349, 0.00274227350019, 0.00250386539847, 0.00170184392482, 0.00120211776812, 0.00136576138902, 0.00174598267768, 0.000959333439823, 0.000510249577928, 0.000309062976157, 0.000245901319431, 7.48206366552e-05, 8.1469763245e-05, 7.93793224148e-05, 0.00016758053971, 0.000159837654792, 0.000168070735526, 8.20022687549e-05, 6.56015909044e-05, 1.82172825589e-05, 1.19531787277e-05],
        "dvar": [1.20259628602e-05, 0.000318405072903, 2.62824087258e-05, 2.86313061224e-05, 3.47692002833e-05, 4.76572995467e-06, 1.44185560202e-05, 2.18471432163e-05, 1.57433187269e-05, 5.79477136853e-06, 7.99504141469e-06, 6.85419081492e-06, 1.2603372852e-05, 3.60631975127e-06, 1.41070142945e-06, 6.14619523276e-07, 2.07798350971e-07, 1.2779879377e-08, 2.52793324051e-08, 1.8765247134e-08, 1.32887407744e-07, 9.72632037133e-08, 2.81924798173e-07, 5.43066533965e-08, 2.40386661687e-08, 2.22454432652e-09, 1.03188058098e-09],
        "dvar2": [3.23796848534e-05, 0.000827419979032, 7.61927294661e-05, 8.16528699943e-05, 9.6490708529e-05, 1.2537296243e-05, 3.63682593161e-05, 5.25773066329e-05, 3.59061086783e-05, 1.3560820662e-05, 2.06393378903e-05, 1.64208558999e-05, 2.85499772872e-05, 9.04786247702e-06, 3.25428663928e-06, 1.49294271523e-06, 4.6847517865e-07, 3.03852445427e-08, 5.23439069866e-08, 4.16353529431e-08, 3.68501531511e-07, 1.98955703468e-07, 7.51485742967e-07, 1.24749988117e-07, 5.27141352791e-08, 5.36199173951e-09, 2.53566012631e-09],
        "max": [0.0749074220657, 0.246236041188, 0.0670054405928, 0.0512560643256, 0.0790100321174, 0.0291315950453, 0.0613630898297, 0.160016253591, 0.117371223867, 0.0436328724027, 0.0705046728253, 0.0681709423661, 0.079600609839, 0.0400758981705, 0.0317987427115, 0.0339501202106, 0.0209517199546, 0.00350703345612, 0.00825646426529, 0.00417232653126, 0.0044047543779, 0.00854699779302, 0.0375199690461, 0.00874060299248, 0.00550274830312, 0.00213359273039, 0.00125647336245],
        "mean": [0.00206601549871, 0.013757458888, 0.00209622597322, 0.000990043045022, 0.00178988743573, 0.00086515955627, 0.00186124374159, 0.00199135253206, 0.00213302951306, 0.00139431608841, 0.00079393282067, 0.000952286587562, 0.00140137958806, 0.000651329290122, 0.000389654538594, 0.000243769129156, 0.000214555431739, 6.77358475514e-05, 7.59032409405e-05, 7.20465832273e-05, 0.000121639102872, 0.000157736678375, 0.000144633610034, 8.23919763207e-05, 5.87873364566e-05, 1.54072185978e-05, 9.74594968284e-06],
        "median": [0.000241494257352, 0.00711448909715, 7.51142870286e-05, 3.8968410081e-05, 0.000392937217839, 0.000207729273825, 0.000462018186226, 0.000664466060698, 0.000503965595271, 0.000491326674819, 0.000115667040518, 0.000178925838554, 0.000126103725052, 7.52937339712e-05, 6.30678259768e-05, 6.79402000969e-05, 5.95344572503e-05, 2.26047650358e-05, 2.09831669054e-05, 1.64271095855e-05, 1.74789311131e-05, 2.27447762882e-05, 1.96178862097e-05, 1.21004513858e-05, 6.12646999798e-06, 1.35883340135e-06, 1.02411959801e-07],
        "min": [3.3495270694e-24, 1.75180621506e-23, 3.23221871962e-24, 9.43845646257e-24, 3.9939207216e-23, 1.53630424634e-23, 1.4410619138e-23, 1.02595992915e-22, 5.31612480504e-23, 6.4693599313e-23, 1.36675162674e-22, 5.5182177161e-23, 7.08681272141e-23, 8.28024125742e-23, 1.21661359977e-22, 1.60438922179e-22, 1.3549801812e-22, 9.96759895647e-23, 2.57605318012e-22, 4.03795127701e-22, 3.43592948973e-22, 7.56667150891e-22, 6.85333071939e-22, 7.32842289376e-22, 1.33165042141e-21, 1.8498672612e-21, 2.25208322821e-21],
        "var": [1.35962272907e-05, 0.000404102727771, 2.35209536186e-05, 1.66503141372e-05, 2.4449038392e-05, 4.39547557107e-06, 1.68639544427e-05, 2.34444250964e-05, 2.44812090386e-05, 8.03624516266e-06, 7.43629971112e-06, 7.79223773861e-06, 1.83364463737e-05, 4.13512179875e-06, 1.74878334747e-06, 6.30220711173e-07, 2.91567261002e-07, 1.79994401606e-08, 3.57850282739e-08, 2.81323213613e-08, 1.34584666966e-07, 1.85438523204e-07, 2.79252475366e-07, 8.16842842255e-08, 4.40168292926e-08, 2.81127165991e-09, 1.33756938858e-09]
    },
    "erbbands": {
        "dmean": [0.379724115133, 1.20909929276, 1.42292320728, 4.06878805161, 5.61471366882, 7.32878637314, 7.4903049469, 7.16953420639, 14.5838003159, 30.0317821503, 37.9307785034, 37.6482467651, 29.310043335, 32.2225914001, 31.0842247009, 33.8547019958, 51.2164916992, 32.2297363281, 21.7624282837, 13.4989051819, 9.61967754364, 8.32150173187, 3.12980318069, 2.22807359695, 2.98264312744, 2.49122357368, 3.71597933769, 4.00528144836, 3.99374318123, 3.66371154785, 2.81476163864, 1.28040492535, 0.951292216778, 0.679793000221, 0.184055030346, 0.0667831674218, 0.0194778703153, 0.0068710106425, 0.00132216501515, 8.01235582912e-05],
        "dmean2": [0.620281279087, 1.94965970516, 2.5524687767, 7.58050727844, 9.57276535034, 13.2361478806, 13.3186597824, 12.0660266876, 24.2808246613, 49.7712478638, 60.7200012207, 58.3367271423, 45.3271713257, 49.9096374512, 48.5811386108, 52.4118041992, 76.9479217529, 49.4938735962, 33.6361618042, 20.2556838989, 14.7950534821, 12.7593221664, 4.67708015442, 3.33302998543, 4.47082185745, 3.78317475319, 6.34302568436, 6.0567111969, 6.00468111038, 5.40437030792, 4.44588327408, 1.83172380924, 1.43574440479, 1.02877831459, 0.277423799038, 0.102047279477, 0.0295947827399, 0.0105468966067, 0.00213898904622, 0.00013228507305],
        "dvar": [0.83799302578, 6.93310880661, 17.2832355499, 222.42666626, 274.082427979, 463.698944092, 468.047119141, 323.816680908, 1272.92736816, 7369.26855469, 10754.8017578, 9434.45214844, 4817.93798828, 6277.77734375, 11224.4648438, 10703.3193359, 26292.3320312, 9307.87890625, 5032.23535156, 2854.8203125, 1117.11816406, 406.828308105, 48.003238678, 35.7284393311, 78.2622375488, 45.8773460388, 214.345535278, 142.712905884, 119.954330444, 175.241333008, 216.172225952, 22.7851257324, 17.3484401703, 7.37665128708, 0.358780860901, 0.0753047540784, 0.00597202312201, 0.000795352971181, 3.32779163728e-05, 9.16251252647e-08],
        "dvar2": [2.15736603737, 18.3907108307, 50.765537262, 638.139465332, 714.440429688, 1316.94421387, 1323.40222168, 812.09197998, 3208.65649414, 17943.3164062, 25557.0507812, 21851.0214844, 10695.9228516, 14883.2119141, 27774.2949219, 24765.4570312, 58859.1523438, 21938.2714844, 11871.1669922, 6501.16601562, 2698.53051758, 887.592224121, 105.557052612, 76.4673309326, 164.367324829, 105.491210938, 614.886047363, 329.378479004, 268.612579346, 377.283752441, 580.303039551, 52.1218795776, 38.9463920593, 16.0356426239, 0.80997979641, 0.165983125567, 0.0151372514665, 0.00189942098223, 8.39723143145e-05, 2.34370972407e-07],
        "max": [12.9325685501, 36.4040031433, 63.3777160645, 136.372177124, 144.13458252, 454.34286499, 449.346710205, 349.188995361, 732.981384277, 2243.16552734, 3883.25317383, 2614.80419922, 1555.7902832, 2003.73522949, 3285.13330078, 3202.55664062, 4020.52075195, 2078.14575195, 1693.29467773, 2777.39160156, 1308.36584473, 571.393188477, 157.329421997, 238.521057129, 377.345825195, 233.697692871, 173.571655273, 146.834152222, 278.511749268, 577.72857666, 1067.7734375, 155.881484985, 197.112823486, 102.661857605, 22.5554046631, 18.2511291504, 2.32621264458, 0.710887014866, 0.210804745555, 0.0124859437346],
        "mean": [0.574349820614, 2.41099882126, 2.7432103157, 2.98714160919, 4.34864616394, 6.19251823425, 7.13588380814, 7.38056755066, 16.6037540436, 38.2768783569, 49.4709815979, 50.344203949, 40.9943809509, 41.4016838074, 36.3985557556, 40.2328186035, 63.5844497681, 40.5520935059, 25.6691493988, 17.0828914642, 12.8364238739, 11.6691446304, 4.73675346375, 3.23460364342, 4.16560268402, 3.45877861977, 3.95576238632, 5.37804317474, 5.58875608444, 5.32321643829, 3.77363610268, 1.91893661022, 1.344404459, 0.928404569626, 0.242924377322, 0.0827645435929, 0.0254688281566, 0.00924409925938, 0.00168691889849, 0.000109860484372],
        "median": [0.176640093327, 1.80506205559, 0.800312638283, 0.253467321396, 0.322961509228, 1.41226041317, 2.18723249435, 1.42540836334, 4.72690105438, 11.8028593063, 17.6181716919, 12.6420269012, 14.9683666229, 12.6204719543, 7.59367847443, 5.88634109497, 5.8466386795, 5.14494419098, 3.98365926743, 3.85141921043, 3.57758712769, 3.36201739311, 1.55904066563, 1.03625881672, 1.0024087429, 0.817427277565, 0.644394338131, 0.773239731789, 0.804017066956, 0.722919106483, 0.521314382553, 0.297628343105, 0.174649298191, 0.0938561558723, 0.0258748978376, 0.00795719586313, 0.0020768288523, 0.000362619757652, 3.2423522498e-05, 3.45936350641e-05],
        "min": [2.2100409052e-22, 4.77292018393e-21, 5.64036001617e-21, 1.45421857511e-20, 1.46490119267e-19, 9.44083463586e-20, 4.10365885163e-20, 1.88835200883e-19, 1.9859342472e-19, 4.70131771758e-19, 3.02427654425e-18, 1.068069669e-18, 8.87621355744e-19, 3.82272503823e-18, 5.01983364201e-18, 2.818381984e-18, 2.94582963009e-18, 4.37018294612e-18, 6.79080665397e-18, 9.05380365148e-18, 5.80282916138e-18, 8.27813157567e-18, 7.27157850165e-18, 9.0963323155e-18, 1.42834669587e-17, 1.98316419511e-17, 1.38519872173e-17, 1.74469745437e-17, 2.78105798176e-17, 2.51872939646e-17, 1.90222126345e-17, 1.26223451865e-17, 1.51033667275e-17, 1.18961988955e-17, 1.14974697161e-17, 7.20425427159e-18, 3.36113075267e-18, 1.32358059034e-18, 2.93382093215e-19, 3.48348535725e-20],
        "var": [1.00982689857, 9.37462425232, 20.6161766052, 129.48399353, 208.265304565, 312.283355713, 342.946868896, 340.087615967, 1374.45129395, 8550.71972656, 12310.8496094, 14121.0390625, 6879.84228516, 8267.92089844, 12156.0234375, 13290.0097656, 38336.9296875, 13356.234375, 6136.22265625, 3171.09179688, 1305.92993164, 674.222045898, 82.1990661621, 54.2066040039, 110.687942505, 64.3474731445, 165.076522827, 224.217926025, 214.823760986, 290.747528076, 207.151809692, 35.1766700745, 26.682182312, 12.9312353134, 0.617137491703, 0.109988808632, 0.00676218606532, 0.00104641611688, 4.09929052694e-05, 9.64078878951e-08]
    },
    "gfcc": {
        "mean": [-39.0147476196, 101.96875, -117.413459778, 15.9021701813, -62.6031913757, 27.1261920929, -20.2280387878, 15.2565546036, -0.65502423048, 3.24382185936, -7.94702291489, 1.4792432785, -3.7342813015],
        "cov": [[6769.21240234, -725.716186523, 495.588104248, 284.731323242, 139.165054321, 342.628631592, -182.293365479, -149.812805176, -247.205703735, 434.853027344, -161.286071777, 43.1482849121, -289.764984131], [-725.716186523, 1588.08056641, -199.653823853, 7.71720123291, 406.531860352, -94.3472442627, 93.5663146973, -1.22227656841, 176.865844727, -98.8277359009, 186.372558594, -166.561950684, 86.7490539551], [495.588104248, -199.653823853, 1173.42126465, 495.056213379, 157.912506104, 245.237564087, 119.141487122, 89.7008285522, 50.5482788086, 103.629295349, -61.1972007751, 77.5996704102, -34.0738754272], [284.731323242, 7.71720123291, 495.056213379, 719.454223633, 202.746459961, 238.077392578, 144.877365112, 70.1309890747, 119.234542847, 53.841583252, 10.6313591003, -10.811170578, 24.2707290649], [139.165054321, 406.531860352, 157.912506104, 202.746459961, 521.224975586, 129.633483887, 172.080688477, 38.6604003906, 108.802848816, 23.7277889252, 55.3939323425, -40.3042831421, -9.43738365173], [342.628631592, -94.3472442627, 245.237564087, 238.077392578, 129.633483887, 417.159332275, 155.074859619, 137.493865967, 62.7881011963, 93.6761703491, 45.0706977844, 29.8540248871, -26.1969223022], [-182.293365479, 93.5663146973, 119.141487122, 144.877365112, 172.080688477, 155.074859619, 452.137695312, 121.247299194, 92.0879745483, 0.19243991375, 66.0020446777, 55.1473731995, 15.847322464], [-149.812805176, -1.22227656841, 89.7008285522, 70.1309890747, 38.6604003906, 137.493865967, 121.247299194, 225.238204956, 88.7123565674, 30.8871898651, 22.2697563171, 26.7283802032, 16.5275707245], [-247.205703735, 176.865844727, 50.5482788086, 119.234542847, 108.802848816, 62.7881011963, 92.0879745483, 88.7123565674, 259.752349854, 60.6006660461, 62.2462501526, -1.16320180893, 41.2558403015], [434.853027344, -98.8277359009, 103.629295349, 53.841583252, 23.7277889252, 93.6761703491, 0.19243991375, 30.8871898651, 60.6006660461, 182.286804199, 37.0294914246, 16.9752521515, -19.7806835175], [-161.286071777, 186.372558594, -61.1972007751, 10.6313591003, 55.3939323425, 45.0706977844, 66.0020446777, 22.2697563171, 62.2462501526, 37.0294914246, 148.662948608, 27.0253887177, 30.745464325], [43.1482849121, -166.561950684, 77.5996704102, -10.811170578, -40.3042831421, 29.8540248871, 55.1473731995, 26.7283802032, -1.16320180893, 16.9752521515, 27.0253887177, 149.071044922, 27.9214267731], [-289.764984131, 86.7490539551, -34.0738754272, 24.2707290649, -9.43738365173, -26.1969223022, 15.847322464, 16.5275707245, 41.2558403015, -19.7806835175, 30.745464325, 27.9214267731, 123.591094971]],
        "icov": [[0.00023297345615, -2.34448143601e-05, 4.50927182101e-05, -0.000104207239929, -0.000100623859908, -0.000113951231469, 6.20888458798e-05, 0.0001687399199, 0.000281812390313, -0.000629858812317, 0.000344786734786, -0.000227796146646, 0.000304016662994], [-2.34448143601e-05, 0.00140914821532, -0.000134317364427, 0.000273300567642, -0.000910120841581, 0.000432137254393, 6.13088195678e-05, -0.000102534861071, -0.000459291011794, 0.00103490054607, -0.0018987392541, 0.00168739806395, -0.00069672142854], [4.50927182101e-05, -0.000134317364427, 0.00151403516065, -0.000978101510555, -0.000173640291905, -0.000183308264241, 3.42656785506e-05, -0.000145917729242, 0.00023026598501, -0.00076392426854, 0.00124688667711, -0.00125877652317, 0.000547565869056], [-0.000104207239929, 0.000273300567642, -0.000978101510555, 0.00267762690783, -0.000383985054214, -0.000908735615667, -0.000252126745181, 0.000464542215923, -0.000875609926879, 0.000702143588569, -0.000375721341697, 0.00135002087336, -0.00129023718182], [-0.000100623859908, -0.000910120841581, -0.000173640291905, -0.000383985054214, 0.00336549291387, -0.000590080569964, -0.000870758784004, 0.000499574933201, -0.000555741367862, -8.0597201304e-05, 0.000310386560159, 0.000159121991601, 0.00066664069891], [-0.000113951231469, 0.000432137254393, -0.000183308264241, -0.000908735615667, -0.000590080569964, 0.00462581170723, -0.00051494728541, -0.00220371247269, 0.000546420225874, -0.000847154937219, -0.00154334749095, 0.000264513510047, 0.000859801890329], [6.20888458798e-05, 6.13088195678e-05, 3.42656785506e-05, -0.000252126745181, -0.000870758784004, -0.00051494728541, 0.00340970931575, -0.00107060675509, -0.000323328713421, 0.000929055851884, -0.000811383011751, -0.00122868246399, 0.000427871244028], [0.0001687399199, -0.000102534861071, -0.000145917729242, 0.000464542215923, 0.000499574933201, -0.00220371247269, -0.00107060675509, 0.00701431417838, -0.00176506605931, -0.000292656361125, 0.00112440960947, -0.000422979210271, -0.000535363331437], [0.000281812390313, -0.000459291011794, 0.00023026598501, -0.000875609926879, -0.000555741367862, 0.000546420225874, -0.000323328713421, -0.00176506605931, 0.00652110995725, -0.00291822734289, -0.000312613672577, 2.59288808593e-05, -0.00100253836717], [-0.000629858812317, 0.00103490054607, -0.00076392426854, 0.000702143588569, -8.0597201304e-05, -0.000847154937219, 0.000929055851884, -0.000292656361125, -0.00291822734289, 0.0100051602349, -0.00400379952043, 0.00111350149382, 0.000502562674228], [0.000344786734786, -0.0018987392541, 0.00124688667711, -0.000375721341697, 0.000310386560159, -0.00154334749095, -0.000811383011751, 0.00112440960947, -0.000312613672577, -0.00400379952043, 0.0125512881204, -0.00413128733635, -0.000516586238518], [-0.000227796146646, 0.00168739806395, -0.00125877652317, 0.00135002087336, 0.000159121991601, 0.000264513510047, -0.00122868246399, -0.000422979210271, 2.59288808593e-05, 0.00111350149382, -0.00413128733635, 0.0111883338541, -0.00337865296751], [0.000304016662994, -0.00069672142854, 0.000547565869056, -0.00129023718182, 0.00066664069891, 0.000859801890329, 0.000427871244028, -0.000535363331437, -0.00100253836717, 0.000502562674228, -0.000516586238518, -0.00337865296751, 0.0112541299313]]
    },
    "melbands": {
        "dmean": [0.00264797057025, 0.000907824083697, 0.000727505772375, 0.000472735293442, 0.000277351005934, 0.000160091934958, 0.000253947044257, 0.000337726960424, 0.000309565948555, 0.000230467921938, 0.000150256018969, 0.000137873372296, 0.000104087805084, 9.40212703426e-05, 0.000115191680379, 0.000105417253508, 5.93567601754e-05, 3.94727976527e-05, 2.30803234444e-05, 1.59051305673e-05, 1.10992687041e-05, 1.00967681647e-05, 4.94390178574e-06, 1.96774226424e-06, 1.84475334208e-06, 2.25874441639e-06, 2.17109163714e-06, 1.60330830568e-06, 1.86280226444e-06, 3.01189788843e-06, 2.38087818616e-06, 2.35105585489e-06, 2.0909160412e-06, 2.22093763114e-06, 1.99939108825e-06, 1.01397040453e-06, 6.98522569564e-07, 6.28313955531e-07, 7.90498233982e-07, 5.15502790677e-07],
        "dmean2": [0.0042936517857, 0.00155524583533, 0.00131474621594, 0.000833903672174, 0.000494005042128, 0.000269937881967, 0.000421041710069, 0.000557763734832, 0.000492363644298, 0.000359199213563, 0.000234101287788, 0.000216175831156, 0.000165875608218, 0.000148669583723, 0.000177387075382, 0.000163994904142, 9.33179762796e-05, 6.26000328339e-05, 3.52765564458e-05, 2.45583032665e-05, 1.7482043404e-05, 1.56740934472e-05, 7.56505005484e-06, 3.04000627693e-06, 2.83180975202e-06, 3.45927128365e-06, 3.30558918904e-06, 2.48115225077e-06, 3.14284784508e-06, 5.14835710419e-06, 3.41769623446e-06, 3.63330150321e-06, 3.06947140416e-06, 3.40770725415e-06, 3.27631596519e-06, 1.48413209899e-06, 1.01732632629e-06, 9.4889827551e-07, 1.22726714835e-06, 7.8717573615e-07],
        "dvar": [3.97510775656e-05, 3.71306964553e-06, 5.58991541766e-06, 1.83511065188e-06, 6.56988277115e-07, 1.53468647568e-07, 3.73153767441e-07, 8.56361737078e-07, 6.9593443186e-07, 3.37074737899e-07, 1.279908588e-07, 1.07901769297e-07, 1.5210498816e-07, 8.63273470486e-08, 1.32664197849e-07, 1.21877803849e-07, 3.55300358024e-08, 1.85619182247e-08, 7.53530393638e-09, 4.49468862129e-09, 1.47575751619e-09, 6.76750711026e-10, 1.70548020151e-10, 2.52542622231e-11, 2.7071329553e-11, 5.05224820313e-11, 3.92006392624e-11, 2.17187847568e-11, 4.02965508184e-11, 1.69605052225e-10, 4.49980122608e-11, 4.13523798537e-11, 4.76771504221e-11, 8.74872604917e-11, 1.62072716359e-10, 1.27535846467e-11, 7.41687353895e-12, 6.78197905821e-12, 1.31543101065e-11, 3.90288452598e-12],
        "dvar2": [0.000103017628135, 1.07145897346e-05, 1.56526075443e-05, 5.04778881805e-06, 1.86213526376e-06, 3.87357601994e-07, 9.42549092997e-07, 2.06162053473e-06, 1.63424624589e-06, 7.81594735599e-07, 2.85399579525e-07, 2.55888551237e-07, 3.87396539736e-07, 2.07295016708e-07, 2.99898886169e-07, 2.84493438585e-07, 8.70144845067e-08, 4.56025865958e-08, 1.73873857534e-08, 1.05405781881e-08, 3.55473805946e-09, 1.50594292592e-09, 3.91332882765e-10, 6.05616945482e-11, 5.94197122061e-11, 1.0742557538e-10, 8.44440975478e-11, 5.19463465298e-11, 1.13208289965e-10, 4.86155449231e-10, 8.93517621003e-11, 9.83534295673e-11, 9.16318132482e-11, 2.17090886934e-10, 4.54137005779e-10, 2.84083468555e-11, 1.76638009775e-11, 1.54636772137e-11, 2.97629733359e-11, 8.54704588354e-12],
        "max": [0.0908049196005, 0.0259092152119, 0.0237918626517, 0.0186288543046, 0.0136292520911, 0.00677867420018, 0.0122086293995, 0.0237352456897, 0.0264356397092, 0.0140308039263, 0.00779776414856, 0.00803245324641, 0.0106231393293, 0.00735746370628, 0.00815417151898, 0.00841262657195, 0.00465129967779, 0.00323714781553, 0.00262971478514, 0.00317969173193, 0.00149824772961, 0.00093360216124, 0.000405302271247, 0.000214808998862, 0.000205005402677, 0.000370177061995, 0.000194835782168, 0.000170188184711, 8.99994774954e-05, 0.000161627103807, 9.73493297352e-05, 0.000155335757881, 0.000257073057583, 0.000554487633053, 0.000985771184787, 0.000110908331408, 8.6069572717e-05, 0.000111636283691, 0.000163136937772, 8.19955384941e-05],
        "mean": [0.00451099826023, 0.00201354990713, 0.000560792977922, 0.000381257850677, 0.000260999600869, 0.000162887794431, 0.000297918188153, 0.000427259888966, 0.000401062134188, 0.000303426408209, 0.000204061769182, 0.000174276749021, 0.000116655559395, 0.000105508610432, 0.000129069740069, 0.000131050837808, 6.78324722685e-05, 4.2878833483e-05, 2.7045927709e-05, 1.90650480363e-05, 1.41723503475e-05, 1.3336444681e-05, 6.71126235829e-06, 2.70889290732e-06, 2.50598486673e-06, 3.03951105707e-06, 2.8523659239e-06, 2.14046349356e-06, 2.07104631045e-06, 3.00652936858e-06, 3.19508603752e-06, 3.1511783618e-06, 3.04783725369e-06, 3.01682371173e-06, 2.44599527832e-06, 1.49365143898e-06, 9.99230337584e-07, 8.65667345806e-07, 1.0360701026e-06, 6.97867903909e-07],
        "median": [0.00195292010903, 0.00165760377422, 4.98666922795e-05, 5.58851388632e-05, 8.07160249678e-05, 3.1558174669e-05, 8.25375827844e-05, 0.000151457410539, 0.000125535996631, 7.58758251322e-05, 7.27770093363e-05, 5.34789796802e-05, 2.10491780308e-05, 2.16787811951e-05, 1.06458437585e-05, 1.27000403154e-05, 7.99820736574e-06, 5.94180346525e-06, 4.77698267787e-06, 4.7859202823e-06, 3.66030053556e-06, 3.6915016608e-06, 1.75164177563e-06, 8.61523972162e-07, 7.54402378789e-07, 7.24965275367e-07, 5.9634066929e-07, 4.88317937197e-07, 3.67440634363e-07, 3.82194741633e-07, 4.42038270876e-07, 4.4042059244e-07, 4.06501868611e-07, 3.8242797018e-07, 2.97695294194e-07, 2.3485634415e-07, 1.50973477275e-07, 1.16227170111e-07, 1.05837344222e-07, 6.5617982159e-08],
        "min": [3.77611307022e-24, 4.59496015617e-24, 6.83932544065e-24, 9.66924166469e-24, 1.72417738737e-24, 3.92579745484e-24, 3.04551605096e-24, 7.37153597239e-24, 2.57987571608e-23, 5.09009540865e-24, 4.04127722503e-24, 1.45829584246e-23, 1.90446421085e-23, 7.63938580415e-24, 9.13295903297e-24, 4.82697558688e-24, 8.28477736539e-24, 1.10828322863e-23, 8.2909012926e-24, 1.14110086781e-23, 6.41992399052e-24, 9.10889719764e-24, 6.53161131191e-24, 4.99820376282e-24, 7.56757106278e-24, 1.03656843594e-23, 1.01678632879e-23, 1.44441678146e-23, 9.08491188181e-24, 7.4954155335e-24, 1.03472557798e-23, 1.68565533722e-23, 1.31918818932e-23, 1.34211414383e-23, 1.07246073938e-23, 8.86439370437e-24, 6.90314586561e-24, 1.1433303465e-23, 8.18717318331e-24, 1.0814718975e-23],
        "var": [4.9430243962e-05, 5.22517439094e-06, 3.49450942849e-06, 1.28294686874e-06, 4.70717509415e-07, 1.60348236022e-07, 4.14532365767e-07, 9.84521989267e-07, 8.50583489864e-07, 4.93475567964e-07, 1.78875737333e-07, 1.44020759762e-07, 1.47389457084e-07, 9.90239854559e-08, 1.73465380726e-07, 1.6534991687e-07, 4.53933282074e-08, 1.99249381438e-08, 8.89960727335e-09, 4.59202764702e-09, 1.73940439829e-09, 1.02417629932e-09, 2.46236475654e-10, 3.22979629153e-11, 3.86380580308e-11, 6.73367264725e-11, 5.51072243393e-11, 2.77396456499e-11, 3.66786254147e-11, 1.23770618754e-10, 8.0196752017e-11, 6.65162230851e-11, 8.99503735385e-11, 1.08474881855e-10, 1.27256066795e-10, 2.02193851939e-11, 1.06026732533e-11, 1.02459204315e-11, 1.9787642011e-11, 6.98937782651e-12]
    },
    "mfcc": {
        "mean": [-681.039611816, 132.806869507, 4.88325357437, -0.216106235981, -5.89965438843, 9.7009935379, -3.36700987816, 14.866394043, 10.9447059631, 10.8922662735, 7.43609571457, 6.98526859283, 5.3505525589],
        "cov": [[6280.11816406, -535.448486328, 147.953796387, 55.6896438599, 191.350631714, 435.988037109, 123.900886536, -303.065490723, -95.9570541382, -55.8118667603, 210.338745117, -23.7849254608, 45.4157409668], [-535.448486328, 1377.18359375, -364.511352539, 33.2273483276, 179.352233887, -61.965297699, 50.3366241455, 0.261336117983, 3.44960665703, 10.50776577, 56.6030845642, 53.4995155334, 52.4772567749], [147.953796387, -364.511352539, 1001.3973999, 293.613708496, 168.89515686, 215.220947266, 91.8251113892, 94.4716186523, 126.683784485, 56.526348114, 38.6880073547, 22.0533504486, 46.0805244446], [55.6896438599, 33.2273483276, 293.613708496, 533.555480957, 183.705535889, 191.629821777, 98.0164337158, 91.0042114258, 110.779304504, 78.683013916, 2.51293516159, 28.1880531311, 8.90019512177], [191.350631714, 179.352233887, 168.89515686, 183.705535889, 439.162353516, 162.391143799, 43.8845558167, 9.32524299622, 72.5522079468, 75.6074066162, 79.9788970947, 16.2887878418, 30.6093635559], [435.988037109, -61.965297699, 215.220947266, 191.629821777, 162.391143799, 353.910888672, 167.421447754, 91.9888076782, 84.3312835693, 79.1440429688, 98.2621536255, 73.4059753418, 25.3136463165], [123.900886536, 50.3366241455, 91.8251113892, 98.0164337158, 43.8845558167, 167.421447754, 317.752441406, 159.987945557, 74.3700561523, 39.691608429, 75.1495666504, 55.261341095, 33.0083618164], [-303.065490723, 0.261336117983, 94.4716186523, 91.0042114258, 9.32524299622, 91.9888076782, 159.987945557, 292.610961914, 116.623458862, 61.6083297729, 31.5858421326, 59.4495201111, 36.6127738953], [-95.9570541382, 3.44960665703, 126.683784485, 110.779304504, 72.5522079468, 84.3312835693, 74.3700561523, 116.623458862, 205.083786011, 94.0817337036, 46.1693077087, 52.1522102356, 31.8866081238], [-55.8118667603, 10.50776577, 56.526348114, 78.683013916, 75.6074066162, 79.1440429688, 39.691608429, 61.6083297729, 94.0817337036, 167.317611694, 76.0954589844, 53.5551834106, 22.9188404083], [210.338745117, 56.6030845642, 38.6880073547, 2.51293516159, 79.9788970947, 98.2621536255, 75.1495666504, 31.5858421326, 46.1693077087, 76.0954589844, 156.936660767, 72.7304000854, 37.8903770447], [-23.7849254608, 53.4995155334, 22.0533504486, 28.1880531311, 16.2887878418, 73.4059753418, 55.261341095, 59.4495201111, 52.1522102356, 53.5551834106, 72.7304000854, 137.288085938, 61.8662605286], [45.4157409668, 52.4772567749, 46.0805244446, 8.90019512177, 30.6093635559, 25.3136463165, 33.0083618164, 36.6127738953, 31.8866081238, 22.9188404083, 37.8903770447, 61.8662605286, 121.598045349]],
