{
"lowlevel": {
    "average_loudness": 0.812378466129,
    "barkbands_crest": {
        "dmean": 3.246778965,
        "dmean2": 5.45314598083,
        "dvar": 9.71219730377,
        "dvar2": 24.2271251678,
        "max": 26.4176521301,
        "mean": 11.3438014984,
        "median": 10.0895528793,
        "min": 2.29797244072,
        "var": 32.4078903198
    },
    "barkbands_flatness_db": {
        "dmean": 0.029760401696,
        "dmean2": 0.0468092486262,
        "dvar": 0.000956385454629,
        "dvar2": 0.00221296399832,
        "max": 0.61166793108,
        "mean": 0.173459097743,
        "median": 0.159591138363,
        "min": 0.0444173775613,
        "var": 0.00569057557732
    },
    "barkbands_kurtosis": {
        "dmean": 9.8685464859,
        "dmean2": 15.9084444046,
        "dvar": 723.983215332,
        "dvar2": 1888.93066406,
        "max": 475.634368896,
        "mean": 13.0192375183,
        "median": 2.57923150063,
        "min": -1.9863358736,
        "var": 1065.72473145
    },
    "barkbands_skewness": {
        "dmean": 1.04501926899,
        "dmean2": 1.61002278328,
        "dvar": 1.87714338303,
        "dvar2": 4.34258317947,
        "max": 18.3370227814,
        "mean": 2.06338334084,
        "median": 1.68981552124,
        "min": -10.4511861801,
        "var": 6.25834465027
    },
    "barkbands_spread": {
        "dmean": 9.79358482361,
        "dmean2": 15.623257637,
        "dvar": 192.770233154,
        "dvar2": 445.378814697,
        "max": 120.700042725,
        "mean": 24.2697792053,
        "median": 19.0168838501,
        "min": 0.140273749828,
        "var": 427.53314209
    },
    "dissonance": {
        "dmean": 0.0143561121076,
        "dmean2": 0.0229131765664,
        "dvar": 0.000280831154669,
        "dvar2": 0.000635570380837,
        "max": 0.500000059605,
        "mean": 0.472372710705,
        "median": 0.481149017811,
        "min": 0.316891133785,
        "var": 0.000697017530911
    },
    "dynamic_complexity": 5.5813794136,
    "erbbands_crest": {
        "dmean": 2.50589156151,
        "dmean2": 4.08441591263,
        "dvar": 6.06191110611,
        "dvar2": 15.0793581009,
        "max": 31.1743717194,
        "mean": 7.99351358414,
        "median": 7.08161783218,
        "min": 2.5043861866,
        "var": 12.5570316315
    },
    "erbbands_flatness_db": {
        "dmean": 0.0216088313609,
        "dmean2": 0.0330943651497,
        "dvar": 0.000452948937891,
        "dvar2": 0.00103459949605,
        "max": 0.374740511179,
        "mean": 0.160337731242,
        "median": 0.154945760965,
        "min": 0.0662193149328,
        "var": 0.00187561649363
    },
    "erbbands_kurtosis": {
        "dmean": 1.37202680111,
        "dmean2": 2.18784880638,
        "dvar": 8.93797206879,
        "dvar2": 19.4487724304,
        "max": 70.8812103271,
        "mean": 1.08177506924,
        "median": -0.241717934608,
        "min": -1.87146914005,
        "var": 30.8648548126
    },
    "erbbands_skewness": {
        "dmean": 0.513124585152,
        "dmean2": 0.782086968422,
        "dvar": 0.365270465612,
        "dvar2": 0.745799601078,
        "max": 5.95272493362,
        "mean": -0.028867719695,
        "median": 0.0261755771935,
        "min": -7.10374116898,
        "var": 1.30072760582
    },
    "erbbands_spread": {
        "dmean": 12.6474914551,
        "dmean2": 19.8769283295,
        "dvar": 230.771682739,
        "dvar2": 586.373474121,
        "max": 162.382675171,
        "mean": 45.247505188,
        "median": 41.4358825684,
        "min": 2.07527017593,
        "var": 549.994018555
    },
    "hfc": {
        "dmean": 9.60576343536,
        "dmean2": 13.8496685028,
        "dvar": 357.285797119,
        "dvar2": 745.253417969,
        "max": 315.491424561,
        "mean": 14.7838487625,
        "median": 5.07128095627,
        "min": 1.10015815563e-16,
        "var": 675.036193848
    },
    "melbands_crest": {
        "dmean": 3.379144907,
        "dmean2": 5.52244567871,
        "dvar": 9.3152256012,
        "dvar2": 23.4587345123,
        "max": 31.770362854,
        "mean": 14.5870056152,
        "median": 14.539390564,
        "min": 1.82128787041,
        "var": 33.1902694702
    },
    "melbands_flatness_db": {
        "dmean": 0.0393826514482,
        "dmean2": 0.0594394467771,
        "dvar": 0.00172506575473,
        "dvar2": 0.00372630939819,
        "max": 0.766160011292,
        "mean": 0.220723941922,
        "median": 0.216475382447,
        "min": 0.00410127360374,
        "var": 0.0123927947134
    },
    "melbands_kurtosis": {
        "dmean": 20.6087017059,
        "dmean2": 32.8317070007,
        "dvar": 1685.19482422,
        "dvar2": 3958.8972168,
        "max": 792.405212402,
        "mean": 32.6339797974,
        "median": 11.7777013779,
        "min": -1.95121538639,
        "var": 3348.03417969
    },
    "melbands_skewness": {
        "dmean": 1.28647792339,
        "dmean2": 2.00779747963,
        "dvar": 2.33395624161,
        "dvar2": 5.4533905983,
        "max": 20.5219192505,
        "mean": 3.614174366,
        "median": 3.03769159317,
        "min": -3.62573027611,
        "var": 8.66397190094
    },
    "melbands_spread": {
        "dmean": 13.9370365143,
        "dmean2": 21.929523468,
        "dvar": 645.854125977,
        "dvar2": 1479.02514648,
        "max": 315.820648193,
        "mean": 31.8147449493,
        "median": 16.7018470764,
        "min": 0.301788985729,
        "var": 1493.68408203
    },
    "pitch_salience": {
        "dmean": 0.09195125103,
        "dmean2": 0.153043538332,
        "dvar": 0.00731041748077,
        "dvar2": 0.0198696535081,
        "max": 0.94865500927,
        "mean": 0.540538132191,
        "median": 0.557908535004,
        "min": 0.0466157719493,
        "var": 0.0229106061161
    },
    "silence_rate_20dB": {
        "dmean": 0,
        "dmean2": 0,
        "dvar": 0,
        "dvar2": 0,
        "max": 1,
        "mean": 1,
        "median": 1,
        "min": 1,
        "var": 0
    },
    "silence_rate_30dB": {
        "dmean": 0.00541328359395,
        "dmean2": 0.0108288209885,
        "dvar": 0.00538374716416,
        "dvar2": 0.015708906576,
        "max": 1,
        "mean": 0.996877610683,
        "median": 1,
        "min": 0,
        "var": 0.00311252032407
    },
    "silence_rate_60dB": {
        "dmean": 0.0428898595273,
        "dmean2": 0.085797585547,
        "dvar": 0.0410520620644,
        "dvar2": 0.0884282514453,
        "max": 1,
        "mean": 0.222522899508,
        "median": 0,
        "min": 0,
        "var": 0.173001781106
    },
    "spectral_centroid": {
        "dmean": 431.499511719,
        "dmean2": 653.948364258,
        "dvar": 327762.28125,
        "dvar2": 663455.75,
        "max": 11373.0322266,
        "mean": 1695.25964355,
        "median": 1406.57019043,
        "min": 91.9082183838,
        "var": 1378101.375
    },
    "spectral_complexity": {
        "dmean": 4.99146366119,
        "dmean2": 7.02082443237,
        "dvar": 48.0278358459,
        "dvar2": 79.7629470825,
        "max": 61,
        "mean": 11.8773937225,
        "median": 8,
        "min": 0,
        "var": 151.590362549
    },
    "spectral_decrease": {
        "dmean": 2.56221044381e-09,
        "dmean2": 4.18301659977e-09,
        "dvar": 2.34152729148e-17,
        "dvar2": 6.34000455251e-17,
        "max": 2.11214107067e-20,
        "mean": -4.38141789516e-09,
        "median": -2.66659183623e-09,
        "min": -7.22714688095e-08,
        "var": 3.10382253329e-17
    },
    "spectral_energy": {
        "dmean": 0.0103081287816,
        "dmean2": 0.0166541840881,
        "dvar": 0.000354455842171,
        "dvar2": 0.000954655115493,
        "max": 0.280877888203,
        "mean": 0.0178774166852,
        "median": 0.0112012606114,
        "min": 1.04512291302e-20,
        "var": 0.000479971087771
    },
    "spectral_energyband_high": {
        "dmean": 0.000692139554303,
        "dmean2": 0.00103755819146,
        "dvar": 2.93512107419e-06,
        "dvar2": 6.02119689574e-06,
        "max": 0.0362227447331,
        "mean": 0.000944048864767,
        "median": 0.000110500084702,
        "min": 7.46704501563e-21,
        "var": 5.28035297975e-06
    },
    "spectral_energyband_low": {
        "dmean": 0.00646119983867,
        "dmean2": 0.011003962718,
        "dvar": 0.000195649132365,
        "dvar2": 0.000529546116013,
        "max": 0.25525534153,
        "mean": 0.00984734855592,
        "median": 0.00369767774828,
        "min": 4.84905320038e-23,
        "var": 0.00026677644928
    },
    "spectral_energyband_middle_high": {
        "dmean": 0.00187610439025,
        "dmean2": 0.00261018821038,
        "dvar": 1.98318484763e-05,
        "dvar2": 4.16923539888e-05,
        "max": 0.0790425539017,
        "mean": 0.00266114086844,
        "median": 0.000643467064947,
        "min": 1.39429723591e-21,
        "var": 3.19698665407e-05
    },
    "spectral_energyband_middle_low": {
        "dmean": 0.00406963052228,
        "dmean2": 0.00679578399286,
        "dvar": 0.000126536004245,
        "dvar2": 0.000354662246536,
        "max": 0.134468838573,
        "mean": 0.00526603450999,
        "median": 0.00211639609188,
        "min": 2.06625869899e-22,
        "var": 9.42633269005e-05
    },
    "spectral_entropy": {
        "dmean": 0.207849740982,
        "dmean2": 0.31286033988,
        "dvar": 0.049368776381,
        "dvar2": 0.109443813562,
        "max": 9.81351852417,
        "mean": 7.55684709549,
        "median": 7.56557750702,
        "min": 4.31006574631,
        "var": 0.295916557312
    },
    "spectral_flux": {
        "dmean": 0.0275518074632,
        "dmean2": 0.0426476337016,
        "dvar": 0.00151189672761,
        "dvar2": 0.00326342368498,
        "max": 0.428944379091,
        "mean": 0.0716908350587,
        "median": 0.0610344260931,
        "min": 6.65195398764e-11,
        "var": 0.00352031248622
    },
    "spectral_kurtosis": {
        "dmean": 1.86982405186,
        "dmean2": 3.1342048645,
        "dvar": 4.24512910843,
        "dvar2": 12.3868646622,
        "max": 78.5077438354,
        "mean": 4.22408246994,
        "median": 3.41589236259,
        "min": -1.67202186584,
        "var": 24.5266723633
    },
    "spectral_rms": {
        "dmean": 0.000997071270831,
        "dmean2": 0.00153858459089,
        "dvar": 1.78925392902e-06,
        "dvar2": 4.63229980596e-06,
        "max": 0.0165537670255,
        "mean": 0.00350593356416,
        "median": 0.0033057613764,
        "min": 3.19316795228e-12,
        "var": 5.14982730238e-06
    },
    "spectral_rolloff": {
        "dmean": 834.699951172,
        "dmean2": 1407.76745605,
        "dvar": 2617559.25,
        "dvar2": 5952716.5,
        "max": 19659.8144531,
        "mean": 1967.65783691,
        "median": 775.1953125,
        "min": 64.599609375,
        "var": 6220123
    },
    "spectral_skewness": {
        "dmean": 0.291544735432,
        "dmean2": 0.460671961308,
        "dvar": 0.0815898105502,
        "dvar2": 0.203358009458,
        "max": 7.61213302612,
        "mean": 1.34209799767,
        "median": 1.24832248688,
        "min": -0.652246236801,
        "var": 0.459042221308
    },
    "spectral_spread": {
        "dmean": 900677.3125,
        "dmean2": 1370819.625,
        "dvar": 1.70321693901e+12,
        "dvar2": 3.29122840576e+12,
        "max": 41917260,
        "mean": 4460742,
        "median": 3853103,
        "min": 1262071.875,
        "var": 6.67998538957e+12
    },
    "spectral_strongpeak": {
        "dmean": 0.299119144678,
        "dmean2": 0.499505519867,
        "dvar": 0.500306129456,
        "dvar2": 1.25057137012,
        "max": 16.3266620636,
        "mean": 0.424979716539,
        "median": 0.22311617434,
        "min": 0,
        "var": 0.583633720875
    },
    "zerocrossingrate": {
        "dmean": 0.0169126465917,
        "dmean2": 0.0187282599509,
        "dvar": 0.00058520847233,
        "dvar2": 0.000624700856861,
        "max": 0.515625,
        "mean": 0.0680929720402,
        "median": 0.044921875,
        "min": 0.0029296875,
        "var": 0.00416976213455
    },
    "barkbands": {
        "dmean": [5.79549741815e-05, 0.00488910218701, 0.00203865300864, 0.00178240833338, 0.00132555933669, 0.000607107533142, 0.000554966565687, 0.000362775987014, 0.000312370917527, 0.000264824455371, 0.000136753587867, 0.000203947507543, 0.000186654375284, 0.00010648866737, 0.000120171564049, 0.000175276232767, 0.000287743634544, 0.000323450862197, 0.00035199985723, 0.000243382921326, 0.000155570480274, 8.20864443085e-05, 7.89156038081e-05, 0.000225729803788, 0.000112276458822, 1.08578751679e-05, 7.47034656357e-10],
        "dmean2": [0.000101679746876, 0.00847172643989, 0.00345779419877, 0.00329780718312, 0.00220757769421, 0.000959109573159, 0.00089099566685, 0.000588271883316, 0.000483479670947, 0.000403434503824, 0.000209535995964, 0.00031660796958, 0.000290079944534, 0.000168467740878, 0.00019579725631, 0.000270315125817, 0.000458754977444, 0.000492397579364, 0.000521934300195, 0.000359121477231, 0.000237285072217, 0.000126292696223, 0.000125072372612, 0.000356678647222, 0.000183407391887, 1.82829735422e-05, 1.38566425001e-09],
        "dvar": [1.10315792057e-08, 0.000131370543386, 2.5126930268e-05, 6.98066651239e-05, 1.0318155546e-05, 1.75179445705e-06, 2.83360168396e-06, 1.06124639387e-06, 7.1979184213e-07, 1.84599377917e-06, 1.60129104643e-07, 5.17574733294e-07, 5.37127220923e-07, 9.00587124875e-08, 9.97635609679e-08, 2.04443267648e-07, 4.41530517037e-07, 8.24557957912e-07, 1.12854456802e-06, 5.33526304025e-07, 1.24981553995e-07, 3.34325740425e-08, 3.08508099067e-08, 1.15515138077e-06, 2.07458114687e-07, 7.44435513234e-10, 1.70840393305e-18],
        "dvar2": [3.29464455717e-08, 0.000366393302102, 6.92569446983e-05, 0.000201819348149, 2.78883726423e-05, 3.95274946641e-06, 6.66049709253e-06, 2.60842057287e-06, 1.54090150772e-06, 4.409221674e-06, 3.4571533547e-07, 1.13082762709e-06, 1.19911442198e-06, 1.88722211192e-07, 2.27239127071e-07, 4.09327469697e-07, 1.08465053472e-06, 1.94703648049e-06, 2.1389412268e-06, 1.24122448142e-06, 2.53918727822e-07, 7.17432300235e-08, 6.73130742257e-08, 2.39475207309e-06, 5.1230142617e-07, 1.93927052194e-09, 5.42125322635e-18],
        "max": [0.00135641242377, 0.231804043055, 0.071637108922, 0.10100197047, 0.0507343411446, 0.0226760227233, 0.0297444146127, 0.0128450151533, 0.0154412370175, 0.0476289168, 0.0106824198738, 0.0185732133687, 0.0148355951533, 0.00961579568684, 0.00496170436963, 0.00835481379181, 0.00927744619548, 0.00855135545135, 0.0136109339073, 0.0109839262441, 0.00369392009452, 0.00220556533895, 0.00287570338696, 0.0280786789954, 0.0140745192766, 0.000348895788193, 1.60057016529e-08],
        "mean": [6.97546711308e-05, 0.00656675174832, 0.00243688537739, 0.00138919311576, 0.00160532107111, 0.000757869333029, 0.000572068791371, 0.000408744090237, 0.000413161760662, 0.00033086061012, 0.000172065352672, 0.000242977635935, 0.000218745975872, 0.000122218829347, 0.000130780070322, 0.000223191949772, 0.000337683130056, 0.000366795109585, 0.000422626064392, 0.000286415452138, 0.000191159837414, 0.00010415413999, 0.000101879762951, 0.000273944286164, 0.000120394171972, 1.17552981465e-05, 6.54662157817e-10],
        "median": [2.12826125789e-05, 0.00170032074675, 0.000977907446213, 0.000271758646704, 0.00062497361796, 0.000189808648429, 7.17121802154e-05, 4.55213303212e-05, 7.14962516213e-05, 5.44686190551e-05, 3.01991167362e-05, 2.57955616689e-05, 2.88085848297e-05, 1.9825552954e-05, 2.24984542001e-05, 3.73911825591e-05, 4.84284901177e-05, 4.61555973743e-05, 5.81391977903e-05, 4.08171181334e-05, 1.87626592378e-05, 8.6905729404e-06, 1.07426776594e-05, 1.07908681457e-05, 3.35661434292e-06, 4.82052541884e-07, 2.18837947763e-10],
        "min": [5.1458710301e-24, 3.84443631323e-24, 3.97049628588e-24, 2.64641061141e-24, 2.92542061616e-23, 4.54771212112e-24, 2.5603932183e-23, 3.22125576185e-23, 2.64636659297e-23, 3.46564266148e-23, 2.63720286915e-23, 3.08310539142e-23, 4.81941285627e-23, 6.34281402032e-23, 3.62595276583e-23, 1.16538610855e-22, 6.31836942968e-23, 1.37040537802e-22, 2.08417934684e-22, 1.8216387383e-22, 3.13771255209e-22, 4.06834880137e-22, 5.04922526668e-22, 5.16199173402e-22, 1.06313983976e-21, 1.37507084025e-21, 1.90638595175e-21],
        "var": [1.38447724396e-08, 0.000158046328579, 2.26176798606e-05, 4.04332749895e-05, 9.06768036657e-06, 2.32638126363e-06, 2.97856740872e-06, 1.19246487884e-06, 1.08644974262e-06, 2.21333311856e-06, 2.71688094244e-07, 7.69370728904e-07, 7.06294372321e-07, 1.37110433229e-07, 1.248205308e-07, 2.99087844269e-07, 5.61638273666e-07, 1.00862075669e-06, 1.61273271715e-06, 6.37740640741e-07, 2.06687843729e-07, 6.0605998442e-08, 5.48398730871e-08, 1.81762106877e-06, 2.24123169801e-07, 1.00137176329e-09, 1.33719401867e-18]
    },
    "erbbands": {
        "dmean": [0.113819904625, 1.21779954433, 2.21035003662, 4.41061782837, 4.93224430084, 4.84399700165, 3.66336154938, 6.10647296906, 7.51546239853, 8.93975448608, 6.97325134277, 6.93762779236, 8.64626693726, 6.26097249985, 5.82352113724, 8.54045677185, 8.44206142426, 4.92545318604, 5.98274278641, 7.21370601654, 10.6098203659, 15.9667167664, 17.5323162079, 19.0715751648, 14.4901561737, 11.1526098251, 8.85849571228, 4.24343442917, 2.98154711723, 3.0262401104, 2.06433415413, 3.51375675201, 4.16533041, 1.9329957962, 0.502459526062, 0.0946656614542, 0.0115992370993, 0.000550799712073, 2.49326931225e-05, 1.46038046296e-05],
        "dmean2": [0.196240484715, 2.10507249832, 3.6940536499, 7.9878282547, 8.88889980316, 7.83339548111, 6.01438808441, 9.55056095123, 12.0623693466, 14.3845710754, 10.8767347336, 10.7569961548, 13.646396637, 9.25283622742, 8.86127662659, 13.0591602325, 12.6654272079, 7.50870323181, 9.54612922668, 10.8690328598, 16.1783370972, 25.2437934875, 27.2579555511, 27.5818481445, 21.4776668549, 16.6336555481, 13.658200264, 6.26956892014, 4.46177959442, 4.9723982811, 3.20189452171, 5.67430448532, 6.46618700027, 3.13097333908, 0.843674778938, 0.160924687982, 0.0189039371908, 0.000880961015355, 3.93844966311e-05, 2.30778405239e-05],
        "dvar": [0.0669974386692, 8.08918380737, 28.2205104828, 321.880065918, 441.606506348, 108.907409668, 81.6088104248, 179.268463135, 536.524597168, 713.769226074, 333.291656494, 378.995910645, 1762.8963623, 535.200744629, 290.063903809, 1012.16992188, 1100.46728516, 162.9090271, 275.84463501, 301.095550537, 747.440368652, 1341.02563477, 2275.66821289, 3352.74902344, 1437.69018555, 1243.94152832, 395.866943359, 104.210800171, 47.9479522705, 44.9161491394, 26.1206798553, 276.84942627, 402.231170654, 79.3631744385, 1.97908473015, 0.0569852888584, 0.00102125143167, 2.00880322154e-06, 3.18998671922e-09, 5.88201265472e-10],
        "dvar2": [0.187417909503, 22.6051750183, 74.9557189941, 934.338928223, 1256.04980469, 277.089263916, 203.740524292, 385.866668701, 1262.78063965, 1623.43481445, 777.475585938, 855.499755859, 4500.14990234, 1063.1817627, 621.251037598, 2220.22241211, 2332.74145508, 306.988800049, 639.025512695, 609.56427002, 1662.54882812, 3164.48291016, 5534.98730469, 6594.64990234, 2830.75097656, 3046.07348633, 791.538208008, 218.358352661, 99.6583175659, 114.473548889, 51.0508155823, 601.801147461, 802.311401367, 191.647186279, 4.80880069733, 0.149092391133, 0.00256020831876, 4.62748857899e-06, 6.9760508481e-09, 1.48233680886e-09],
        "max": [3.53002262115, 60.2974357605, 101.946372986, 217.698883057, 258.583496094, 189.99571228, 189.505767822, 175.286315918, 375.147399902, 444.12588501, 270.333770752, 324.611999512, 1391.77734375, 566.816589355, 500.920257568, 862.519226074, 771.630004883, 332.652618408, 333.676330566, 283.800201416, 532.620056152, 463.816375732, 465.080688477, 657.553405762, 448.69140625, 490.269226074, 200.000015259, 138.859283447, 97.483795166, 59.7408561707, 107.66583252, 447.939178467, 476.263122559, 266.66204834, 28.0824584961, 3.02081918716, 0.705990612507, 0.0357495807111, 0.00121584441513, 0.000326028704876],
        "mean": [0.164226308465, 1.56467604637, 2.89476656914, 4.10556459427, 4.55926179886, 6.07860136032, 4.41569137573, 7.49722719193, 7.70663928986, 9.75785160065, 8.82363700867, 9.13461875916, 10.8422021866, 8.73345661163, 7.69671010971, 10.4263620377, 10.3727874756, 6.20510292053, 6.59625101089, 8.87696075439, 13.2377901077, 19.3381404877, 19.4717731476, 22.3782939911, 17.8567695618, 13.0927248001, 10.733379364, 5.30608654022, 3.89631724358, 3.37194919586, 2.75338339806, 4.35180139542, 5.00848245621, 2.08532238007, 0.538133859634, 0.101346194744, 0.012897497043, 0.000627597037237, 3.51571470674e-05, 2.54557271546e-05],
        "median": [0.0288422852755, 0.455150127411, 1.28325033188, 1.34474492073, 1.41007447243, 2.01877069473, 1.44753146172, 1.51386082172, 1.0496673584, 1.30140554905, 1.18954944611, 1.39995789528, 2.26288127899, 1.36197578907, 1.01335847378, 1.0245320797, 1.33841180801, 1.02611279488, 1.22614741325, 1.43617105484, 2.41160535812, 2.90285563469, 2.81367397308, 2.76789999008, 2.69915533066, 1.93174242973, 1.31158828735, 0.448701262474, 0.309349894524, 0.362970769405, 0.279749184847, 0.233461499214, 0.160205766559, 0.0544454753399, 0.0143894217908, 0.00350628374144, 0.000673898728564, 3.97481453547e-05, 1.05431263364e-05, 1.57624199346e-05],
        "min": [1.47658391016e-22, 1.27995264287e-21, 1.06353155906e-20, 1.47615695592e-20, 6.86211264716e-20, 7.13978554656e-20, 5.4878522258e-20, 5.07341244381e-20, 1.48350164121e-19, 7.87730404586e-19, 6.32280368322e-19, 5.16333479584e-19, 1.0498087264e-18, 9.0297351772e-19, 1.96219111339e-18, 1.65694554413e-18, 2.24005700438e-18, 3.15773779339e-18, 2.34048562293e-18, 3.46136291583e-18, 5.32436845633e-18, 4.9413503319e-18, 6.90571941185e-18, 1.00281330776e-17, 8.42947998517e-18, 1.01760048469e-17, 1.06608799241e-17, 1.43465626415e-17, 1.38663520358e-17, 1.231544629e-17, 1.50724103203e-17, 1.2235940171e-17, 8.37943969402e-18, 1.11511771701e-17, 7.35262896679e-18, 4.32598461804e-18, 2.68166267723e-18, 1.0967027327e-18, 2.51491599044e-19, 2.73334337094e-20],
        "var": [0.0979253649712, 9.17004203796, 28.7674922943, 194.726608276, 269.245880127, 124.545043945, 87.2515106201, 251.508636475, 541.844116211, 833.873168945, 461.375732422, 545.848144531, 1861.64196777, 995.453918457, 504.257019043, 1494.59484863, 1567.24975586, 294.34173584, 316.124084473, 458.766906738, 998.159423828, 1810.16345215, 2583.54223633, 4787.10693359, 2149.01831055, 1380.57946777, 624.895568848, 172.084365845, 91.1714477539, 52.2867126465, 51.138671875, 404.091766357, 649.252319336, 89.6472244263, 2.50287628174, 0.0739430338144, 0.00129359588027, 3.13739656121e-06, 5.54181411871e-09, 9.48516820642e-10]
    },
    "gfcc": {
        "mean": [-86.2091217041, 95.5942764282, -117.170898438, 60.1577835083, -55.9630050659, 16.2454624176, -35.5823707581, 13.9875946045, -23.5546512604, -5.84824466705, -9.21947669983, -6.58309745789, -4.84509468079],
        "cov": [[17106.984375, -7.44825649261, 719.95123291, 631.748779297, -110.25453949, 272.755279541, -594.538269043, 1063.640625, 44.5681800842, 587.602111816, 259.769897461, 305.609527588, -83.0347213745], [-7.44825649261, 2186.96630859, 426.677764893, -256.762817383, 435.193725586, -244.582397461, 388.167419434, -13.8854675293, 264.514801025, -90.6449813843, 177.556945801, -63.9297332764, 90.3712539673], [719.95123291, 426.677764893, 1810.35876465, 210.721679688, 439.386413574, 230.812225342, 81.4469223022, 314.956237793, 121.535629272, 131.401580811, 83.966758728, 56.6550140381, 35.3475189209], [631.748779297, -256.762817383, 210.721679688, 550.508544922, 165.038879395, 6.29608058929, -51.3659629822, -16.0741424561, 8.20509529114, 31.1690387726, 0.451969563961, 11.799071312, 54.8371925354], [-110.25453949, 435.193725586, 439.386413574, 165.038879395, 427.13961792, 24.176115036, 123.338684082, 28.9374732971, 86.2216415405, 32.8629379272, 32.7055244446, 9.92752361298, 39.2558021545], [272.755279541, -244.582397461, 230.812225342, 6.29608058929, 24.176115036, 271.509216309, 61.9289131165, 81.7515411377, -28.7800292969, 27.7021980286, -32.7812614441, 1.84613275528, -24.5741500854], [-594.538269043, 388.167419434, 81.4469223022, -51.3659629822, 123.338684082, 61.9289131165, 377.148376465, -10.4888505936, 38.006893158, -19.2008018494, -31.3976325989, 5.45768737793, 12.3347272873], [1063.640625, -13.8854675293, 314.956237793, -16.0741424561, 28.9374732971, 81.7515411377, -10.4888505936, 224.985992432, 45.9183998108, 83.7594833374, 30.120098114, 38.4831085205, -5.85993385315], [44.5681800842, 264.514801025, 121.535629272, 8.20509529114, 86.2216415405, -28.7800292969, 38.006893158, 45.9183998108, 144.99067688, 32.7394599915, 55.8624038696, -5.81995630264, 30.8267784119], [587.602111816, -90.6449813843, 131.401580811, 31.1690387726, 32.8629379272, 27.7021980286, -19.2008018494, 83.7594833374, 32.7394599915, 148.492950439, 11.2461690903, 53.2715911865, -8.95414447784], [259.769897461, 177.556945801, 83.966758728, 0.451969563961, 32.7055244446, -32.7812614441, -31.3976325989, 30.120098114, 55.8624038696, 11.2461690903, 126.394638062, 5.96041965485, 20.1890583038], [305.609527588, -63.9297332764, 56.6550140381, 11.799071312, 9.92752361298, 1.84613275528, 5.45768737793, 38.4831085205, -5.81995630264, 53.2715911865, 5.96041965485, 94.7734298706, 8.76945495605], [-83.0347213745, 90.3712539673, 35.3475189209, 54.8371925354, 39.2558021545, -24.5741500854, 12.3347272873, -5.85993385315, 30.8267784119, -8.95414447784, 20.1890583038, 8.76945495605, 77.788772583]],
        "icov": [[0.000162237265613, -0.000356590404408, 0.000190213031601, -0.000511145160999, 0.000301896187011, -0.000387822510675, 0.000392582966015, -0.000862871238496, 0.000379430392059, -0.000322354171658, -5.50903814656e-06, -0.0003339931136, 0.000310839619488], [-0.000356590404408, 0.00237175310031, -0.000751261832193, 0.00220852391794, -0.00185294949915, 0.00258112582378, -0.00215461757034, 0.00189548602793, -0.00166264595464, 0.00141719006933, -0.00123109226115, 0.00170889811125, -0.00116774474736], [0.000190213031601, -0.000751261832193, 0.00137556344271, -0.000970031775068, -0.000349940703018, -0.00136653007939, 0.000828850781545, -0.00220509944484, 0.000640898651909, -0.00041711772792, -5.19624118169e-05, -0.000667769578286, 0.000368711334886], [-0.000511145160999, 0.00220852391794, -0.000970031775068, 0.00480062467977, -0.00273167085834, 0.00221333070658, -0.00138357316609, 0.00335516943596, -0.00128156249411, 0.00080922601046, -0.000399333483074, 0.00185052677989, -0.00300886994228], [0.000301896187011, -0.00185294949915, -0.000349940703018, -0.00273167085834, 0.00577563419938, -0.0017466439167, 0.000447704282124, -0.000590389361605, -0.000111214554636, -0.00150953815319, 0.000641885504592, -0.00130654522218, 0.000828743271995], [-0.000387822510675, 0.00258112582378, -0.00136653007939, 0.00221333070658, -0.0017466439167, 0.00815382413566, -0.00346602848731, 0.000298768980429, 0.00011358109623, 0.000942986749578, -0.00050090404693, 0.00318908412009, -0.000488511053845], [0.000392582966015, -0.00215461757034, 0.000828850781545, -0.00138357316609, 0.000447704282124, -0.00346602848731, 0.00569159304723, -0.00150147022214, 8.54082027217e-05, -0.000343280349625, 0.0024277663324, -0.0027678955812, 0.000792999635451], [-0.000862871238496, 0.00189548602793, -0.00220509944484, 0.00335516943596, -0.000590389361605, 0.000298768980429, -0.00150147022214, 0.0130468765274, -0.00420040497556, -0.000814484606963, -0.000579766754527, 0.000150778447278, -0.00116883323062], [0.000379430392059, -0.00166264595464, 0.000640898651909, -0.00128156249411, -0.000111214554636, 0.00011358109623, 8.54082027217e-05, -0.00420040497556, 0.0136383613572, -0.00440684054047, -0.00312335416675, 0.00290396716446, -0.00271788658574], [-0.000322354171658, 0.00141719006933, -0.00041711772792, 0.00080922601046, -0.00150953815319, 0.000942986749578, -0.000343280349625, -0.000814484606963, -0.00440684054047, 0.0124845104292, 0.000387542590033, -0.00489244377241, 0.00231573241763], [-5.50903814656e-06, -0.00123109226115, -5.19624118169e-05, -0.000399333483074, 0.000641885504592, -0.00050090404693, 0.0024277663324, -0.000579766754527, -0.00312335416675, 0.000387542590033, 0.0116797955707, -0.00177034363151, -0.000730739731807], [-0.0003339931136, 0.00170889811125, -0.000667769578286, 0.00185052677989, -0.00130654522218, 0.00318908412009, -0.0027678955812, 0.000150778447278, 0.00290396716446, -0.00489244377241, -0.00177034363151, 0.0165649279952, -0.0043478012085], [0.000310839619488, -0.00116774474736, 0.000368711334886, -0.00300886994228, 0.000828743271995, -0.000488511053845, 0.000792999635451, -0.00116883323062, -0.00271788658574, 0.00231573241763, -0.000730739731807, -0.0043478012085, 0.0177344027907]]
    },
    "melbands": {
        "dmean": [0.0012460850412, 0.00123078003526, 0.000790790014435, 0.000322558160406, 0.000153662258526, 0.000132304718136, 0.000115434464533, 9.4360584626e-05, 5.54185207875e-05, 4.41701959062e-05, 4.37231356045e-05, 2.61422246695e-05, 1.83659049071e-05, 2.21384543693e-05, 2.49869663094e-05, 1.48912640725e-05, 9.2759855761e-06, 9.92207424133e-06, 9.8707705547e-06, 1.16809314932e-05, 1.30595844894e-05, 1.61322695931e-05, 1.75819295691e-05, 1.6478010366e-05, 1.58399870998e-05, 1.30789221657e-05, 9.40082827583e-06, 7.08661809767e-06, 6.3592974584e-06, 3.54559597326e-06, 2.3179541131e-06, 1.69912209458e-06, 1.78286722985e-06, 1.71080739619e-06, 1.21691880395e-06, 1.25888436742e-06, 2.65393714471e-06, 3.23312133332e-06, 2.29970373766e-06, 1.50301161739e-06],
        "dmean2": [0.00216048699804, 0.00207969686016, 0.00143527449109, 0.00054836331401, 0.000249460950727, 0.000207234043046, 0.000184455173439, 0.00015286677808, 8.65991169121e-05, 6.86495404807e-05, 6.89390508342e-05, 3.94113303628e-05, 2.78941733995e-05, 3.47339446307e-05, 3.75673844246e-05, 2.28995868383e-05, 1.44226951306e-05, 1.58497441589e-05, 1.60661038535e-05, 1.76369139808e-05, 2.03262370633e-05, 2.58633335761e-05, 2.8335432944e-05, 2.57502415479e-05, 2.2710135454e-05, 2.01327748073e-05, 1.42329963637e-05, 1.10085456981e-05, 9.93616595224e-06, 5.52155597688e-06, 3.40354336004e-06, 2.54998462879e-06, 2.86310319098e-06, 2.85874034489e-06, 1.90948367162e-06, 1.97660324375e-06, 4.33704281022e-06, 5.09884512212e-06, 3.60498870577e-06, 2.51282085628e-06],
        "dvar": [8.41309156385e-06, 7.73140163801e-06, 1.1113794244e-05, 8.2947002511e-07, 1.3235795393e-07, 8.51288035619e-08, 1.19526575304e-07, 7.66530590113e-08, 2.16501927497e-08, 1.52386139263e-08, 4.64145877288e-08, 1.07907753844e-08, 2.83908940801e-09, 4.90377694007e-09, 1.28628823148e-08, 2.46141484972e-09, 6.30530738732e-10, 8.55512327647e-10, 6.81297629423e-10, 8.71309246975e-10, 1.18632537127e-09, 1.41552880528e-09, 1.83050496982e-09, 2.87657231368e-09, 2.41158648606e-09, 1.42631906286e-09, 7.98934474133e-10, 5.32374200279e-10, 2.03363173523e-10, 7.54584381091e-11, 2.90083547461e-11, 1.54417867382e-11, 1.70488293622e-11, 1.45238456678e-11, 8.51273218583e-12, 1.6298434824e-11, 1.89934595829e-10, 2.63702143455e-10, 1.22867452323e-10, 4.72217681624e-11],
        "dvar2": [2.37497151829e-05, 2.01809416467e-05, 3.21180705214e-05, 2.29456463785e-06, 3.31463695602e-07, 1.83899288686e-07, 2.81996534568e-07, 1.77507473609e-07, 4.92036278388e-08, 3.35571037624e-08, 1.17546150591e-07, 2.18948272845e-08, 5.96622173887e-09, 1.11834586036e-08, 2.74018141511e-08, 5.34651833917e-09, 1.24387922185e-09, 1.9903130255e-09, 1.57186674787e-09, 1.76103709393e-09, 2.82476086966e-09, 3.36450645122e-09, 4.49026327232e-09, 7.30109173119e-09, 4.66116212294e-09, 2.83897372277e-09, 1.8736394658e-09, 1.331622701e-09, 4.16290807381e-10, 1.63685620613e-10, 6.23359350249e-11, 3.17006351724e-11, 4.2060924188e-11, 3.7671959302e-11, 1.72367762424e-11, 3.36081232288e-11, 4.29465935037e-10, 5.36112487737e-10, 2.74838013459e-10, 1.18623805223e-10],
        "max": [0.0505701377988, 0.058877825737, 0.0396644100547, 0.0143044656143, 0.00646087247878, 0.00389165105298, 0.00554512487724, 0.00439658993855, 0.00227501103655, 0.00247889291495, 0.00732259219512, 0.00276314374059, 0.00136997923255, 0.00197693821974, 0.00313244643621, 0.00103220914025, 0.000631239381619, 0.000739199458621, 0.000397692929255, 0.000404756137868, 0.000642356229946, 0.000492485763971, 0.000625091546681, 0.000591915391851, 0.000596069556195, 0.000503690273035, 0.00045196589781, 0.000339139660355, 0.000143379584188, 9.45601859712e-05, 7.641659613e-05, 5.75993435632e-05, 3.81592653866e-05, 3.62221690011e-05, 6.38788915239e-05, 8.71541851666e-05, 0.000383938167943, 0.000410734821344, 0.000185644850717, 0.000223014649237],
        "mean": [0.00170682650059, 0.00176605337765, 0.000737720227335, 0.000372959853848, 0.000189122001757, 0.000162360622198, 0.000120231474284, 0.000104280370579, 7.06811988493e-05, 5.75806225243e-05, 5.38911117474e-05, 3.58088145731e-05, 2.38989050558e-05, 2.69241936621e-05, 2.87442617264e-05, 1.7829661374e-05, 1.09964212243e-05, 1.04537521111e-05, 1.07445348476e-05, 1.40333640957e-05, 1.55556099344e-05, 1.93975483853e-05, 1.96573819267e-05, 1.73269472725e-05, 1.83484244189e-05, 1.56934111146e-05, 1.07616178866e-05, 8.14682698547e-06, 7.51629113438e-06, 4.07021752835e-06, 2.85517512566e-06, 2.17993851948e-06, 2.05461287806e-06, 1.80926178928e-06, 1.50630637563e-06, 1.75342950115e-06, 3.07495133711e-06, 3.85178418583e-06, 2.56825614997e-06, 1.53523433255e-06],
        "median": [0.000383078295272, 0.000762587878853, 0.000249207252637, 0.000142601755215, 5.80616469961e-05, 3.45888547599e-05, 1.65005512827e-05, 1.34629808599e-05, 9.47592161538e-06, 9.28492045205e-06, 1.12547695608e-05, 5.38701533515e-06, 3.42875227943e-06, 3.21992251884e-06, 2.28663066082e-06, 2.83171766569e-06, 1.64801554092e-06, 1.91535445992e-06, 1.75921513801e-06, 2.1446669507e-06, 2.80484709947e-06, 2.60123215412e-06, 2.96808116218e-06, 1.97839563043e-06, 2.110926971e-06, 2.25111580221e-06, 1.39987628245e-06, 1.12757663828e-06, 9.60195393418e-07, 3.45325645412e-07, 2.10284525792e-07, 1.59232655506e-07, 1.6375727796e-07, 2.05639963724e-07, 1.5134082787e-07, 1.28768149921e-07, 1.30840220436e-07, 1.13378661126e-07, 7.11657577313e-08, 3.30822835792e-08],
        "min": [1.51622034073e-24, 4.43022627764e-24, 3.59942203252e-24, 6.96255734696e-24, 1.83860008395e-24, 1.06419466039e-24, 2.79413802933e-24, 8.28403110298e-24, 3.95238206734e-24, 3.59783602767e-24, 5.04360349677e-24, 2.98148243634e-24, 5.61665493529e-24, 3.96551029053e-24, 3.99110054386e-24, 5.66387812123e-24, 5.39291426105e-24, 2.8912823055e-24, 3.04457770091e-24, 6.12056468762e-24, 4.68783156726e-24, 4.13257683076e-24, 5.58968180879e-24, 5.87358456554e-24, 8.14860971796e-24, 5.63179672594e-24, 5.19763647713e-24, 4.52295332718e-24, 5.61679140823e-24, 5.31556447714e-24, 7.98225709685e-24, 6.28079929798e-24, 7.23577616604e-24, 5.64827603025e-24, 8.34187906202e-24, 7.39156751735e-24, 6.80677625084e-24, 5.65566923465e-24, 6.36642265507e-24, 8.03080201924e-24],
        "var": [1.05893404907e-05, 9.34949548537e-06, 6.67696031087e-06, 6.37253663172e-07, 1.42284434901e-07, 1.17461496529e-07, 1.22511693235e-07, 8.81752129089e-08, 3.05530001299e-08, 2.24793659243e-08, 4.91527991642e-08, 1.87505886373e-08, 5.02610042474e-09, 7.39934513661e-09, 1.72450853597e-08, 3.51263174103e-09, 1.07934483573e-09, 9.22277587634e-10, 8.44477765494e-10, 1.26089172436e-09, 1.43975764644e-09, 1.90307747339e-09, 2.12940887145e-09, 2.92314439321e-09, 3.44246586792e-09, 1.99760363806e-09, 9.32043220381e-10, 5.622275423e-10, 3.03298913762e-10, 1.06499351005e-10, 4.98305875729e-11, 2.99287539196e-11, 2.38424054805e-11, 1.50503446511e-11, 1.51870842291e-11, 3.07361427976e-11, 2.50794551793e-10, 4.06383121598e-10, 1.67623165348e-10, 4.68620663108e-11]
    },
    "mfcc": {
        "mean": [-718.082885742, 108.581504822, 6.03066110611, 38.7918624878, 11.189496994, 2.84495854378, 7.50231599808, 9.17692089081, -0.998888790607, 3.82572746277, -3.97617292404, 0.809156239033, -0.623100876808],
        "cov": [[12827.4462891, -68.4765319824, 514.018005371, 527.066650391, 486.989227295, -501.96862793, -44.8382415771, 90.7678375244, 101.384208679, 182.130355835, 201.707702637, 494.026489258, 125.641685486], [-68.4765319824, 2328.09326172, 120.023902893, 115.951293945, 46.6914482117, -40.9995117188, 80.2775344849, 174.814987183, 105.999580383, 129.506896973, 70.3583831787, 123.722007751, 68.2320861816], [514.018005371, 120.023902893, 1043.27478027, 129.205047607, 388.761077881, 15.4751243591, 144.817474365, 104.970825195, 122.738250732, 116.446365356, 27.0241718292, 116.044921875, 30.1149940491], [527.066650391, 115.951293945, 129.205047607, 578.016784668, 214.005401611, 112.630310059, 9.69315910339, 16.3406944275, 65.1493377686, 1.53421521187, 10.8335351944, 30.4969024658, 14.402718544], [486.989227295, 46.6914482117, 388.761077881, 214.005401611, 474.375244141, 6.84686899185, 25.2717857361, -0.429269164801, 30.5634918213, 59.8779945374, -2.18870663643, 81.9223556519, 27.492521286], [-501.96862793, -40.9995117188, 15.4751243591, 112.630310059, 6.84686899185, 265.839477539, 98.5869064331, 49.1482505798, 76.8249511719, -11.6779756546, 46.874786377, -32.7518119812, -26.1939716339], [-44.8382415771, 80.2775344849, 144.817474365, 9.69315910339, 25.2717857361, 98.5869064331, 178.876815796, 89.8856277466, 61.8822479248, 21.0792121887, 30.4130821228, 9.80301380157, -2.27118325233], [90.7678375244, 174.814987183, 104.970825195, 16.3406944275, -0.429269164801, 49.1482505798, 89.8856277466, 140.022659302, 68.8745498657, 33.203250885, 23.3107948303, 16.033493042, 4.27488422394], [101.384208679, 105.999580383, 122.738250732, 65.1493377686, 30.5634918213, 76.8249511719, 61.8822479248, 68.8745498657, 151.54838562, 48.7417030334, 50.0346221924, 12.7274751663, -6.08423566818], [182.130355835, 129.506896973, 116.446365356, 1.53421521187, 59.8779945374, -11.6779756546, 21.0792121887, 33.203250885, 48.7417030334, 100.985580444, 33.5672721863, 37.8223190308, 9.19851303101], [201.707702637, 70.3583831787, 27.0241718292, 10.8335351944, -2.18870663643, 46.874786377, 30.4130821228, 23.3107948303, 50.0346221924, 33.5672721863, 106.763954163, 33.2840385437, 6.2038936615], [494.026489258, 123.722007751, 116.044921875, 30.4969024658, 81.9223556519, -32.7518119812, 9.80301380157, 16.033493042, 12.7274751663, 37.8223190308, 33.2840385437, 105.919624329, 40.5581588745], [125.641685486, 68.2320861816, 30.1149940491, 14.402718544, 27.492521286, -26.1939716339, -2.27118325233, 4.27488422394, -6.08423566818, 9.19851303101, 6.2038936615, 40.5581588745, 71.8338851929]],
