{
"lowlevel": {
    "average_loudness": 0.935008168221,
    "barkbands_crest": {
        "dmean": 3.59722208977,
        "dmean2": 5.58446359634,
        "dvar": 11.0192041397,
        "dvar2": 22.16248703,
        "max": 25.9511432648,
        "mean": 13.0666618347,
        "median": 11.4898109436,
        "min": 2.3483273983,
        "var": 44.5124778748
    },
    "barkbands_flatness_db": {
        "dmean": 0.0382123403251,
        "dmean2": 0.0552434772253,
        "dvar": 0.00122426392045,
        "dvar2": 0.00236875470728,
        "max": 0.6021438241,
        "mean": 0.170309692621,
        "median": 0.155450686812,
        "min": 0.0397523194551,
        "var": 0.00552818458527
    },
    "barkbands_kurtosis": {
        "dmean": 9.68562602997,
        "dmean2": 15.2416534424,
        "dvar": 676.936767578,
        "dvar2": 1391.49633789,
        "max": 950.191772461,
        "mean": 9.68873310089,
        "median": 0.452944874763,
        "min": -1.97069919109,
        "var": 1100.87939453
    },
    "barkbands_skewness": {
        "dmean": 1.28654491901,
        "dmean2": 1.90034282207,
        "dvar": 2.21062374115,
        "dvar2": 4.56509923935,
        "max": 23.4788951874,
        "mean": 1.50919163227,
        "median": 0.831350386143,
        "min": -6.28692531586,
        "var": 7.50669336319
    },
    "barkbands_spread": {
        "dmean": 14.1515130997,
        "dmean2": 22.1135406494,
        "dvar": 194.371688843,
        "dvar2": 435.198394775,
        "max": 112.776756287,
        "mean": 34.4340248108,
        "median": 31.9425125122,
        "min": 0.0808873102069,
        "var": 473.450378418
    },
    "dissonance": {
        "dmean": 0.0167422313243,
        "dmean2": 0.0266891680658,
        "dvar": 0.000554024416488,
        "dvar2": 0.00122690421995,
        "max": 0.499999970198,
        "mean": 0.476307094097,
        "median": 0.489816308022,
        "min": 0.237493425608,
        "var": 0.00111015455332
    },
    "dynamic_complexity": 4.26377248764,
    "erbbands_crest": {
        "dmean": 3.51337051392,
        "dmean2": 5.69436836243,
        "dvar": 9.68706035614,
        "dvar2": 23.8234615326,
        "max": 28.7293128967,
        "mean": 10.1038665771,
        "median": 9.00246334076,
        "min": 2.63594245911,
        "var": 23.3662757874
    },
    "erbbands_flatness_db": {
        "dmean": 0.0347415097058,
        "dmean2": 0.0491660609841,
        "dvar": 0.000839081825688,
        "dvar2": 0.00183468800969,
        "max": 0.396474927664,
        "mean": 0.176910236478,
        "median": 0.173300728202,
        "min": 0.0422551222146,
        "var": 0.00265251519158
    },
    "erbbands_kurtosis": {
        "dmean": 3.36893963814,
        "dmean2": 5.5235042572,
        "dvar": 28.2741756439,
        "dvar2": 70.0833816528,
        "max": 68.2157592773,
        "mean": 3.02585673332,
        "median": 1.17183685303,
        "min": -1.95186674595,
        "var": 34.7970733643
    },
    "erbbands_skewness": {
        "dmean": 0.80276709795,
        "dmean2": 1.21257126331,
        "dvar": 0.61099165678,
        "dvar2": 1.3198248148,
        "max": 5.45425415039,
        "mean": -0.802739322186,
        "median": -0.824046492577,
        "min": -6.5760512352,
        "var": 1.71403229237
    },
    "erbbands_spread": {
        "dmean": 16.4091014862,
        "dmean2": 25.3320102692,
        "dvar": 318.132019043,
        "dvar2": 679.679382324,
        "max": 168.045654297,
        "mean": 38.9577407837,
        "median": 30.4114303589,
        "min": 2.16291952133,
        "var": 827.439147949
    },
    "hfc": {
        "dmean": 12.0966596603,
        "dmean2": 16.4542808533,
        "dvar": 216.083343506,
        "dvar2": 377.339508057,
        "max": 175.794174194,
        "mean": 20.8922233582,
        "median": 12.2372837067,
        "min": 1.13956146659e-16,
        "var": 524.501831055
    },
    "melbands_crest": {
        "dmean": 4.44827461243,
        "dmean2": 6.90331125259,
        "dvar": 16.9939060211,
        "dvar2": 35.4639587402,
        "max": 36.211933136,
        "mean": 18.9136238098,
        "median": 18.0307922363,
        "min": 1.77822518349,
        "var": 82.0060806274
    },
    "melbands_flatness_db": {
        "dmean": 0.0461464226246,
        "dmean2": 0.0647851228714,
        "dvar": 0.00184627901763,
        "dvar2": 0.00328806391917,
        "max": 0.720612883568,
        "mean": 0.203472957015,
        "median": 0.182509019971,
        "min": 0.00425119744614,
        "var": 0.0112587222829
    },
    "melbands_kurtosis": {
        "dmean": 37.5036735535,
        "dmean2": 56.8412704468,
        "dvar": 7903.82519531,
        "dvar2": 17102.0996094,
        "max": 1254.8392334,
        "mean": 46.5319747925,
        "median": 4.98345470428,
        "min": -1.93862199783,
        "var": 13400.703125
    },
    "melbands_skewness": {
        "dmean": 2.05722856522,
        "dmean2": 2.97799754143,
        "dvar": 7.18887424469,
        "dvar2": 13.9401130676,
        "max": 31.7676048279,
        "mean": 3.97754454613,
        "median": 2.14094209671,
        "min": -3.04721426964,
        "var": 23.3988895416
    },
    "melbands_spread": {
        "dmean": 23.1239280701,
        "dmean2": 35.8639831543,
        "dvar": 846.026000977,
        "dvar2": 1882.38928223,
        "max": 302.600646973,
        "mean": 48.4996414185,
        "median": 34.7204437256,
        "min": 0.120772592723,
        "var": 2093.671875
    },
    "pitch_salience": {
        "dmean": 0.101390071213,
        "dmean2": 0.157596886158,
        "dvar": 0.00928013864905,
        "dvar2": 0.0191272813827,
        "max": 0.959820091724,
        "mean": 0.477120935917,
        "median": 0.507678985596,
        "min": 0.0105360904709,
        "var": 0.0421706363559
    },
    "silence_rate_20dB": {
        "dmean": 0,
        "dmean2": 0,
        "dvar": 0,
        "dvar2": 0,
        "max": 1,
        "mean": 1,
        "median": 1,
        "min": 1,
        "var": 0
    },
    "silence_rate_30dB": {
        "dmean": 0.0306996889412,
        "dmean2": 0.061405159533,
        "dvar": 0.0297599751502,
        "dvar2": 0.0600902996957,
        "max": 1,
        "mean": 0.963182687759,
        "median": 1,
        "min": 0,
        "var": 0.0354587435722
    },
    "silence_rate_60dB": {
        "dmean": 0.103022880852,
        "dmean2": 0.206065177917,
        "dvar": 0.0924138054252,
        "dvar2": 0.191868722439,
        "max": 1,
        "mean": 0.179472699761,
        "median": 0,
        "min": 0,
        "var": 0.147267833352
    },
    "spectral_centroid": {
        "dmean": 567.985229492,
        "dmean2": 858.552429199,
        "dvar": 345923.28125,
        "dvar2": 670772,
        "max": 11683.484375,
        "mean": 2631.14794922,
        "median": 2614.70483398,
        "min": 76.1604156494,
        "var": 965797.9375
    },
    "spectral_complexity": {
        "dmean": 6.12920236588,
        "dmean2": 8.14390659332,
        "dvar": 49.8902778625,
        "dvar2": 72.9787216187,
        "max": 63,
        "mean": 13.4885120392,
        "median": 9,
        "min": 0,
        "var": 176.820373535
    },
    "spectral_decrease": {
        "dmean": 3.36903926978e-09,
        "dmean2": 4.7839843198e-09,
        "dvar": 3.77374122215e-17,
        "dvar2": 8.09335547413e-17,
        "max": 7.23618403352e-29,
        "mean": -6.16233863937e-09,
        "median": -3.48085293922e-09,
        "min": -7.37670191597e-08,
        "var": 7.41474179355e-17
    },
    "spectral_energy": {
        "dmean": 0.0135683137923,
        "dmean2": 0.0191458687186,
        "dvar": 0.000556287763175,
        "dvar2": 0.00118080945686,
        "max": 0.281983405352,
        "mean": 0.0251530986279,
        "median": 0.0148669183254,
        "min": 1.04638735229e-20,
        "var": 0.00111194397323
    },
    "spectral_energyband_high": {
        "dmean": 0.00109124532901,
        "dmean2": 0.0015561155742,
        "dvar": 1.93508435586e-06,
        "dvar2": 3.99222426495e-06,
        "max": 0.0215800665319,
        "mean": 0.00141402101144,
        "median": 0.000711568747647,
        "min": 7.80322769556e-21,
        "var": 3.0619635254e-06
    },
    "spectral_energyband_low": {
        "dmean": 0.00911714974791,
        "dmean2": 0.0133254695684,
        "dvar": 0.00053836859297,
        "dvar2": 0.00116739317309,
        "max": 0.270334035158,
        "mean": 0.0148821473122,
        "median": 0.00246329745278,
        "min": 6.68948683373e-23,
        "var": 0.000959229771979
    },
    "spectral_energyband_middle_high": {
        "dmean": 0.00321172783151,
        "dmean2": 0.00437522353604,
        "dvar": 2.86928425339e-05,
        "dvar2": 5.22205227753e-05,
        "max": 0.0634648501873,
        "mean": 0.00504332454875,
        "median": 0.00158700649627,
        "min": 1.37003778146e-21,
        "var": 6.61877274979e-05
    },
    "spectral_energyband_middle_low": {
        "dmean": 0.00313797080889,
        "dmean2": 0.00479323696345,
        "dvar": 2.6248397262e-05,
        "dvar2": 5.83584442211e-05,
        "max": 0.0754110962152,
        "mean": 0.00415185745806,
        "median": 0.00108405458741,
        "min": 1.89968686921e-22,
        "var": 5.18419910804e-05
    },
    "spectral_entropy": {
        "dmean": 0.221285238862,
        "dmean2": 0.31040674448,
        "dvar": 0.0354028940201,
        "dvar2": 0.0742615014315,
        "max": 9.8108215332,
        "mean": 7.83423805237,
        "median": 7.85506725311,
        "min": 5.78455400467,
        "var": 0.106573648751
    },
    "spectral_flux": {
        "dmean": 0.0341118127108,
        "dmean2": 0.0512410365045,
        "dvar": 0.00140326563269,
        "dvar2": 0.00316184945405,
        "max": 0.413848996162,
        "mean": 0.0909336805344,
        "median": 0.07710942626,
        "min": 1.04510844423e-10,
        "var": 0.00377492490225
    },
    "spectral_kurtosis": {
        "dmean": 1.50286352634,
        "dmean2": 2.43412137032,
        "dvar": 2.21185088158,
        "dvar2": 5.87662696838,
        "max": 17.7846603394,
        "mean": 2.94838905334,
        "median": 2.60429644585,
        "min": -1.23057448864,
        "var": 3.75942063332
    },
    "spectral_rms": {
        "dmean": 0.00120522500947,
        "dmean2": 0.00163483503275,
        "dvar": 1.91394224203e-06,
        "dvar2": 3.52673146153e-06,
        "max": 0.0165863130242,
        "mean": 0.00415134523064,
        "median": 0.00380845251493,
        "min": 3.19509891634e-12,
        "var": 7.30591182219e-06
    },
    "spectral_rolloff": {
        "dmean": 1138.90405273,
        "dmean2": 1830.85949707,
        "dvar": 2235867,
        "dvar2": 4336997,
        "max": 18927.6855469,
        "mean": 2689.22729492,
        "median": 2540.91796875,
        "min": 64.599609375,
        "var": 5656431.5
    },
    "spectral_skewness": {
        "dmean": 0.336868047714,
        "dmean2": 0.495315283537,
        "dvar": 0.0941221192479,
        "dvar2": 0.193767204881,
        "max": 2.71427059174,
        "mean": 0.915996193886,
        "median": 0.94357419014,
        "min": -0.971456408501,
        "var": 0.220144733787
    },
    "spectral_spread": {
        "dmean": 1008053.4375,
        "dmean2": 1375281.125,
        "dvar": 1.02309645517e+12,
        "dvar2": 2.13214783078e+12,
        "max": 40937800,
        "mean": 4453541,
        "median": 4183368.5,
        "min": 1172193.625,
        "var": 2.58366373888e+12
    },
    "spectral_strongpeak": {
        "dmean": 0.530859649181,
        "dmean2": 0.887261271477,
        "dvar": 0.935177922249,
        "dvar2": 2.3450345993,
        "max": 12.8257217407,
        "mean": 0.736467897892,
        "median": 0.332418054342,
        "min": 0,
        "var": 1.27611243725
    },
    "zerocrossingrate": {
        "dmean": 0.0238586943597,
        "dmean2": 0.0267448723316,
        "dvar": 0.000585247064009,
        "dvar2": 0.000738058646675,
        "max": 0.5224609375,
        "mean": 0.0904418751597,
        "median": 0.080078125,
        "min": 0.001953125,
        "var": 0.00355373276398
    },
    "barkbands": {
        "dmean": [0.0002070840128, 0.00849272869527, 0.00142025749665, 0.000396818824811, 0.000781466020271, 0.00032649570494, 0.000976547889877, 0.000760175578762, 0.000952724309172, 0.000653817900456, 0.0005146949552, 0.000478458387079, 0.000478758738609, 0.000438282062532, 0.000565716065466, 0.000363562168786, 0.000450141058536, 0.000365297339158, 0.000243491173023, 0.000332417926984, 0.000393626891309, 0.000220402333071, 6.57455457258e-05, 0.000176685818587, 0.000140932766953, 4.15956965298e-05, 9.9559557043e-08],
        "dmean2": [0.00032505960553, 0.0128570506349, 0.00262333871797, 0.00069616350811, 0.00131484889425, 0.00052092212718, 0.00155279273167, 0.00123030843679, 0.00153429387137, 0.00105812528636, 0.000844411086291, 0.00077458616579, 0.000770164071582, 0.000715093745384, 0.000872865261044, 0.000579053943511, 0.00068084517261, 0.000565451919101, 0.000345126667526, 0.000497855362482, 0.000599710270762, 0.000334511598339, 0.000100387944258, 0.000271201948635, 0.000217386346776, 6.34601383354e-05, 1.78765162673e-07],
        "dvar": [2.90773670031e-07, 0.000525176583324, 2.3769107429e-05, 1.07714333808e-06, 4.15018439526e-06, 7.85801034908e-07, 8.93527521839e-06, 5.30834131496e-06, 8.85103236214e-06, 5.00986288898e-06, 3.48424100594e-06, 2.72535635304e-06, 1.85239878192e-06, 2.2585845727e-06, 3.8478146962e-06, 9.46707132243e-07, 1.14953502361e-06, 7.13659119356e-07, 2.87353827844e-07, 2.23205233851e-07, 3.03794763568e-07, 9.32881079052e-08, 1.71910610192e-08, 8.07798130609e-08, 5.43216316373e-08, 4.89336837717e-09, 1.21036020833e-13],
        "dvar2": [7.31485783945e-07, 0.00118988321628, 6.79646327626e-05, 3.00757506011e-06, 1.08766898848e-05, 1.74042736489e-06, 2.05551878025e-05, 1.22817464216e-05, 2.15877134906e-05, 1.17467479868e-05, 8.60855743667e-06, 6.75600676914e-06, 4.27922896051e-06, 5.46761066289e-06, 8.66814389155e-06, 2.40121994466e-06, 2.71541625807e-06, 1.85292913102e-06, 6.17079422227e-07, 5.1365299214e-07, 7.17443640497e-07, 2.1143985407e-07, 3.6597761266e-08, 1.86483120501e-07, 1.21270005593e-07, 1.07227959845e-08, 3.24266329933e-13],
        "max": [0.00686625484377, 0.256569981575, 0.0639317855239, 0.0182329192758, 0.0292061753571, 0.0248318295926, 0.055905725807, 0.0447209961712, 0.056870687753, 0.0475316159427, 0.0427902713418, 0.0466060265899, 0.0335620045662, 0.0364064797759, 0.0386764667928, 0.0177508536726, 0.0176309198141, 0.0188192352653, 0.0106724957004, 0.0097262840718, 0.00615833560005, 0.00602061487734, 0.00532778492197, 0.00334700592794, 0.00180272420403, 0.00042803332326, 6.20356877334e-06],
        "mean": [0.000554782629479, 0.013057234697, 0.00104552356061, 0.000365952262655, 0.000698495889083, 0.000330166105414, 0.000936430878937, 0.000683850666974, 0.000948051398154, 0.00063315074658, 0.000480911636259, 0.00045273770229, 0.000545779301319, 0.000426241138484, 0.000599857536145, 0.000409762462368, 0.000512758153491, 0.000567883078475, 0.000316006189678, 0.000424482685048, 0.000499490473885, 0.000285326823359, 6.86097191647e-05, 0.000154168257723, 0.000119876276585, 3.54603944288e-05, 6.6539435295e-08],
        "median": [6.15761164227e-05, 0.00192517577671, 5.83037108299e-05, 0.000101845405879, 0.000121644166938, 4.26961305493e-05, 3.81779609597e-05, 2.36021587625e-05, 3.19368373312e-05, 3.2230236684e-05, 2.2143653041e-05, 2.99312450807e-05, 5.21402762388e-05, 3.72212743969e-05, 4.17748779e-05, 4.4867520046e-05, 7.37391383154e-05, 0.000117758012493, 9.27957444219e-05, 0.000229225726798, 0.00023862720991, 0.000154191220645, 1.85997832887e-05, 2.15275249502e-05, 1.3568711438e-05, 3.63253047908e-06, 1.92974347613e-09],
        "min": [8.70535619043e-25, 3.17820825334e-23, 1.22295141873e-23, 1.13100534149e-23, 3.69865355576e-23, 2.33776720452e-23, 2.30588933534e-23, 2.97790668763e-23, 3.58425200066e-23, 2.74089816182e-23, 2.86641382045e-23, 6.07541604809e-23, 1.14482069408e-22, 1.16510489541e-22, 5.30231027287e-23, 1.15007299309e-22, 1.47983464818e-22, 2.59792722017e-22, 2.513872513e-22, 3.28920615763e-22, 3.95513173669e-22, 5.37806641576e-22, 4.67462917537e-22, 8.11762913073e-22, 1.37177241717e-21, 1.66226073937e-21, 2.12501002998e-21],
        "var": [9.05352692371e-07, 0.0008063428686, 1.5039068785e-05, 8.19398565e-07, 3.4538154523e-06, 9.52889706696e-07, 1.11046556412e-05, 5.79113157073e-06, 1.08756366899e-05, 6.19495631327e-06, 3.4306415273e-06, 2.83608846985e-06, 2.25306371249e-06, 2.38520055973e-06, 5.36296602149e-06, 1.14712383947e-06, 1.50853838932e-06, 1.06539027911e-06, 4.38145008275e-07, 3.01607116171e-07, 4.2627848984e-07, 1.32573106271e-07, 2.30247856337e-08, 8.66613731887e-08, 5.71593545828e-08, 5.24077092834e-09, 8.39901336414e-14]
    },
    "erbbands": {
        "dmean": [0.298164755106, 1.73957300186, 1.71059644222, 1.48320043087, 1.40228104591, 3.32396674156, 2.30272316933, 3.29885220528, 11.7595872879, 14.8360996246, 18.6486358643, 21.6557579041, 18.3498687744, 21.501367569, 18.8853778839, 18.7424907684, 20.063035965, 21.9874725342, 26.0371513367, 25.9347686768, 19.4508876801, 25.4369468689, 20.8949718475, 14.7371692657, 11.1049509048, 16.390996933, 18.6185646057, 13.0820493698, 9.79796123505, 3.43188428879, 1.83712863922, 3.42709636688, 2.8068087101, 1.35354173183, 1.15731477737, 0.295115858316, 0.0486905314028, 0.00442309351638, 0.000102776255517, 2.11237056646e-05],
        "dmean2": [0.436573922634, 2.70943117142, 2.94527578354, 2.61900901794, 2.39071989059, 5.69137811661, 3.78809762001, 5.13888645172, 18.2977085114, 24.5529460907, 29.0977725983, 34.7255325317, 29.4597969055, 34.1636276245, 29.8233833313, 29.8214263916, 31.6565532684, 35.1162376404, 41.3240356445, 39.6263198853, 29.6892566681, 38.1428871155, 31.9948616028, 21.3400764465, 15.4994220734, 24.6094169617, 29.2497444153, 19.4513435364, 15.0197277069, 5.08856868744, 2.79273986816, 5.07776641846, 4.46390914917, 2.07769227028, 1.81445074081, 0.45058631897, 0.073464974761, 0.00688694603741, 0.000155078232638, 2.94989968097e-05],
        "dvar": [0.678877174854, 21.6291675568, 26.3901119232, 19.9160652161, 9.74972915649, 93.2672424316, 43.1552047729, 84.2022323608, 1463.26831055, 2272.52148438, 2891.52587891, 5000.70703125, 4209.58691406, 5016.29052734, 3974.17236328, 4240.49511719, 3437.42358398, 4735.80810547, 7917.88964844, 7804.24462891, 2485.29638672, 3665.04785156, 2127.23657227, 1273.37792969, 518.356262207, 563.956604004, 712.679260254, 368.125823975, 181.651138306, 29.6519470215, 13.2350034714, 29.464597702, 22.5865039825, 4.80228900909, 3.93648409843, 0.249286204576, 0.00664883805439, 6.21612634859e-05, 2.94162596504e-08, 9.47285583308e-10],
        "dvar2": [1.45535981655, 51.4622497559, 71.1585769653, 55.2796669006, 26.4108848572, 247.426818848, 108.763336182, 180.384963989, 3189.51025391, 5711.68945312, 6445.09570312, 12265.9003906, 9844.86035156, 11740.2822266, 9433.79980469, 10577.1787109, 7850.56494141, 11662.1748047, 19464.4902344, 17464.5507812, 5959.02148438, 8644.53808594, 5360.046875, 3050.43115234, 1120.81921387, 1303.37304688, 1808.05932617, 822.915222168, 421.770721436, 64.8737945557, 28.3278656006, 64.7459716797, 53.7843513489, 10.6540880203, 9.07667255402, 0.5522326231, 0.0141089307144, 0.000141037293361, 6.43042881165e-08, 1.86321469364e-09],
        "max": [8.90207004547, 55.0787734985, 70.679107666, 52.5923080444, 94.1424179077, 153.12020874, 173.885665894, 258.34362793, 939.615112305, 982.917541504, 1051.90795898, 1385.15246582, 1749.92810059, 1885.57971191, 1536.09594727, 2282.35742188, 1629.58178711, 2069.77929688, 2455.57250977, 2225.28027344, 949.220581055, 1046.9855957, 1085.85778809, 810.515930176, 615.873840332, 483.442016602, 354.731567383, 211.948226929, 241.087371826, 229.378326416, 158.313278198, 103.606369019, 38.6674575806, 21.2922267914, 12.9869413376, 3.30915188789, 0.571936070919, 0.0648296624422, 0.00123714201618, 0.000327852350892],
        "mean": [0.528464496136, 2.3000562191, 1.68436765671, 1.3211004734, 1.42892694473, 2.75878953934, 2.10202169418, 3.47168302536, 11.9546880722, 13.0565137863, 18.3808708191, 21.6735095978, 18.3254985809, 21.4986515045, 19.1622257233, 18.6980438232, 23.1698455811, 23.0162010193, 27.099237442, 28.9965076447, 23.5468387604, 30.5682582855, 34.1018028259, 19.6954898834, 15.1324033737, 20.4718379974, 22.0294246674, 17.2810325623, 12.4726915359, 4.33934545517, 1.91486024857, 3.22851037979, 2.30015516281, 1.17495989799, 0.951552689075, 0.251475244761, 0.0423933342099, 0.00368550722487, 9.79934848147e-05, 3.64246880054e-05],
        "median": [0.0756753012538, 0.302138149738, 0.148860856891, 0.27752071619, 0.413008987904, 0.329628944397, 0.31222614646, 0.46869546175, 0.632349014282, 0.672701478004, 0.721450507641, 0.755339622498, 0.888698816299, 1.16341650486, 1.07924866676, 1.46298384666, 2.48604273796, 2.85449552536, 2.15668392181, 2.48133802414, 3.18750858307, 5.3179473877, 6.67750167847, 6.22473621368, 5.97787189484, 10.6798801422, 10.8725538254, 7.9020819664, 6.57302427292, 2.29861593246, 0.532610535622, 0.521143078804, 0.279458463192, 0.143728733063, 0.100032061338, 0.0265176799148, 0.00396165065467, 0.000313995667966, 2.3517110094e-05, 2.33080063481e-05],
        "min": [5.29480006462e-22, 7.40175994735e-21, 2.25163603369e-20, 3.32654399189e-20, 1.01717908787e-19, 7.12816947507e-20, 1.70656834173e-19, 1.88436680774e-19, 3.97403027924e-19, 3.99842280153e-19, 6.99656245467e-19, 8.50024394241e-19, 1.09911706611e-18, 7.79962868442e-19, 2.11336767612e-18, 2.45037119064e-18, 5.56032462119e-18, 5.66597295621e-18, 4.24451518592e-18, 2.93388183332e-18, 6.45892318065e-18, 8.92672885706e-18, 1.13131995182e-17, 1.02126646645e-17, 1.35893970775e-17, 1.85142823793e-17, 1.75629882789e-17, 1.27081262975e-17, 1.63064099386e-17, 1.32460327509e-17, 1.50263942628e-17, 1.61522797207e-17, 1.38991605005e-17, 1.39523018918e-17, 9.22706159387e-18, 5.5913596106e-18, 3.2059411232e-18, 9.65856511669e-19, 2.90239582369e-19, 3.16404371432e-20],
        "var": [1.21834909916, 29.054517746, 23.0587482452, 14.4189100266, 8.7791185379, 72.5231552124, 37.5124778748, 110.093101501, 2082.90185547, 2079.51782227, 3596.26708984, 5968.72460938, 5863.25097656, 5905.47167969, 4504.09814453, 4400.17773438, 4283.66699219, 4823.33740234, 9396.62597656, 10122.9941406, 3359.29370117, 4833.70605469, 3720.93774414, 1672.23217773, 777.200439453, 712.547973633, 799.38079834, 582.91809082, 249.667327881, 42.5108909607, 17.5276412964, 36.0583076477, 21.6353263855, 5.19775056839, 3.88674235344, 0.263948887587, 0.00741023570299, 6.19442871539e-05, 3.22637703221e-08, 1.87071846902e-09]
    },
    "gfcc": {
        "mean": [-53.2521362305, 51.8402481079, -125.186203003, 70.1703720093, -51.3302383423, 24.2883834839, -19.4544792175, 15.5377120972, -20.007396698, 15.224773407, -14.4512605667, 2.24465680122, -5.32972860336],
        "cov": [[11073.0732422, 387.717681885, -820.342285156, -1220.17932129, -556.165100098, -207.221801758, -722.949829102, 338.584503174, -109.465133667, -6.70375490189, -68.2987289429, 150.768264771, -52.5009002686], [387.717681885, 1760.99902344, -538.700744629, -295.933135986, -12.0231170654, -433.013366699, 206.785827637, -140.521987915, 344.070129395, -174.284103394, 94.0903396606, -23.0363311768, 22.7374763489], [-820.342285156, -538.700744629, 1503.10900879, 494.679443359, 205.181472778, 384.620391846, 45.1578826904, 253.743240356, -102.322067261, 163.110275269, 49.9583053589, 9.61772727966, 23.4318675995], [-1220.17932129, -295.933135986, 494.679443359, 948.461547852, 487.076843262, 187.2159729, 208.731796265, -113.950279236, 9.56435108185, 75.8731689453, 40.0426101685, -8.9263792038, 23.0527973175], [-556.165100098, -12.0231170654, 205.181472778, 487.076843262, 713.781311035, 246.4427948, 95.964263916, -15.7559375763, 52.0386505127, 36.9242935181, 73.540725708, 23.6120929718, -32.6732330322], [-207.221801758, -433.013366699, 384.620391846, 187.2159729, 246.4427948, 428.863464355, 120.311378479, 126.213157654, -89.3316421509, 66.1684112549, 37.3691215515, 7.99499797821, 0.152653157711], [-722.949829102, 206.785827637, 45.1578826904, 208.731796265, 95.964263916, 120.311378479, 521.469665527, 15.7562990189, 84.9451370239, -1.12485814095, 39.7824401855, -2.28855204582, 43.0691604614], [338.584503174, -140.521987915, 253.743240356, -113.950279236, -15.7559375763, 126.213157654, 15.7562990189, 293.864196777, 55.8601722717, 45.2536048889, 22.6777877808, 16.0209712982, -4.6217751503], [-109.465133667, 344.070129395, -102.322067261, 9.56435108185, 52.0386505127, -89.3316421509, 84.9451370239, 55.8601722717, 280.885681152, 48.690612793, 53.7377090454, -30.3821220398, 29.6792755127], [-6.70375490189, -174.284103394, 163.110275269, 75.8731689453, 36.9242935181, 66.1684112549, -1.12485814095, 45.2536048889, 48.690612793, 178.049911499, 35.661190033, 9.80172157288, 6.92396211624], [-68.2987289429, 94.0903396606, 49.9583053589, 40.0426101685, 73.540725708, 37.3691215515, 39.7824401855, 22.6777877808, 53.7377090454, 35.661190033, 133.256973267, 40.1448669434, -6.20908737183], [150.768264771, -23.0363311768, 9.61772727966, -8.9263792038, 23.6120929718, 7.99499797821, -2.28855204582, 16.0209712982, -30.3821220398, 9.80172157288, 40.1448669434, 91.7512817383, 24.2997894287], [-52.5009002686, 22.7374763489, 23.4318675995, 23.0527973175, -32.6732330322, 0.152653157711, 43.0691604614, -4.6217751503, 29.6792755127, 6.92396211624, -6.20908737183, 24.2997894287, 102.684143066]],
        "icov": [[0.000133949652081, -0.000167242935277, 0.000144034129335, -6.63800165057e-05, 0.000117453491839, -0.000185490280273, 0.000248331518378, -0.000316302408464, 0.000195296030142, -0.000211328457226, 0.000168145357748, -0.000230378544074, 2.92954136967e-05], [-0.000167242935277, 0.00208741449751, -0.000714698340744, 0.00150092842523, -0.00126112182625, 0.0021125995554, -0.00145752681419, 0.00162118475419, -0.00183518941049, 0.0018768570153, -0.00148698082194, 0.000765079108533, -0.000308804184897], [0.000144034129335, -0.000714698340744, 0.00179449340794, -0.00147885247134, 0.00062718836125, -0.000878723105416, 0.000850206124596, -0.00244840583764, 0.00190529879183, -0.00136719434522, -0.000232777267229, 0.000692720175721, -0.000748034624849], [-6.63800165057e-05, 0.00150092842523, -0.00147885247134, 0.00391488242894, -0.00258732540533, 0.00199317815714, -0.0018628052203, 0.00280051794834, -0.00115833559539, 0.000686423445586, -0.000863076420501, 0.00112614873797, -0.000856754311826], [0.000117453491839, -0.00126112182625, 0.00062718836125, -0.00258732540533, 0.00455018272623, -0.00432530324906, 0.00172021903563, 0.000195881380932, -0.00197290885262, 0.000215940293856, 0.00168778374791, -0.00384467840195, 0.00308616529219], [-0.000185490280273, 0.0021125995554, -0.000878723105416, 0.00199317815714, -0.00432530324906, 0.0095112491399, -0.00315071619116, -0.00215173908509, 0.00414716731757, -0.000539031578228, -0.00436136266217, 0.0060574747622, -0.00383486319333], [0.000248331518378, -0.00145752681419, 0.000850206124596, -0.0018628052203, 0.00172021903563, -0.00315071619116, 0.00392114371061, -0.00108876405284, -0.000336410128511, -0.000318865844747, 0.00100943818688, -0.00145876652095, 5.72667304368e-05], [-0.000316302408464, 0.00162118475419, -0.00244840583764, 0.00280051794834, 0.000195881380932, -0.00215173908509, -0.00108876405284, 0.00983514264226, -0.00699013751, 0.00259791500866, 0.00148115353659, -0.0042709778063, 0.00331964087673], [0.000195296030142, -0.00183518941049, 0.00190529879183, -0.00115833559539, -0.00197290885262, 0.00414716731757, -0.000336410128511, -0.00699013751, 0.0132465241477, -0.00533352419734, -0.0046571479179, 0.00893786735833, -0.00634174281731], [-0.000211328457226, 0.0018768570153, -0.00136719434522, 0.000686423445586, 0.000215940293856, -0.000539031578228, -0.000318865844747, 0.00259791500866, -0.00533352419734, 0.00966188404709, -0.0012018578127, -0.00204672035761, 0.00125617324375], [0.000168145357748, -0.00148698082194, -0.000232777267229, -0.000863076420501, 0.00168778374791, -0.00436136266217, 0.00100943818688, 0.00148115353659, -0.0046571479179, -0.0012018578127, 0.0142244901508, -0.0100979860872, 0.0055258013308], [-0.000230378544074, 0.000765079108533, 0.000692720175721, 0.00112614873797, -0.00384467840195, 0.0060574747622, -0.00145876652095, -0.0042709778063, 0.00893786735833, -0.00204672035761, -0.0100979860872, 0.022920165211, -0.00999073963612], [2.92954136967e-05, -0.000308804184897, -0.000748034624849, -0.000856754311826, 0.00308616529219, -0.00383486319333, 5.72667304368e-05, 0.00331964087673, -0.00634174281731, 0.00125617324375, 0.0055258013308, -0.00999073963612, 0.0157447699457]]
    },
    "melbands": {
        "dmean": [0.0025448910892, 0.00120035826694, 0.000245652772719, 0.000164681565366, 0.000103897873487, 7.50052422518e-05, 0.000185202123248, 0.000161627904163, 0.000165745048434, 0.000131683496875, 9.29880989133e-05, 8.88103822945e-05, 6.67067724862e-05, 5.70365300518e-05, 5.06614742335e-05, 4.45364057668e-05, 4.18491508754e-05, 4.29595711466e-05, 4.37573035015e-05, 2.97862134175e-05, 2.24562554649e-05, 2.90685766231e-05, 2.32581805903e-05, 1.69717350218e-05, 1.22580731841e-05, 8.33227477415e-06, 9.29020279727e-06, 1.13477117338e-05, 1.34128104037e-05, 7.95910818852e-06, 7.68651716498e-06, 5.92660762777e-06, 3.58053512173e-06, 1.49147797401e-06, 1.01070008895e-06, 9.53028575168e-07, 2.83003123513e-06, 2.50492507803e-06, 1.06548463918e-06, 1.08883409666e-06],
        "dmean2": [0.00384393124841, 0.0018795983633, 0.000429223495303, 0.000278219493339, 0.000173897555214, 0.000117210853205, 0.000289910502033, 0.000266600283794, 0.000258728687186, 0.000212067054235, 0.000151134634507, 0.000142194796354, 0.000107199339254, 9.25661806832e-05, 8.11233112472e-05, 7.1407383075e-05, 6.83997932356e-05, 6.98255753377e-05, 6.72720270813e-05, 4.71666062367e-05, 3.50209520548e-05, 4.42105119873e-05, 3.57676690328e-05, 2.65032012976e-05, 1.81359991984e-05, 1.21157572721e-05, 1.38591631185e-05, 1.74040415004e-05, 2.15439285967e-05, 1.22348301375e-05, 1.15746588563e-05, 9.24834603211e-06, 5.5038976825e-06, 2.2913200155e-06, 1.56362693815e-06, 1.43530212426e-06, 4.24527070209e-06, 4.10694428865e-06, 1.62428864314e-06, 1.672518124e-06],
        "dvar": [4.92605686304e-05, 9.12786799745e-06, 4.83994199385e-07, 1.6813650916e-07, 9.11605511078e-08, 4.37351737048e-08, 3.39261845284e-07, 2.47873146009e-07, 2.28563962423e-07, 1.79713737225e-07, 1.1292449642e-07, 8.65797957772e-08, 5.61790365339e-08, 4.05049398466e-08, 2.54706975511e-08, 1.78899792758e-08, 2.06603640862e-08, 2.38966073596e-08, 2.85148171741e-08, 7.06617742097e-09, 3.44806894148e-09, 5.10373565632e-09, 2.80627077132e-09, 1.70287606238e-09, 9.92524284982e-10, 3.94772659007e-10, 3.10258069236e-10, 2.70508948574e-10, 4.19892731696e-10, 1.58788843185e-10, 1.27843111097e-10, 7.1018371739e-11, 2.70646248468e-11, 7.91510607057e-12, 4.29823711345e-12, 3.80824148258e-12, 2.03275399985e-11, 1.90644652842e-11, 3.26750323847e-12, 3.07762669516e-12],
        "dvar2": [0.000110702385427, 2.08309793379e-05, 1.33213086428e-06, 4.46337821813e-07, 2.32757244589e-07, 9.25517511519e-08, 7.50343133404e-07, 6.16513034402e-07, 5.16019667884e-07, 4.37537948983e-07, 2.6589270874e-07, 2.03978856916e-07, 1.38610559475e-07, 9.9860677949e-08, 6.16815754029e-08, 4.27945359149e-08, 5.21925329622e-08, 5.91832289842e-08, 6.50145111081e-08, 1.7828661214e-08, 8.24035861768e-09, 1.19748282401e-08, 7.01823399396e-09, 4.48527792685e-09, 2.42392617089e-09, 8.92208751324e-10, 7.28423876772e-10, 6.31025509623e-10, 1.09326203646e-09, 3.82754827832e-10, 2.84881090939e-10, 1.66099911603e-10, 6.35059921317e-11, 1.80420071244e-11, 9.40130612248e-12, 7.96237121375e-12, 4.60508992051e-11, 4.63667437778e-11, 7.39936150546e-12, 6.75165175504e-12],
        "max": [0.0742407366633, 0.0352961868048, 0.00926266051829, 0.00698885833845, 0.00669556716457, 0.00616682320833, 0.0134582845494, 0.00898399110883, 0.00830694194883, 0.0091248806566, 0.00854161009192, 0.00716066733003, 0.00642765313387, 0.00545774633065, 0.00364552927203, 0.00320455757901, 0.00434662681073, 0.00506782345474, 0.00373610365205, 0.00123624096159, 0.00105402292684, 0.00126769661438, 0.0012943103211, 0.00115997635294, 0.000735747045837, 0.000489512982313, 0.000507144257426, 0.000342960032867, 0.000222993956413, 0.000175825582119, 0.00012123509805, 0.000176966059371, 0.000134613277623, 0.000122191035189, 7.92684149928e-05, 9.15524433367e-05, 6.18517806288e-05, 3.75577437808e-05, 2.16106800508e-05, 1.72281997948e-05],
        "mean": [0.00407275371253, 0.00161938928068, 0.000226656353334, 0.000151600223035, 8.97322315723e-05, 7.81088820077e-05, 0.000186347417184, 0.000140139818541, 0.000162528580404, 0.000129469524836, 8.94156037248e-05, 8.69861178217e-05, 6.54529212625e-05, 5.35637482244e-05, 5.09108576807e-05, 5.00613277836e-05, 4.118814104e-05, 4.12901572417e-05, 4.55306071672e-05, 3.24222673953e-05, 2.58232466877e-05, 3.23147578456e-05, 3.1700823456e-05, 2.56513249042e-05, 1.50471669258e-05, 1.06725865407e-05, 1.16372411867e-05, 1.37130218718e-05, 1.52188922584e-05, 9.99196799967e-06, 9.88563351711e-06, 7.3755431913e-06, 4.46296053269e-06, 1.68442250015e-06, 1.0256655969e-06, 9.6369694802e-07, 2.5750750865e-06, 1.95731968233e-06, 9.37002084811e-07, 9.50678554545e-07],
        "median": [0.000598361250013, 0.000217843829887, 5.71900600335e-05, 2.75069214695e-05, 1.17038453027e-05, 9.57664633461e-06, 9.33244155021e-06, 6.39413428871e-06, 5.70477641304e-06, 4.41706470156e-06, 4.12520967075e-06, 4.51032428828e-06, 3.32012882609e-06, 3.45653393197e-06, 3.61103593605e-06, 5.05551088281e-06, 4.11557903135e-06, 2.92989147965e-06, 3.10577615892e-06, 3.16955856761e-06, 3.37823666996e-06, 4.18007857661e-06, 5.8981836446e-06, 5.31189834874e-06, 3.46401384377e-06, 3.201741265e-06, 5.40078053746e-06, 7.12620294507e-06, 7.30098099666e-06, 4.70770464744e-06, 4.14389251091e-06, 3.77021979148e-06, 2.48216247201e-06, 6.96511619935e-07, 2.754835009e-07, 2.11547330764e-07, 3.57594672096e-07, 2.25201304715e-07, 1.16133364259e-07, 1.18029454654e-07],
        "min": [7.29913826281e-24, 1.09055200207e-23, 7.42682802209e-24, 6.19957936247e-24, 5.57003641124e-24, 5.49381193741e-24, 5.9920998725e-24, 5.12863599704e-24, 4.95269161618e-24, 5.49714724132e-24, 5.35313437218e-24, 2.87094113263e-24, 6.07505727415e-24, 8.09134157169e-24, 6.53278474251e-24, 8.79623612216e-24, 1.00164524812e-23, 5.94344924275e-24, 4.69550718386e-24, 3.39607104609e-24, 7.34695585544e-24, 8.03724780169e-24, 7.55152168766e-24, 1.05552097696e-23, 7.83299356953e-24, 1.10774325334e-23, 9.54584488645e-24, 1.23775581356e-23, 9.63096376699e-24, 7.90026999411e-24, 6.64292116336e-24, 8.45779270571e-24, 9.50037967704e-24, 6.08996713969e-24, 7.20467059169e-24, 1.06162407824e-23, 9.31002044087e-24, 8.17990146349e-24, 1.03590500392e-23, 1.06871333454e-23],
        "var": [7.71281847847e-05, 1.39370768011e-05, 3.62591094927e-07, 1.43475332948e-07, 7.53277760168e-08, 5.94267213216e-08, 4.64924397647e-07, 2.32403309042e-07, 2.87987518277e-07, 2.19714564764e-07, 1.51147659722e-07, 1.01004452802e-07, 5.7872348691e-08, 4.10666807227e-08, 2.8778851302e-08, 1.94512210783e-08, 1.92427407342e-08, 2.58591512647e-08, 3.65678047842e-08, 8.0625106591e-09, 4.43687842022e-09, 6.42095443482e-09, 4.15653822472e-09, 2.26263496828e-09, 1.21484144966e-09, 5.25415655428e-10, 3.84994425229e-10, 3.23961940607e-10, 4.20831980374e-10, 2.03075778415e-10, 2.02475120004e-10, 9.4072367951e-11, 3.4859712339e-11, 9.93787604292e-12, 5.49420665213e-12, 5.16473018866e-12, 2.31760288044e-11, 1.69498807351e-11, 3.46304777389e-12, 3.37162741303e-12]
    },
    "mfcc": {
        "mean": [-686.913818359, 69.6176376343, -6.41248178482, 48.0518913269, -0.531437516212, 21.3807048798, 12.0380659103, 5.38946580887, 13.6787872314, 3.26389837265, 8.31733989716, 8.96701812744, -0.020659128204],
        "cov": [[8650.21679688, 955.449951172, -801.731689453, -989.340332031, -213.870803833, -770.871459961, -536.891296387, -86.2845535278, -239.216552734, -162.644500732, -154.385498047, -74.2782211304, -106.109283447], [955.449951172, 1607.2890625, -445.985015869, -100.169799805, -309.730010986, -231.857254028, -296.021881104, 84.1954727173, -11.385802269, -39.4859466553, 110.672294617, -3.6451985836, 13.3223009109], [-801.731689453, -445.985015869, 1188.01867676, 139.815460205, 218.124557495, 36.0703620911, 274.436859131, 28.4149513245, 91.4036712646, 138.435684204, -34.7596359253, 86.905418396, 52.6048240662], [-989.340332031, -100.169799805, 139.815460205, 796.295898438, 198.612670898, 368.548614502, 116.660423279, 23.6725997925, 87.5706863403, 4.35482501984, 88.0023422241, 13.1565666199, 47.2243232727], [-213.870803833, -309.730010986, 218.124557495, 198.612670898, 704.018676758, 186.495010376, 122.281814575, 37.6513442993, -18.9237136841, 57.8214645386, 38.685962677, 92.259437561, -34.7872581482], [-770.871459961, -231.857254028, 36.0703620911, 368.548614502, 186.495010376, 473.467132568, 264.322479248, 36.7439880371, 72.298500061, 20.1358165741, 48.942150116, 24.4942855835, 41.9374923706], [-536.891296387, -296.021881104, 274.436859131, 116.660423279, 122.281814575, 264.322479248, 405.265899658, 140.704116821, 75.9512634277, 14.583357811, 35.1151695251, 59.0112457275, 15.9987859726], [-86.2845535278, 84.1954727173, 28.4149513245, 23.6725997925, 37.6513442993, 36.7439880371, 140.704116821, 222.335418701, 71.8243865967, 30.1793861389, 49.8053665161, 46.0305480957, -2.66101074219], [-239.216552734, -11.385802269, 91.4036712646, 87.5706863403, -18.9237136841, 72.298500061, 75.9512634277, 71.8243865967, 183.854858398, 101.661277771, 24.9555835724, 4.43711233139, 39.636505127], [-162.644500732, -39.4859466553, 138.435684204, 4.35482501984, 57.8214645386, 20.1358165741, 14.583357811, 30.1793861389, 101.661277771, 189.133651733, 65.0592956543, 25.9503364563, 35.3704109192], [-154.385498047, 110.672294617, -34.7596359253, 88.0023422241, 38.685962677, 48.942150116, 35.1151695251, 49.8053665161, 24.9555835724, 65.0592956543, 159.225326538, 85.6820755005, 0.900694131851], [-74.2782211304, -3.6451985836, 86.905418396, 13.1565666199, 92.259437561, 24.4942855835, 59.0112457275, 46.0305480957, 4.43711233139, 25.9503364563, 85.6820755005, 131.379653931, 23.2640247345], [-106.109283447, 13.3223009109, 52.6048240662, 47.2243232727, -34.7872581482, 41.9374923706, 15.9987859726, -2.66101074219, 39.636505127, 35.3704109192, 0.900694131851, 23.2640247345, 114.948074341]],
