{
"lowlevel": {
    "average_loudness": 0.931895256042,
    "barkbands_crest": {
        "dmean": 3.70002508163,
        "dmean2": 5.80887985229,
        "dvar": 10.6997451782,
        "dvar2": 23.9965324402,
        "max": 26.5473213196,
        "mean": 13.289809227,
        "median": 12.5998382568,
        "min": 2.43294548988,
        "var": 33.6742630005
    },
    "barkbands_flatness_db": {
        "dmean": 0.0477773994207,
        "dmean2": 0.0677850544453,
        "dvar": 0.00190689729061,
        "dvar2": 0.00394421350211,
        "max": 0.551936030388,
        "mean": 0.183863803744,
        "median": 0.173544362187,
        "min": 0.0184112600982,
        "var": 0.00763056334108
    },
    "barkbands_kurtosis": {
        "dmean": 20.1851596832,
        "dmean2": 31.8610115051,
        "dvar": 2433.02246094,
        "dvar2": 5575.45996094,
        "max": 1147.8013916,
        "mean": 20.8877677917,
        "median": 2.67961025238,
        "min": -1.97221541405,
        "var": 3232.68286133
    },
    "barkbands_skewness": {
        "dmean": 1.80942332745,
        "dmean2": 2.68945837021,
        "dvar": 4.56897926331,
        "dvar2": 9.78266620636,
        "max": 29.3263931274,
        "mean": 2.72758817673,
        "median": 1.83734238148,
        "min": -5.73433065414,
        "var": 10.1664848328
    },
    "barkbands_spread": {
        "dmean": 18.9005050659,
        "dmean2": 31.3010234833,
        "dvar": 552.462219238,
        "dvar2": 1313.33410645,
        "max": 131.37701416,
        "mean": 34.0726776123,
        "median": 26.9854850769,
        "min": 0.0939282104373,
        "var": 833.970397949
    },
    "dissonance": {
        "dmean": 0.0179822538048,
        "dmean2": 0.028749063611,
        "dvar": 0.000447494181572,
        "dvar2": 0.00106214801781,
        "max": 0.500000059605,
        "mean": 0.468107610941,
        "median": 0.47845697403,
        "min": 0.19646166265,
        "var": 0.00102547719143
    },
    "dynamic_complexity": 3.47361898422,
    "erbbands_crest": {
        "dmean": 3.13477635384,
        "dmean2": 5.15336990356,
        "dvar": 7.85876512527,
        "dvar2": 19.7743091583,
        "max": 33.1627388,
        "mean": 9.02202606201,
        "median": 8.15488910675,
        "min": 2.13136267662,
        "var": 16.3270454407
    },
    "erbbands_flatness_db": {
        "dmean": 0.0291251726449,
        "dmean2": 0.0414643250406,
        "dvar": 0.000721093383618,
        "dvar2": 0.00159206253011,
        "max": 0.372248917818,
        "mean": 0.142426073551,
        "median": 0.138600334525,
        "min": 0.0404333584011,
        "var": 0.00257929763757
    },
    "erbbands_kurtosis": {
        "dmean": 2.10953903198,
        "dmean2": 3.5263428688,
        "dvar": 11.7268037796,
        "dvar2": 30.6947822571,
        "max": 61.6709213257,
        "mean": 1.05616509914,
        "median": -0.161448478699,
        "min": -1.92047941685,
        "var": 13.5349550247
    },
    "erbbands_skewness": {
        "dmean": 0.724953889847,
        "dmean2": 1.12216877937,
        "dvar": 0.625793933868,
        "dvar2": 1.49286079407,
        "max": 5.39153289795,
        "mean": -0.298983514309,
        "median": -0.315837591887,
        "min": -6.44643163681,
        "var": 1.31378281116
    },
    "erbbands_spread": {
        "dmean": 22.7482242584,
        "dmean2": 36.8092498779,
        "dvar": 670.323364258,
        "dvar2": 1825.9744873,
        "max": 220.50730896,
        "mean": 58.8112831116,
        "median": 52.7903518677,
        "min": 2.74329328537,
        "var": 1111.34777832
    },
    "hfc": {
        "dmean": 41.6714744568,
        "dmean2": 73.0347061157,
        "dvar": 6078.81787109,
        "dvar2": 16532.9140625,
        "max": 430.490325928,
        "mean": 37.0292472839,
        "median": 11.2706403732,
        "min": 1.18324242629e-16,
        "var": 4301.71777344
    },
    "melbands_crest": {
        "dmean": 3.85071706772,
        "dmean2": 6.09582662582,
        "dvar": 12.1527194977,
        "dvar2": 26.9954891205,
        "max": 34.0381317139,
        "mean": 19.6609897614,
        "median": 20.1746768951,
        "min": 2.27419400215,
        "var": 35.7463645935
    },
    "melbands_flatness_db": {
        "dmean": 0.058526981622,
        "dmean2": 0.0827889889479,
        "dvar": 0.00297309062444,
        "dvar2": 0.00587940402329,
        "max": 0.679910302162,
        "mean": 0.257998377085,
        "median": 0.248628914356,
        "min": 0.00383049668744,
        "var": 0.0120025407523
    },
    "melbands_kurtosis": {
        "dmean": 53.2359275818,
        "dmean2": 84.3015594482,
        "dvar": 7554.56884766,
        "dvar2": 17419.5390625,
        "max": 859.213195801,
        "mean": 68.3193283081,
        "median": 22.2300701141,
        "min": -1.94431245327,
        "var": 11117.71875
    },
    "melbands_skewness": {
        "dmean": 2.44744992256,
        "dmean2": 3.76923894882,
        "dvar": 7.43932723999,
        "dvar2": 17.3816261292,
        "max": 23.2681236267,
        "mean": 5.52758073807,
        "median": 4.36563539505,
        "min": -1.3751322031,
        "var": 17.1656780243
    },
    "melbands_spread": {
        "dmean": 23.593503952,
        "dmean2": 39.9775085449,
        "dvar": 1761.4387207,
        "dvar2": 4468.13232422,
        "max": 324.066467285,
        "mean": 30.4615192413,
        "median": 16.4258728027,
        "min": 0.290413737297,
        "var": 1798.13781738
    },
    "pitch_salience": {
        "dmean": 0.110945142806,
        "dmean2": 0.172293305397,
        "dvar": 0.00978336855769,
        "dvar2": 0.0217606890947,
        "max": 0.88829356432,
        "mean": 0.393191516399,
        "median": 0.390200525522,
        "min": 0.0469467937946,
        "var": 0.0254943091422
    },
    "silence_rate_20dB": {
        "dmean": 0,
        "dmean2": 0,
        "dvar": 0,
        "dvar2": 0,
        "max": 1,
        "mean": 1,
        "median": 1,
        "min": 1,
        "var": 0
    },
    "silence_rate_30dB": {
        "dmean": 0.0673089250922,
        "dmean2": 0.134626507759,
        "dvar": 0.0627695843577,
        "dvar2": 0.127785012126,
        "max": 1,
        "mean": 0.912337064743,
        "median": 1,
        "min": 0,
        "var": 0.0799826532602
    },
    "silence_rate_60dB": {
        "dmean": 0.0443159937859,
        "dmean2": 0.0886376798153,
        "dvar": 0.0423457659781,
        "dvar2": 0.104017242789,
        "max": 1,
        "mean": 0.0453406982124,
        "median": 0,
        "min": 0,
        "var": 0.043283957988
    },
    "spectral_centroid": {
        "dmean": 679.944152832,
        "dmean2": 1093.24658203,
        "dvar": 721723.0625,
        "dvar2": 1774789.25,
        "max": 10982.0605469,
        "mean": 1797.99401855,
        "median": 1720.7755127,
        "min": 87.6574554443,
        "var": 1119524.375
    },
    "spectral_complexity": {
        "dmean": 5.59935760498,
        "dmean2": 8.28351211548,
        "dvar": 59.9468612671,
        "dvar2": 113.406959534,
        "max": 62,
        "mean": 12.081240654,
        "median": 9,
        "min": 0,
        "var": 127.995811462
    },
    "spectral_decrease": {
        "dmean": 5.52181456115e-09,
        "dmean2": 8.15443179647e-09,
        "dvar": 1.17429405259e-16,
        "dvar2": 2.16496499416e-16,
        "max": 1.22428455895e-21,
        "mean": -8.71246008671e-09,
        "median": -3.87497989252e-09,
        "min": -1.24414270886e-07,
        "var": 1.89580068753e-16
    },
    "spectral_energy": {
        "dmean": 0.0228880103678,
        "dmean2": 0.0336101278663,
        "dvar": 0.00177073804662,
        "dvar2": 0.00326487864368,
        "max": 0.484470486641,
        "mean": 0.0362416543067,
        "median": 0.0171596873552,
        "min": 1.09355393399e-20,
        "var": 0.0029185784515
    },
    "spectral_energyband_high": {
        "dmean": 0.00350055284798,
        "dmean2": 0.00624852301553,
        "dvar": 4.61862218799e-05,
        "dvar2": 0.000126346523757,
        "max": 0.0378782860935,
        "mean": 0.00272525567561,
        "median": 0.000434334971942,
        "min": 7.7458380016e-21,
        "var": 3.1250903703e-05
    },
    "spectral_energyband_low": {
        "dmean": 0.0181098673493,
        "dmean2": 0.0273312143981,
        "dvar": 0.00157612061594,
        "dvar2": 0.00293948268518,
        "max": 0.458132922649,
        "mean": 0.0263388380408,
        "median": 0.00884754769504,
        "min": 7.67711291917e-23,
        "var": 0.00240306579508
    },
    "spectral_energyband_middle_high": {
        "dmean": 0.00258341175504,
        "dmean2": 0.00421255128458,
        "dvar": 2.52018908213e-05,
        "dvar2": 6.71895395499e-05,
        "max": 0.0601989552379,
        "mean": 0.00325865997002,
        "median": 0.00102374679409,
        "min": 1.84055804618e-21,
        "var": 3.04355671688e-05
    },
    "spectral_energyband_middle_low": {
        "dmean": 0.00374684855342,
        "dmean2": 0.00592398270965,
        "dvar": 4.66255223728e-05,
        "dvar2": 0.000112943482236,
        "max": 0.103731758893,
        "mean": 0.00469889165834,
        "median": 0.00202040327713,
        "min": 3.47432947155e-22,
        "var": 5.21177207702e-05
    },
    "spectral_entropy": {
        "dmean": 0.310971617699,
        "dmean2": 0.449536532164,
        "dvar": 0.114235326648,
        "dvar2": 0.226661920547,
        "max": 9.79077911377,
        "mean": 7.67401885986,
        "median": 7.68918371201,
        "min": 4.97291898727,
        "var": 0.333633124828
    },
    "spectral_flux": {
        "dmean": 0.0479753091931,
        "dmean2": 0.0743860378861,
        "dvar": 0.00336929294281,
        "dvar2": 0.00744165759534,
        "max": 0.555805385113,
        "mean": 0.107617147267,
        "median": 0.0817048475146,
        "min": 1.04573127935e-10,
        "var": 0.00725708715618
    },
    "spectral_kurtosis": {
        "dmean": 1.90956842899,
        "dmean2": 3.11574292183,
        "dvar": 5.08103179932,
        "dvar2": 12.9070863724,
        "max": 57.7441825867,
        "mean": 3.04383420944,
        "median": 2.50573301315,
        "min": -1.13932394981,
        "var": 9.46403026581
    },
    "spectral_rms": {
        "dmean": 0.00163231871556,
        "dmean2": 0.00236286246218,
        "dvar": 4.17402452513e-06,
        "dvar2": 7.06643049853e-06,
        "max": 0.02174060978,
        "mean": 0.0049957674928,
        "median": 0.00409159623086,
        "min": 3.26631582025e-12,
        "var": 1.03998700069e-05
    },
    "spectral_rolloff": {
        "dmean": 2120.94091797,
        "dmean2": 3762.18457031,
        "dvar": 11194751,
        "dvar2": 24888182,
        "max": 19487.5488281,
        "mean": 2613.60131836,
        "median": 818.26171875,
        "min": 64.599609375,
        "var": 13443025
    },
    "spectral_skewness": {
        "dmean": 0.340126633644,
        "dmean2": 0.543874442577,
        "dvar": 0.107219591737,
        "dvar2": 0.266070097685,
        "max": 5.90004920959,
        "mean": 1.19745564461,
        "median": 1.18079984188,
        "min": -0.393784254789,
        "var": 0.246166735888
    },
    "spectral_spread": {
        "dmean": 1630143.125,
        "dmean2": 2397589.25,
        "dvar": 3.9190701015e+12,
        "dvar2": 7.73276460646e+12,
        "max": 39095116,
        "mean": 6144573,
        "median": 5043638.5,
        "min": 1146211.25,
        "var": 9.51330118042e+12
    },
    "spectral_strongpeak": {
        "dmean": 0.793895900249,
        "dmean2": 1.46650922298,
        "dvar": 5.64713335037,
        "dvar2": 16.2440643311,
        "max": 21.6197910309,
        "mean": 0.77837151289,
        "median": 0.338326752186,
        "min": 0,
        "var": 3.33397221565
    },
    "zerocrossingrate": {
        "dmean": 0.0311890039593,
        "dmean2": 0.0390973128378,
        "dvar": 0.00150959636085,
        "dvar2": 0.00215809512883,
        "max": 0.52001953125,
        "mean": 0.0771069824696,
        "median": 0.05615234375,
        "min": 0.00244140625,
        "var": 0.00443747546524
    },
    "barkbands": {
        "dmean": [0.000203979259823, 0.0143169071525, 0.00565664703026, 0.00137720827479, 0.00129374768585, 0.000462353869807, 0.000656273274217, 0.000368115288438, 0.000471463223221, 0.00024549884256, 0.000180135350092, 0.000201495087822, 0.000237695276155, 0.000229647877859, 0.000320244551403, 0.000423595309258, 0.000520011293702, 0.000452151434729, 0.000296429585433, 0.000234365390497, 0.000200755661353, 0.000158543902216, 0.000133733614348, 0.000353138515493, 0.00197844253853, 0.000298017286696, 0.000399071956053],
        "dmean2": [0.000322158128256, 0.0220627635717, 0.00949325412512, 0.00233828439377, 0.00212256168015, 0.000771615945268, 0.0010527104605, 0.000603467342444, 0.000760665454436, 0.000357525219442, 0.000276442704489, 0.000317844416713, 0.000352734467015, 0.00037305476144, 0.000540836947039, 0.000745499914046, 0.000908444228116, 0.00079598109005, 0.000506852404214, 0.000385592342354, 0.000326734618284, 0.000251141842455, 0.000215291642235, 0.000599722436164, 0.00370629434474, 0.000529281038325, 0.000738513539545],
        "dvar": [2.75375867886e-07, 0.00103111169301, 0.000211945691262, 1.22341516544e-05, 6.89483385941e-06, 1.64126686286e-06, 2.91730771096e-06, 1.84828547845e-06, 2.12296504287e-06, 6.60052421608e-07, 4.48235198292e-07, 5.60089461032e-07, 4.46438150448e-07, 3.17521624993e-07, 5.11749476573e-07, 1.04828541225e-06, 1.30779733354e-06, 1.23389111195e-06, 4.32267171391e-07, 2.08822314107e-07, 1.23754247738e-07, 6.89826293865e-08, 4.41464571566e-08, 3.91150365431e-07, 1.79391045094e-05, 3.11331831426e-07, 7.22689946997e-07],
        "dvar2": [6.84211897806e-07, 0.00201633642428, 0.000556944811251, 3.11324765789e-05, 1.75709228643e-05, 4.15826934841e-06, 6.79628374201e-06, 4.44576289738e-06, 5.10549398314e-06, 1.19044693747e-06, 8.96586698218e-07, 1.29200100218e-06, 8.49671494052e-07, 7.36173490168e-07, 1.2770245803e-06, 2.93781340588e-06, 3.60121589438e-06, 3.39505936608e-06, 1.18901823498e-06, 5.29600072241e-07, 2.95578985288e-07, 1.56677813834e-07, 1.03381367467e-07, 1.02240369415e-06, 4.96408429171e-05, 8.22002505174e-07, 1.98892871595e-06],
        "max": [0.0100439889356, 0.300260066986, 0.157261788845, 0.0612455680966, 0.0415033735335, 0.0433064289391, 0.0284710153937, 0.0470513105392, 0.0469164028764, 0.034992530942, 0.0269322767854, 0.0323931053281, 0.022817607969, 0.0124477520585, 0.017639843747, 0.0111203258857, 0.0170070771128, 0.022817125544, 0.00923990737647, 0.00615773629397, 0.0122619811445, 0.00449489289895, 0.00353039731272, 0.00418026885018, 0.0241052694619, 0.00294217607006, 0.00574501696974],
        "mean": [0.000207434102776, 0.0187861230224, 0.00662619294599, 0.00123188842554, 0.00138955784496, 0.000439814146375, 0.000650352740195, 0.000340197322657, 0.000519511348102, 0.000363549275789, 0.000201468734303, 0.000217461783905, 0.000297944410704, 0.000237320840824, 0.000304857094306, 0.000369243993191, 0.000493605504744, 0.000432142900536, 0.000297662889352, 0.000246653129579, 0.000211165781366, 0.000173774009454, 0.000144969671965, 0.000322198990034, 0.00124543451238, 0.000220797111979, 0.000270230520982],
        "median": [2.04865318665e-05, 0.00599155947566, 0.00162535486743, 0.000213959225221, 0.00042389947339, 5.55737424293e-05, 6.4198000473e-05, 2.96716898447e-05, 4.30015352322e-05, 7.99329354777e-05, 1.11915360321e-05, 1.62476680998e-05, 3.20492181345e-05, 2.82899036392e-05, 3.15759571095e-05, 6.2821280153e-05, 0.000102594487544, 9.93662324618e-05, 8.12241778476e-05, 7.52886844566e-05, 5.4075189837e-05, 5.0591184845e-05, 3.83593796869e-05, 3.392005965e-05, 1.88638277905e-05, 4.92461958856e-06, 1.14617387226e-06],
        "min": [2.151104255e-23, 4.66539028888e-23, 1.51796749014e-23, 2.57359527887e-23, 1.04389092685e-22, 1.48914298598e-23, 3.31423280141e-23, 5.1841761435e-23, 8.95912359285e-23, 7.54656275024e-23, 7.0509599399e-23, 5.6058248217e-23, 1.36565769755e-22, 9.63496344955e-23, 1.48703145777e-22, 1.93948180954e-22, 1.34606971329e-22, 3.05980439665e-22, 4.20261317988e-22, 3.6218555485e-22, 5.02741282089e-22, 6.65679757378e-22, 5.03713360673e-22, 8.28873545921e-22, 1.20017616189e-21, 1.47215399548e-21, 2.69543648651e-21],
        "var": [2.9998270179e-07, 0.00138680182863, 0.000207149088965, 1.04122591438e-05, 6.67905851515e-06, 1.55104032729e-06, 3.18739057548e-06, 1.93022970052e-06, 3.51316725755e-06, 1.579907007e-06, 8.34619982015e-07, 9.25651363559e-07, 9.23090453853e-07, 4.31722924077e-07, 6.25238612884e-07, 7.75643172801e-07, 1.08124697817e-06, 1.14171177756e-06, 3.54107299927e-07, 2.08118592582e-07, 1.48567508518e-07, 9.35328543505e-08, 5.52237366946e-08, 3.36843925197e-07, 1.08181247924e-05, 2.23249514875e-07, 4.53487558616e-07]
    },
    "erbbands": {
        "dmean": [0.353301107883, 3.66438770294, 7.7259812355, 4.49854707718, 3.79173755646, 5.17542695999, 3.3584485054, 4.51210832596, 9.31505012512, 7.80783367157, 9.33462810516, 10.5900735855, 7.63442373276, 7.58012008667, 6.99014282227, 8.1140127182, 10.2574520111, 11.0941581726, 13.3881511688, 18.0483016968, 25.3856182098, 28.2128353119, 23.7612094879, 19.4228973389, 13.3433694839, 11.734618187, 8.26042842865, 7.57485342026, 5.50940942764, 4.84829950333, 3.63300538063, 5.9009308815, 14.9051532745, 26.9773025513, 5.45486402512, 1.26487326622, 0.727956950665, 0.412589401007, 0.0640709772706, 0.00105926312972],
        "dmean2": [0.539798140526, 5.71468782425, 12.8694295883, 7.32068872452, 6.27291679382, 8.68241500854, 5.67638158798, 7.46154356003, 15.0509376526, 12.5684480667, 15.0771818161, 16.6849422455, 11.6267871857, 10.6628112793, 10.8312692642, 12.5017223358, 15.0449857712, 17.2165622711, 21.7818317413, 30.7106189728, 44.9331245422, 48.9020996094, 41.1624183655, 34.4141464233, 22.3365859985, 19.5626907349, 13.2814044952, 12.3872709274, 8.59884166718, 7.90186262131, 5.79764080048, 10.0057125092, 27.1310214996, 51.0340576172, 9.88117313385, 2.25740385056, 1.30799031258, 0.755906641483, 0.117661044002, 0.00190893770196],
        "dvar": [0.662088751793, 68.5832214355, 368.614898682, 113.538459778, 67.5538482666, 133.381271362, 63.3008918762, 169.402832031, 547.065307617, 741.23260498, 940.91796875, 1088.67590332, 516.249145508, 658.081481934, 707.059814453, 853.208312988, 745.674194336, 742.825256348, 811.653930664, 1694.62805176, 3942.47607422, 3794.73510742, 3072.87939453, 2345.40405273, 787.940856934, 575.825927734, 234.736968994, 169.988372803, 87.1409683228, 62.249004364, 32.6008644104, 100.812828064, 931.132751465, 3493.53027344, 114.40209198, 5.72891521454, 1.94465851784, 0.723206579685, 0.0181220304221, 4.55548024547e-06],
        "dvar2": [1.44974124432, 140.193908691, 947.841430664, 273.943115234, 171.497299194, 354.322479248, 160.690994263, 431.084320068, 1262.95446777, 1828.36987305, 2280.93676758, 2459.08642578, 1105.07629395, 1154.51513672, 1475.98144531, 1872.4609375, 1458.19348145, 1693.70068359, 1912.78283691, 4457.38476562, 11198.4501953, 10390.6904297, 8344.296875, 6620.08251953, 2104.78881836, 1505.31689453, 549.96697998, 396.026123047, 196.116363525, 148.882888794, 75.9349365234, 262.066070557, 2543.78564453, 9721.30371094, 308.476837158, 15.200884819, 5.19399595261, 1.97430884838, 0.0496842861176, 1.23867012007e-05],
        "max": [7.19092178345, 85.5856018066, 222.756225586, 117.107933044, 233.654678345, 178.987930298, 161.74697876, 413.464385986, 459.438293457, 865.063720703, 800.207519531, 1257.37536621, 909.710144043, 1115.29675293, 1274.24914551, 1567.5670166, 1008.17132568, 848.72454834, 717.500305176, 1084.96252441, 575.470703125, 776.136169434, 1112.87255859, 788.22454834, 584.558654785, 301.483703613, 529.96081543, 305.41696167, 172.830215454, 216.046600342, 95.5972595215, 91.5416488647, 187.683105469, 345.55279541, 52.7226295471, 12.0163402557, 9.01164150238, 5.21737003326, 0.917111933231, 0.0140675641596],
        "mean": [0.397038310766, 4.70690202713, 9.29499053955, 4.93879175186, 4.03712177277, 5.11662626266, 3.20893216133, 4.35083246231, 9.31106948853, 7.34510040283, 8.97014045715, 12.3744697571, 11.2678127289, 10.7045860291, 7.74352884293, 9.31995391846, 13.1401233673, 13.1277971268, 14.0791072845, 17.2749423981, 22.5888252258, 27.384344101, 23.5695438385, 18.8723888397, 13.6191387177, 12.1273460388, 9.46434116364, 7.7422003746, 6.09343242645, 5.26962089539, 3.97815346718, 5.35477256775, 10.7916822433, 16.5882854462, 3.94242286682, 0.912518203259, 0.517367720604, 0.286322146654, 0.0449688918889, 0.000804812472779],
        "median": [0.077880308032, 1.57405221462, 2.92260694504, 1.22807943821, 1.08361947536, 1.20843017101, 0.558042407036, 0.616573870182, 1.09150123596, 0.759521782398, 1.01943898201, 1.11485421658, 2.94518208504, 1.00997102261, 0.561041533947, 0.875551462173, 1.68444025517, 1.83364200592, 1.92431211472, 2.12967395782, 4.88815498352, 5.50505399704, 5.14448738098, 5.2289276123, 3.91216278076, 3.75965309143, 2.71411967278, 1.8142285347, 1.77758300304, 1.54939699173, 1.0335958004, 0.780121564865, 0.556852579117, 0.272587478161, 0.0857307836413, 0.0246227905154, 0.00869547948241, 0.00281330407597, 0.000149914834765, 4.20643555117e-05],
        "min": [1.60118346777e-21, 9.69724350053e-21, 1.59467836676e-20, 4.62619046017e-20, 2.97754983523e-19, 3.56944900381e-19, 1.19598839444e-19, 1.85148250098e-19, 5.24828055788e-19, 7.1231293602e-19, 1.52947256564e-18, 1.79239512867e-18, 1.98457441397e-18, 2.80431329615e-18, 2.36473442259e-18, 2.71671321492e-18, 6.96194329168e-18, 4.98578482005e-18, 6.48973731283e-18, 8.20765165158e-18, 1.02152595301e-17, 8.83149555314e-18, 1.49483166848e-17, 2.17441546648e-17, 2.09370960479e-17, 1.74304937971e-17, 1.82496491034e-17, 1.84915944695e-17, 2.07567061542e-17, 2.23804054484e-17, 1.65819140221e-17, 1.62203087086e-17, 1.40840469479e-17, 1.13912696516e-17, 9.32249011241e-18, 5.45125010408e-18, 2.72532581945e-18, 1.25286119746e-18, 4.03747451523e-19, 3.85502128419e-20],
        "var": [0.804524958134, 86.0579223633, 361.611602783, 122.861572266, 65.1514511108, 115.294082642, 64.6033554077, 153.60446167, 601.703491211, 679.499450684, 983.037475586, 2265.20410156, 979.733459473, 1959.86340332, 1080.54199219, 1638.89709473, 1514.5057373, 1191.20263672, 1175.21508789, 1965.8861084, 2706.35009766, 3267.24194336, 2984.30810547, 1796.80822754, 700.917541504, 518.839904785, 319.868927002, 198.83493042, 121.22278595, 76.5826339722, 41.3298530579, 87.8081359863, 608.600158691, 2062.14819336, 77.0611495972, 4.0136475563, 1.33571076393, 0.465837806463, 0.0117019508034, 3.14158273795e-06]
    },
    "gfcc": {
        "mean": [-32.6375083923, 60.0598754883, -85.4751052856, 59.7126312256, -32.9158744812, 18.8378181458, -25.6324253082, 18.8264770508, -12.964015007, -1.96249973774, -13.2570428848, -5.72434711456, -9.9033908844],
        "cov": [[8225.60644531, -2882.94384766, 796.855163574, -1009.99456787, -256.549560547, -66.7590866089, -710.104797363, 117.509521484, -373.776519775, 501.962432861, -242.083526611, 280.011810303, -75.4940567017], [-2882.94384766, 3845.66064453, -1760.86914062, 507.616821289, 97.4264068604, -216.462585449, 403.611877441, -182.618331909, 362.829956055, -382.954101562, 289.014892578, -153.793060303, 59.6319885254], [796.855163574, -1760.86914062, 2238.12060547, 24.5194396973, 67.1419525146, 65.0603637695, -146.378799438, 44.8875999451, -178.322814941, 156.766586304, -132.935943604, 74.2152023315, 21.9959125519], [-1009.99456787, 507.616821289, 24.5194396973, 788.080322266, 120.560203552, -69.7671966553, 14.8749399185, -96.3432617188, 133.817993164, -109.333343506, 46.2035293579, -25.8017559052, 21.3192520142], [-256.549560547, 97.4264068604, 67.1419525146, 120.560203552, 517.858032227, 68.6107559204, 47.575340271, 25.8271827698, 10.6053209305, -39.2158088684, 27.349395752, -83.3865661621, 20.2861385345], [-66.7590866089, -216.462585449, 65.0603637695, -69.7671966553, 68.6107559204, 327.026947021, 109.440010071, 7.57972669601, -28.9305610657, 7.01267290115, -12.2295608521, -3.68902254105, -18.4068050385], [-710.104797363, 403.611877441, -146.378799438, 14.8749399185, 47.575340271, 109.440010071, 316.680328369, 51.1953086853, 41.1125946045, -82.7691268921, 24.9201412201, -38.5629692078, 29.1965389252], [117.509521484, -182.618331909, 44.8875999451, -96.3432617188, 25.8271827698, 7.57972669601, 51.1953086853, 180.804702759, -4.02619838715, 7.12986040115, -29.9262256622, -5.21388292313, 7.12379980087], [-373.776519775, 362.829956055, -178.322814941, 133.817993164, 10.6053209305, -28.9305610657, 41.1125946045, -4.02619838715, 163.662490845, -16.0237121582, 33.3160209656, -44.4885063171, -0.520185291767], [501.962432861, -382.954101562, 156.766586304, -109.333343506, -39.2158088684, 7.01267290115, -82.7691268921, 7.12986040115, -16.0237121582, 162.652755737, -6.65212488174, 26.1072769165, -32.6823921204], [-242.083526611, 289.014892578, -132.935943604, 46.2035293579, 27.349395752, -12.2295608521, 24.9201412201, -29.9262256622, 33.3160209656, -6.65212488174, 122.98285675, -4.12423753738, -3.06717705727], [280.011810303, -153.793060303, 74.2152023315, -25.8017559052, -83.3865661621, -3.68902254105, -38.5629692078, -5.21388292313, -44.4885063171, 26.1072769165, -4.12423753738, 123.388954163, 10.9580669403], [-75.4940567017, 59.6319885254, 21.9959125519, 21.3192520142, 20.2861385345, -18.4068050385, 29.1965389252, 7.12379980087, -0.520185291767, -32.6823921204, -3.06717705727, 10.9580669403, 87.5221786499]],
        "icov": [[0.000222525355639, 9.6005249361e-05, 4.62429961772e-05, 0.000179503986146, -5.24876013515e-05, 6.15757817286e-05, 0.000281375017948, -1.46109932757e-05, 2.52283589361e-05, -0.000214800369577, 0.000124033191241, -0.000259706750512, -3.95710812882e-05], [9.6005249361e-05, 0.000873655604664, 0.000419214105932, 1.13176220111e-05, -0.000128181025502, 0.000629134185147, -0.000648816057947, 0.000716757320333, -0.000756098655984, 0.000854236946907, -0.000770580489188, -9.80771364993e-05, -6.63329785766e-07], [4.62429961772e-05, 0.000419214105932, 0.000799048983026, -0.000259648921201, -0.000143199562444, 0.00018700392684, -0.000218133602175, 0.000176894507604, 0.000292512209853, -0.000287268310785, 9.90894259303e-05, -6.89387525199e-05, -0.000345845939592], [0.000179503986146, 1.13176220111e-05, -0.000259648921201, 0.00214707176201, -0.000535488536116, 0.000338395184372, 0.000385280611226, 0.000946081068832, -0.00176946062129, 0.00119369057938, 6.41388178337e-05, -0.000888125679921, 0.00022780674044], [-5.24876013515e-05, -0.000128181025502, -0.000143199562444, -0.000535488536116, 0.00258221430704, -0.000805620162282, 0.000329891947331, -0.00080233468907, 0.000757454894483, 3.73328111891e-05, -0.0008286498487, 0.0020384544041, -0.000870017975103], [6.15757817286e-05, 0.000629134185147, 0.00018700392684, 0.000338395184372, -0.000805620162282, 0.00457130465657, -0.00248366896994, 0.00130959239323, -2.34354120039e-05, 3.31963492499e-05, 0.000195830842131, -0.000665207102429, 0.00146749673877], [0.000281375017948, -0.000648816057947, -0.000218133602175, 0.000385280611226, 0.000329891947331, -0.00248366896994, 0.0062338351272, -0.00231638900004, -0.000225853684242, 0.00110018264968, -0.000347066234099, 0.000572654476855, -0.00151844543871], [-1.46109932757e-05, 0.000716757320333, 0.000176894507604, 0.000946081068832, -0.00080233468907, 0.00130959239323, -0.00231638900004, 0.00756256934255, -0.00147431355435, 0.000437093287474, 0.00115013576578, -0.00048380024964, 9.8033597169e-05], [2.52283589361e-05, -0.000756098655984, 0.000292512209853, -0.00176946062129, 0.000757454894483, -2.34354120039e-05, -0.000225853684242, -0.00147431355435, 0.0102621037513, -0.00281135644764, -0.00051486218581, 0.00315411994234, -0.000492497696541], [-0.000214800369577, 0.000854236946907, -0.000287268310785, 0.00119369057938, 3.73328111891e-05, 3.31963492499e-05, 0.00110018264968, 0.000437093287474, -0.00281135644764, 0.0108433077112, -0.00193662638776, -0.0012521003373, 0.00273114745505], [0.000124033191241, -0.000770580489188, 9.90894259303e-05, 6.41388178337e-05, -0.0008286498487, 0.000195830842131, -0.000347066234099, 0.00115013576578, -0.00051486218581, -0.00193662638776, 0.010828579776, -0.00137578626163, 0.000672404479701], [-0.000259706750512, -9.80771364993e-05, -6.89387525199e-05, -0.000888125679921, 0.0020384544041, -0.000665207102429, 0.000572654476855, -0.00048380024964, 0.00315411994234, -0.0012521003373, -0.00137578626163, 0.0115331728011, -0.00262857880443], [-3.95710812882e-05, -6.63329785766e-07, -0.000345845939592, 0.00022780674044, -0.000870017975103, 0.00146749673877, -0.00151844543871, 9.8033597169e-05, -0.000492497696541, 0.00273114745505, 0.000672404479701, -0.00262857880443, 0.013801869005]]
    },
    "melbands": {
        "dmean": [0.00359227065928, 0.00430475827307, 0.000767082616221, 0.000312879128614, 0.000148812818225, 0.000105323641037, 0.000137361537782, 8.16937463242e-05, 8.1163350842e-05, 6.59539582557e-05, 3.8406386011e-05, 3.18109159707e-05, 2.40025692619e-05, 2.27643613471e-05, 1.96209130081e-05, 2.58382424363e-05, 2.16164116864e-05, 2.0709936507e-05, 2.58343297901e-05, 2.59859607468e-05, 3.15446595778e-05, 3.00606443489e-05, 2.59509379248e-05, 2.02457486012e-05, 1.56362784764e-05, 1.19133255794e-05, 7.82305778557e-06, 7.86391319707e-06, 5.27742986378e-06, 4.9563018365e-06, 4.452866051e-06, 3.07753180095e-06, 3.23672838931e-06, 2.58910404227e-06, 2.00184490495e-06, 2.19633466259e-06, 4.35744232163e-06, 4.9520444918e-06, 3.30611437676e-05, 1.66304726008e-05],
        "dmean2": [0.00546271400526, 0.00670087710023, 0.00123562780209, 0.000514078885317, 0.000252444151556, 0.000174726403202, 0.000220469737542, 0.000132397733978, 0.000131396489451, 0.000104819759144, 5.81515450904e-05, 4.48425162176e-05, 3.72588328901e-05, 3.55277625204e-05, 3.07332229568e-05, 3.71259993699e-05, 3.43833053194e-05, 3.37030360242e-05, 4.39688046754e-05, 4.49296094303e-05, 5.64105939702e-05, 5.23747548868e-05, 4.43675271526e-05, 3.59242076229e-05, 2.78025545413e-05, 2.05950855161e-05, 1.29708250824e-05, 1.313372195e-05, 8.43401267048e-06, 8.23044501885e-06, 7.32283524485e-06, 4.79474738313e-06, 5.35668505108e-06, 4.25798634751e-06, 3.18240927299e-06, 3.60886565431e-06, 7.54701977712e-06, 8.37973857415e-06, 6.26743712928e-05, 3.1338629924e-05],
        "dvar": [6.49613357382e-05, 9.73832648015e-05, 3.13834379995e-06, 4.20042169935e-07, 1.13171061855e-07, 8.99572398794e-08, 1.15966592773e-07, 8.42514040755e-08, 6.86059706823e-08, 4.18014849402e-08, 1.37486431129e-08, 1.20457164243e-08, 7.81230724556e-09, 7.98746579989e-09, 4.51402915047e-09, 5.36285948982e-09, 3.07291325718e-09, 2.17058793162e-09, 3.70595176769e-09, 3.62186103331e-09, 6.30188878858e-09, 4.38972369565e-09, 3.16094439512e-09, 2.72471245566e-09, 1.48784495835e-09, 7.09789893527e-10, 2.53372905989e-10, 2.60186927559e-10, 1.11451708973e-10, 8.57526341602e-11, 5.86610621189e-11, 3.21813617421e-11, 2.90318498408e-11, 1.8128117063e-11, 1.05336876374e-11, 1.2323851141e-11, 5.88078474806e-11, 7.46419523412e-11, 5.27839505438e-09, 1.31191291164e-09],
        "dvar2": [0.000128123458126, 0.000223918745178, 7.51520838094e-06, 1.08625783923e-06, 2.91320532142e-07, 2.29173352295e-07, 2.65747161166e-07, 2.0663998157e-07, 1.69625678836e-07, 9.53494208034e-08, 2.87285892853e-08, 2.07494252891e-08, 1.6128510083e-08, 1.8247014566e-08, 9.65365298811e-09, 9.61026369595e-09, 7.22281345844e-09, 4.95935115197e-09, 9.34690991272e-09, 9.79974412729e-09, 1.79239627585e-08, 1.20176819607e-08, 8.34270075245e-09, 7.58154428127e-09, 4.19493728643e-09, 1.95903204769e-09, 6.3703198272e-10, 6.78287981337e-10, 2.61053650918e-10, 2.08230183096e-10, 1.38077244083e-10, 7.37346503299e-11, 6.97502333669e-11, 4.38024928828e-11, 2.42977738624e-11, 2.96116846321e-11, 1.55174970096e-10, 1.92362750728e-10, 1.47046410603e-08, 3.64717944734e-09],
        "max": [0.073027856648, 0.122747719288, 0.0248095132411, 0.0124601516873, 0.00525110587478, 0.0087561653927, 0.00662638666108, 0.0109100267291, 0.00635135639459, 0.00737566873431, 0.00486391969025, 0.00514120841399, 0.00336334505118, 0.00450884783641, 0.00295481318608, 0.00305047235452, 0.00157316355035, 0.00111651804764, 0.00163956452161, 0.00104516779538, 0.000761343864724, 0.000813028076664, 0.00114346120972, 0.00127352285199, 0.000582170614507, 0.000436048809206, 0.000320656516124, 0.000227082957281, 0.000263571302639, 0.000366856605979, 0.000123650490423, 0.000113921960292, 0.000115939736133, 0.000112119087134, 6.16993856966e-05, 5.42393609066e-05, 5.57079838472e-05, 5.55829683435e-05, 0.000424427795224, 0.000215650332393],
        "mean": [0.00455464562401, 0.00552698876709, 0.000873737677466, 0.00033187380177, 0.000140907141031, 9.97851529974e-05, 0.000139142226544, 7.57969537517e-05, 7.68425888964e-05, 7.6781376265e-05, 5.49733049411e-05, 4.37411472376e-05, 2.62014600594e-05, 2.47034768108e-05, 2.20800102397e-05, 3.27519373968e-05, 2.3087262889e-05, 2.15395048144e-05, 2.38904522121e-05, 2.34162180277e-05, 2.7231822969e-05, 2.82985620288e-05, 2.56484472629e-05, 1.90480132005e-05, 1.48275294123e-05, 1.14772092275e-05, 7.83678478911e-06, 8.05986655905e-06, 6.11676523476e-06, 4.98123972648e-06, 4.40167332272e-06, 3.32826834892e-06, 3.44485647474e-06, 2.7373832836e-06, 2.23433153224e-06, 2.1626999569e-06, 3.78117465516e-06, 4.34213734479e-06, 2.01521161216e-05, 1.03984375528e-05],
        "median": [0.00118128221948, 0.00195047771558, 0.000232967140619, 9.78997923085e-05, 2.49260992859e-05, 1.22623605421e-05, 1.60388754011e-05, 6.89160424372e-06, 6.94623577147e-06, 7.41448957342e-06, 1.31172864712e-05, 3.45069315699e-06, 1.60721231168e-06, 1.92380298358e-06, 2.31480930779e-06, 3.50141840499e-06, 2.90233856504e-06, 2.61243417299e-06, 2.18097466131e-06, 3.1943779959e-06, 5.95184246777e-06, 5.44629847354e-06, 4.68535699838e-06, 4.30473482993e-06, 3.96168161387e-06, 2.88121054837e-06, 2.22399535232e-06, 2.28579756367e-06, 1.58930379257e-06, 1.0653575373e-06, 8.98841790331e-07, 9.24271205349e-07, 9.92243030851e-07, 7.52222376832e-07, 5.81232825425e-07, 4.79131983866e-07, 4.36287820094e-07, 3.7396594621e-07, 3.34523036827e-07, 1.90307616776e-07],
        "min": [1.52314289099e-23, 1.03219041569e-23, 1.59798117844e-23, 2.5750305324e-23, 6.17656197898e-24, 3.99992237537e-24, 7.42690769705e-24, 8.7689825556e-24, 1.59517867119e-23, 1.00566512552e-23, 9.71604951537e-24, 1.11193328804e-23, 8.41214290285e-24, 6.06111297436e-24, 1.22480792398e-23, 1.27163115744e-23, 8.68001482271e-24, 9.00678704206e-24, 1.21735800048e-23, 1.36759876869e-23, 9.87292239498e-24, 9.30624889688e-24, 9.08564000043e-24, 1.63115814376e-23, 1.84434275468e-23, 1.31581312682e-23, 1.59239840981e-23, 1.04510446314e-23, 8.59892465482e-24, 1.48061871281e-23, 9.71802245649e-24, 1.11875882814e-23, 1.33862453873e-23, 1.09799032931e-23, 9.24906594758e-24, 9.76249843433e-24, 9.64391134103e-24, 1.03409843356e-23, 9.73846184254e-24, 9.47468647736e-24],
        "var": [8.81259256857e-05, 0.000113320238597, 3.50516029357e-06, 3.9488514858e-07, 1.07600385491e-07, 8.06349760296e-08, 1.30819216793e-07, 7.8877619103e-08, 6.92508308475e-08, 8.79508590401e-08, 2.63578172621e-08, 3.48764963576e-08, 1.245170278e-08, 1.23189396461e-08, 7.6346147182e-09, 1.23686749731e-08, 4.19766221782e-09, 3.23246696077e-09, 4.33531610611e-09, 3.32110716705e-09, 4.20639745258e-09, 3.69113939414e-09, 3.19383386405e-09, 2.54073473371e-09, 1.12062181756e-09, 5.70474223416e-10, 2.47701748002e-10, 2.37489278243e-10, 1.56190227418e-10, 9.45641065453e-11, 6.66321095522e-11, 4.25550011895e-11, 3.44363773608e-11, 2.18080969949e-11, 1.38867068886e-11, 1.31947829399e-11, 4.82381252997e-11, 6.48668480041e-11, 3.10372527679e-09, 7.8027601047e-10]
    },
    "mfcc": {
        "mean": [-685.798156738, 88.6660690308, 18.7872982025, 46.1938476562, 26.2652187347, 9.93005466461, 10.3726530075, 15.6324052811, 11.2676343918, 9.08977222443, 5.85329437256, 3.73084783554, -1.31619548798],
        "cov": [[7315.14160156, -1333.90197754, -254.68687439, -807.936462402, -41.2126121521, -353.725891113, -236.378005981, -520.272827148, -74.9901733398, -215.33026123, -107.257736206, -55.9602012634, 41.6693954468], [-1333.90197754, 2205.78344727, -893.829589844, 230.910385132, -199.845489502, 41.5511054993, -38.5379981995, 264.634338379, -136.465835571, 143.258956909, -53.912021637, 77.1702651978, 22.5455188751], [-254.68687439, -893.829589844, 1514.5255127, 109.883895874, 133.713226318, 33.2007789612, 53.80701828, -141.077224731, 96.5865478516, -140.621185303, 32.6675987244, -43.4952049255, 15.33522892], [-807.936462402, 230.910385132, 109.883895874, 717.044372559, 173.140426636, 53.03956604, -105.319725037, 80.7294311523, -52.7851905823, 68.28565979, -31.6056365967, -43.9762878418, 13.839058876], [-41.2126121521, -199.845489502, 133.713226318, 173.140426636, 448.307525635, 50.7840423584, 60.0328903198, -44.7955780029, 18.7771072388, 29.361738205, 22.2636222839, -59.6934280396, 0.572149336338], [-353.725891113, 41.5511054993, 33.2007789612, 53.03956604, 50.7840423584, 298.201873779, 52.0276565552, 63.751411438, -17.8459205627, 23.4013214111, 17.7545852661, 6.58992195129, -0.249756395817], [-236.378005981, -38.5379981995, 53.80701828, -105.319725037, 60.0328903198, 52.0276565552, 277.182037354, 63.9258651733, 80.3168258667, -10.2593584061, 27.0614871979, 13.7124843597, -15.1888694763], [-520.272827148, 264.634338379, -141.077224731, 80.7294311523, -44.7955780029, 63.751411438, 63.9258651733, 234.100631714, 29.2519493103, 40.2821235657, -1.27728068829, 5.76560497284, -11.6508817673], [-74.9901733398, -136.465835571, 96.5865478516, -52.7851905823, 18.7771072388, -17.8459205627, 80.3168258667, 29.2519493103, 175.183990479, 22.6209545135, 21.7401714325, -17.0946350098, -29.0743865967], [-215.33026123, 143.258956909, -140.621185303, 68.28565979, 29.361738205, 23.4013214111, -10.2593584061, 40.2821235657, 22.6209545135, 155.703887939, 31.3479232788, 1.07121479511, -25.8138027191], [-107.257736206, -53.912021637, 32.6675987244, -31.6056365967, 22.2636222839, 17.7545852661, 27.0614871979, -1.27728068829, 21.7401714325, 31.3479232788, 112.696846008, 28.0130977631, -12.7592544556], [-55.9602012634, 77.1702651978, -43.4952049255, -43.9762878418, -59.6934280396, 6.58992195129, 13.7124843597, 5.76560497284, -17.0946350098, 1.07121479511, 28.0130977631, 123.516891479, 34.4177360535], [41.6693954468, 22.5455188751, 15.33522892, 13.839058876, 0.572149336338, -0.249756395817, -15.1888694763, -11.6508817673, -29.0743865967, -25.8138027191, -12.7592544556, 34.4177360535, 106.827278137]],
