{
"lowlevel": {
    "average_loudness": 0.92356210947,
    "barkbands_crest": {
        "dmean": 3.34618639946,
        "dmean2": 5.51073598862,
        "dvar": 8.30913734436,
        "dvar2": 21.2651386261,
        "max": 25.8203353882,
        "mean": 11.2819004059,
        "median": 10.6368427277,
        "min": 2.70781350136,
        "var": 16.3991718292
    },
    "barkbands_flatness_db": {
        "dmean": 0.0276899579912,
        "dmean2": 0.0430014245212,
        "dvar": 0.000629340531304,
        "dvar2": 0.00147495954297,
        "max": 0.547460377216,
        "mean": 0.168681353331,
        "median": 0.161379605532,
        "min": 0.0390369780362,
        "var": 0.0031836302951
    },
    "barkbands_kurtosis": {
        "dmean": 6.13162946701,
        "dmean2": 9.88423061371,
        "dvar": 218.227310181,
        "dvar2": 554.515563965,
        "max": 504.738220215,
        "mean": 7.68199634552,
        "median": 3.89796113968,
        "min": -1.90337228775,
        "var": 286.874084473
    },
    "barkbands_skewness": {
        "dmean": 0.839797019958,
        "dmean2": 1.26009130478,
        "dvar": 0.752494156361,
        "dvar2": 1.73488247395,
        "max": 18.2055034637,
        "mean": 2.07051324844,
        "median": 1.8834053278,
        "min": -2.16514873505,
        "var": 2.0833363533
    },
    "barkbands_spread": {
        "dmean": 7.45322751999,
        "dmean2": 11.6452322006,
        "dvar": 63.7810249329,
        "dvar2": 142.343521118,
        "max": 117.383346558,
        "mean": 20.8209953308,
        "median": 17.9243431091,
        "min": 0.147022366524,
        "var": 176.867797852
    },
    "dissonance": {
        "dmean": 0.0273577496409,
        "dmean2": 0.0456075519323,
        "dvar": 0.000701529846992,
        "dvar2": 0.00184256385546,
        "max": 0.500000059605,
        "mean": 0.451261013746,
        "median": 0.460248827934,
        "min": 0.233726859093,
        "var": 0.0012723961845
    },
    "dynamic_complexity": 3.0683760643,
    "erbbands_crest": {
        "dmean": 4.2580704689,
        "dmean2": 7.10960006714,
        "dvar": 14.0291147232,
        "dvar2": 36.2764472961,
        "max": 32.4957122803,
        "mean": 11.3899860382,
        "median": 10.0876598358,
        "min": 2.66991496086,
        "var": 29.021528244
    },
    "erbbands_flatness_db": {
        "dmean": 0.024187490344,
        "dmean2": 0.0363716557622,
        "dvar": 0.000462915486423,
        "dvar2": 0.000972005480435,
        "max": 0.34854593873,
        "mean": 0.155835360289,
        "median": 0.148086875677,
        "min": 0.0422008596361,
        "var": 0.00204792735167
    },
    "erbbands_kurtosis": {
        "dmean": 1.63110435009,
        "dmean2": 2.68356585503,
        "dvar": 7.34063625336,
        "dvar2": 18.9228153229,
        "max": 55.0699768066,
        "mean": 0.814839780331,
        "median": -0.338405132294,
        "min": -1.85451066494,
        "var": 12.9977560043
    },
    "erbbands_skewness": {
        "dmean": 0.615191936493,
        "dmean2": 0.960422575474,
        "dvar": 0.305424511433,
        "dvar2": 0.707116246223,
        "max": 6.12084388733,
        "mean": 0.471229404211,
        "median": 0.399064600468,
        "min": -2.93962550163,
        "var": 0.858921170235
    },
    "erbbands_spread": {
        "dmean": 14.4159126282,
        "dmean2": 21.5589008331,
        "dvar": 185.037231445,
        "dvar2": 379.395935059,
        "max": 176.464035034,
        "mean": 49.3942604065,
        "median": 47.3884544373,
        "min": 2.28783559799,
        "var": 649.641418457
    },
    "hfc": {
        "dmean": 7.4354224205,
        "dmean2": 10.5119400024,
        "dvar": 76.4346466064,
        "dvar2": 150.478881836,
        "max": 106.110115051,
        "mean": 17.72681427,
        "median": 13.1450595856,
        "min": 1.09011135226e-16,
        "var": 205.060028076
    },
    "melbands_crest": {
        "dmean": 4.06885910034,
        "dmean2": 6.61193847656,
        "dvar": 11.6163787842,
        "dvar2": 29.8350353241,
        "max": 36.0461044312,
        "mean": 16.5955657959,
        "median": 15.9981527328,
        "min": 1.68145370483,
        "var": 29.5578994751
    },
    "melbands_flatness_db": {
        "dmean": 0.0322807952762,
        "dmean2": 0.0486800260842,
        "dvar": 0.000881317653693,
        "dvar2": 0.00195220974274,
        "max": 0.694950282574,
        "mean": 0.235205516219,
        "median": 0.227033302188,
        "min": 0.00348267331719,
        "var": 0.00539492117241
    },
    "melbands_kurtosis": {
        "dmean": 16.8923339844,
        "dmean2": 26.3131332397,
        "dvar": 768.542419434,
        "dvar2": 1802.54443359,
        "max": 811.727966309,
        "mean": 25.5490341187,
        "median": 14.6637477875,
        "min": -1.69454336166,
        "var": 1198.98547363
    },
    "melbands_skewness": {
        "dmean": 1.33183574677,
        "dmean2": 1.96589446068,
        "dvar": 1.74971783161,
        "dvar2": 3.57075572014,
        "max": 23.8091754913,
        "mean": 3.58116602898,
        "median": 3.21227884293,
        "min": -1.98062491417,
        "var": 5.42548513412
    },
    "melbands_spread": {
        "dmean": 7.31816482544,
        "dmean2": 11.454366684,
        "dvar": 84.7512969971,
        "dvar2": 205.225280762,
        "max": 190.021057129,
        "mean": 17.9513702393,
        "median": 14.8371362686,
        "min": 0.208226799965,
        "var": 197.910385132
    },
    "pitch_salience": {
        "dmean": 0.0844811871648,
        "dmean2": 0.138779073954,
        "dvar": 0.00538562983274,
        "dvar2": 0.0138758635148,
        "max": 0.828227579594,
        "mean": 0.469884157181,
        "median": 0.470823347569,
        "min": 0.0649295300245,
        "var": 0.0120229972526
    },
    "silence_rate_20dB": {
        "dmean": 0,
        "dmean2": 0,
        "dvar": 0,
        "dvar2": 0,
        "max": 1,
        "mean": 1,
        "median": 1,
        "min": 1,
        "var": 0
    },
    "silence_rate_30dB": {
        "dmean": 0.00502842152491,
        "dmean2": 0.0100579429418,
        "dvar": 0.00500360364094,
        "dvar2": 0.0127992006019,
        "max": 1,
        "mean": 0.996174454689,
        "median": 1,
        "min": 0,
        "var": 0.00381124205887
    },
    "silence_rate_60dB": {
        "dmean": 0.00765194557607,
        "dmean2": 0.0153055647388,
        "dvar": 0.00759286945686,
        "dvar2": 0.0200999397784,
        "max": 1,
        "mean": 0.0267788823694,
        "median": 0,
        "min": 0,
        "var": 0.0260618142784
    },
    "spectral_centroid": {
        "dmean": 343.733734131,
        "dmean2": 540.594116211,
        "dvar": 125129.125,
        "dvar2": 292033.71875,
        "max": 11593.4453125,
        "mean": 1233.6505127,
        "median": 1115.57775879,
        "min": 94.178314209,
        "var": 486205.8125
    },
    "spectral_complexity": {
        "dmean": 3.27896809578,
        "dmean2": 4.71280193329,
        "dvar": 12.0207777023,
        "dvar2": 21.6449184418,
        "max": 46,
        "mean": 12.5166683197,
        "median": 12,
        "min": 0,
        "var": 38.2981376648
    },
    "spectral_decrease": {
        "dmean": 3.43361361566e-09,
        "dmean2": 5.04234387577e-09,
        "dvar": 1.74451415114e-17,
        "dvar2": 3.64717861796e-17,
        "max": 1.57088391655e-28,
        "mean": -7.6285191497e-09,
        "median": -5.90242787979e-09,
        "min": -6.15087429878e-08,
        "var": 3.61393025868e-17
    },
    "spectral_energy": {
        "dmean": 0.0134823694825,
        "dmean2": 0.0197380874306,
        "dvar": 0.000263906054897,
        "dvar2": 0.000548671116121,
        "max": 0.235558018088,
        "mean": 0.0303997080773,
        "median": 0.0235799085349,
        "min": 1.03124574655e-20,
        "var": 0.000555520993657
    },
    "spectral_energyband_high": {
        "dmean": 0.000350271177012,
        "dmean2": 0.000515135528985,
        "dvar": 3.98495018317e-07,
        "dvar2": 8.97259326393e-07,
        "max": 0.00847302284092,
        "mean": 0.000654146599118,
        "median": 0.000381834193831,
        "min": 6.99149694277e-21,
        "var": 6.38095229988e-07
    },
    "spectral_energyband_low": {
        "dmean": 0.00671995338053,
        "dmean2": 0.0104008093476,
        "dvar": 0.000151033280417,
        "dvar2": 0.000329400965711,
        "max": 0.21767604351,
        "mean": 0.0129121849313,
        "median": 0.00860019680113,
        "min": 2.35599099583e-23,
        "var": 0.000251635443419
    },
    "spectral_energyband_middle_high": {
        "dmean": 0.00239342288114,
        "dmean2": 0.00344513054006,
        "dvar": 2.43524427788e-05,
        "dvar2": 5.22894806636e-05,
        "max": 0.111473225057,
        "mean": 0.00466534588486,
        "median": 0.0020591779612,
        "min": 1.20657297817e-21,
        "var": 7.33269043849e-05
    },
    "spectral_energyband_middle_low": {
        "dmean": 0.00926121417433,
        "dmean2": 0.0142806116492,
        "dvar": 0.000174790155143,
        "dvar2": 0.000398040137952,
        "max": 0.150934919715,
        "mean": 0.013655395247,
        "median": 0.00796328578144,
        "min": 1.76297601216e-22,
        "var": 0.000250086683081
    },
    "spectral_entropy": {
        "dmean": 0.222268044949,
        "dmean2": 0.340440124273,
        "dvar": 0.0410925112665,
        "dvar2": 0.0914856046438,
        "max": 9.81117153168,
        "mean": 7.36074399948,
        "median": 7.38036966324,
        "min": 4.6181139946,
        "var": 0.199944093823
    },
    "spectral_flux": {
        "dmean": 0.0348136685789,
        "dmean2": 0.0542807616293,
        "dvar": 0.00123955775052,
        "dvar2": 0.0027355090715,
        "max": 0.361851751804,
        "mean": 0.100571267307,
        "median": 0.0900053977966,
        "min": 6.36711725011e-11,
        "var": 0.00290866103023
    },
    "spectral_kurtosis": {
        "dmean": 1.58069443703,
        "dmean2": 2.53998565674,
        "dvar": 8.21443462372,
        "dvar2": 22.2127666473,
        "max": 96.8620986938,
        "mean": 4.15722036362,
        "median": 3.03581619263,
        "min": -1.23128700256,
        "var": 47.2168769836
    },
    "spectral_rms": {
        "dmean": 0.00114866683725,
        "dmean2": 0.00163914379664,
        "dvar": 1.31399599468e-06,
        "dvar2": 2.53773123404e-06,
        "max": 0.0151595743373,
        "mean": 0.00505730044097,
        "median": 0.00479633081704,
        "min": 3.17189764037e-12,
        "var": 4.08191181123e-06
    },
    "spectral_rolloff": {
        "dmean": 537.708557129,
        "dmean2": 917.640197754,
        "dvar": 879504.5625,
        "dvar2": 2038515.875,
        "max": 19379.8828125,
        "mean": 1053.17102051,
        "median": 645.99609375,
        "min": 64.599609375,
        "var": 1984457.875
    },
    "spectral_skewness": {
        "dmean": 0.242610260844,
        "dmean2": 0.375309735537,
        "dvar": 0.0607430115342,
        "dvar2": 0.147738799453,
        "max": 8.03004169464,
        "mean": 1.51052069664,
        "median": 1.42445266247,
        "min": -0.0735529586673,
        "var": 0.448554605246
    },
    "spectral_spread": {
        "dmean": 675625.5,
        "dmean2": 951714.125,
        "dvar": 603976695808,
        "dvar2": 1.09231190835e+12,
        "max": 42630828,
        "mean": 5192882,
        "median": 4981456.5,
        "min": 750220.625,
        "var": 4.49416894874e+12
    },
    "spectral_strongpeak": {
        "dmean": 0.653059661388,
        "dmean2": 1.09003973007,
        "dvar": 0.932817578316,
        "dvar2": 2.25749659538,
        "max": 14.6450538635,
        "mean": 0.933822274208,
        "median": 0.44090282917,
        "min": 0,
        "var": 1.49335670471
    },
    "zerocrossingrate": {
        "dmean": 0.0108170732856,
        "dmean2": 0.0132858194411,
        "dvar": 0.000135809925268,
        "dvar2": 0.000190186314285,
        "max": 0.51220703125,
        "mean": 0.0552367828786,
        "median": 0.048828125,
        "min": 0.00146484375,
        "var": 0.00119735230692
    },
    "barkbands": {
        "dmean": [8.62736997078e-05, 0.00318220048212, 0.00410185102373, 0.00205162866041, 0.0030291734729, 0.00169397552963, 0.00179899425711, 0.00186179135926, 0.002000735607, 0.00103700207546, 0.000570713658817, 0.000447449536296, 0.000298834609566, 0.000307922513457, 0.000241239511524, 0.000183139534784, 0.000213063467527, 0.00015746668214, 0.000151219719555, 0.000130388696562, 8.04492738098e-05, 0.000119128155347, 8.57562117744e-05, 6.4130355895e-05, 3.08820708597e-05, 8.9427066996e-06, 2.56422794109e-07],
        "dmean2": [0.000141664801049, 0.00513676414266, 0.00662311725318, 0.00348877324723, 0.00489472737536, 0.00285597355105, 0.00288736331277, 0.00302971433848, 0.0031941968482, 0.00160393677652, 0.000878873397596, 0.000709152838681, 0.000467577687232, 0.000485061784275, 0.000380842480808, 0.000282554363366, 0.00035412577563, 0.000264886417426, 0.000241520261625, 0.000206558732316, 0.000128565938212, 0.000188661171705, 0.00013281207066, 9.47300723055e-05, 4.47210004495e-05, 1.40760357681e-05, 4.4168402269e-07],
        "dvar": [2.74447074844e-07, 3.77636570192e-05, 8.5632695118e-05, 3.60433041351e-05, 4.96332286275e-05, 1.40548700074e-05, 2.67574923782e-05, 2.81904722215e-05, 3.11876829073e-05, 1.56724581757e-05, 5.78864683121e-06, 2.47834623224e-06, 9.37650156629e-07, 7.00063537806e-07, 4.74966356023e-07, 3.27639185116e-07, 3.09073016069e-07, 7.04390572537e-08, 1.04070018381e-07, 6.18297946176e-08, 2.55696956941e-08, 7.12888521548e-08, 2.68716160434e-08, 1.36252422678e-08, 3.30131566528e-09, 3.17574216924e-10, 7.39414063831e-13],
        "dvar2": [7.48737591039e-07, 9.51420006459e-05, 0.000195113374502, 9.53023336479e-05, 0.000124743979541, 3.71886271751e-05, 6.29395872238e-05, 6.72000096529e-05, 7.32176413294e-05, 3.70898269466e-05, 1.34627434818e-05, 5.91817070017e-06, 2.15462614506e-06, 1.64946618497e-06, 1.13049168249e-06, 7.70908968661e-07, 8.31145314351e-07, 2.00968827357e-07, 2.59465480212e-07, 1.43756011539e-07, 6.45549818046e-08, 1.73306204942e-07, 6.27331999681e-08, 2.85142167655e-08, 6.74284716951e-09, 7.74826813821e-10, 2.05110407825e-12],
        "max": [0.0211852900684, 0.12283423543, 0.171700894833, 0.106014057994, 0.0966580733657, 0.0661073923111, 0.0826314464211, 0.100532978773, 0.105515561998, 0.108041353524, 0.0784927457571, 0.0381440035999, 0.0310002956539, 0.0234729107469, 0.0181705206633, 0.0167717542499, 0.00977880507708, 0.00309824035503, 0.00603500474244, 0.00592672126368, 0.0027778155636, 0.00496403966099, 0.00301501038484, 0.00180838885717, 0.00126973947044, 0.000491265906021, 2.35182069446e-05],
        "mean": [0.000110085456981, 0.00514405965805, 0.00636225519702, 0.00215446692891, 0.00357938674279, 0.00177225645166, 0.00182283530012, 0.00194594322238, 0.00201650545932, 0.00148848770186, 0.000763783114962, 0.00051418581279, 0.000349791254848, 0.000404643302318, 0.000276801205473, 0.000234662438743, 0.000268389791017, 0.000216536776861, 0.000196930021048, 0.000180590490345, 0.000120307398902, 0.000167985272128, 0.000133697030833, 9.99081021291e-05, 5.65801128687e-05, 1.83951524377e-05, 2.58244000406e-07],
        "median": [2.46430790867e-05, 0.0030750699807, 0.00366159598343, 0.000593316799495, 0.00156491447706, 0.000512495113071, 0.000325007684296, 0.000268223957391, 0.000232684891671, 0.000119865879242, 7.65279401094e-05, 7.13775880286e-05, 6.24875392532e-05, 9.62702688412e-05, 5.28839991603e-05, 6.40933139948e-05, 8.24650342111e-05, 9.22863255255e-05, 6.88651634846e-05, 7.89109253674e-05, 6.32608935121e-05, 6.38999190414e-05, 6.20661958237e-05, 4.66610363219e-05, 2.25303647312e-05, 6.37819312033e-06, 8.9363254574e-09],
        "min": [6.92753192277e-25, 4.83205072352e-24, 1.2526374576e-24, 8.55417001187e-25, 1.27959944145e-23, 8.12179239149e-24, 1.42236180827e-23, 1.53662689045e-23, 4.05582137466e-23, 2.51124876163e-23, 3.06793307186e-23, 2.3710345733e-23, 4.7615622151e-23, 5.38156744356e-23, 6.49385374686e-23, 7.08683480952e-23, 9.71419979431e-23, 8.11637780801e-23, 1.08481526357e-22, 2.61863096929e-22, 3.0984969512e-22, 4.10157738975e-22, 3.86102479589e-22, 6.05678315351e-22, 8.45200467548e-22, 1.29152176136e-21, 2.10758652859e-21],
        "var": [3.65938888081e-07, 4.84567899548e-05, 0.000108149513835, 3.09641836793e-05, 4.90189195261e-05, 1.38019440783e-05, 2.83840945485e-05, 3.266864951e-05, 3.54497969965e-05, 3.25056571455e-05, 1.12281350084e-05, 3.62787091035e-06, 1.1294637261e-06, 1.12384464046e-06, 6.12779501807e-07, 4.40353574049e-07, 3.69197692862e-07, 9.64190789432e-08, 1.36401553164e-07, 8.56038582242e-08, 3.20857793668e-08, 8.29358981491e-08, 4.15223802008e-08, 2.25246541419e-08, 7.07890945861e-09, 1.19617526995e-09, 1.00530814142e-12]
    },
    "erbbands": {
        "dmean": [0.0823153704405, 0.784683942795, 3.77811360359, 6.09613466263, 8.24895858765, 9.93480110168, 14.7654829025, 12.0893630981, 24.8965454102, 26.778673172, 49.6167373657, 44.0126342773, 26.4830741882, 32.3726615906, 15.9391155243, 18.2132987976, 13.6250371933, 14.1381692886, 13.2186746597, 11.195766449, 8.83155441284, 12.1895399094, 9.97327804565, 6.16440200806, 8.53645706177, 5.96245193481, 2.81746101379, 3.34713816643, 3.70707392693, 3.79919743538, 2.4086329937, 1.44125497341, 1.10301148891, 0.447114855051, 0.191217973828, 0.053430583328, 0.0146832987666, 0.00187317817472, 4.03908634325e-05, 1.60399104061e-05],
        "dmean2": [0.12902225554, 1.28010761738, 6.18538618088, 9.69576931, 14.0696868896, 16.092124939, 24.3945198059, 20.3888549805, 40.1505317688, 42.8945388794, 79.7331771851, 69.8780593872, 41.5334854126, 49.4992866516, 24.3815975189, 28.4972343445, 20.8396053314, 21.9370193481, 20.6172332764, 16.7930679321, 13.566860199, 20.2747192383, 16.5772457123, 9.92844867706, 13.6375284195, 9.34869480133, 4.52816200256, 5.32769775391, 5.75182580948, 6.06960916519, 3.68994402885, 2.14439225197, 1.65470933914, 0.655990600586, 0.283898711205, 0.0840214416385, 0.0228512175381, 0.00288735982031, 6.02052932663e-05, 2.32124330068e-05],
        "dvar": [0.0445950441062, 2.03112769127, 64.086517334, 244.823730469, 395.248382568, 661.547973633, 1309.70581055, 808.302429199, 5651.25927734, 7711.01611328, 17096.1699219, 16449.2832031, 10136.3291016, 16971.4179688, 3260.32543945, 4276.56738281, 1930.29882812, 1669.41394043, 1244.37817383, 1049.92675781, 714.071777344, 904.015869141, 312.938842773, 147.42237854, 380.083740234, 137.320724487, 30.5696773529, 51.907459259, 76.643661499, 57.1611709595, 23.0670452118, 6.90297365189, 4.504945755, 0.733891248703, 0.116049513221, 0.0101314233616, 0.000939080840908, 1.76009853021e-05, 6.58297505396e-09, 3.51611434413e-10],
        "dvar2": [0.117907047272, 5.02541875839, 150.677566528, 592.751647949, 1052.68115234, 1686.4666748, 3413.86962891, 2108.05029297, 13115.40625, 18773.4023438, 41340.8867188, 38944.3125, 24990.046875, 41095.5976562, 6956.27001953, 9933.09472656, 4300.22558594, 4096.54833984, 3034.53833008, 2265.0144043, 1768.11682129, 2453.78320312, 879.719665527, 384.855041504, 922.134338379, 318.069854736, 78.8246612549, 131.834579468, 184.742614746, 139.601531982, 53.1686172485, 14.5328350067, 10.1512393951, 1.55379629135, 0.251919984818, 0.0250388011336, 0.00228806841187, 4.15078175138e-05, 1.53919366142e-08, 7.15130232809e-10],
        "max": [6.33296728134, 18.9901676178, 142.584625244, 242.664093018, 341.785064697, 351.253509521, 504.106048584, 762.292114258, 1329.61706543, 2988.52441406, 2564.13256836, 2093.65332031, 2933.28588867, 3960.74365234, 2074.66479492, 1823.88745117, 1695.63684082, 1105.27734375, 1228.72766113, 1135.91149902, 860.631835938, 657.302978516, 250.641159058, 337.075653076, 474.619018555, 293.394195557, 111.652000427, 158.780426025, 164.088485718, 104.41620636, 90.0566711426, 49.8965797424, 34.703742981, 20.4827041626, 6.47926521301, 2.64740276337, 0.769064426422, 0.125580981374, 0.00240856735036, 0.000269480020506],
        "mean": [0.125050857663, 1.31274354458, 6.4151725769, 8.02616024017, 9.54922199249, 11.0390462875, 16.2061748505, 12.6935224533, 25.7057590485, 28.1719532013, 52.7165527344, 44.8763961792, 35.703453064, 49.3039131165, 22.5431728363, 21.8177261353, 17.159034729, 19.2870311737, 16.6554431915, 14.7390327454, 11.9972953796, 15.9722185135, 13.6948957443, 8.68170833588, 11.7453212738, 8.41640949249, 4.35153627396, 4.88492298126, 5.38063049316, 5.52209758759, 3.58704280853, 2.36317038536, 1.60685527325, 0.758993685246, 0.352766185999, 0.108877442777, 0.0289878025651, 0.00323639670387, 8.31466823001e-05, 3.89939523302e-05],
        "median": [0.0613749697804, 0.855417311192, 4.17142677307, 2.96209836006, 4.01593160629, 3.82331705093, 3.9936144352, 3.76060271263, 4.54927110672, 5.23357820511, 8.62321090698, 6.18862819672, 4.35293483734, 4.26472854614, 3.15655612946, 3.56792998314, 3.74473881721, 4.5387878418, 4.72173118591, 3.67390155792, 4.06870746613, 5.63319253922, 6.34234237671, 3.98741698265, 4.95976161957, 3.88846707344, 2.46311116219, 2.32641124725, 2.23714399338, 2.27849268913, 1.60919857025, 1.20143175125, 0.609066486359, 0.29568529129, 0.148598745465, 0.0437268316746, 0.00841989926994, 0.000660546065774, 3.31932751578e-05, 3.19636710628e-05],
        "min": [2.25286052757e-22, 1.06823671425e-21, 5.2560897891e-21, 7.44422242399e-21, 2.34016358472e-20, 3.45353043308e-20, 4.36127035936e-20, 6.48614354911e-20, 2.42986372889e-19, 2.84220111503e-19, 4.65381376898e-19, 1.00676214392e-18, 7.64884710043e-19, 1.1970185445e-18, 7.90633963633e-19, 1.46597890561e-18, 2.54492372492e-18, 2.62956642866e-18, 2.86707128243e-18, 3.06619557615e-18, 5.14830843962e-18, 6.04872969156e-18, 5.76478050756e-18, 6.64696159981e-18, 7.59481090653e-18, 1.22372719318e-17, 1.17775505899e-17, 1.37450766047e-17, 1.38367356612e-17, 1.09922368969e-17, 1.1705903514e-17, 1.0540754274e-17, 1.08183139013e-17, 8.56962175173e-18, 6.76573563679e-18, 4.45121976278e-18, 2.5110134557e-18, 1.1876787448e-18, 2.61449767944e-19, 3.22921811488e-20],
        "var": [0.0581597201526, 2.56814241409, 83.1178970337, 274.976837158, 332.700042725, 633.188354492, 1374.70019531, 745.514831543, 6100.38476562, 8279.3203125, 19576.4179688, 17970.9726562, 18465.4257812, 36822.9414062, 6935.81005859, 5779.16210938, 2482.50610352, 2862.23388672, 1363.07629395, 1838.13623047, 892.383300781, 1124.99475098, 394.440490723, 183.632202148, 488.634277344, 186.450912476, 37.3373069763, 63.3064117432, 88.7624282837, 73.802230835, 34.0620574951, 11.4094562531, 6.78133630753, 1.36857259274, 0.259587675333, 0.033273153007, 0.00356104131788, 6.38584970147e-05, 2.4760053563e-08, 7.75307373857e-10]
    },
    "gfcc": {
        "mean": [-16.2144680023, 93.6749420166, -100.233512878, 49.1679649353, -60.9959831238, 20.8685092926, -36.8973007202, 14.0130329132, -19.2798347473, 0.534517288208, -15.5656871796, -3.46233034134, -13.089641571],
        "cov": [[12816.5908203, -1116.73596191, -1418.69299316, 211.788986206, -933.747375488, 456.789367676, -403.472930908, 130.882354736, -345.446533203, 70.9733657837, -390.239593506, -51.8228797913, -275.017578125], [-1116.73596191, 1082.65209961, -146.851867676, -166.653579712, 184.219406128, -149.259109497, 222.09487915, -71.7955169678, 174.308868408, -97.2012710571, 178.918991089, -101.081008911, 109.388847351], [-1418.69299316, -146.851867676, 776.642578125, 176.447692871, 97.4058074951, -67.1465148926, -106.62462616, -17.5511360168, -68.9165267944, 33.0251502991, -37.2918586731, 24.6755809784, -57.4809989929], [211.788986206, -166.653579712, 176.447692871, 474.39553833, 96.6766357422, -33.6966896057, -112.095947266, -18.0564937592, 22.0690574646, 9.20841026306, 15.6892356873, 16.009601593, 20.1843357086], [-933.747375488, 184.219406128, 97.4058074951, 96.6766357422, 284.952270508, -17.7649650574, 25.2414989471, -9.26002216339, 56.2938804626, -7.74172639847, 42.2951850891, -24.1063041687, 37.8517189026], [456.789367676, -149.259109497, -67.1465148926, -33.6966896057, -17.7649650574, 299.465942383, 107.778839111, 10.578335762, -37.3106193542, -34.5566329956, -37.730594635, -0.574515402317, -31.4398365021], [-403.472930908, 222.09487915, -106.62462616, -112.095947266, 25.2414989471, 107.778839111, 313.015228271, 32.4604301453, 2.88683748245, -49.4310302734, 42.4978942871, -30.4549636841, 22.7924690247], [130.882354736, -71.7955169678, -17.5511360168, -18.0564937592, -9.26002216339, 10.578335762, 32.4604301453, 153.776046753, 22.182964325, 1.81435871124, -13.4512891769, -11.9844655991, -18.7998428345], [-345.446533203, 174.308868408, -68.9165267944, 22.0690574646, 56.2938804626, -37.3106193542, 2.88683748245, 22.182964325, 212.306671143, 32.3116569519, 34.1463661194, -37.991394043, 31.0102043152], [70.9733657837, -97.2012710571, 33.0251502991, 9.20841026306, -7.74172639847, -34.5566329956, -49.4310302734, 1.81435871124, 32.3116569519, 155.332305908, 7.76134634018, -27.2478046417, -34.6560096741], [-390.239593506, 178.918991089, -37.2918586731, 15.6892356873, 42.2951850891, -37.730594635, 42.4978942871, -13.4512891769, 34.1463661194, 7.76134634018, 156.089874268, 19.585439682, 20.2664985657], [-51.8228797913, -101.081008911, 24.6755809784, 16.009601593, -24.1063041687, -0.574515402317, -30.4549636841, -11.9844655991, -37.991394043, -27.2478046417, 19.585439682, 143.790206909, 42.9069786072], [-275.017578125, 109.388847351, -57.4809989929, 20.1843357086, 37.8517189026, -31.4398365021, 22.7924690247, -18.7998428345, 31.0102043152, -34.6560096741, 20.2664985657, 42.9069786072, 139.705352783]],
        "icov": [[0.000260416796664, -0.000360131234629, 0.000613886746578, -0.000587102898862, 0.00069146003807, -0.000500883266795, 0.000552554440219, -0.000423619436333, 0.000634457392152, -0.000434636051068, 0.000622084364295, -0.00011705509678, 0.000381871883292], [-0.000360131234629, 0.00371596426703, -0.000938441837206, 0.00210235570557, -0.00202379142866, 0.00251637399197, -0.00230981246568, 0.00246077449992, -0.00268597831018, 0.00311371125281, -0.00330037996173, 0.00255016959272, -0.00142162910197], [0.000613886746578, -0.000938441837206, 0.00319523620419, -0.00192728242837, 0.000854431360494, -0.000724336714484, 0.00135445571505, -0.000943967257626, 0.00212575728074, -0.00139916059561, 0.00218680873513, -0.00101243657991, 0.00196864758618], [-0.000587102898862, 0.00210235570557, -0.00192728242837, 0.00455941073596, -0.00265580508858, 0.00146506505553, -0.000710009131581, 0.00162419315893, -0.00232374668121, 0.00213496969081, -0.00292229885235, 0.00136684800964, -0.00182037556078], [0.00069146003807, -0.00202379142866, 0.000854431360494, -0.00265580508858, 0.00689236167818, -0.00213429681025, 0.0016062904615, -0.00157905463129, 0.00135876005515, -0.00153403996956, 0.00132256688084, 0.000246470124694, -9.09207155928e-05], [-0.000500883266795, 0.00251637399197, -0.000724336714484, 0.00146506505553, -0.00213429681025, 0.00657770270482, -0.00392331648618, 0.00222952780314, -0.00198916275986, 0.00262929568999, -0.000862878456246, 0.000483164534671, 0.00060316408053], [0.000552554440219, -0.00230981246568, 0.00135445571505, -0.000710009131581, 0.0016062904615, -0.00392331648618, 0.0071401274763, -0.00296796718612, 0.00265709124506, -0.000985957216471, 0.000289790827082, 0.000524857838172, -0.00036384203122], [-0.000423619436333, 0.00246077449992, -0.000943967257626, 0.00162419315893, -0.00157905463129, 0.00222952780314, -0.00296796718612, 0.00893145613372, -0.00326406746171, 0.00221651978791, -0.00129947159439, 0.00104100187309, 0.000375077157514], [0.000634457392152, -0.00268597831018, 0.00212575728074, -0.00232374668121, 0.00135876005515, -0.00198916275986, 0.00265709124506, -0.00326406746171, 0.008844031021, -0.00374522153288, 0.00182128662709, 0.000229210651014, -0.000352846283931], [-0.000434636051068, 0.00311371125281, -0.00139916059561, 0.00213496969081, -0.00153403996956, 0.00262929568999, -0.000985957216471, 0.00221651978791, -0.00374522153288, 0.0105249481276, -0.00383914168924, 0.00320073147304, 0.000304801418679], [0.000622084364295, -0.00330037996173, 0.00218680873513, -0.00292229885235, 0.00132256688084, -0.000862878456246, 0.000289790827082, -0.00129947159439, 0.00182128662709, -0.00383914168924, 0.0118262134492, -0.00463990215212, 0.00270890723914], [-0.00011705509678, 0.00255016959272, -0.00101243657991, 0.00136684800964, 0.000246470124694, 0.000483164534671, 0.000524857838172, 0.00104100187309, 0.000229210651014, 0.00320073147304, -0.00463990215212, 0.01173923444, -0.00493403943256], [0.000381871883292, -0.00142162910197, 0.00196864758618, -0.00182037556078, -9.09207155928e-05, 0.00060316408053, -0.00036384203122, 0.000375077157514, -0.000352846283931, 0.000304801418679, 0.00270890723914, -0.00493403943256, 0.0116423135623]]
    },
    "melbands": {
        "dmean": [0.000806675234344, 0.00157574610785, 0.00106098374818, 0.000672478287015, 0.00048732777941, 0.000294025841868, 0.000368259643437, 0.000303960492602, 0.000451082072686, 0.000247475865763, 0.000133130408358, 0.000137470851769, 6.20718274149e-05, 4.79759546579e-05, 4.68160105811e-05, 2.5136709155e-05, 2.82466753561e-05, 2.30801160797e-05, 1.85960179806e-05, 1.43814013427e-05, 1.00479264802e-05, 1.33157582241e-05, 1.17566987683e-05, 7.85946485848e-06, 5.08925313625e-06, 6.57836017126e-06, 6.39089284959e-06, 3.64279117093e-06, 1.58600289524e-06, 2.40880285673e-06, 1.87119212569e-06, 1.62994945185e-06, 3.68595601685e-06, 1.70424721091e-06, 1.49206880451e-06, 1.13493001663e-06, 9.07480398382e-07, 8.41752694214e-07, 5.96028314703e-07, 3.3190076465e-07],
        "dmean2": [0.00128423934802, 0.00254686246626, 0.00168203876819, 0.00111103756353, 0.000789841229562, 0.000494574254844, 0.000593115924858, 0.000488373392727, 0.000725582416635, 0.000393132446334, 0.000209039048059, 0.000210379730561, 9.51282272581e-05, 7.58341411711e-05, 7.36386355129e-05, 3.92131005356e-05, 4.42743803433e-05, 3.64346851711e-05, 2.90123771265e-05, 2.23301667575e-05, 1.59211140272e-05, 2.22390026465e-05, 1.93570213014e-05, 1.32178784042e-05, 8.18590615381e-06, 1.04971886685e-05, 1.04215496322e-05, 5.70648307985e-06, 2.55665850091e-06, 3.94886455979e-06, 2.99662247016e-06, 2.56581938629e-06, 6.0477950683e-06, 2.71541716756e-06, 2.31957915275e-06, 1.76305991317e-06, 1.37123208788e-06, 1.28877286443e-06, 8.93217077191e-07, 5.00186786212e-07],
        "dvar": [2.96999019156e-06, 9.68312178884e-06, 6.3682250584e-06, 2.78776906271e-06, 1.35939831125e-06, 4.20412789026e-07, 1.20320339647e-06, 9.62573153629e-07, 1.34224285375e-06, 5.33452293894e-07, 2.79440740769e-07, 3.0175957022e-07, 5.58110748727e-08, 3.13091597093e-08, 2.42460735933e-08, 6.6839724866e-09, 7.28949078876e-09, 4.10403044881e-09, 3.00962876842e-09, 2.11400164041e-09, 9.56751566861e-10, 1.11137887782e-09, 1.02828812132e-09, 2.05672756604e-10, 1.2195364163e-10, 2.33336655553e-10, 2.07889316872e-10, 5.66676115754e-11, 8.75454830157e-12, 2.84197370498e-11, 1.43156250743e-11, 1.7590430848e-11, 8.33031213454e-11, 1.02031655694e-11, 9.16871353146e-12, 4.57891884131e-12, 2.62767173471e-12, 2.71694992893e-12, 1.26666190557e-12, 4.12716789997e-13],
        "dvar2": [7.60399007049e-06, 2.24974992307e-05, 1.51782960529e-05, 7.26687676433e-06, 3.48018761542e-06, 1.09149868877e-06, 2.7956282338e-06, 2.30714022109e-06, 3.21211723531e-06, 1.25732049128e-06, 6.86541682171e-07, 7.21347134913e-07, 1.19403850363e-07, 7.5488223672e-08, 5.82263055549e-08, 1.54002943731e-08, 1.77259913414e-08, 9.88326309681e-09, 6.99765223544e-09, 4.81248063622e-09, 2.43324760341e-09, 3.00230662553e-09, 2.72614064656e-09, 5.8384025392e-10, 3.12915554579e-10, 5.69781111182e-10, 5.14814579855e-10, 1.31413324667e-10, 2.23192818394e-11, 7.41758321432e-11, 3.65189961604e-11, 4.20724011185e-11, 2.09966696807e-10, 2.47515480334e-11, 2.13816603312e-11, 1.09386145974e-11, 5.46159471815e-12, 6.35756204626e-12, 2.86318299798e-12, 8.93641009716e-13],
        "max": [0.0429420284927, 0.0567968711257, 0.0403988026083, 0.0252460353076, 0.0180085990578, 0.0152252949774, 0.0195668637753, 0.0327514782548, 0.0196392573416, 0.0121154086664, 0.0150007409975, 0.0149560170248, 0.00858850125223, 0.0056773154065, 0.0033396917861, 0.00300540728495, 0.00204689870588, 0.00240821624175, 0.00183786312118, 0.00153742043767, 0.0010966862319, 0.000855211168528, 0.000713294954039, 0.000177089663339, 0.000306107511278, 0.000282462278847, 0.000431287422543, 0.000202630035346, 5.57912353543e-05, 0.000102264166344, 7.36287765903e-05, 0.00010825201025, 0.000186934805242, 6.72778332955e-05, 6.40678263153e-05, 4.36235095549e-05, 3.45776716131e-05, 2.54928218055e-05, 2.08964047488e-05, 1.6077690816e-05],
        "mean": [0.00126351555809, 0.00284037087113, 0.00144481554162, 0.00076868722681, 0.000545050192159, 0.000310351111693, 0.000377160147764, 0.000316577468766, 0.000473619584227, 0.000249461532803, 0.000177410824108, 0.000206867916859, 8.55870093801e-05, 5.57919011044e-05, 5.41054323548e-05, 3.10525210807e-05, 3.646269397e-05, 2.73992700386e-05, 2.18888817471e-05, 1.79382968781e-05, 1.23492145576e-05, 1.64835619216e-05, 1.40127658597e-05, 1.03594547909e-05, 6.37583616481e-06, 8.24129529065e-06, 8.82929907675e-06, 4.64158301838e-06, 2.31129865824e-06, 3.10381551571e-06, 2.61150808001e-06, 2.34003891819e-06, 4.63829883302e-06, 2.5248041311e-06, 2.07904713534e-06, 1.7519978428e-06, 1.38215489187e-06, 1.1393327668e-06, 8.80217896793e-07, 5.63269622944e-07],
        "median": [0.000691446999554, 0.00198188750073, 0.000639965292066, 0.000318992853863, 0.000141759563121, 9.41689868341e-05, 6.58893914078e-05, 4.87964207423e-05, 6.66448540869e-05, 2.86864251393e-05, 1.67505841091e-05, 1.65470264619e-05, 1.02879757833e-05, 7.11274014975e-06, 9.73825262918e-06, 6.06216826782e-06, 7.38673861633e-06, 6.90035130901e-06, 4.07924881074e-06, 4.25530515713e-06, 3.98783231503e-06, 4.73638374388e-06, 5.72383305553e-06, 4.03115018344e-06, 2.13195289689e-06, 2.69225029115e-06, 3.35835534315e-06, 1.89314857835e-06, 1.24710140881e-06, 1.37513654863e-06, 1.25661074435e-06, 1.03073978153e-06, 1.31193712605e-06, 1.06912534648e-06, 8.0725862972e-07, 6.69063012992e-07, 6.41928750156e-07, 4.43287717644e-07, 2.45062778959e-07, 2.31180521837e-07],
        "min": [3.24294663629e-24, 2.22701073899e-24, 1.92830047141e-24, 1.32133639561e-24, 1.44979677339e-24, 1.32432055781e-24, 3.69894156888e-24, 2.75705466425e-24, 3.81358120221e-24, 5.9266883151e-24, 3.41550187348e-24, 3.68778983669e-24, 3.45569118116e-24, 2.82066564663e-24, 4.07902974137e-24, 4.72054247355e-24, 4.38564222586e-24, 3.71803042506e-24, 5.57152420291e-24, 3.69208163445e-24, 4.97919615931e-24, 5.1049910747e-24, 5.95681096876e-24, 4.41931041487e-24, 4.6445586023e-24, 4.73984668876e-24, 5.35486592187e-24, 7.06934702542e-24, 6.82290135661e-24, 6.34586572874e-24, 8.16204244146e-24, 7.03713152378e-24, 4.81734951169e-24, 5.89297910533e-24, 6.88835314591e-24, 4.68868274817e-24, 6.51979733099e-24, 6.85884817034e-24, 7.86542600793e-24, 7.09344120405e-24],
        "var": [3.93118352804e-06, 1.34920828714e-05, 7.31745785743e-06, 2.46583999797e-06, 1.47029470554e-06, 4.04247032293e-07, 1.29251486669e-06, 1.07575465336e-06, 1.55824159265e-06, 5.82202460464e-07, 5.11103110057e-07, 6.61372553168e-07, 1.16124681426e-07, 5.02926162937e-08, 2.77966432094e-08, 8.76018013685e-09, 1.24274288638e-08, 4.44787406906e-09, 4.30662128181e-09, 3.02233393867e-09, 1.07318343101e-09, 1.36914257709e-09, 9.176956417e-10, 2.59071014641e-10, 1.41611847249e-10, 2.93799706785e-10, 2.73753381075e-10, 7.14134723578e-11, 1.10477469187e-11, 3.16074735829e-11, 1.68992250749e-11, 2.02883682077e-11, 8.6984953962e-11, 1.54456412937e-11, 1.34921839326e-11, 7.99299428728e-12, 4.26412984783e-12, 3.70554758752e-12, 2.17608006267e-12, 7.4212836397e-13]
    },
    "mfcc": {
        "mean": [-657.325805664, 112.365394592, 22.0257434845, 29.2924919128, 8.42256546021, 8.91708660126, -0.357473343611, 9.37508869171, 0.950238406658, 5.498005867, 1.9632242918, 0.8820271492, -1.57905876637],
        "cov": [[6340.56494141, 182.701171875, -420.671478271, -392.051269531, -353.3309021, -51.311126709, -152.462860107, -19.0558052063, -80.3616943359, 7.2987947464, 1.15901505947, -157.933776855, -92.1831588745], [182.701171875, 871.652709961, -223.004760742, -49.6861763, -86.6519546509, -35.1092987061, 37.7790412903, 30.6207027435, 1.59098362923, 44.7934608459, 38.2344856262, 39.7407112122, -3.61385297775], [-420.671478271, -223.004760742, 564.244689941, 146.92729187, 103.535545349, 20.3296966553, 5.54107999802, -34.4679832458, -12.3617486954, -70.4347839355, -6.05584907532, 21.5767211914, -32.0352668762], [-392.051269531, -49.6861763, 146.92729187, 426.422515869, 195.130584717, -21.8387641907, -64.8276977539, -66.4966049194, -9.88129425049, 7.52959728241, -32.9752197266, 7.15313196182, 37.5171012878], [-353.3309021, -86.6519546509, 103.535545349, 195.130584717, 310.806610107, 13.1953086853, -67.1792831421, -47.066280365, 7.14451932907, 1.36478495598, -9.90066432953, 25.1851863861, -16.7408676147], [-51.311126709, -35.1092987061, 20.3296966553, -21.8387641907, 13.1953086853, 203.899932861, 61.4161300659, 24.3466911316, 18.0421352386, -13.1338787079, -1.87248706818, 2.98834586143, 5.88335847855], [-152.462860107, 37.7790412903, 5.54107999802, -64.8276977539, -67.1792831421, 61.4161300659, 241.736206055, 90.6396484375, -7.72822952271, -0.430780410767, 10.2293071747, -18.3044452667, -21.9087142944], [-19.0558052063, 30.6207027435, -34.4679832458, -66.4966049194, -47.066280365, 24.3466911316, 90.6396484375, 195.17237854, 37.2886886597, -25.590051651, -15.4579334259, 11.2757120132, -6.74762010574], [-80.3616943359, 1.59098362923, -12.3617486954, -9.88129425049, 7.14451932907, 18.0421352386, -7.72822952271, 37.2886886597, 152.273651123, 19.7095012665, -13.792766571, -1.85439252853, -4.84662055969], [7.2987947464, 44.7934608459, -70.4347839355, 7.52959728241, 1.36478495598, -13.1338787079, -0.430780410767, -25.590051651, 19.7095012665, 217.274902344, 42.4838523865, -16.1775875092, 20.7233695984], [1.15901505947, 38.2344856262, -6.05584907532, -32.9752197266, -9.90066432953, -1.87248706818, 10.2293071747, -15.4579334259, -13.792766571, 42.4838523865, 143.177322388, 24.3199329376, -19.8554439545], [-157.933776855, 39.7407112122, 21.5767211914, 7.15313196182, 25.1851863861, 2.98834586143, -18.3044452667, 11.2757120132, -1.85439252853, -16.1775875092, 24.3199329376, 149.596801758, 9.28979206085], [-92.1831588745, -3.61385297775, -32.0352668762, 37.5171012878, -16.7408676147, 5.88335847855, -21.9087142944, -6.74762010574, -4.84662055969, 20.7233695984, -19.8554439545, 9.28979206085, 168.914550781]],
