{
"lowlevel": {
    "average_loudness": 0.932759642601,
    "barkbands_crest": {
        "dmean": 3.49129748344,
        "dmean2": 5.73270273209,
        "dvar": 8.56890010834,
        "dvar2": 22.5173683167,
        "max": 26.1244926453,
        "mean": 9.39910411835,
        "median": 8.47707271576,
        "min": 2.08421087265,
        "var": 18.7901592255
    },
    "barkbands_flatness_db": {
        "dmean": 0.0317704603076,
        "dmean2": 0.0491573661566,
        "dvar": 0.000973757763859,
        "dvar2": 0.00209811981767,
        "max": 0.482843130827,
        "mean": 0.129427790642,
        "median": 0.116072483361,
        "min": 0.023326870054,
        "var": 0.00355251249857
    },
    "barkbands_kurtosis": {
        "dmean": 5.3057756424,
        "dmean2": 8.70338344574,
        "dvar": 123.169975281,
        "dvar2": 306.778198242,
        "max": 211.271438599,
        "mean": 4.90546131134,
        "median": 0.20894742012,
        "min": -1.9746183157,
        "var": 183.838394165
    },
    "barkbands_skewness": {
        "dmean": 0.987398147583,
        "dmean2": 1.51084125042,
        "dvar": 1.16248762608,
        "dvar2": 2.51658821106,
        "max": 11.3255929947,
        "mean": 1.05819964409,
        "median": 0.830667495728,
        "min": -9.82382774353,
        "var": 3.60853743553
    },
    "barkbands_spread": {
        "dmean": 13.2116889954,
        "dmean2": 21.1814785004,
        "dvar": 181.05116272,
        "dvar2": 435.820373535,
        "max": 112.461166382,
        "mean": 35.5408058167,
        "median": 33.6534767151,
        "min": 0.445088714361,
        "var": 429.88684082
    },
    "dissonance": {
        "dmean": 0.0206953212619,
        "dmean2": 0.0337938480079,
        "dvar": 0.000584614812396,
        "dvar2": 0.0014759110054,
        "max": 0.500000178814,
        "mean": 0.467433363199,
        "median": 0.477661907673,
        "min": 0,
        "var": 0.00104610004928
    },
    "dynamic_complexity": 3.45875167847,
    "erbbands_crest": {
        "dmean": 3.14957284927,
        "dmean2": 5.11100482941,
        "dvar": 9.02593612671,
        "dvar2": 22.2649326324,
        "max": 33.9647941589,
        "mean": 8.55522251129,
        "median": 7.53801679611,
        "min": 2.2826962471,
        "var": 18.7548122406
    },
    "erbbands_flatness_db": {
        "dmean": 0.0236203558743,
        "dmean2": 0.0351267717779,
        "dvar": 0.000526903662831,
        "dvar2": 0.00108932727017,
        "max": 0.488004058599,
        "mean": 0.152742892504,
        "median": 0.141666561365,
        "min": 0.0445241890848,
        "var": 0.00219997600652
    },
    "erbbands_kurtosis": {
        "dmean": 2.33286738396,
        "dmean2": 3.68862891197,
        "dvar": 28.9238681793,
        "dvar2": 64.5043792725,
        "max": 159.588104248,
        "mean": 1.53236758709,
        "median": -0.27587723732,
        "min": -1.91103386879,
        "var": 42.5011253357
    },
    "erbbands_skewness": {
        "dmean": 0.699006795883,
        "dmean2": 1.04063200951,
        "dvar": 0.56759005785,
        "dvar2": 1.15321564674,
        "max": 9.84389400482,
        "mean": -0.180068627,
        "median": -0.124469392002,
        "min": -8.96861743927,
        "var": 1.78275835514
    },
    "erbbands_spread": {
        "dmean": 17.2679023743,
        "dmean2": 26.9441814423,
        "dvar": 319.989929199,
        "dvar2": 740.233642578,
        "max": 183.189208984,
        "mean": 53.0435791016,
        "median": 49.7857437134,
        "min": 0.997237741947,
        "var": 776.625244141
    },
    "hfc": {
        "dmean": 18.3004341125,
        "dmean2": 26.0800380707,
        "dvar": 644.374267578,
        "dvar2": 1370.06994629,
        "max": 497.463470459,
        "mean": 30.7322750092,
        "median": 19.6822414398,
        "min": 1.06462810134e-16,
        "var": 1245.65905762
    },
    "melbands_crest": {
        "dmean": 4.65687990189,
        "dmean2": 7.8872051239,
        "dvar": 14.0193014145,
        "dvar2": 38.339553833,
        "max": 33.9040794373,
        "mean": 13.8422527313,
        "median": 13.3474311829,
        "min": 1.64127922058,
        "var": 29.5244636536
    },
    "melbands_flatness_db": {
        "dmean": 0.0417108796537,
        "dmean2": 0.0629853233695,
        "dvar": 0.00163097830955,
        "dvar2": 0.00327034993097,
        "max": 0.550993204117,
        "mean": 0.156329855323,
        "median": 0.139109954238,
        "min": 0.00369567796588,
        "var": 0.00666131824255
    },
    "melbands_kurtosis": {
        "dmean": 15.8770656586,
        "dmean2": 25.7786636353,
        "dvar": 959.455688477,
        "dvar2": 2324.35107422,
        "max": 481.696990967,
        "mean": 20.0424060822,
        "median": 5.66986942291,
        "min": -1.96302390099,
        "var": 1517.23156738
    },
    "melbands_skewness": {
        "dmean": 1.34725344181,
        "dmean2": 2.08315730095,
        "dvar": 2.34865379333,
        "dvar2": 5.2092833519,
        "max": 16.8946228027,
        "mean": 2.85904216766,
        "median": 2.19919466972,
        "min": -7.20186758041,
        "var": 6.54452323914
    },
    "melbands_spread": {
        "dmean": 24.3322315216,
        "dmean2": 38.4289588928,
        "dvar": 1062.07568359,
        "dvar2": 2292.29321289,
        "max": 303.494110107,
        "mean": 51.3695297241,
        "median": 36.6098823547,
        "min": 0.44430783391,
        "var": 2511.7043457
    },
    "pitch_salience": {
        "dmean": 0.0959026291966,
        "dmean2": 0.157099723816,
        "dvar": 0.00655763689429,
        "dvar2": 0.0173545479774,
        "max": 0.986506998539,
        "mean": 0.594173669815,
        "median": 0.608552932739,
        "min": 0.131123408675,
        "var": 0.0146615551785
    },
    "silence_rate_20dB": {
        "dmean": 0,
        "dmean2": 0,
        "dvar": 0,
        "dvar2": 0,
        "max": 1,
        "mean": 1,
        "median": 1,
        "min": 1,
        "var": 0
    },
    "silence_rate_30dB": {
        "dmean": 0.0318681336939,
        "dmean2": 0.0637406408787,
        "dvar": 0.0308489501476,
        "dvar2": 0.0775431320071,
        "max": 1,
        "mean": 0.975963175297,
        "median": 1,
        "min": 0,
        "var": 0.0234607718885
    },
    "silence_rate_60dB": {
        "dmean": 0.0750000029802,
        "dmean2": 0.150010302663,
        "dvar": 0.0693694874644,
        "dvar2": 0.152494549751,
        "max": 1,
        "mean": 0.125815540552,
        "median": 0,
        "min": 0,
        "var": 0.109988376498
    },
    "spectral_centroid": {
        "dmean": 607.373046875,
        "dmean2": 937.278503418,
        "dvar": 447586.1875,
        "dvar2": 906747,
        "max": 11573.5908203,
        "mean": 2103.9699707,
        "median": 1958.93066406,
        "min": 147.358963013,
        "var": 1686489.875
    },
    "spectral_complexity": {
        "dmean": 6.77431297302,
        "dmean2": 9.35984611511,
        "dvar": 72.1341934204,
        "dvar2": 120.704986572,
        "max": 60,
        "mean": 15.3053359985,
        "median": 11,
        "min": 0,
        "var": 169.145370483
    },
    "spectral_decrease": {
        "dmean": 4.09093603437e-09,
        "dmean2": 6.60805277164e-09,
        "dvar": 6.60213610339e-17,
        "dvar2": 1.76588939153e-16,
        "max": 1.46669753169e-20,
        "mean": -5.43903189154e-09,
        "median": -2.69332822711e-09,
        "min": -1.09073120313e-07,
        "var": 6.71099174851e-17
    },
    "spectral_energy": {
        "dmean": 0.0167466141284,
        "dmean2": 0.0266951229423,
        "dvar": 0.000981817371212,
        "dvar2": 0.00261404016055,
        "max": 0.421113997698,
        "mean": 0.0233155731112,
        "median": 0.0128610096872,
        "min": 9.88483982396e-21,
        "var": 0.001029222738
    },
    "spectral_energyband_high": {
        "dmean": 0.00185612926725,
        "dmean2": 0.00267844670452,
        "dvar": 9.13800067792e-06,
        "dvar2": 1.9441207769e-05,
        "max": 0.0590423159301,
        "mean": 0.00292868819088,
        "median": 0.00151787663344,
        "min": 6.97839129994e-21,
        "var": 1.68879796547e-05
    },
    "spectral_energyband_low": {
        "dmean": 0.00783601775765,
        "dmean2": 0.0132566867396,
        "dvar": 0.000499063811731,
        "dvar2": 0.00135214370675,
        "max": 0.294896692038,
        "mean": 0.00868304539472,
        "median": 0.000986948492937,
        "min": 8.54200281848e-24,
        "var": 0.000495905813295
    },
    "spectral_energyband_middle_high": {
        "dmean": 0.00269092316739,
        "dmean2": 0.0039833872579,
        "dvar": 1.91271919903e-05,
        "dvar2": 4.16672082793e-05,
        "max": 0.0762999951839,
        "mean": 0.00382718630135,
        "median": 0.0016295586247,
        "min": 1.22242532108e-21,
        "var": 3.01944764942e-05
    },
    "spectral_energyband_middle_low": {
        "dmean": 0.00938204396516,
        "dmean2": 0.016181409359,
        "dvar": 0.000412522902479,
        "dvar2": 0.0011459068628,
        "max": 0.235122397542,
        "mean": 0.00957771390676,
        "median": 0.00435260497034,
        "min": 1.95022685238e-22,
        "var": 0.00029727810761
    },
    "spectral_entropy": {
        "dmean": 0.230774819851,
        "dmean2": 0.346195787191,
        "dvar": 0.0589186660945,
        "dvar2": 0.121424935758,
        "max": 9.82329654694,
        "mean": 7.97445964813,
        "median": 8.05200386047,
        "min": 4.76128482819,
        "var": 0.201057776809
    },
    "spectral_flux": {
        "dmean": 0.0397583171725,
        "dmean2": 0.0599073953927,
        "dvar": 0.00270960084163,
        "dvar2": 0.0049740858376,
        "max": 0.557501673698,
        "mean": 0.105833485723,
        "median": 0.0902740433812,
        "min": 6.23776100217e-11,
        "var": 0.00528119411319
    },
    "spectral_kurtosis": {
        "dmean": 0.913636863232,
        "dmean2": 1.4343072176,
        "dvar": 1.38080608845,
        "dvar2": 3.22529840469,
        "max": 27.791759491,
        "mean": 1.4693672657,
        "median": 1.07656526566,
        "min": -1.43463969231,
        "var": 3.42477059364
    },
    "spectral_rms": {
        "dmean": 0.00144169933628,
        "dmean2": 0.00210373918526,
        "dvar": 3.19556875183e-06,
        "dvar2": 7.64060223446e-06,
        "max": 0.0202692598104,
        "mean": 0.00404721871018,
        "median": 0.0035422204528,
        "min": 3.10543821561e-12,
        "var": 6.36698860035e-06
    },
    "spectral_rolloff": {
        "dmean": 1441.8170166,
        "dmean2": 2398.20654297,
        "dvar": 3352910.5,
        "dvar2": 6834885,
        "max": 19982.8125,
        "mean": 3638.23339844,
        "median": 2820.84960938,
        "min": 86.1328125,
        "var": 9231179
    },
    "spectral_skewness": {
        "dmean": 0.247313559055,
        "dmean2": 0.369102925062,
        "dvar": 0.0636216402054,
        "dvar2": 0.131986409426,
        "max": 4.19673490524,
        "mean": 0.921944975853,
        "median": 0.891707956791,
        "min": -0.744512677193,
        "var": 0.223900258541
    },
    "spectral_spread": {
        "dmean": 853773.4375,
        "dmean2": 1247591.125,
        "dvar": 879133655040,
        "dvar2": 1.73664790118e+12,
        "max": 42724860,
        "mean": 6315600,
        "median": 5960468,
        "min": 1373843.5,
        "var": 8.47607863706e+12
    },
    "spectral_strongpeak": {
        "dmean": 0.629390180111,
        "dmean2": 1.05798721313,
        "dvar": 1.27821087837,
        "dvar2": 3.30472373962,
        "max": 17.2008323669,
        "mean": 0.808373272419,
        "median": 0.428605556488,
        "min": 0,
        "var": 1.51294267178
    },
    "zerocrossingrate": {
        "dmean": 0.0270993411541,
        "dmean2": 0.0295611545444,
        "dvar": 0.000765401404351,
        "dvar2": 0.0009103147313,
        "max": 0.52734375,
        "mean": 0.121419362724,
        "median": 0.10498046875,
        "min": 0.00341796875,
        "var": 0.00576657056808
    },
    "barkbands": {
        "dmean": [4.40192743554e-05, 0.00329987634905, 0.00407625827938, 0.00401397235692, 0.00318403425626, 0.000987613224424, 0.00109449122101, 0.00118330714758, 0.000785856042057, 0.000587437709328, 0.000543021655176, 0.000432786793681, 0.000342160725268, 0.000344629923347, 0.000328970112605, 0.000181695955689, 0.000343424733728, 0.000285622110823, 0.000211507969652, 0.000225457697525, 0.00037409592187, 0.000416309834691, 0.00054544507293, 0.000491972779855, 0.000145360318129, 2.60878114204e-05, 7.6703747709e-07],
        "dmean2": [6.28993730061e-05, 0.00494840927422, 0.0073350793682, 0.00759480893612, 0.00551324198022, 0.00165074830875, 0.00183236110024, 0.00200867676176, 0.00132332439534, 0.000952907605097, 0.000910815200768, 0.000709365413059, 0.000562955217902, 0.000556191895157, 0.000519788649399, 0.000281122222077, 0.000530932215042, 0.000443619472208, 0.000327724264935, 0.000346369721228, 0.000576261954848, 0.000632524490356, 0.000838642532472, 0.000729592167772, 0.000212778890273, 3.79570847144e-05, 1.24561108805e-06],
        "dvar": [1.47238026216e-08, 7.68835016061e-05, 0.00018047899357, 0.000207794844755, 3.51520138793e-05, 7.26397001927e-06, 1.12329162221e-05, 1.46004431372e-05, 5.76554066356e-06, 2.60833576249e-06, 2.82977475763e-06, 1.39927544751e-06, 9.89016484709e-07, 9.16676356155e-07, 5.24965059867e-07, 1.60757807066e-07, 4.54856717624e-07, 3.12446303496e-07, 1.52984483748e-07, 1.48904817365e-07, 4.56649900116e-07, 4.1306097387e-07, 1.06386141852e-06, 1.87058731171e-06, 1.31218001798e-07, 3.16382120502e-09, 5.4948376578e-12],
        "dvar2": [2.67181814451e-08, 0.000167399906786, 0.000502214999869, 0.000604801811278, 9.43483464653e-05, 1.80163006007e-05, 2.87964739982e-05, 3.88068183383e-05, 1.49891247929e-05, 6.5588533289e-06, 7.44444196243e-06, 3.45316993844e-06, 2.58135855802e-06, 2.2550657377e-06, 1.23735344459e-06, 3.92208590938e-07, 1.07533901428e-06, 7.10095548584e-07, 3.60983278824e-07, 3.43903536759e-07, 1.09429356598e-06, 9.38068126288e-07, 2.48877427111e-06, 3.99199188905e-06, 2.87367328156e-07, 7.04970126719e-09, 1.31318549784e-11],
        "max": [0.00189867510926, 0.130186617374, 0.172243475914, 0.198313951492, 0.056728001684, 0.0739990398288, 0.0644856244326, 0.0815035402775, 0.0685037001967, 0.0347270071507, 0.0441063866019, 0.0222639292479, 0.0261125732213, 0.0234106536955, 0.0190718881786, 0.0145693421364, 0.0200259424746, 0.0195585340261, 0.0144951967523, 0.00834336783737, 0.0139899551868, 0.0160207338631, 0.0210069138557, 0.0297065097839, 0.0103814098984, 0.0011078476673, 7.94418301666e-05],
        "mean": [5.29808385181e-05, 0.00387916620821, 0.003150643548, 0.00290526309982, 0.00284384866245, 0.000946458836552, 0.000953340611886, 0.000987072126009, 0.000757529691327, 0.000608192116488, 0.000495641259477, 0.000407386483857, 0.000341282953741, 0.000345912820194, 0.000353520474164, 0.000222905291594, 0.000426576676546, 0.000346073822584, 0.000258599669905, 0.000279765110463, 0.000485759315779, 0.000591419287957, 0.000746630132198, 0.000688342784997, 0.000204889438464, 3.55660013156e-05, 8.145340189e-07],
        "median": [1.37270581035e-06, 0.000293401273666, 0.00040470805834, 0.000328891241224, 0.000852966564707, 0.000207426171983, 0.000147158381878, 0.000106766310637, 0.000117832525575, 0.000102701356809, 5.4546741012e-05, 4.70429258712e-05, 4.95453132316e-05, 6.00052699156e-05, 5.79835650569e-05, 6.18474659859e-05, 0.000127120089019, 0.000107037834823, 9.65114304563e-05, 0.000110010027129, 0.000214001440327, 0.000321914150845, 0.000331355986418, 0.000189064958249, 5.9556481574e-05, 1.34084484671e-05, 2.21569806058e-07],
        "min": [1.45706750714e-25, 4.84335904459e-24, 8.86275366254e-25, 1.18792690173e-24, 6.18076305773e-24, 7.81070430465e-24, 5.46742769557e-24, 8.84430851686e-24, 1.4468365334e-23, 1.27751069554e-23, 2.10153618002e-23, 2.82857942035e-23, 2.92076854563e-23, 4.11818587792e-23, 3.76554801389e-23, 6.19382974976e-23, 7.15019864178e-23, 1.00648383693e-22, 1.34933244199e-22, 1.8601559764e-22, 2.672529228e-22, 3.54820774683e-22, 4.3120727423e-22, 5.56299358729e-22, 8.50056518575e-22, 1.28533416361e-21, 1.98749185899e-21],
        "var": [2.4285473188e-08, 0.000115719652968, 0.000119121155876, 0.000118976553495, 2.82523833448e-05, 6.84874567014e-06, 9.2998461696e-06, 1.1214564438e-05, 5.05064235767e-06, 2.67173368229e-06, 2.41239058596e-06, 1.42731710184e-06, 9.27088422031e-07, 9.02506371858e-07, 6.16450051893e-07, 1.82707381668e-07, 6.07317247159e-07, 5.87413865105e-07, 1.88256819911e-07, 1.98278300445e-07, 5.7327832792e-07, 6.11187715549e-07, 1.5270759377e-06, 3.14373460242e-06, 2.1249546478e-07, 4.4228487539e-09, 5.62903109541e-12]
    },
    "erbbands": {
        "dmean": [0.080770611763, 0.852184951305, 3.64221429825, 10.4918279648, 11.8558959961, 10.6906461716, 8.59875869751, 7.72503089905, 12.4521789551, 21.4396743774, 23.9734573364, 17.9653720856, 16.8840236664, 20.6746463776, 17.9694156647, 17.513879776, 15.4265193939, 16.3181591034, 17.5896644592, 13.363899231, 11.7432956696, 17.9985351562, 16.5869960785, 10.95337677, 10.6105480194, 10.572936058, 13.6947116852, 14.692814827, 13.2064237595, 17.4366798401, 15.6435070038, 12.8972539902, 6.55189752579, 2.27612519264, 0.712167680264, 0.186250165105, 0.0330342128873, 0.00435234652832, 0.00011329339759, 2.66485913016e-05],
        "dmean2": [0.10851188004, 1.33906960487, 6.47986602783, 19.4743289948, 21.6582889557, 18.3841285706, 14.1841640472, 12.9455986023, 20.7774791718, 35.9621582031, 40.3607254028, 30.122877121, 27.5188522339, 33.6029586792, 28.8719463348, 28.6895618439, 25.0227069855, 26.1457519531, 27.7860507965, 20.4233036041, 18.0018959045, 27.4108657837, 25.783908844, 16.5039405823, 16.4124069214, 16.330499649, 21.3927593231, 22.3471355438, 19.7978057861, 27.0112724304, 24.1138553619, 19.4355678558, 9.72975730896, 3.34589982033, 1.0445741415, 0.270681977272, 0.0480752587318, 0.00656047649682, 0.000166492594872, 4.00885037379e-05],
        "dvar": [0.0458410866559, 5.26894807816, 133.251281738, 1357.40356445, 967.917419434, 401.96774292, 406.223388672, 590.703063965, 1537.74243164, 4493.32714844, 5589.02099609, 3234.84082031, 2587.52246094, 3091.56835938, 2876.76318359, 2044.83190918, 1929.94152832, 2383.54467773, 1608.92980957, 812.88067627, 557.487670898, 1324.85632324, 1063.79492188, 481.912475586, 359.453033447, 323.812225342, 709.584838867, 601.417358398, 425.616943359, 884.83026123, 827.787475586, 1089.3692627, 404.870178223, 34.5290679932, 3.04782652855, 0.163888379931, 0.00561297917739, 0.000168726182892, 8.68668763587e-08, 1.59655311194e-09],
        "dvar2": [0.0786425545812, 12.3955364227, 370.227386475, 3867.71289062, 2775.56323242, 1060.30603027, 1014.99816895, 1458.81433105, 3950.49731445, 11641.3720703, 14862.2470703, 8417.29882812, 6477.30810547, 7823.57128906, 7137.14453125, 5083.99365234, 5008.24951172, 6089.10791016, 3739.60571289, 1883.19360352, 1344.93347168, 3110.12084961, 2396.79931641, 1123.66760254, 849.538208008, 752.800476074, 1705.64648438, 1374.26989746, 940.000732422, 2140.3737793, 1944.64428711, 2387.40844727, 860.795410156, 75.0917663574, 6.832695961, 0.360378921032, 0.0123448343948, 0.000387279083952, 1.97374845357e-07, 3.9556069531e-09],
        "max": [3.6562871933, 35.4058876038, 141.888244629, 494.045257568, 398.691772461, 245.034179688, 395.512054443, 856.54876709, 1132.93933105, 1485.03491211, 1465.46435547, 1485.96081543, 1189.18518066, 1266.2265625, 1558.05200195, 754.874206543, 1267.26086426, 2055.40649414, 1236.02380371, 724.93145752, 722.34173584, 1271.84594727, 1310.09484863, 1040.23022461, 432.382843018, 354.456939697, 652.437866211, 427.193145752, 599.516723633, 602.605529785, 614.078735352, 682.913391113, 572.799865723, 178.060516357, 44.5351333618, 8.97633171082, 1.81182205677, 0.331056982279, 0.00830248650163, 0.000481078546727],
        "mean": [0.0977213084698, 0.940012872219, 3.15666007996, 7.64783477783, 9.56547737122, 9.41662120819, 8.57916927338, 7.29152059555, 11.1327590942, 18.491109848, 21.072555542, 18.0873012543, 17.5852451324, 20.969783783, 18.0028438568, 16.9430751801, 16.1442966461, 16.9457950592, 19.1177253723, 15.6071062088, 14.8963708878, 23.5184211731, 20.7360115051, 13.8332605362, 12.7624130249, 13.3167629242, 17.2947063446, 20.2068538666, 19.3690490723, 23.5137023926, 21.0863609314, 17.8809967041, 9.05641174316, 3.19345188141, 0.995990753174, 0.257373481989, 0.0456583760679, 0.00561433285475, 0.000161922449479, 4.15753784182e-05],
        "median": [0.00323154428042, 0.0861006006598, 0.453722894192, 0.891198456287, 2.07915830612, 2.58993077278, 2.20899796486, 1.62514030933, 2.09899687767, 2.77242970467, 3.16804003716, 3.28510904312, 3.81673359871, 3.12097597122, 2.36293411255, 2.41771936417, 2.69771981239, 3.33850646019, 3.31352615356, 3.43367862701, 4.6445069313, 7.64045524597, 6.55122947693, 4.91960811615, 4.74849271774, 5.45173501968, 7.52921628952, 9.44053268433, 10.5834751129, 12.1371421814, 8.8515586853, 5.69395542145, 2.15191674232, 0.882468819618, 0.307720959187, 0.0875237882137, 0.0188703071326, 0.00227867136709, 7.50326580601e-05, 2.55094691965e-05],
        "min": [8.75914419794e-23, 1.14299800887e-21, 1.81594800932e-21, 5.687846161e-21, 1.91581734554e-20, 2.35887789984e-20, 3.38347502066e-20, 4.76534744236e-20, 1.24411156528e-19, 1.49283818388e-19, 2.68926214061e-19, 3.46029373319e-19, 5.09970341023e-19, 4.86713641113e-19, 9.06278621255e-19, 1.34022480843e-18, 1.86083212344e-18, 2.12401328381e-18, 2.2080312594e-18, 3.76572857171e-18, 4.10640745648e-18, 4.64421175303e-18, 4.69584974354e-18, 6.52796546484e-18, 6.71446326011e-18, 9.21026900025e-18, 7.49678173214e-18, 1.10434972795e-17, 9.48305248676e-18, 1.15617805272e-17, 1.30969524706e-17, 1.11732587565e-17, 9.29977655997e-18, 8.61298669535e-18, 6.57811618461e-18, 4.32532452791e-18, 2.25563446967e-18, 9.17678100674e-19, 2.15103032093e-19, 2.7867382026e-20],
        "var": [0.0843814611435, 6.78570842743, 95.293762207, 812.440673828, 608.986694336, 333.884735107, 408.27520752, 536.452148438, 1284.34472656, 3585.60595703, 4420.05029297, 2844.56298828, 2525.41992188, 3129.11889648, 2883.74731445, 2079.88134766, 1880.21533203, 2177.09448242, 1947.56335449, 984.219543457, 690.641662598, 1812.3894043, 2229.6315918, 611.612243652, 435.603363037, 431.055999756, 870.012756348, 842.936828613, 663.009338379, 1147.33276367, 1211.25720215, 1748.81494141, 665.00402832, 56.2848777771, 4.72728157043, 0.253820061684, 0.00738997850567, 0.000184559859917, 1.03310568988e-07, 2.24559237871e-09]
    },
    "gfcc": {
        "mean": [-23.1935920715, 44.8729438782, -109.050697327, 52.5909805298, -79.6170959473, 23.3925418854, -45.0292549133, 5.20692157745, -23.2479438782, -4.45897626877, -22.4950294495, -0.763949692249, -15.296163559],
        "cov": [[15663.7910156, 284.585388184, -840.66809082, 373.771850586, -362.812225342, 182.31729126, -326.482757568, 103.496086121, -220.706878662, 83.1360931396, -291.555938721, 97.8912277222, -131.519485474], [284.585388184, 1650.68847656, 82.4423522949, -124.899032593, 279.357788086, -73.55834198, 234.732131958, -7.63919067383, 49.1926841736, -79.4347000122, 12.5954580307, 6.25723171234, 20.382730484], [-840.66809082, 82.4423522949, 1527.93457031, 594.612792969, 187.653091431, 179.197006226, 55.0388183594, 22.6356201172, 15.6225690842, 56.1292076111, 22.6102085114, -10.9621315002, 4.12063503265], [373.771850586, -124.899032593, 594.612792969, 729.35546875, 231.928237915, 42.0776939392, -59.9589309692, -33.5216674805, 24.6631259918, 66.0208206177, -3.33876299858, -1.84985280037, 17.3353557587], [-362.812225342, 279.357788086, 187.653091431, 231.928237915, 498.261352539, 111.942520142, 86.8390426636, -13.3830957413, 6.51963090897, 58.1991996765, 27.6654720306, 10.8620452881, 18.2378120422], [182.31729126, -73.55834198, 179.197006226, 42.0776939392, 111.942520142, 341.901153564, 136.055862427, 44.2128639221, -40.4130935669, 10.793712616, 26.1883106232, -17.4672908783, -4.11377477646], [-326.482757568, 234.732131958, 55.0388183594, -59.9589309692, 86.8390426636, 136.055862427, 377.546905518, 111.97782135, -31.5725040436, -0.627914011478, 3.10419178009, 15.1407938004, 18.6563529968], [103.496086121, -7.63919067383, 22.6356201172, -33.5216674805, -13.3830957413, 44.2128639221, 111.97782135, 168.412918091, 46.9760513306, -0.630402266979, -9.18350696564, 9.31297111511, 0.743995428085], [-220.706878662, 49.1926841736, 15.6225690842, 24.6631259918, 6.51963090897, -40.4130935669, -31.5725040436, 46.9760513306, 165.248123169, 41.4896392822, 2.70818758011, -14.8663129807, -5.51192855835], [83.1360931396, -79.4347000122, 56.1292076111, 66.0208206177, 58.1991996765, 10.793712616, -0.627914011478, -0.630402266979, 41.4896392822, 146.1743927, 27.6273288727, -9.47611713409, -15.1645441055], [-291.555938721, 12.5954580307, 22.6102085114, -3.33876299858, 27.6654720306, 26.1883106232, 3.10419178009, -9.18350696564, 2.70818758011, 27.6273288727, 104.979347229, 25.6724643707, 1.60338830948], [97.8912277222, 6.25723171234, -10.9621315002, -1.84985280037, 10.8620452881, -17.4672908783, 15.1407938004, 9.31297111511, -14.8663129807, -9.47611713409, 25.6724643707, 96.9387969971, 29.9976215363], [-131.519485474, 20.382730484, 4.12063503265, 17.3353557587, 18.2378120422, -4.11377477646, 18.6563529968, 0.743995428085, -5.51192855835, -15.1645441055, 1.60338830948, 29.9976215363, 84.3770751953]],
        "icov": [[0.000131982684252, -0.000226527699851, 0.000208295808989, -0.000318923586747, 0.000323110260069, -0.000395082257455, 0.000391186651541, -0.000382425816497, 0.00042107256013, -0.000453841319541, 0.000514889252372, -0.000419965217588, 0.000229033903452], [-0.000226527699851, 0.0013969168067, -0.000576934951823, 0.0010003275238, -0.00133589794859, 0.00138381996658, -0.00153894582763, 0.00132896355353, -0.0014368663542, 0.00173735897988, -0.00111656915396, 0.000934693729505, -0.000275815109489], [0.000208295808989, -0.000576934951823, 0.00141756900121, -0.0014972963836, 0.000821945839562, -0.00116759014782, 0.000632978160866, -0.000834644364659, 0.000744717021007, -0.000869182287715, 0.000636726152152, -0.000638925179373, 0.00044273812091], [-0.000318923586747, 0.0010003275238, -0.0014972963836, 0.00349456490949, -0.00205869041383, 0.00140135828406, -0.000644505314995, 0.00132638053037, -0.00134217285085, 0.000908899761271, -0.000673582137097, 0.000982192112133, -0.00100019981619], [0.000323110260069, -0.00133589794859, 0.000821945839562, -0.00205869041383, 0.00421679997817, -0.0022198210936, 0.000792006147094, -0.000558714964427, 0.00111611990724, -0.00243042339571, 0.00117609638255, -0.00156545871869, 0.000189606376807], [-0.000395082257455, 0.00138381996658, -0.00116759014782, 0.00140135828406, -0.0022198210936, 0.00584261864424, -0.00269486545585, 0.000632604875136, -0.000437429494923, 0.00205695535988, -0.00294275511988, 0.00292435125448, -0.000468690908747], [0.000391186651541, -0.00153894582763, 0.000632978160866, -0.000644505314995, 0.000792006147094, -0.00269486545585, 0.00624869717285, -0.0046491776593, 0.00330652226694, -0.00255581922829, 0.00194597919472, -0.00150349654723, -0.000306004600134], [-0.000382425816497, 0.00132896355353, -0.000834644364659, 0.00132638053037, -0.000558714964427, 0.000632604875136, -0.0046491776593, 0.0110560972244, -0.00553766312078, 0.00247898744419, -0.000290450523607, -0.000522543035913, 0.000208291676245], [0.00042107256013, -0.0014368663542, 0.000744717021007, -0.00134217285085, 0.00111611990724, -0.000437429494923, 0.00330652226694, -0.00553766312078, 0.0103068072349, -0.00422862125561, 0.00112175557297, 0.000392395653762, 5.04621057189e-05], [-0.000453841319541, 0.00173735897988, -0.000869182287715, 0.000908899761271, -0.00243042339571, 0.00205695535988, -0.00255581922829, 0.00247898744419, -0.00422862125561, 0.011018531397, -0.0042116092518, 0.00235153711401, 0.000845552247483], [0.000514889252372, -0.00111656915396, 0.000636726152152, -0.000673582137097, 0.00117609638255, -0.00294275511988, 0.00194597919472, -0.000290450523607, 0.00112175557297, -0.0042116092518, 0.0137079264969, -0.00563403125852, 0.00141306209844], [-0.000419965217588, 0.000934693729505, -0.000638925179373, 0.000982192112133, -0.00156545871869, 0.00292435125448, -0.00150349654723, -0.000522543035913, 0.000392395653762, 0.00235153711401, -0.00563403125852, 0.0149393407628, -0.00498889293522], [0.000229033903452, -0.000275815109489, 0.00044273812091, -0.00100019981619, 0.000189606376807, -0.000468690908747, -0.000306004600134, 0.000208291676245, 5.04621057189e-05, 0.000845552247483, 0.00141306209844, -0.00498889293522, 0.0143631007522]]
    },
    "melbands": {
        "dmean": [0.000819997920189, 0.00155804748647, 0.00181045301724, 0.000823609298095, 0.000317999918479, 0.000177309950232, 0.000199475121917, 0.000246156385401, 0.00018842695863, 0.000109802072984, 8.55491962284e-05, 8.52253579069e-05, 6.86172643327e-05, 5.13956292707e-05, 3.8138266973e-05, 3.38816716976e-05, 3.1938579923e-05, 2.99101266137e-05, 2.36134255829e-05, 1.36646422106e-05, 1.5753772459e-05, 1.9870189135e-05, 1.89709717233e-05, 1.20807126223e-05, 8.98314647202e-06, 8.20564764581e-06, 7.24797791918e-06, 7.35156163501e-06, 8.30127919471e-06, 9.79797096079e-06, 8.47875526233e-06, 7.72191742726e-06, 8.62260731083e-06, 1.0118764294e-05, 9.12321411306e-06, 9.59856970439e-06, 7.49612127038e-06, 5.35415165359e-06, 3.10878363052e-06, 1.5736268324e-06],
        "dmean2": [0.00116248067934, 0.00267185596749, 0.00334482709877, 0.00145910086576, 0.000522416376043, 0.000296962884022, 0.000331742106937, 0.000414686597651, 0.000318059464917, 0.000184475211427, 0.00013977708295, 0.000138591203722, 0.000112982765131, 8.37094776216e-05, 6.34957978036e-05, 5.56066552235e-05, 5.1997762057e-05, 4.81652568851e-05, 3.69646841136e-05, 2.12549311982e-05, 2.48458254646e-05, 3.0614730349e-05, 3.02553780784e-05, 1.85039662028e-05, 1.37921588248e-05, 1.28645942823e-05, 1.14324129754e-05, 1.15436596388e-05, 1.31513306769e-05, 1.55104589794e-05, 1.30315092974e-05, 1.19018714031e-05, 1.31605411298e-05, 1.59291321324e-05, 1.44203968375e-05, 1.46929787661e-05, 1.1339435332e-05, 8.11317750049e-06, 4.64465938421e-06, 2.36246341956e-06],
        "dvar": [4.61537092633e-06, 2.13565635931e-05, 3.8766360376e-05, 2.67977588919e-06, 4.43530666416e-07, 2.72691181635e-07, 3.76410611125e-07, 5.79999323236e-07, 3.24140074781e-07, 1.17130944943e-07, 6.70603270692e-08, 5.14848146338e-08, 4.44303509539e-08, 2.24816183447e-08, 1.06988036208e-08, 1.06150324086e-08, 9.59209867091e-09, 5.28556531876e-09, 2.8455802159e-09, 9.75758251975e-10, 9.86340675802e-10, 1.68432634506e-09, 1.41044242952e-09, 6.42641939663e-10, 3.59281382423e-10, 2.38776748374e-10, 1.77971484772e-10, 1.58778892811e-10, 2.93216284586e-10, 3.51259743514e-10, 1.82536305515e-10, 1.48977524761e-10, 1.97042562822e-10, 3.45492884302e-10, 2.62336208312e-10, 5.15142928315e-10, 4.35287361711e-10, 3.03324115825e-10, 7.64523236385e-11, 1.55463870943e-11],
        "dvar2": [9.07844696485e-06, 5.79216830374e-05, 0.000110467444756, 7.37661548555e-06, 1.10865437364e-06, 6.73031820497e-07, 9.62903641266e-07, 1.50523192133e-06, 8.57023735534e-07, 3.01588045204e-07, 1.68148389434e-07, 1.30162746359e-07, 1.14440226184e-07, 5.53662466984e-08, 2.72173341642e-08, 2.78225087413e-08, 2.45378952712e-08, 1.24707666416e-08, 6.71598643365e-09, 2.36940178588e-09, 2.43069586681e-09, 4.0362992948e-09, 3.38097638775e-09, 1.37975375569e-09, 8.56630322232e-10, 5.61475366201e-10, 4.33621055729e-10, 3.7419828347e-10, 7.08800240723e-10, 8.69008698334e-10, 4.13811429567e-10, 3.42772837891e-10, 4.58063947884e-10, 8.50298609301e-10, 6.33407437611e-10, 1.21323617819e-09, 9.67104174521e-10, 6.64784005622e-10, 1.704321545e-10, 3.54795984259e-11],
        "max": [0.0329142548144, 0.0529600530863, 0.0817948356271, 0.0164616610855, 0.0135293137282, 0.017708119005, 0.0150938639417, 0.0173189938068, 0.00986653752625, 0.009182671085, 0.00597814098001, 0.00493194209412, 0.00661340774968, 0.00301748048514, 0.00242013437673, 0.00352183217183, 0.00354868220165, 0.00212350254878, 0.00120820978191, 0.00105893460568, 0.000750247971155, 0.00121292495169, 0.00112643686589, 0.00126919266768, 0.000898929894902, 0.00048207436339, 0.00016281324497, 0.000298473169096, 0.000521203270182, 0.00043942956836, 0.000242986818193, 0.000329641072312, 0.000349299691152, 0.000454329041531, 0.000336194643751, 0.000652602349874, 0.0004974809126, 0.000507302873302, 0.000211524762562, 0.00012800085824],
        "mean": [0.000983833917417, 0.00154968176503, 0.00139223155566, 0.000698419171385, 0.000319130282151, 0.000168650469277, 0.000176975605427, 0.000210236757994, 0.000166948957485, 0.000107977793959, 8.62638626131e-05, 8.47506235004e-05, 6.49466528557e-05, 4.84238917124e-05, 3.74904957425e-05, 3.35885633831e-05, 3.14955432259e-05, 3.10303767037e-05, 2.58215095528e-05, 1.57454724103e-05, 1.85720655281e-05, 2.47354910243e-05, 2.28492335737e-05, 1.48926956172e-05, 1.07450678115e-05, 9.77395666268e-06, 8.0577647168e-06, 9.14140218811e-06, 1.02999883893e-05, 1.141042776e-05, 1.18308680612e-05, 1.07484138425e-05, 1.17202662295e-05, 1.32367495098e-05, 1.17545605463e-05, 1.27937391881e-05, 1.00440829556e-05, 7.04021704223e-06, 4.12150166085e-06, 2.15792215386e-06],
        "median": [5.38165986654e-05, 0.000203960225917, 0.000190759586985, 0.000197242508875, 8.69612777024e-05, 3.62281680282e-05, 3.08470735035e-05, 2.83959470835e-05, 2.45374903898e-05, 1.67166654137e-05, 1.52172397065e-05, 1.13819123726e-05, 7.81219023338e-06, 5.09105939273e-06, 5.77964237891e-06, 5.01663089381e-06, 5.3865596783e-06, 4.84237443743e-06, 4.45987825515e-06, 3.70917177861e-06, 5.28078726347e-06, 7.39616734791e-06, 6.76241415931e-06, 4.39119048679e-06, 3.47157674696e-06, 3.49708875547e-06, 2.48625656241e-06, 3.67175948668e-06, 4.23867413701e-06, 4.57319265479e-06, 5.46509045307e-06, 5.68970926906e-06, 5.90871150052e-06, 6.49316507406e-06, 4.87852730657e-06, 4.48512264484e-06, 2.88022010864e-06, 1.4894500282e-06, 1.00355805444e-06, 6.27393092145e-07],
        "min": [1.29156764467e-24, 1.31474496971e-24, 1.01656008349e-24, 6.48983047736e-25, 1.73918625495e-24, 1.25276554889e-24, 1.72021848892e-24, 1.92576132537e-24, 1.87883159569e-24, 2.15809841411e-24, 2.27422327531e-24, 1.49837453211e-24, 3.32351595877e-24, 2.73792892882e-24, 4.26931127475e-24, 3.0449648344e-24, 3.75969490263e-24, 2.93929790222e-24, 2.64031942193e-24, 4.44862133066e-24, 2.75571557286e-24, 4.44237000242e-24, 4.21560680762e-24, 5.00756162531e-24, 3.72889106758e-24, 4.14629946064e-24, 4.94112297101e-24, 4.25082471387e-24, 3.92689554922e-24, 3.84893992013e-24, 5.56339380799e-24, 3.74350313812e-24, 6.08278456115e-24, 5.51241367199e-24, 6.02977192503e-24, 6.36175575395e-24, 5.88012580017e-24, 4.91797029787e-24, 5.38642864112e-24, 6.2138478841e-24],
        "var": [7.8215934991e-06, 1.84330037882e-05, 2.35200550378e-05, 1.95878510567e-06, 4.51820255876e-07, 2.51771609783e-07, 3.1649406651e-07, 4.61945774077e-07, 2.63545871348e-07, 1.0542772344e-07, 6.50357208087e-08, 5.25028305276e-08, 3.98756654363e-08, 2.28021725945e-08, 1.02119059875e-08, 9.64709823137e-09, 8.53812576196e-09, 6.00077942892e-09, 3.30821636751e-09, 1.05802733241e-09, 1.15661880074e-09, 2.17082973819e-09, 1.90536164624e-09, 1.612259104e-09, 4.19286383391e-10, 2.85243911824e-10, 1.96532470853e-10, 2.11699213715e-10, 3.64717145374e-10, 3.81870979282e-10, 2.70903355304e-10, 2.13676284999e-10, 2.76267397847e-10, 4.21455342847e-10, 3.58559931746e-10, 7.27569171577e-10, 6.67639887819e-10, 4.68708183377e-10, 1.16643611436e-10, 2.34126606991e-11]
    },
    "mfcc": {
        "mean": [-656.872619629, 62.4963569641, 23.4280166626, 22.0447483063, -0.747271418571, 10.4953012466, -10.0397157669, 8.08594417572, -2.76464486122, -1.70220017433, -3.99815940857, -0.348648846149, -7.70272636414],
        "cov": [[9746.65136719, 204.636566162, -503.916229248, 63.9835929871, -54.7894859314, 81.475479126, -91.8800048828, 13.3962001801, -4.63597679138, 37.9302711487, -89.9187011719, -32.3827018738, -45.3920440674], [204.636566162, 1652.25012207, -133.134078979, 20.77643013, -51.9291954041, 33.48462677, 117.682891846, 130.761016846, 75.9128417969, -42.2204627991, 57.1871795654, 30.3021678925, -20.216501236], [-503.916229248, -133.134078979, 1268.98461914, 371.425415039, 236.447097778, 159.982696533, 96.4907684326, 50.9484291077, 23.3085975647, 92.4683227539, -0.833395123482, 2.03910374641, 46.750629425], [63.9835929871, 20.77643013, 371.425415039, 664.609191895, 277.776824951, 137.315734863, 11.1649169922, -24.8788223267, 45.09815979, 34.8043327332, 0.673737764359, -27.9932441711, 60.3974761963], [-54.7894859314, -51.9291954041, 236.447097778, 277.776824951, 458.835784912, 178.823440552, 7.29454803467, -35.3341522217, -13.5792284012, 46.0259132385, 14.5679655075, -9.54961681366, 27.8071689606], [81.475479126, 33.48462677, 159.982696533, 137.315734863, 178.823440552, 289.769836426, 167.272613525, 12.2762489319, 23.9821376801, 55.0468406677, 17.1009922028, 7.01110172272, 22.5561943054], [-91.8800048828, 117.682891846, 96.4907684326, 11.1649169922, 7.29454803467, 167.272613525, 366.605712891, 114.871322632, 64.3029327393, 28.252702713, 8.05566215515, 32.32862854, 29.1485347748], [13.3962001801, 130.761016846, 50.9484291077, -24.8788223267, -35.3341522217, 12.2762489319, 114.871322632, 200.401397705, 79.6824111938, -4.59700870514, 5.91986179352, 35.2256660461, -3.59040284157], [-4.63597679138, 75.9128417969, 23.3085975647, 45.09815979, -13.5792284012, 23.9821376801, 64.3029327393, 79.6824111938, 164.426940918, 57.5249443054, 13.1624164581, 23.3373394012, 2.95950603485], [37.9302711487, -42.2204627991, 92.4683227539, 34.8043327332, 46.0259132385, 55.0468406677, 28.252702713, -4.59700870514, 57.5249443054, 145.9296875, 53.1622886658, 16.1253528595, 6.75237464905], [-89.9187011719, 57.1871795654, -0.833395123482, 0.673737764359, 14.5679655075, 17.1009922028, 8.05566215515, 5.91986179352, 13.1624164581, 53.1622886658, 103.97479248, 42.0344314575, 5.05702257156], [-32.3827018738, 30.3021678925, 2.03910374641, -27.9932441711, -9.54961681366, 7.01110172272, 32.32862854, 35.2256660461, 23.3373394012, 16.1253528595, 42.0344314575, 106.205383301, 25.9884567261], [-45.3920440674, -20.216501236, 46.750629425, 60.3974761963, 27.8071689606, 22.5561943054, 29.1485347748, -3.59040284157, 2.95950603485, 6.75237464905, 5.05702257156, 25.9884567261, 94.3591690063]],
