{
"lowlevel": {
    "average_loudness": 0.958108484745,
    "barkbands_crest": {
        "dmean": 2.68349695206,
        "dmean2": 4.05397033691,
        "dvar": 6.61802768707,
        "dvar2": 14.3197174072,
        "max": 26.2250995636,
        "mean": 10.6806259155,
        "median": 9.42868423462,
        "min": 2.1741797924,
        "var": 24.7630767822
    },
    "barkbands_flatness_db": {
        "dmean": 0.0238442085683,
        "dmean2": 0.0339015163481,
        "dvar": 0.000556168379262,
        "dvar2": 0.00110410607886,
        "max": 0.457383185625,
        "mean": 0.129723846912,
        "median": 0.121448650956,
        "min": 0.0150329638273,
        "var": 0.00290017295629
    },
    "barkbands_kurtosis": {
        "dmean": 4.85603046417,
        "dmean2": 7.1695318222,
        "dvar": 95.381439209,
        "dvar2": 196.244110107,
        "max": 220.283615112,
        "mean": 6.97184276581,
        "median": 2.52569246292,
        "min": -1.96080482006,
        "var": 192.68661499
    },
    "barkbands_skewness": {
        "dmean": 0.702450871468,
        "dmean2": 0.995564818382,
        "dvar": 0.730875492096,
        "dvar2": 1.36514806747,
        "max": 14.1186990738,
        "mean": 1.82261931896,
        "median": 1.45372915268,
        "min": -5.40243721008,
        "var": 2.51245212555
    },
    "barkbands_spread": {
        "dmean": 9.2805814743,
        "dmean2": 13.9316320419,
        "dvar": 163.455215454,
        "dvar2": 334.419006348,
        "max": 123.945777893,
        "mean": 25.2127513885,
        "median": 20.8663311005,
        "min": 0.409199357033,
        "var": 355.079742432
    },
    "dissonance": {
        "dmean": 0.0276750791818,
        "dmean2": 0.0465093255043,
        "dvar": 0.000700913893525,
        "dvar2": 0.00193275674246,
        "max": 0.500000059605,
        "mean": 0.451788365841,
        "median": 0.459282815456,
        "min": 0.134506553411,
        "var": 0.00130910368171
    },
    "dynamic_complexity": 3.06314444542,
    "erbbands_crest": {
        "dmean": 3.56230902672,
        "dmean2": 5.88599014282,
        "dvar": 10.9341869354,
        "dvar2": 28.1199970245,
        "max": 31.6725330353,
        "mean": 10.1249742508,
        "median": 8.82757949829,
        "min": 2.1070356369,
        "var": 24.7833023071
    },
    "erbbands_flatness_db": {
        "dmean": 0.0234956238419,
        "dmean2": 0.0342344529927,
        "dvar": 0.000445571640739,
        "dvar2": 0.000915502314456,
        "max": 0.35858169198,
        "mean": 0.132980763912,
        "median": 0.124295979738,
        "min": 0.0361678935587,
        "var": 0.00249621458352
    },
    "erbbands_kurtosis": {
        "dmean": 1.772097826,
        "dmean2": 2.83141565323,
        "dvar": 6.42460870743,
        "dvar2": 14.9770183563,
        "max": 54.793888092,
        "mean": 1.77087926865,
        "median": 0.617288351059,
        "min": -1.87559115887,
        "var": 13.4795446396
    },
    "erbbands_skewness": {
        "dmean": 0.484149992466,
        "dmean2": 0.750223219395,
        "dvar": 0.252593427896,
        "dvar2": 0.538790583611,
        "max": 6.46210479736,
        "mean": 0.791689157486,
        "median": 0.782020926476,
        "min": -3.95032787323,
        "var": 0.822094738483
    },
    "erbbands_spread": {
        "dmean": 13.728348732,
        "dmean2": 20.4156608582,
        "dvar": 255.143814087,
        "dvar2": 544.108520508,
        "max": 219.816177368,
        "mean": 42.794254303,
        "median": 36.4414520264,
        "min": 2.61149764061,
        "var": 739.417480469
    },
    "hfc": {
        "dmean": 10.3226366043,
        "dmean2": 14.5842037201,
        "dvar": 235.281265259,
        "dvar2": 484.047485352,
        "max": 273.803619385,
        "mean": 21.7685909271,
        "median": 15.7954130173,
        "min": 1.06980750929e-16,
        "var": 491.279876709
    },
    "melbands_crest": {
        "dmean": 3.29901576042,
        "dmean2": 5.15708398819,
        "dvar": 10.7929916382,
        "dvar2": 23.609336853,
        "max": 38.910697937,
        "mean": 15.3162403107,
        "median": 13.7998151779,
        "min": 1.56480002403,
        "var": 44.4924850464
    },
    "melbands_flatness_db": {
        "dmean": 0.0278881564736,
        "dmean2": 0.0379755161703,
        "dvar": 0.000812682672404,
        "dvar2": 0.00148562563118,
        "max": 0.600617408752,
        "mean": 0.207327887416,
        "median": 0.199147805572,
        "min": 0.00357725401409,
        "var": 0.00488240690902
    },
    "melbands_kurtosis": {
        "dmean": 15.8086690903,
        "dmean2": 23.1605415344,
        "dvar": 2017.08508301,
        "dvar2": 3899.29711914,
        "max": 1324.77197266,
        "mean": 24.2325267792,
        "median": 8.00343513489,
        "min": -1.82031488419,
        "var": 3851.7902832
    },
    "melbands_skewness": {
        "dmean": 1.06064522266,
        "dmean2": 1.51455163956,
        "dvar": 2.19274950027,
        "dvar2": 4.05013370514,
        "max": 30.8394412994,
        "mean": 2.97068858147,
        "median": 2.21439838409,
        "min": -1.67055559158,
        "var": 7.2799038887
    },
    "melbands_spread": {
        "dmean": 6.95570278168,
        "dmean2": 10.3491792679,
        "dvar": 121.151329041,
        "dvar2": 257.259857178,
        "max": 277.832061768,
        "mean": 22.2373638153,
        "median": 19.0226631165,
        "min": 0.401327729225,
        "var": 374.6043396
    },
    "pitch_salience": {
        "dmean": 0.072709813714,
        "dmean2": 0.112985745072,
        "dvar": 0.00472423946485,
        "dvar2": 0.0103943515569,
        "max": 0.948961853981,
        "mean": 0.526098966599,
        "median": 0.540157079697,
        "min": 0.0553432330489,
        "var": 0.016628369689
    },
    "silence_rate_20dB": {
        "dmean": 0,
        "dmean2": 0,
        "dvar": 0,
        "dvar2": 0,
        "max": 1,
        "mean": 1,
        "median": 1,
        "min": 1,
        "var": 0
    },
    "silence_rate_30dB": {
        "dmean": 0.0387195721269,
        "dmean2": 0.077446565032,
        "dvar": 0.0372185334563,
        "dvar2": 0.0724065601826,
        "max": 1,
        "mean": 0.933397233486,
        "median": 1,
        "min": 0,
        "var": 0.0621674023569
    },
    "silence_rate_60dB": {
        "dmean": 0.00805060379207,
        "dmean2": 0.016102751717,
        "dvar": 0.00798572879285,
        "dvar2": 0.0214028265327,
        "max": 1,
        "mean": 0.0187829416245,
        "median": 0,
        "min": 0,
        "var": 0.0184289440513
    },
    "spectral_centroid": {
        "dmean": 302.736206055,
        "dmean2": 454.053955078,
        "dvar": 161596.3125,
        "dvar2": 325847.6875,
        "max": 11856.3857422,
        "mean": 1354.90698242,
        "median": 1183.62316895,
        "min": 199.310577393,
        "var": 1163795.875
    },
    "spectral_complexity": {
        "dmean": 3.2930803299,
        "dmean2": 4.79440259933,
        "dvar": 14.1890993118,
        "dvar2": 25.4343757629,
        "max": 59,
        "mean": 15.5137519836,
        "median": 14,
        "min": 0,
        "var": 79.6218490601
    },
    "spectral_decrease": {
        "dmean": 4.19183798783e-09,
        "dmean2": 6.05054406577e-09,
        "dvar": 1.05915765817e-16,
        "dvar2": 2.15844310516e-16,
        "max": 4.6619705453e-22,
        "mean": -8.49116332802e-09,
        "median": -4.85046225407e-09,
        "min": -1.02285149239e-07,
        "var": 1.75256529857e-16
    },
    "spectral_energy": {
        "dmean": 0.0165024381131,
        "dmean2": 0.0237712506205,
        "dvar": 0.00157840317115,
        "dvar2": 0.00322457193397,
        "max": 0.394085288048,
        "mean": 0.0340221635997,
        "median": 0.0200192965567,
        "min": 9.99210996289e-21,
        "var": 0.00260980380699
    },
    "spectral_energyband_high": {
        "dmean": 0.000706926512066,
        "dmean2": 0.000955224095378,
        "dvar": 1.32377635964e-06,
        "dvar2": 2.40472536461e-06,
        "max": 0.0254448652267,
        "mean": 0.00114039285108,
        "median": 0.000575704791117,
        "min": 7.01242121954e-21,
        "var": 2.90982893603e-06
    },
    "spectral_energyband_low": {
        "dmean": 0.0108980415389,
        "dmean2": 0.0151496566832,
        "dvar": 0.00132434023544,
        "dvar2": 0.00266391923651,
        "max": 0.365354269743,
        "mean": 0.0186940841377,
        "median": 0.00605569407344,
        "min": 1.28169347272e-23,
        "var": 0.00211026961915
    },
    "spectral_energyband_middle_high": {
        "dmean": 0.00191608362366,
        "dmean2": 0.00291229691356,
        "dvar": 7.87568023952e-06,
        "dvar2": 1.71123338077e-05,
        "max": 0.0648545697331,
        "mean": 0.00452480651438,
        "median": 0.00313315098174,
        "min": 1.16828305823e-21,
        "var": 2.49260174314e-05
    },
    "spectral_energyband_middle_low": {
        "dmean": 0.00696869380772,
        "dmean2": 0.0116369696334,
        "dvar": 0.000205496748094,
        "dvar2": 0.000552795245312,
        "max": 0.140241846442,
        "mean": 0.0109451124445,
        "median": 0.00695842783898,
        "min": 1.81825622895e-22,
        "var": 0.000195836022613
    },
    "spectral_entropy": {
        "dmean": 0.208568692207,
        "dmean2": 0.295558273792,
        "dvar": 0.0444178767502,
        "dvar2": 0.0866504609585,
        "max": 9.82713031769,
        "mean": 7.68965005875,
        "median": 7.66946554184,
        "min": 5.7791595459,
        "var": 0.200360998511
    },
    "spectral_flux": {
        "dmean": 0.0339366979897,
        "dmean2": 0.0525771342218,
        "dvar": 0.00360959977843,
        "dvar2": 0.00608864659443,
        "max": 0.606365740299,
        "mean": 0.0950170978904,
        "median": 0.0722727999091,
        "min": 6.42217251601e-11,
        "var": 0.00728570623323
    },
    "spectral_kurtosis": {
        "dmean": 1.15842235088,
        "dmean2": 1.72227036953,
        "dvar": 2.07935881615,
        "dvar2": 4.91363096237,
        "max": 37.8004417419,
        "mean": 3.38779020309,
        "median": 3.12418603897,
        "min": -1.29774641991,
        "var": 5.09032058716
    },
    "spectral_rms": {
        "dmean": 0.00106139946729,
        "dmean2": 0.00148618163075,
        "dvar": 3.32427498506e-06,
        "dvar2": 6.22281504548e-06,
        "max": 0.0196079947054,
        "mean": 0.004975754302,
        "median": 0.00441939150915,
        "min": 3.12224269876e-12,
        "var": 8.43401176098e-06
    },
    "spectral_rolloff": {
        "dmean": 750.144348145,
        "dmean2": 1264.89941406,
        "dvar": 3043646,
        "dvar2": 6835733.5,
        "max": 20090.4785156,
        "mean": 1599.1361084,
        "median": 1033.59375,
        "min": 21.533203125,
        "var": 6247420
    },
    "spectral_skewness": {
        "dmean": 0.22302749753,
        "dmean2": 0.31888332963,
        "dvar": 0.0560174100101,
        "dvar2": 0.112416356802,
        "max": 5.00131559372,
        "mean": 1.53670561314,
        "median": 1.5365344286,
        "min": -0.182869046926,
        "var": 0.203022032976
    },
    "spectral_spread": {
        "dmean": 1090278,
        "dmean2": 1435780.125,
        "dvar": 1.55801210061e+12,
        "dvar2": 3.01999875686e+12,
        "max": 42376060,
        "mean": 6539278.5,
        "median": 5712112,
        "min": 1443826.5,
        "var": 1.448017186e+13
    },
    "spectral_strongpeak": {
        "dmean": 0.507256388664,
        "dmean2": 0.83498442173,
        "dvar": 0.554730176926,
        "dvar2": 1.330072999,
        "max": 8.20390892029,
        "mean": 0.767394483089,
        "median": 0.311926692724,
        "min": 0,
        "var": 0.910026550293
    },
    "zerocrossingrate": {
        "dmean": 0.018564702943,
        "dmean2": 0.0211726296693,
        "dvar": 0.000491285522003,
        "dvar2": 0.000593775883317,
        "max": 0.5224609375,
        "mean": 0.0744926705956,
        "median": 0.0595703125,
        "min": 0.001953125,
        "var": 0.00354336178862
    },
    "barkbands": {
        "dmean": [0.000236904234043, 0.00802242103964, 0.00588580640033, 0.00178800022695, 0.0016241929261, 0.000822488684207, 0.00148666254245, 0.00195990223438, 0.00136512704194, 0.000793258077465, 0.000809094752185, 0.000543615955394, 0.000311374227749, 0.000216483706026, 0.000151040323544, 0.00012357858941, 0.000145486133988, 9.87244711723e-05, 8.66460104589e-05, 8.52200391819e-05, 9.7425225249e-05, 9.48855013121e-05, 7.9030127381e-05, 0.00016330309154, 0.000126833343529, 0.000192756488104, 5.81590347792e-06],
        "dmean2": [0.000327692599967, 0.0106490589678, 0.0109481131658, 0.00322782434523, 0.0027821327094, 0.00132228003349, 0.0024914573878, 0.00326148071326, 0.00220277532935, 0.00125563144684, 0.00134197762236, 0.000899035891052, 0.000490859791171, 0.000341511768056, 0.000240205656155, 0.00020129843324, 0.000229554396356, 0.000157048241817, 0.00013820816821, 0.000134326663101, 0.000145779500599, 0.000138572315336, 0.000112708061351, 0.000224347022595, 0.000174529122887, 0.000279839936411, 8.98365124158e-06],
        "dvar": [3.85813137882e-07, 0.000684585305862, 0.000764920026995, 5.12159458594e-05, 1.54215485964e-05, 3.1976169339e-06, 1.62128617376e-05, 2.4442522772e-05, 1.19013539006e-05, 3.91187813875e-06, 2.0446061626e-06, 9.76337787506e-07, 6.46452804176e-07, 2.13649087755e-07, 1.15617382335e-07, 5.45431149135e-08, 9.2061107182e-08, 2.99010665117e-08, 2.00067642453e-08, 2.36472690318e-08, 2.62334793888e-08, 3.10965582173e-08, 3.77324624878e-08, 9.14584106226e-08, 7.25332114371e-08, 7.35710159461e-08, 5.07643871384e-10],
        "dvar2": [7.04899662196e-07, 0.0014153146185, 0.0021834934596, 0.000145975631312, 4.26219157816e-05, 7.85632801126e-06, 4.26589031122e-05, 6.28074340057e-05, 2.9406419344e-05, 8.86500674824e-06, 5.23374092154e-06, 2.47018192567e-06, 1.49945446992e-06, 5.12086842264e-07, 2.86743841116e-07, 1.34852555789e-07, 2.31895029401e-07, 7.69089609776e-08, 4.89025744344e-08, 5.44060512198e-08, 5.73588003761e-08, 6.08718764283e-08, 7.33036671363e-08, 1.8285388137e-07, 1.44245731803e-07, 1.64616380971e-07, 1.13469700302e-09],
        "max": [0.0101947262883, 0.294818520546, 0.223745942116, 0.0901392027736, 0.046032898128, 0.0339910984039, 0.067852512002, 0.0782911852002, 0.0795907825232, 0.052769087255, 0.0280112680048, 0.0168376471847, 0.0202009603381, 0.00782671291381, 0.00743559375405, 0.00450740894303, 0.0102337533608, 0.00406281184405, 0.00308520672843, 0.0029723260086, 0.00292528769933, 0.00495982030407, 0.0070088878274, 0.00755921052769, 0.00759887648746, 0.00430337386206, 0.00103588483762],
        "mean": [0.000466762576252, 0.0129492403939, 0.0042393472977, 0.00171315309126, 0.00208389130421, 0.00118547014426, 0.00161150051281, 0.00209062802605, 0.00176462251693, 0.00109277770389, 0.00115370575804, 0.000783271156251, 0.00044122239342, 0.000292913493467, 0.000229247627431, 0.000189236554434, 0.000232724312809, 0.000161658259458, 0.000151531494339, 0.000132771383505, 0.000169760387507, 0.000178928050445, 0.000112037050712, 0.000220172296395, 0.000165003162692, 0.000204261450563, 6.23388405074e-06],
        "median": [0.000243079150096, 0.00395666295663, 0.000806697644293, 0.000566556525882, 0.0010924639646, 0.000501496775541, 0.00044369965326, 0.000508898345288, 0.000637722900137, 0.000461667950731, 0.000434855901403, 0.000313274387736, 8.47198971314e-05, 5.98856531724e-05, 3.55605952791e-05, 6.79186778143e-05, 8.26486866572e-05, 8.11358404462e-05, 8.3588223788e-05, 6.65506668156e-05, 8.94243712537e-05, 9.09645168576e-05, 3.58668330591e-05, 6.79106378811e-05, 4.47568381787e-05, 4.20044270868e-05, 7.93275830802e-07],
        "min": [4.29547779098e-25, 1.35933750175e-24, 8.82562592404e-25, 1.38462039515e-24, 4.49127937854e-24, 1.39044102506e-23, 5.4117293825e-24, 8.36053562243e-24, 1.17061743964e-23, 1.62886413624e-23, 1.03822346612e-23, 2.20924945683e-23, 9.74341194472e-24, 3.52978020852e-23, 3.98939171337e-23, 6.37182264462e-23, 3.94180636139e-23, 5.83527290459e-23, 1.11305673641e-22, 1.76252150206e-22, 2.62151984104e-22, 3.01009631464e-22, 4.36228569529e-22, 6.24787883868e-22, 8.63121973676e-22, 1.23718562806e-21, 2.02800331222e-21],
        "var": [6.55708106478e-07, 0.00107469735667, 0.000439533352619, 3.15391371259e-05, 1.2391114069e-05, 4.43937733507e-06, 1.57966132974e-05, 2.43988251896e-05, 1.56565583893e-05, 6.4133628257e-06, 3.27810516865e-06, 1.53397729719e-06, 1.164628884e-06, 3.62626252581e-07, 2.457471453e-07, 1.0218091262e-07, 1.72191761294e-07, 5.49528955673e-08, 4.06993443391e-08, 3.8693048765e-08, 5.90211470808e-08, 7.68573116261e-08, 6.77187870224e-08, 1.65661816709e-07, 1.26668098233e-07, 1.05940216599e-07, 6.05824335143e-10]
    },
    "erbbands": {
        "dmean": [0.2322897017, 1.91837346554, 6.0932059288, 6.62846231461, 5.41385221481, 5.74292707443, 5.40153264999, 7.26750135422, 18.3510360718, 32.1032371521, 38.1227912903, 27.7890033722, 30.1291599274, 17.1600856781, 36.8644866943, 19.2921085358, 14.1129760742, 11.1357688904, 7.27936697006, 8.36980342865, 5.73226308823, 8.30140304565, 5.4464392662, 4.45817565918, 4.03092193604, 4.07930707932, 3.79103016853, 4.06789159775, 3.45451211929, 2.48481702805, 2.32386183739, 2.13690400124, 3.75779557228, 1.56611502171, 0.906295835972, 0.472828507423, 0.525585711002, 0.0597966648638, 0.00143575354014, 6.04705928708e-05],
        "dmean2": [0.291636526585, 2.68108582497, 10.7773122787, 12.0675077438, 9.59878444672, 9.84427833557, 8.72012996674, 11.9025506973, 30.8736991882, 53.1397895813, 62.3769721985, 44.8687705994, 47.8095359802, 26.7890739441, 61.3645935059, 31.3359985352, 22.0082759857, 17.4037055969, 11.2058982849, 13.6799068451, 9.10960388184, 12.9739875793, 8.57350063324, 7.01916837692, 6.40416145325, 6.44872808456, 5.68619728088, 6.06303596497, 5.11741495132, 3.60562181473, 3.35781335831, 3.00054693222, 5.22919559479, 2.19767832756, 1.24897229671, 0.615059792995, 0.794973254204, 0.0949847996235, 0.00225935061462, 8.92067109817e-05],
        "dvar": [0.514588773251, 43.930480957, 741.596984863, 808.829406738, 244.72744751, 189.764358521, 110.767623901, 322.00680542, 3101.00268555, 6331.92138672, 8550.09570312, 5476.94726562, 5266.47509766, 2180.30639648, 4288.07421875, 1342.37316895, 1403.67199707, 527.158508301, 278.100372314, 382.67980957, 117.028846741, 359.24987793, 99.0913085938, 48.255569458, 51.8288955688, 53.0069198608, 51.7394523621, 46.3148460388, 42.7420578003, 28.746837616, 37.0721511841, 25.1167793274, 45.7130126953, 11.1804189682, 3.58959817886, 0.748929202557, 0.565523147583, 0.00965766701847, 2.0081504772e-05, 1.37264839495e-08],
        "dvar2": [0.792355060577, 96.8092880249, 2030.76123047, 2299.70898438, 685.250244141, 526.597167969, 274.833129883, 816.537597656, 8324.7578125, 16148.0058594, 21239.4199219, 13879.6591797, 11642.4609375, 4922.77929688, 11303.7949219, 3343.27050781, 3230.27856445, 1240.93530273, 638.397216797, 1024.23400879, 287.874816895, 894.048034668, 254.301345825, 115.740463257, 127.577339172, 123.224227905, 123.652786255, 96.0288238525, 87.7657623291, 55.5581283569, 75.6626968384, 48.3291664124, 97.2945098877, 22.7031154633, 7.37596225739, 1.32233774662, 1.3370308876, 0.0251203924417, 4.71444618597e-05, 3.06975351805e-08],
        "max": [9.21455764771, 69.4487686157, 224.751739502, 276.64364624, 193.858886719, 209.677963257, 212.361633301, 322.880737305, 639.470275879, 1433.45581055, 1643.24084473, 1756.17834473, 1945.97131348, 1756.81201172, 1217.9329834, 760.974243164, 1058.96582031, 427.806182861, 423.820800781, 415.199310303, 211.734466553, 717.114135742, 262.77230835, 183.718414307, 98.8023071289, 135.104598999, 153.522171021, 143.419128418, 226.75541687, 155.898391724, 257.313690186, 131.132324219, 145.522277832, 106.404373169, 49.6430435181, 16.1184463501, 9.41584014893, 1.58968162537, 0.216322854161, 0.00398342264816],
        "mean": [0.457055360079, 2.58151006699, 4.92254304886, 5.77094984055, 5.8589630127, 7.20296096802, 8.30472660065, 9.62072944641, 19.6940097809, 36.1169395447, 43.3830871582, 36.6613998413, 43.5913619995, 27.026391983, 54.5057029724, 30.6297168732, 21.9186687469, 16.092004776, 11.6753149033, 12.992477417, 9.70460033417, 13.6488571167, 9.54503250122, 8.31497955322, 6.68373632431, 6.4098367691, 6.21104335785, 7.42899942398, 6.43269872665, 4.30868864059, 3.31588935852, 3.23223948479, 4.61709928513, 2.06983709335, 1.11882805824, 0.619055628777, 0.516341328621, 0.0546764619648, 0.00138461939059, 8.41614164528e-05],
        "median": [0.143399849534, 0.690562963486, 1.07975232601, 1.60926306248, 2.5303606987, 3.53885602951, 3.7916996479, 4.01955747604, 6.30957317352, 9.04525470734, 12.4334039688, 14.0820589066, 19.7650756836, 12.0728282928, 23.1536865234, 14.9750556946, 5.47502756119, 4.09860086441, 2.01659274101, 3.30806303024, 3.95216393471, 4.74735021591, 4.41732978821, 5.09099531174, 3.32061457634, 3.27817463875, 3.00095295906, 3.98307299614, 3.04686450958, 1.87606608868, 1.09256970882, 1.22660148144, 1.0799421072, 0.606329619884, 0.262837558985, 0.121277019382, 0.102601163089, 0.00905274786055, 0.000212862156332, 3.80885030609e-05],
        "min": [7.72434864799e-23, 3.77656846385e-22, 2.32008187703e-21, 6.85928536967e-21, 5.76737464936e-21, 1.01031185704e-20, 4.46459426516e-20, 9.56168313841e-20, 6.72556645377e-20, 1.54635819123e-19, 2.40469650026e-19, 3.18321226792e-19, 6.50516547203e-19, 6.67661364663e-19, 8.95880237172e-19, 1.14219187612e-18, 1.08547489326e-18, 1.84881215517e-18, 2.57030410765e-18, 3.27907050679e-18, 3.91959161027e-18, 4.04102006983e-18, 4.68228604945e-18, 5.71515546107e-18, 8.43112524741e-18, 8.71920578498e-18, 9.24275734599e-18, 1.17225943644e-17, 1.11302916868e-17, 1.0794048558e-17, 1.3294666835e-17, 1.06669704549e-17, 9.35574608176e-18, 7.43951849988e-18, 6.78471446876e-18, 3.58306144986e-18, 2.26156638864e-18, 9.38731191432e-19, 2.52494141946e-19, 2.72627582346e-20],
        "var": [1.09297478199, 55.5927772522, 481.246246338, 484.744415283, 166.520584106, 159.842422485, 178.933456421, 370.114196777, 2564.1105957, 7059.96582031, 9664.75, 6544.25146484, 9241.88964844, 4034.55688477, 6845.96777344, 2283.97290039, 2642.03369141, 925.919006348, 632.359008789, 678.63067627, 245.269500732, 658.701477051, 206.889266968, 103.604507446, 92.6694793701, 85.8965377808, 91.1248474121, 111.170448303, 101.368492126, 60.8830451965, 60.7312774658, 47.4080467224, 72.6169586182, 19.536491394, 5.85466861725, 1.42515492439, 0.678623735905, 0.00918532907963, 2.14166793739e-05, 1.85602733183e-08]
    },
    "gfcc": {
        "mean": [0.448022931814, 71.07056427, -87.5052261353, 24.5766296387, -62.3204917908, 20.8002128601, -27.5185966492, 20.378993988, -25.5253200531, 7.92226219177, -18.0188503265, 9.6322927475, -12.9043569565],
        "cov": [[15749.9667969, 367.840209961, -721.999938965, 181.865432739, -339.960144043, 504.241363525, -366.297088623, 345.431274414, -215.487640381, 281.549804688, -333.507202148, 129.295043945, -230.688522339], [367.840209961, 1122.72058105, -266.563476562, 30.7640132904, 18.293794632, -6.45395469666, 113.793083191, -13.4533214569, 56.8675308228, -82.4037322998, 53.9197044373, -5.89798545837, 30.5318546295], [-721.999938965, -266.563476562, 1455.76708984, 452.394012451, 340.140045166, 94.1706314087, -79.4045181274, 44.2620201111, 114.298446655, 136.169128418, -16.5926933289, 14.2107505798, 16.9587135315], [181.865432739, 30.7640132904, 452.394012451, 608.280700684, 201.440216064, 39.297542572, -97.7595672607, -15.3020687103, 87.1858978271, 70.5924301147, -27.4703083038, -19.8874835968, 69.9428405762], [-339.960144043, 18.293794632, 340.140045166, 201.440216064, 361.617828369, 78.6332931519, -30.1863861084, 15.6800870895, 118.277397156, 73.3087539673, -16.6084785461, 6.97660017014, 17.5313415527], [504.241363525, -6.45395469666, 94.1706314087, 39.297542572, 78.6332931519, 212.930755615, 62.2918357849, 33.7935791016, 1.66343808174, 33.5482788086, -3.25759959221, 14.2732610703, 13.0625123978], [-366.297088623, 113.793083191, -79.4045181274, -97.7595672607, -30.1863861084, 62.2918357849, 223.365158081, 48.6069755554, -47.6691513062, -48.3849220276, 35.5682907104, 15.9386863708, 14.3403463364], [345.431274414, -13.4533214569, 44.2620201111, -15.3020687103, 15.6800870895, 33.7935791016, 48.6069755554, 119.909225464, 30.8092632294, 15.594953537, 1.66693246365, 21.465883255, -0.609851419926], [-215.487640381, 56.8675308228, 114.298446655, 87.1858978271, 118.277397156, 1.66343808174, -47.6691513062, 30.8092632294, 186.2759552, 75.5151596069, -11.3433065414, -3.17901921272, 4.12603998184], [281.549804688, -82.4037322998, 136.169128418, 70.5924301147, 73.3087539673, 33.5482788086, -48.3849220276, 15.594953537, 75.5151596069, 120.052314758, 5.63634967804, -1.55588269234, -12.0323314667], [-333.507202148, 53.9197044373, -16.5926933289, -27.4703083038, -16.6084785461, -3.25759959221, 35.5682907104, 1.66693246365, -11.3433065414, 5.63634967804, 88.9516220093, 24.6564216614, 3.46668386459], [129.295043945, -5.89798545837, 14.2107505798, -19.8874835968, 6.97660017014, 14.2732610703, 15.9386863708, 21.465883255, -3.17901921272, -1.55588269234, 24.6564216614, 89.6109695435, 33.1211509705], [-230.688522339, 30.5318546295, 16.9587135315, 69.9428405762, 17.5313415527, 13.0625123978, 14.3403463364, -0.609851419926, 4.12603998184, -12.0323314667, 3.46668386459, 33.1211509705, 99.8664321899]],
        "icov": [[0.000206814336707, -0.000290577474516, 0.000176386092789, -0.000239663146203, 0.000328213471221, -0.000535801576916, 0.000637205666862, -0.000839476590045, 0.000854838988744, -0.000957257230766, 0.0010745433392, -0.000789704383351, 0.000694265996572], [-0.000290577474516, 0.00162598793395, 2.6599949706e-05, -3.23046742778e-06, -0.000593205157202, 0.000666356238071, -0.00147144449875, 0.00153514195699, -0.00227479403839, 0.00262505630963, -0.00237980415113, 0.00129665469285, -0.00087011285359], [0.000176386092789, 2.6599949706e-05, 0.00128175853752, -0.000899795035366, -0.000399469543481, -0.000462076539407, 0.000449864601251, -0.000994725851342, 0.000822181697004, -0.00110170955304, 0.000755287299398, -0.000958962133154, 0.00099684856832], [-0.000239663146203, -3.23046742778e-06, -0.000899795035366, 0.00326424860395, -0.00108371092938, 0.000452837528428, 0.000366558117094, 0.00101304915734, -0.00077807973139, 0.000455219415016, -0.00107428838965, 0.00240314356051, -0.00327415647916], [0.000328213471221, -0.000593205157202, -0.000399469543481, -0.00108371092938, 0.0054140733555, -0.00219325418584, 0.000792027509306, -0.000597076199483, -0.00102867197711, -0.00172859570011, 0.00227537774481, -0.00196726690046, 0.00139311922248], [-0.000535801576916, 0.000666356238071, -0.000462076539407, 0.000452837528428, -0.00219325418584, 0.00797668751329, -0.00401036720723, 0.00146397016943, -0.000465452321805, -0.000579033279791, -0.00121998484246, 0.00138343428262, -0.0022206180729], [0.000637205666862, -0.00147144449875, 0.000449864601251, 0.000366558117094, 0.000792027509306, -0.00401036720723, 0.00981733109802, -0.00585216050968, 0.00385491806082, -0.000268353149295, 0.000423421617597, -0.000999529380351, 0.00065392581746], [-0.000839476590045, 0.00153514195699, -0.000994725851342, 0.00101304915734, -0.000597076199483, 0.00146397016943, -0.00585216050968, 0.014663930051, -0.00630797818303, 0.00321351061575, -0.00295335217379, 0.000207460834645, -0.0014243562473], [0.000854838988744, -0.00227479403839, 0.000822181697004, -0.00077807973139, -0.00102867197711, -0.000465452321805, 0.00385491806082, -0.00630797818303, 0.0138333002105, -0.00975826382637, 0.00590866059065, -0.00261738477275, 0.00164054415654], [-0.000957257230766, 0.00262505630963, -0.00110170955304, 0.000455219415016, -0.00172859570011, -0.000579033279791, -0.000268353149295, 0.00321351061575, -0.00975826382637, 0.0205855686218, -0.00922478176653, 0.00421778485179, -0.000903393665794], [0.0010745433392, -0.00237980415113, 0.000755287299398, -0.00107428838965, 0.00227537774481, -0.00121998484246, 0.000423421617597, -0.00295335217379, 0.00590866059065, -0.00922478176653, 0.020328104496, -0.00854454282671, 0.00428778957576], [-0.000789704383351, 0.00129665469285, -0.000958962133154, 0.00240314356051, -0.00196726690046, 0.00138343428262, -0.000999529380351, 0.000207460834645, -0.00261738477275, 0.00421778485179, -0.00854454282671, 0.0186829846352, -0.00871502701193], [0.000694265996572, -0.00087011285359, 0.00099684856832, -0.00327415647916, 0.00139311922248, -0.0022206180729, 0.00065392581746, -0.0014243562473, 0.00164054415654, -0.000903393665794, 0.00428778957576, -0.00871502701193, 0.0165151562542]]
    },
    "melbands": {
        "dmean": [0.00211982615292, 0.00269224820659, 0.0011301592458, 0.000392136833398, 0.000197499946808, 0.000173268053913, 0.000279370491626, 0.000378035998438, 0.000303893233649, 0.000178482965566, 0.00015220149362, 7.15470232535e-05, 0.000115615337563, 7.05920247128e-05, 4.6597331675e-05, 2.6691956009e-05, 2.20306592382e-05, 1.35030595629e-05, 1.14749418572e-05, 1.11112567538e-05, 6.55192570775e-06, 9.3976923381e-06, 6.87907959218e-06, 4.37151038568e-06, 3.89400747736e-06, 3.45448165717e-06, 2.50654147749e-06, 3.08856760967e-06, 2.42920236815e-06, 2.43726026383e-06, 2.61304239757e-06, 2.07636321647e-06, 1.87132195606e-06, 1.25870735701e-06, 1.25943165585e-06, 1.57286956437e-06, 1.20478182453e-06, 2.63921128862e-06, 1.9994890863e-06, 1.21001824027e-06],
        "dmean2": [0.00272331642918, 0.00428387057036, 0.00205271318555, 0.000680977362208, 0.00032290967647, 0.00028461322654, 0.000468208803795, 0.000629072193988, 0.000495663494803, 0.000289627962047, 0.000241995570832, 0.000112636276754, 0.000192266466911, 0.000116604875075, 7.43821437936e-05, 4.21322583861e-05, 3.48118082911e-05, 2.10618345591e-05, 1.85724638868e-05, 1.85588014574e-05, 1.04308683149e-05, 1.48887393152e-05, 1.08477715912e-05, 6.99915153746e-06, 6.20479659119e-06, 5.58142482987e-06, 4.04604224968e-06, 4.93950983582e-06, 3.69932854483e-06, 3.77508763449e-06, 3.98836073146e-06, 3.12427459903e-06, 2.81577990791e-06, 1.84347288723e-06, 1.86231488897e-06, 2.33478158407e-06, 1.72839850165e-06, 3.65131018043e-06, 2.88809860649e-06, 1.73167757112e-06],
        "dvar": [4.54912769783e-05, 0.000114676047815, 2.17708329728e-05, 1.02497301668e-06, 1.4091557432e-07, 1.84363244671e-07, 6.52614005503e-07, 8.80760410382e-07, 5.22939217262e-07, 2.2227246177e-07, 1.36461935085e-07, 4.1756607061e-08, 4.0217724262e-08, 1.67590528122e-08, 9.49167500153e-09, 5.30553068145e-09, 2.17453011153e-09, 1.06422615165e-09, 6.83239853583e-10, 4.9098791699e-10, 1.7635159999e-10, 5.347542964e-10, 1.72190595116e-10, 5.56129170493e-11, 4.06700957634e-11, 3.84325175851e-11, 2.36330711945e-11, 3.04991691624e-11, 2.35747844857e-11, 1.85840041272e-11, 1.99682475416e-11, 1.57411774587e-11, 1.31578524118e-11, 8.75571316838e-12, 1.2862666661e-11, 1.40609260346e-11, 8.91505012174e-12, 2.27831035288e-11, 1.48937199379e-11, 7.63498379103e-12],
        "dvar2": [8.50017095217e-05, 0.00028131675208, 6.17002151557e-05, 2.85847795567e-06, 3.64385982721e-07, 4.73540438861e-07, 1.72880822902e-06, 2.2551123493e-06, 1.27872476696e-06, 5.63371202134e-07, 3.02863327306e-07, 9.37191515504e-08, 1.04823072888e-07, 4.32740527856e-08, 2.301290003e-08, 1.23239054517e-08, 5.18254905657e-09, 2.53910092951e-09, 1.78959058683e-09, 1.28467436689e-09, 4.43234143832e-10, 1.33777799949e-09, 4.43647174553e-10, 1.4178573593e-10, 1.00512695389e-10, 9.75029570971e-11, 5.69403135753e-11, 7.36829208758e-11, 5.70027740288e-11, 4.37400879405e-11, 4.38855375651e-11, 3.34605121388e-11, 2.79375741291e-11, 1.7305365474e-11, 2.7818337911e-11, 2.87082232986e-11, 1.80047175086e-11, 4.85413549633e-11, 3.13318572476e-11, 1.57402684636e-11],
        "max": [0.0811752676964, 0.103264033794, 0.0438405536115, 0.0109818000346, 0.00718201417476, 0.00741534400731, 0.0120163308457, 0.0140111371875, 0.0133961597458, 0.00955810304731, 0.0094136223197, 0.00698850210756, 0.00431747920811, 0.00245293765329, 0.00181575829629, 0.00150207849219, 0.000946315936744, 0.000834697042592, 0.000564416404814, 0.000456883833976, 0.000272199104074, 0.000884674140252, 0.000252705271123, 0.000175089109689, 0.00017759554612, 0.000108201165858, 7.68618338043e-05, 9.24437117646e-05, 0.000106572530058, 8.48535564728e-05, 9.79998221737e-05, 0.000127456951304, 0.000105196857476, 7.31611726223e-05, 0.000167130405316, 0.00010772737005, 8.9637003839e-05, 0.000111989291327, 0.000107667052362, 9.32089897105e-05],
        "mean": [0.00378186465241, 0.0028887540102, 0.0010094770696, 0.000473871303257, 0.000297373044305, 0.000230290781474, 0.000303958338918, 0.000416528899223, 0.000349902751623, 0.000233130529523, 0.000215859749005, 0.000102520934888, 0.000170160259586, 0.000105113642348, 6.78771102685e-05, 3.74378359993e-05, 2.94841338473e-05, 1.88734011317e-05, 1.72712025233e-05, 1.64748616953e-05, 1.00347533589e-05, 1.45943768075e-05, 1.08213907879e-05, 7.2099164754e-06, 6.71427460475e-06, 5.31746491106e-06, 3.80055507776e-06, 4.54326982435e-06, 3.77156425202e-06, 3.81675590688e-06, 4.63688866148e-06, 3.69102326658e-06, 3.16850923809e-06, 2.01191096494e-06, 1.74413753484e-06, 2.09362542591e-06, 1.84385498869e-06, 3.26708072862e-06, 2.45983960667e-06, 1.59512455866e-06],
        "median": [0.00119182222988, 0.000778547371738, 0.000314477540087, 0.00023709324887, 0.000146610356751, 9.58119999268e-05, 9.25381173147e-05, 9.68535605352e-05, 9.30482274271e-05, 8.36975377752e-05, 9.3549315352e-05, 3.68366236216e-05, 6.81110032019e-05, 4.32791966887e-05, 1.82181756827e-05, 6.79518461766e-06, 6.72505257171e-06, 2.77141589322e-06, 2.68726671493e-06, 5.23031349076e-06, 3.69382837562e-06, 4.84477141072e-06, 3.80101300834e-06, 3.81480549549e-06, 3.9719502638e-06, 2.39757764575e-06, 1.80101517344e-06, 2.17265301217e-06, 1.69478016687e-06, 1.77938238721e-06, 2.4033538466e-06, 1.66705285665e-06, 1.39635289997e-06, 7.82260201504e-07, 5.034440278e-07, 6.76531612953e-07, 6.7449167318e-07, 7.811278806e-07, 5.95064875597e-07, 4.88433954615e-07],
        "min": [5.04442677174e-25, 1.54760053728e-24, 1.34894070944e-24, 1.25130162027e-24, 1.24256459131e-24, 2.19099923867e-24, 9.83275675313e-25, 1.62000238838e-24, 1.48009978038e-24, 2.01446893138e-24, 2.8100546786e-24, 2.48663038493e-24, 2.57416179933e-24, 2.76806025996e-24, 2.27971571936e-24, 2.14963354217e-24, 3.20733331351e-24, 2.5851993439e-24, 2.73072189559e-24, 3.90952207107e-24, 3.80075669047e-24, 2.66151690331e-24, 3.91400477317e-24, 2.66393673414e-24, 3.07022100514e-24, 4.12412379173e-24, 4.4325648558e-24, 4.92715658311e-24, 5.62398936956e-24, 5.76557333597e-24, 5.1346932655e-24, 5.88158755943e-24, 5.05618898366e-24, 5.35679902552e-24, 5.83114621542e-24, 6.22799807658e-24, 5.89738410462e-24, 5.65461137218e-24, 6.4045273978e-24, 5.39050113554e-24],
        "var": [8.2499893324e-05, 0.000102653546492, 1.31499682539e-05, 7.67248252487e-07, 1.97606240704e-07, 2.02321999154e-07, 5.80874029765e-07, 9.44288615301e-07, 6.34685875411e-07, 2.78753788052e-07, 2.36219008798e-07, 7.53724904712e-08, 6.57019825212e-08, 2.65804214195e-08, 1.68647975585e-08, 8.70227800931e-09, 3.52409501581e-09, 1.95122895619e-09, 1.38889122425e-09, 8.36687386041e-10, 3.07666836452e-10, 9.01415331267e-10, 3.29516303132e-10, 9.65839283551e-11, 7.61103402525e-11, 6.55239404401e-11, 3.70345247525e-11, 4.66236250996e-11, 3.72033896745e-11, 3.41483161193e-11, 4.5277361721e-11, 3.5028809714e-11, 2.92491343645e-11, 1.67666453638e-11, 1.894021745e-11, 2.39720552436e-11, 1.57887522501e-11, 3.61766241963e-11, 2.38314160073e-11, 1.29321423362e-11]
    },
    "mfcc": {
        "mean": [-649.577392578, 110.276390076, 24.3291034698, 14.9377183914, -3.29419803619, 1.95321321487, 7.42990589142, 9.8324098587, 7.47114896774, -2.87019371986, 3.46875834465, 5.40739059448, 0.305373191833],
        "cov": [[6457.72607422, 331.479980469, -288.201904297, -192.502212524, 140.691802979, 145.293121338, 72.1023406982, 27.9973640442, 160.348876953, 79.121421814, 96.8396072388, 61.7675971985, -17.1685390472], [331.479980469, 964.126708984, -124.722015381, -35.7806167603, -74.4628753662, -5.35524272919, 37.2441825867, 113.149787903, 17.9803066254, -48.2803916931, 65.6688537598, 49.9471664429, -6.2333984375], [-288.201904297, -124.722015381, 949.351379395, 348.017608643, 325.822906494, 137.27456665, 46.9198226929, -21.1613712311, 66.2817306519, 87.1107559204, -30.5845890045, 30.4007358551, 98.8945846558], [-192.502212524, -35.7806167603, 348.017608643, 485.944122314, 289.178863525, 97.286605835, -42.8665313721, -42.8481941223, 62.8436012268, 55.9546928406, -15.5906925201, -9.93493366241, 41.7500915527], [140.691802979, -74.4628753662, 325.822906494, 289.178863525, 501.990936279, 177.812454224, -85.1788711548, -55.9611434937, 91.8871459961, 104.600318909, 37.2105331421, 18.8052806854, 49.4674224854], [145.293121338, -5.35524272919, 137.27456665, 97.286605835, 177.812454224, 213.105041504, 29.18957901, -8.36915493011, 55.8147773743, 45.2904052734, 24.1647891998, 7.59369754791, 20.6495227814], [72.1023406982, 37.2441825867, 46.9198226929, -42.8665313721, -85.1788711548, 29.18957901, 228.820083618, 77.3297042847, 0.026501012966, -20.0920009613, -22.0162181854, 16.8170337677, -2.34858870506], [27.9973640442, 113.149787903, -21.1613712311, -42.8481941223, -55.9611434937, -8.36915493011, 77.3297042847, 143.284927368, 37.4830627441, -27.0394954681, 6.42176055908, 16.0969848633, 5.48772954941], [160.348876953, 17.9803066254, 66.2817306519, 62.8436012268, 91.8871459961, 55.8147773743, 0.026501012966, 37.4830627441, 134.924758911, 42.8056564331, 5.03002738953, 12.5277395248, 12.6228466034], [79.121421814, -48.2803916931, 87.1107559204, 55.9546928406, 104.600318909, 45.2904052734, -20.0920009613, -27.0394954681, 42.8056564331, 121.039543152, 42.3228797913, -4.19239473343, 7.59857273102], [96.8396072388, 65.6688537598, -30.5845890045, -15.5906925201, 37.2105331421, 24.1647891998, -22.0162181854, 6.42176055908, 5.03002738953, 42.3228797913, 130.596099854, 46.7385406494, -18.0158367157], [61.7675971985, 49.9471664429, 30.4007358551, -9.93493366241, 18.8052806854, 7.59369754791, 16.8170337677, 16.0969848633, 12.5277395248, -4.19239473343, 46.7385406494, 93.556427002, 16.8352642059], [-17.1685390472, -6.2333984375, 98.8945846558, 41.7500915527, 49.4674224854, 20.6495227814, -2.34858870506, 5.48772954941, 12.6228466034, 7.59857273102, -18.0158367157, 16.8352642059, 101.178115845]],
