{
"lowlevel": {
    "average_loudness": 0.834885835648,
    "barkbands_crest": {
        "dmean": 4.09624671936,
        "dmean2": 6.33261680603,
        "dvar": 13.109213829,
        "dvar2": 28.680727005,
        "max": 26.2558917999,
        "mean": 11.9561138153,
        "median": 10.6225318909,
        "min": 2.02678823471,
        "var": 40.8517074585
    },
    "barkbands_flatness_db": {
        "dmean": 0.0472058206797,
        "dmean2": 0.0676557049155,
        "dvar": 0.00258859735914,
        "dvar2": 0.00454635173082,
        "max": 0.636116087437,
        "mean": 0.181422203779,
        "median": 0.153425768018,
        "min": 0.0408652760088,
        "var": 0.00975480396301
    },
    "barkbands_kurtosis": {
        "dmean": 30.2747192383,
        "dmean2": 48.6234092712,
        "dvar": 9278.390625,
        "dvar2": 22733.2871094,
        "max": 2035.09020996,
        "mean": 31.1842479706,
        "median": 1.9140765667,
        "min": -1.97971999645,
        "var": 12302.6474609
    },
    "barkbands_skewness": {
        "dmean": 1.80525135994,
        "dmean2": 2.61075520515,
        "dvar": 5.91265201569,
        "dvar2": 12.1189899445,
        "max": 34.4904098511,
        "mean": 2.29701757431,
        "median": 1.26507651806,
        "min": -10.8626527786,
        "var": 16.0347080231
    },
    "barkbands_spread": {
        "dmean": 13.2096700668,
        "dmean2": 21.181055069,
        "dvar": 272.725372314,
        "dvar2": 644.805236816,
        "max": 131.680084229,
        "mean": 26.9046726227,
        "median": 22.29139328,
        "min": 0.0591551400721,
        "var": 499.188812256
    },
    "dissonance": {
        "dmean": 0.0253266599029,
        "dmean2": 0.0403188839555,
        "dvar": 0.00105355237611,
        "dvar2": 0.00244048936293,
        "max": 0.500000119209,
        "mean": 0.455177366734,
        "median": 0.475103735924,
        "min": 0.0997138917446,
        "var": 0.00286536104977
    },
    "dynamic_complexity": 5.80682420731,
    "erbbands_crest": {
        "dmean": 3.59574890137,
        "dmean2": 5.88346004486,
        "dvar": 11.4797830582,
        "dvar2": 28.3381385803,
        "max": 31.96434021,
        "mean": 9.94952583313,
        "median": 8.75155258179,
        "min": 2.10181546211,
        "var": 26.8666610718
    },
    "erbbands_flatness_db": {
        "dmean": 0.0325334109366,
        "dmean2": 0.0475701913238,
        "dvar": 0.00111687323079,
        "dvar2": 0.00216413848102,
        "max": 0.61968511343,
        "mean": 0.177128836513,
        "median": 0.165053099394,
        "min": 0.0330399498343,
        "var": 0.00356410071254
    },
    "erbbands_kurtosis": {
        "dmean": 3.45415687561,
        "dmean2": 5.54626512527,
        "dvar": 54.4002723694,
        "dvar2": 128.996078491,
        "max": 192.004348755,
        "mean": 2.79423475266,
        "median": 0.239639759064,
        "min": -1.95183718204,
        "var": 72.2752456665
    },
    "erbbands_skewness": {
        "dmean": 0.83046746254,
        "dmean2": 1.23200953007,
        "dvar": 0.841455519199,
        "dvar2": 1.80170667171,
        "max": 10.1388902664,
        "mean": 0.227768689394,
        "median": 0.117966741323,
        "min": -7.99012517929,
        "var": 2.39637947083
    },
    "erbbands_spread": {
        "dmean": 18.2736492157,
        "dmean2": 28.7279777527,
        "dvar": 431.483154297,
        "dvar2": 1073.16943359,
        "max": 228.648147583,
        "mean": 43.9281158447,
        "median": 38.7266769409,
        "min": 0.949382543564,
        "var": 790.165649414
    },
    "hfc": {
        "dmean": 7.71042823792,
        "dmean2": 10.9972677231,
        "dvar": 195.108703613,
        "dvar2": 443.101043701,
        "max": 154.946456909,
        "mean": 13.3407611847,
        "median": 6.42890644073,
        "min": 1.20688933624e-16,
        "var": 359.790374756
    },
    "melbands_crest": {
        "dmean": 4.9936208725,
        "dmean2": 8.13446140289,
        "dvar": 17.7274742126,
        "dvar2": 42.3270225525,
        "max": 36.308391571,
        "mean": 15.743481636,
        "median": 15.2722320557,
        "min": 1.76091015339,
        "var": 50.667678833
    },
    "melbands_flatness_db": {
        "dmean": 0.0605256520212,
        "dmean2": 0.0834735482931,
        "dvar": 0.00381474383175,
        "dvar2": 0.00652545876801,
        "max": 0.753975868225,
        "mean": 0.213733479381,
        "median": 0.188068836927,
        "min": 0.002790001221,
        "var": 0.0175999253988
    },
    "melbands_kurtosis": {
        "dmean": 39.9554252625,
        "dmean2": 64.1215286255,
        "dvar": 7826.57910156,
        "dvar2": 18360.1308594,
        "max": 1606.85290527,
        "mean": 46.4144248962,
        "median": 8.16247177124,
        "min": -1.96829736233,
        "var": 11329.6425781
    },
    "melbands_skewness": {
        "dmean": 1.99396598339,
        "dmean2": 3.0272359848,
        "dvar": 6.06814193726,
        "dvar2": 13.535320282,
        "max": 27.4323177338,
        "mean": 3.57508563995,
        "median": 2.40677881241,
        "min": -6.86489534378,
        "var": 14.4599466324
    },
    "melbands_spread": {
        "dmean": 22.2767791748,
        "dmean2": 35.2272758484,
        "dvar": 1187.82385254,
        "dvar2": 2789.94262695,
        "max": 329.961456299,
        "mean": 38.2712593079,
        "median": 22.1895942688,
        "min": 0.159439921379,
        "var": 2001.86132812
    },
    "pitch_salience": {
        "dmean": 0.115331679583,
        "dmean2": 0.176326140761,
        "dvar": 0.0120070939884,
        "dvar2": 0.0242842510343,
        "max": 0.930525302887,
        "mean": 0.527403533459,
        "median": 0.563921928406,
        "min": 0.0402270741761,
        "var": 0.0384457595646
    },
    "silence_rate_20dB": {
        "dmean": 0.000290972588118,
        "dmean2": 0.000581987493206,
        "dvar": 0.000290872354526,
        "dvar2": 0.000872580334544,
        "max": 1,
        "mean": 0.999854505062,
        "median": 1,
        "min": 0,
        "var": 0.000145449273987
    },
    "silence_rate_30dB": {
        "dmean": 0.0615407004952,
        "dmean2": 0.123090356588,
        "dvar": 0.0577504001558,
        "dvar2": 0.109237603843,
        "max": 1,
        "mean": 0.919115483761,
        "median": 1,
        "min": 0,
        "var": 0.0743362009525
    },
    "silence_rate_60dB": {
        "dmean": 0.147523090243,
        "dmean2": 0.295067667961,
        "dvar": 0.125753447413,
        "dvar2": 0.239583417773,
        "max": 1,
        "mean": 0.353142261505,
        "median": 0,
        "min": 0,
        "var": 0.22845724225
    },
    "spectral_centroid": {
        "dmean": 582.086608887,
        "dmean2": 863.275939941,
        "dvar": 545971.1875,
        "dvar2": 1066994.125,
        "max": 11115.2802734,
        "mean": 1771.08239746,
        "median": 1509.21533203,
        "min": 78.2082672119,
        "var": 1567504.5
    },
    "spectral_complexity": {
        "dmean": 4.42612934113,
        "dmean2": 5.97075510025,
        "dvar": 43.6687316895,
        "dvar2": 66.9594268799,
        "max": 63,
        "mean": 10.7342882156,
        "median": 6,
        "min": 0,
        "var": 171.986434937
    },
    "spectral_decrease": {
        "dmean": 5.45490896897e-09,
        "dmean2": 8.08451794398e-09,
        "dvar": 1.21558982045e-16,
        "dvar2": 2.45002559458e-16,
        "max": 9.02405068057e-29,
        "mean": -6.72618050146e-09,
        "median": -1.30940303045e-09,
        "min": -9.93657494064e-08,
        "var": 1.89058680269e-16
    },
    "spectral_energy": {
        "dmean": 0.0211282856762,
        "dmean2": 0.0310804601759,
        "dvar": 0.00175759091508,
        "dvar2": 0.00352950929664,
        "max": 0.37843260169,
        "mean": 0.0265962649137,
        "median": 0.00566706713289,
        "min": 1.06062641027e-20,
        "var": 0.00276397773996
    },
    "spectral_energyband_high": {
        "dmean": 0.0005025290302,
        "dmean2": 0.000796870794147,
        "dvar": 1.52522807184e-06,
        "dvar2": 4.13669977206e-06,
        "max": 0.0171356424689,
        "mean": 0.000768571801018,
        "median": 0.000198635680135,
        "min": 7.9012421358e-21,
        "var": 1.93724258679e-06
    },
    "spectral_energyband_low": {
        "dmean": 0.0159666147083,
        "dmean2": 0.0248574353755,
        "dvar": 0.00179279909935,
        "dvar2": 0.00376637536101,
        "max": 0.373061776161,
        "mean": 0.0176263600588,
        "median": 0.000309882248985,
        "min": 8.77311460902e-23,
        "var": 0.00252722925507
    },
    "spectral_energyband_middle_high": {
        "dmean": 0.00176780379843,
        "dmean2": 0.00257444404997,
        "dvar": 1.51503509187e-05,
        "dvar2": 3.41052073054e-05,
        "max": 0.100141607225,
        "mean": 0.0025955887977,
        "median": 0.00064151303377,
        "min": 1.33318098828e-21,
        "var": 2.65755843429e-05
    },
    "spectral_energyband_middle_low": {
        "dmean": 0.00551913864911,
        "dmean2": 0.00863772910088,
        "dvar": 0.000126256840304,
        "dvar2": 0.000293230434181,
        "max": 0.111956045032,
        "mean": 0.00607366673648,
        "median": 0.00149906869046,
        "min": 2.50249524548e-22,
        "var": 0.000143292534631
    },
    "spectral_entropy": {
        "dmean": 0.324632525444,
        "dmean2": 0.467167675495,
        "dvar": 0.132689714432,
        "dvar2": 0.254243165255,
        "max": 9.78793048859,
        "mean": 7.60110521317,
        "median": 7.77639579773,
        "min": 4.14338541031,
        "var": 0.455614507198
    },
    "spectral_flux": {
        "dmean": 0.0483356118202,
        "dmean2": 0.0749972611666,
        "dvar": 0.00421459181234,
        "dvar2": 0.0103126782924,
        "max": 0.527495920658,
        "mean": 0.0938838645816,
        "median": 0.0622745491564,
        "min": 1.02986716377e-10,
        "var": 0.00823011714965
    },
    "spectral_kurtosis": {
        "dmean": 1.94011378288,
        "dmean2": 3.07036828995,
        "dvar": 7.00634002686,
        "dvar2": 16.0579395294,
        "max": 56.1622161865,
        "mean": 3.33141946793,
        "median": 2.34711194038,
        "min": -1.45634889603,
        "var": 13.592414856
    },
    "spectral_rms": {
        "dmean": 0.00159945560154,
        "dmean2": 0.00209937803447,
        "dvar": 4.663706477e-06,
        "dvar2": 7.44694170862e-06,
        "max": 0.0192146450281,
        "mean": 0.00359974289313,
        "median": 0.00235134991817,
        "min": 3.21676452836e-12,
        "var": 1.29893533085e-05
    },
    "spectral_rolloff": {
        "dmean": 1372.27685547,
        "dmean2": 2299.66992188,
        "dvar": 4665138,
        "dvar2": 10466340,
        "max": 18841.5527344,
        "mean": 2551.52929688,
        "median": 1464.2578125,
        "min": 21.533203125,
        "var": 7608818.5
    },
    "spectral_skewness": {
        "dmean": 0.346235334873,
        "dmean2": 0.517378807068,
        "dvar": 0.141229435802,
        "dvar2": 0.288708806038,
        "max": 5.91291713715,
        "mean": 1.26497590542,
        "median": 1.15664386749,
        "min": -0.809059381485,
        "var": 0.475053697824
    },
    "spectral_spread": {
        "dmean": 1092345,
        "dmean2": 1614254.875,
        "dvar": 1.69274821837e+12,
        "dvar2": 3.38633791898e+12,
        "max": 40343100,
        "mean": 5158648,
        "median": 4586392,
        "min": 891901.375,
        "var": 4.12498499994e+12
    },
    "spectral_strongpeak": {
        "dmean": 0.485844522715,
        "dmean2": 0.791568756104,
        "dvar": 0.455639719963,
        "dvar2": 1.15504860878,
        "max": 9.28949356079,
        "mean": 0.639875531197,
        "median": 0.361425340176,
        "min": 0,
        "var": 0.628248214722
    },
    "zerocrossingrate": {
        "dmean": 0.0278269164264,
        "dmean2": 0.031703222543,
        "dvar": 0.000983931589872,
        "dvar2": 0.00118682149332,
        "max": 0.52099609375,
        "mean": 0.0878962725401,
        "median": 0.07275390625,
        "min": 0,
        "var": 0.00497816316783
    },
    "barkbands": {
        "dmean": [7.47862068238e-05, 0.013988012448, 0.00383079354651, 0.00122796848882, 0.00166972144507, 0.000846257898957, 0.00122306565754, 0.000744774821214, 0.00087050080765, 0.000492119113915, 0.000319857266732, 0.000325637811329, 0.000246591487667, 0.000174242668436, 0.000149101761053, 0.000147895189002, 0.000171704174136, 0.000148827923113, 0.000175927896635, 0.000107572501292, 0.000130899716169, 0.000108950131107, 9.28889130591e-05, 7.91009370005e-05, 9.53077906161e-05, 1.23221116155e-05, 9.15351294761e-10],
        "dmean2": [9.81395569397e-05, 0.0229291170835, 0.00632418319583, 0.00222855852917, 0.0026978761889, 0.0013150513405, 0.00202382472344, 0.00122048996855, 0.00141703954432, 0.000795468513388, 0.000523523136508, 0.000539564935025, 0.000407965271734, 0.000287126516923, 0.000241609537625, 0.00023932007025, 0.00025810970692, 0.00021629728144, 0.000284488807665, 0.000158019087394, 0.000202467825147, 0.00017098353419, 0.000149729501572, 0.000126598562929, 0.000171232779394, 2.14981373574e-05, 1.64523850099e-09],
        "dvar": [3.4011023331e-08, 0.00152515980881, 0.000145154481288, 1.17249537652e-05, 2.99516323139e-05, 5.4492752497e-06, 1.17728022815e-05, 5.90397803535e-06, 7.21386868463e-06, 3.99382406613e-06, 1.27048997456e-06, 1.08788185571e-06, 7.20568891666e-07, 2.54357331642e-07, 1.4561352657e-07, 1.49156093698e-07, 1.48040015802e-07, 1.29869022203e-07, 1.81598991844e-07, 4.65033949126e-08, 1.28512326114e-07, 7.13877383873e-08, 6.68544046789e-08, 5.439458306e-08, 4.02770581331e-08, 1.10152731381e-09, 3.2175760389e-18],
        "dvar2": [5.26440615545e-08, 0.003624771256, 0.000379410252208, 3.31258779624e-05, 7.47388403397e-05, 1.15139691843e-05, 2.88053124677e-05, 1.43149218275e-05, 1.76987778104e-05, 1.06823126771e-05, 2.88152045869e-06, 2.77895946965e-06, 1.69389761595e-06, 6.16784291196e-07, 3.5032351775e-07, 3.84620335581e-07, 3.28723871235e-07, 2.82875561197e-07, 4.82541452129e-07, 9.19020877177e-08, 3.37668353723e-07, 1.89782056736e-07, 1.88122584177e-07, 1.30583970304e-07, 1.10156335609e-07, 3.00466584946e-09, 9.52988248996e-18],
        "max": [0.00261058146134, 0.328705132008, 0.148245811462, 0.0358864367008, 0.07732462883, 0.0392568558455, 0.0724888667464, 0.0620422177017, 0.050317440182, 0.0895506739616, 0.040113247931, 0.0153583791107, 0.0330657474697, 0.0109523301944, 0.009127211757, 0.00784896593541, 0.00993650499731, 0.0143452091143, 0.00600355723873, 0.00333416485228, 0.0050335326232, 0.00355934002437, 0.00411786651239, 0.00862741284072, 0.00203269184567, 0.000433287379565, 2.01720329329e-08],
        "mean": [0.000103262544144, 0.0140925142914, 0.00304135982879, 0.000874300079886, 0.00156608736143, 0.000888002570719, 0.0010871241102, 0.000698840885889, 0.000801472109742, 0.000488354358822, 0.000318523379974, 0.000300822925055, 0.000239176762989, 0.000174384927959, 0.0001728398056, 0.000178488990059, 0.000243645030423, 0.000229924233281, 0.000246505398536, 0.00017733014829, 0.000195114218513, 0.000162442855071, 0.000127314735437, 0.000102548016002, 7.58970782044e-05, 9.81555604085e-06, 8.08139277719e-10],
        "median": [2.73872356047e-05, 0.000102027523099, 7.44254648453e-05, 7.18510127626e-05, 0.000233769256738, 8.53321398608e-05, 6.50555157335e-05, 4.347259528e-05, 4.80886374135e-05, 2.24134128075e-05, 1.39820076583e-05, 1.94761341845e-05, 2.31353733398e-05, 2.0878165742e-05, 2.44509974436e-05, 2.91725409625e-05, 4.20798896812e-05, 3.9719423512e-05, 3.58687248081e-05, 2.09694699151e-05, 2.89777381113e-05, 3.35536060447e-05, 2.45805640589e-05, 1.97518329514e-05, 9.11186907615e-06, 6.85095187691e-07, 1.67023964104e-10],
        "min": [4.82142910586e-24, 2.71390207947e-23, 2.08030130663e-23, 1.82410437039e-23, 4.13901559235e-23, 4.87497390755e-23, 3.68076092826e-23, 2.31479178842e-23, 2.57652447718e-23, 3.62100850122e-23, 5.68621164121e-23, 4.69343997386e-23, 5.7792202352e-23, 9.71865843615e-23, 7.74701419952e-23, 1.29803300665e-22, 1.9728425479e-22, 1.96077032548e-22, 1.98419722244e-22, 2.25503399713e-22, 3.05043070962e-22, 4.60635395822e-22, 5.82630803683e-22, 7.97229394139e-22, 1.16336137397e-21, 1.88031300074e-21, 2.53434306221e-21],
        "var": [5.91752886692e-08, 0.00181489519309, 0.000116381561384, 7.47382591726e-06, 2.51990204561e-05, 6.44231613478e-06, 1.13495980258e-05, 6.71504039929e-06, 7.24050369172e-06, 4.26178485213e-06, 1.50969196966e-06, 1.01534499208e-06, 7.78900073328e-07, 2.64147018925e-07, 1.83904475648e-07, 1.85674466024e-07, 2.71709154731e-07, 2.54376402609e-07, 2.59996198793e-07, 1.17598695226e-07, 1.67852576283e-07, 9.77883374276e-08, 7.40118011322e-08, 7.64824079624e-08, 2.98194784421e-08, 7.94708576723e-10, 2.89481946966e-18]
    },
    "erbbands": {
        "dmean": [0.208979070187, 3.75333714485, 5.77542257309, 3.4951505661, 6.08119773865, 4.72786045074, 5.04282140732, 7.20122766495, 14.2250471115, 18.9461841583, 18.8126010895, 18.0254154205, 15.7089424133, 14.9535646439, 10.5874223709, 15.1298532486, 10.9680395126, 8.41302871704, 8.76394748688, 7.44943904877, 8.09247875214, 9.36916255951, 7.83034086227, 8.09113788605, 7.72029876709, 5.28144550323, 5.85452318192, 4.72962188721, 4.24909210205, 3.05153775215, 2.61539959908, 1.87757027149, 1.43588042259, 1.42401325703, 0.305158495903, 0.074498295784, 0.0230404231697, 0.00228417525068, 4.97569562867e-05, 2.50914745266e-05],
        "dmean2": [0.301038205624, 6.24025440216, 9.03211021423, 6.07715463638, 10.2661294937, 7.53434467316, 7.96989059448, 11.5249948502, 22.8903141022, 31.0747871399, 31.6151103973, 28.8793315887, 25.3826999664, 23.731760025, 16.639465332, 25.2029857635, 17.9282569885, 13.3256597519, 14.0580539703, 11.7525014877, 12.8736486435, 13.7938709259, 11.3971624374, 12.471780777, 12.1846017838, 7.97806024551, 9.62064647675, 7.15212535858, 6.75375270844, 4.88548326492, 4.20796918869, 2.98864746094, 2.40243458748, 2.58388233185, 0.522761762142, 0.12873712182, 0.040690716356, 0.00405138451606, 8.29858254292e-05, 3.65676314686e-05],
        "dvar": [0.296826779842, 115.848365784, 296.279602051, 106.71005249, 420.766174316, 166.760223389, 207.778915405, 395.976165771, 1421.45751953, 3897.02856445, 3470.17797852, 3102.54125977, 3451.90991211, 2776.25024414, 1206.79431152, 2753.52050781, 1387.93371582, 669.737976074, 569.183105469, 335.00012207, 448.778900146, 419.852600098, 362.286529541, 290.287994385, 348.157226562, 116.551345825, 339.552398682, 100.016639709, 122.027389526, 52.6290588379, 62.8469161987, 32.188205719, 12.6768426895, 9.09510231018, 0.530926287174, 0.0368495248258, 0.00384399783798, 3.2260621083e-05, 1.19567893364e-08, 2.05107175688e-09],
        "dvar2": [0.5192887187, 279.379882812, 681.566772461, 293.874572754, 1089.8079834, 401.505279541, 489.840240479, 826.774902344, 3314.30053711, 9651.48242188, 9097.16015625, 7439.34814453, 9052.17578125, 6729.33740234, 2838.57128906, 7207.546875, 3169.75, 1611.78369141, 1362.92504883, 801.165344238, 1151.95458984, 890.423156738, 776.078369141, 664.294311523, 905.340332031, 245.772521973, 933.015625, 226.700149536, 334.309082031, 144.506057739, 177.830856323, 78.0701217651, 31.205324173, 25.056646347, 1.43010592461, 0.0998131483793, 0.0105222696438, 8.74121833476e-05, 3.21108259982e-08, 4.02120603482e-09],
        "max": [5.78398370743, 89.1547546387, 185.11505127, 132.976196289, 323.341918945, 183.07649231, 235.108230591, 391.63848877, 617.073364258, 1968.07250977, 1784.76831055, 1566.38513184, 2933.80053711, 2525.54931641, 826.553527832, 717.729797363, 1407.86706543, 687.393798828, 838.25177002, 450.138519287, 471.410980225, 485.963348389, 715.433837891, 281.317260742, 284.208679199, 182.519866943, 256.205474854, 133.837036133, 134.445083618, 128.473480225, 135.847106934, 204.859954834, 106.876213074, 27.3442344666, 10.9368267059, 2.78713679314, 0.908249795437, 0.0815881490707, 0.00155755947344, 0.000410672422731],
        "mean": [0.275482982397, 3.51845359802, 5.15898895264, 2.72418236732, 5.07015895844, 4.47056341171, 4.89815568924, 7.76394081116, 13.2751331329, 17.5072021484, 16.8278484344, 17.0912914276, 16.0600833893, 15.0916624069, 11.5375852585, 13.6704263687, 11.1137208939, 9.09486103058, 9.63796138763, 9.10014629364, 10.3995523453, 13.9276294708, 12.5849170685, 12.4019622803, 11.2654695511, 8.57453536987, 8.24614238739, 7.26210594177, 6.1215763092, 4.42750740051, 3.54374432564, 2.51105976105, 1.61989367008, 1.11502182484, 0.293761432171, 0.0644613355398, 0.01725246571, 0.00166955497116, 4.81420283904e-05, 3.34602227667e-05],
        "median": [0.00185134657659, 0.0266514718533, 0.0983016937971, 0.238079339266, 0.599225521088, 0.598612308502, 0.516564369202, 0.843319535255, 1.1017717123, 1.2087161541, 1.2600530386, 1.24484014511, 0.985677599907, 0.738869309425, 0.76558816433, 0.943266808987, 1.20272278786, 1.25444328785, 1.33638143539, 1.54908573627, 1.8203458786, 2.54360508919, 2.38107061386, 1.95471954346, 1.58205842972, 1.00089669228, 0.975747108459, 1.26337885857, 1.20667493343, 0.971207797527, 0.658326208591, 0.494414657354, 0.274357616901, 0.120682805777, 0.0475232973695, 0.0069870329462, 0.0010604232084, 7.89410187281e-05, 1.28385254357e-05, 1.01174637166e-05],
        "min": [9.72264174196e-22, 5.87811506945e-21, 1.54055813648e-20, 6.53124104837e-20, 2.68507398946e-20, 2.02112044251e-19, 2.69031472794e-19, 4.23033917137e-19, 5.38748574919e-19, 4.21444205247e-19, 6.927515104e-19, 5.52542949007e-19, 8.10529260027e-19, 1.86828171204e-18, 2.52474651503e-18, 2.05632219915e-18, 3.02247494488e-18, 3.77361160295e-18, 5.05235383421e-18, 5.13886824088e-18, 1.01620130869e-17, 8.83889385654e-18, 9.00314545641e-18, 8.48068577381e-18, 1.12951281034e-17, 1.16595152253e-17, 1.26467321253e-17, 1.20232033795e-17, 1.93919524421e-17, 1.44336531795e-17, 1.60537145333e-17, 1.42943691992e-17, 1.65063957409e-17, 9.40352320676e-18, 1.07807383948e-17, 7.06878524832e-18, 3.22601907141e-18, 1.40159302788e-18, 3.7810588651e-19, 3.2872086457e-20],
        "var": [0.575704693794, 124.322845459, 296.350799561, 75.126991272, 321.342712402, 155.752960205, 216.849182129, 471.987792969, 1502.57507324, 3831.59277344, 3393.67236328, 3149.63012695, 4146.88427734, 3187.09838867, 1485.3939209, 2381.24243164, 1570.17211914, 736.395202637, 669.656188965, 448.454864502, 583.939819336, 840.819458008, 736.95324707, 585.634033203, 539.085327148, 274.930450439, 350.277770996, 195.156204224, 147.883850098, 70.737953186, 64.7206497192, 44.247051239, 16.5531768799, 6.63816022873, 0.463913440704, 0.0288620591164, 0.00264046690427, 2.29731831496e-05, 9.54083301252e-09, 3.4004576932e-09]
    },
    "gfcc": {
        "mean": [-100.480834961, 65.6698608398, -115.675804138, 49.9240646362, -69.5536193848, 16.417301178, -41.6513214111, 9.87511062622, -18.9790668488, -0.207229018211, -13.9741697311, -2.05029034615, -9.95339393616],
        "cov": [[16187.5263672, 593.239990234, -2008.31225586, -71.5381240845, -667.226806641, -91.2053451538, -71.4160842896, 127.663825989, -166.384216309, -218.949127197, 58.9179992676, -251.856658936, 103.733734131], [593.239990234, 2360.35693359, -52.73777771, -244.114242554, 445.603393555, -216.937973022, 317.631134033, -136.629653931, 209.100753784, -219.737670898, 95.2360534668, -23.3663692474, 74.7885742188], [-2008.31225586, -52.73777771, 2190.11474609, 451.714202881, 511.135742188, 371.7003479, 128.195617676, 114.002189636, -46.1024856567, 130.200759888, -80.5990829468, 26.8141403198, -35.6600761414], [-71.5381240845, -244.114242554, 451.714202881, 1064.95092773, 419.597045898, 188.472640991, 96.4119567871, 3.20412635803, 153.181060791, 99.5185394287, 99.7842636108, -64.3034744263, 36.6859703064], [-667.226806641, 445.603393555, 511.135742188, 419.597045898, 892.665222168, 336.695251465, 262.000823975, 94.8585357666, 117.109077454, 116.626785278, 69.6575546265, -37.8308944702, 32.5607910156], [-91.2053451538, -216.937973022, 371.7003479, 188.472640991, 336.695251465, 555.316894531, 261.429168701, 132.814056396, -8.32630729675, 104.905235291, 63.7156181335, -41.138130188, 19.0755786896], [-71.4160842896, 317.631134033, 128.195617676, 96.4119567871, 262.000823975, 261.429168701, 505.46572876, 148.075836182, 80.9396591187, 21.9496479034, 94.7504348755, 4.36867666245, 33.8131103516], [127.663825989, -136.629653931, 114.002189636, 3.20412635803, 94.8585357666, 132.814056396, 148.075836182, 263.744567871, 47.0476913452, 68.6173248291, 16.1434459686, 8.22674369812, -4.18118906021], [-166.384216309, 209.100753784, -46.1024856567, 153.181060791, 117.109077454, -8.32630729675, 80.9396591187, 47.0476913452, 328.538848877, 42.744392395, 79.281288147, -12.9970197678, 17.0179100037], [-218.949127197, -219.737670898, 130.200759888, 99.5185394287, 116.626785278, 104.905235291, 21.9496479034, 68.6173248291, 42.744392395, 213.224578857, 45.2489318848, -11.3167295456, -27.2499504089], [58.9179992676, 95.2360534668, -80.5990829468, 99.7842636108, 69.6575546265, 63.7156181335, 94.7504348755, 16.1434459686, 79.281288147, 45.2489318848, 174.141616821, 11.944940567, 22.0925045013], [-251.856658936, -23.3663692474, 26.8141403198, -64.3034744263, -37.8308944702, -41.138130188, 4.36867666245, 8.22674369812, -12.9970197678, -11.3167295456, 11.944940567, 122.140937805, 23.4438476562], [103.733734131, 74.7885742188, -35.6600761414, 36.6859703064, 32.5607910156, 19.0755786896, 33.8131103516, -4.18118906021, 17.0179100037, -27.2499504089, 22.0925045013, 23.4438476562, 104.492774963]],
        "icov": [[8.85155968717e-05, -0.00011622623424, 9.92033747025e-05, -0.000121484481497, 0.000156651367433, -0.000139981057146, 0.000113058180432, -0.000216864646063, 0.000133761423058, -2.93697285088e-05, 4.32814522355e-05, 0.000105064253148, -5.88684379181e-05], [-0.00011622623424, 0.00132335873786, -0.00032134828507, 0.00090916705085, -0.00124579912517, 0.00135350809433, -0.00108064024244, 0.00109817681368, -0.000672360241879, 0.0011069024913, -0.000858847168274, 0.000773776730057, -0.000319761573337], [9.92033747025e-05, -0.00032134828507, 0.000805755378678, -0.000504773750436, 0.000115545655717, -0.000675303745084, 0.00031396484701, -0.000431521330029, 0.000334593147272, -0.000331781833665, 0.000802521244623, -0.000620043603703, 0.000380546844099], [-0.000121484481497, 0.00090916705085, -0.000504773750436, 0.00203002826311, -0.00128073326778, 0.000907997135073, -0.000604381319135, 0.00111137703061, -0.000894364900887, 0.000535709259566, -0.00117369939107, 0.00115628354251, -0.000667630753014], [0.000156651367433, -0.00124579912517, 0.000115545655717, -0.00128073326778, 0.00311394617893, -0.00185738492291, 0.000492690654937, -0.000944285711739, 0.000289669929771, -0.00143100658897, 0.00095366104506, -0.000399041164201, -0.000135710899485], [-0.000139981057146, 0.00135350809433, -0.000675303745084, 0.000907997135073, -0.00185738492291, 0.0048911604099, -0.00227835658006, 0.000439235096565, 0.000332386436639, 0.000185540644452, -0.00158133322839, 0.00213683885522, -0.00108914636075], [0.000113058180432, -0.00108064024244, 0.00031396484701, -0.000604381319135, 0.000492690654937, -0.00227835658006, 0.00436644721776, -0.00225824560039, 0.000146361431689, 0.000281398592051, -0.00057779008057, -0.000903290929273, 0.000113997986773], [-0.000216864646063, 0.00109817681368, -0.000431521330029, 0.00111137703061, -0.000944285711739, 0.000439235096565, -0.00225824560039, 0.00644417572767, -0.00141423218884, -0.000664781488013, 0.000303228822304, -0.000327675894368, 0.000160878480528], [0.000133761423058, -0.000672360241879, 0.000334593147272, -0.000894364900887, 0.000289669929771, 0.000332386436639, 0.000146361431689, -0.00141423218884, 0.00446693366393, -0.000933279166929, -0.000974373833742, 0.000444528093794, -0.000342872284818], [-2.93697285088e-05, 0.0011069024913, -0.000331781833665, 0.000535709259566, -0.00143100658897, 0.000185540644452, 0.000281398592051, -0.000664781488013, -0.000933279166929, 0.0075948885642, -0.00245722127147, 0.000672431080602, 0.00173125904985], [4.32814522355e-05, -0.000858847168274, 0.000802521244623, -0.00117369939107, 0.00095366104506, -0.00158133322839, -0.00057779008057, 0.000303228822304, -0.000974373833742, -0.00245722127147, 0.00901588983834, -0.00223503424786, -0.000438566494267], [0.000105064253148, 0.000773776730057, -0.000620043603703, 0.00115628354251, -0.000399041164201, 0.00213683885522, -0.000903290929273, -0.000327675894368, 0.000444528093794, 0.000672431080602, -0.00223503424786, 0.0108756311238, -0.00312676420435], [-5.88684379181e-05, -0.000319761573337, 0.000380546844099, -0.000667630753014, -0.000135710899485, -0.00108914636075, 0.000113997986773, 0.000160878480528, -0.000342872284818, 0.00173125904985, -0.000438566494267, -0.00312676420435, 0.0117338374257]]
    },
    "melbands": {
        "dmean": [0.00300290854648, 0.00376058858819, 0.000696286035236, 0.000410084467148, 0.000164735407452, 0.000162751341122, 0.000233476966969, 0.000194506603293, 0.000167748847161, 0.000109032655018, 7.89017649367e-05, 6.21312210569e-05, 4.00050994358e-05, 3.4846169001e-05, 3.53581890522e-05, 2.09223708225e-05, 1.57121849043e-05, 1.53102791955e-05, 1.0801976714e-05, 9.47079297475e-06, 1.01574441942e-05, 1.02544463516e-05, 8.53187066241e-06, 7.11094298822e-06, 6.74185639582e-06, 7.82568804425e-06, 4.07666357205e-06, 3.49902370544e-06, 4.09558106185e-06, 3.13127702611e-06, 2.7960695661e-06, 2.47195248448e-06, 2.12808686229e-06, 1.69033182829e-06, 1.64387915902e-06, 1.40795771131e-06, 1.05164042452e-06, 8.95148275504e-07, 1.65913093042e-06, 9.45974420574e-07],
        "dmean2": [0.00478336075321, 0.00606241915375, 0.00119798490778, 0.000673034053762, 0.00025407798239, 0.000259405787801, 0.000377344869776, 0.000317001511576, 0.000284665147774, 0.000173734108103, 0.000128019411932, 9.89982218016e-05, 6.43385719741e-05, 5.7518351241e-05, 5.89457595197e-05, 3.40192236763e-05, 2.54492715612e-05, 2.51775436482e-05, 1.74650758709e-05, 1.50733721966e-05, 1.65739402291e-05, 1.53163164214e-05, 1.27018947751e-05, 1.01263558463e-05, 1.05056014945e-05, 1.29564868985e-05, 6.140026926e-06, 5.50195954929e-06, 6.89614216753e-06, 4.7716471272e-06, 4.2684600885e-06, 3.89011074731e-06, 3.48339881384e-06, 2.74516946774e-06, 2.68689609584e-06, 2.25946928367e-06, 1.67737630363e-06, 1.45020840137e-06, 3.0131946005e-06, 1.70710802649e-06],
        "dvar": [6.47821652819e-05, 0.000117824747576, 3.52921301783e-06, 1.98057182388e-06, 1.7950898723e-07, 1.94573757994e-07, 3.83874777299e-07, 3.93566295998e-07, 2.94265788625e-07, 1.1114430265e-07, 9.0941284725e-08, 5.37431503744e-08, 2.06205221787e-08, 1.20545768922e-08, 1.55725103923e-08, 6.30787333478e-09, 2.38959829701e-09, 1.9432790932e-09, 8.12548528462e-10, 5.77105918609e-10, 7.36505190169e-10, 5.01582053669e-10, 4.45617875933e-10, 3.06895092672e-10, 1.97592359141e-10, 4.902178663e-10, 7.34791671952e-11, 5.33627829424e-11, 1.55268534141e-10, 6.37508171253e-11, 3.34813357594e-11, 3.48941014972e-11, 3.6688874161e-11, 1.51939121007e-11, 2.48640170952e-11, 1.98743868585e-11, 9.09978255942e-12, 6.36687447556e-12, 1.20547825194e-11, 4.14075197741e-12],
        "dvar2": [0.000146998238051, 0.000258458865574, 9.54312963586e-06, 5.0258236115e-06, 3.9566907617e-07, 4.01842527253e-07, 9.01342673387e-07, 9.62049057307e-07, 7.88160093634e-07, 2.61844036231e-07, 2.39904778709e-07, 1.33590731366e-07, 4.81732200797e-08, 3.0560915576e-08, 4.03759052858e-08, 1.4759352851e-08, 5.86809667524e-09, 4.77488404371e-09, 1.97700766869e-09, 1.40141642735e-09, 1.93144122917e-09, 1.09452980013e-09, 9.85771575479e-10, 6.47465969728e-10, 4.54811244222e-10, 1.36327737987e-09, 1.61971408508e-10, 1.19135076804e-10, 4.31493368813e-10, 1.6437075312e-10, 7.41223263323e-11, 9.22388693203e-11, 1.02645884847e-10, 4.19815154862e-11, 7.14252129663e-11, 5.15178455451e-11, 2.14186671871e-11, 1.49816010292e-11, 3.29844623836e-11, 1.13968895085e-11],
        "max": [0.0701508522034, 0.0957298800349, 0.0227383077145, 0.0198702160269, 0.00748512241989, 0.00878411345184, 0.00864380970597, 0.0182876233011, 0.0149994129315, 0.00929302535951, 0.0151772424579, 0.0121379205957, 0.00471520191059, 0.00203079776838, 0.00374329090118, 0.00396562507376, 0.0011810332071, 0.00166361301672, 0.000753414293285, 0.00045494621736, 0.000616910634562, 0.000679474440403, 0.000854959187564, 0.000684078666382, 0.000226668111281, 0.000330919312546, 0.000134395522764, 0.000145538986544, 0.000171099120053, 0.00010997721256, 8.67438866408e-05, 7.07659492036e-05, 9.34662893997e-05, 6.63028331473e-05, 9.16477729334e-05, 0.000124887053971, 0.000124892176245, 7.37381415092e-05, 5.04081108375e-05, 2.09162590181e-05],
        "mean": [0.00329376501031, 0.00361194647849, 0.000561129651032, 0.000366036721971, 0.000169377250131, 0.000175227003638, 0.000215530832065, 0.000182268646313, 0.00014326866949, 0.000104752303741, 7.93130384409e-05, 6.14844902884e-05, 4.15397953475e-05, 3.31743940478e-05, 3.16832883982e-05, 2.14250012505e-05, 1.61981515703e-05, 1.5827925381e-05, 1.24316684378e-05, 1.1474362509e-05, 1.24909956867e-05, 1.44888063005e-05, 1.26804434331e-05, 1.07978703454e-05, 9.76103365247e-06, 1.01081723187e-05, 6.1080395426e-06, 5.4584343161e-06, 5.28718373971e-06, 4.50176139566e-06, 4.14154601458e-06, 3.52947199644e-06, 2.88936098514e-06, 2.34544381783e-06, 2.12625695895e-06, 1.82003043392e-06, 1.38239943226e-06, 1.10125006358e-06, 1.3070392697e-06, 7.48882484913e-07],
        "median": [2.39170385612e-05, 5.05239149788e-05, 5.79997940804e-05, 5.19547829754e-05, 1.94588501472e-05, 1.79366761586e-05, 1.57467511599e-05, 1.16414921649e-05, 9.22553681448e-06, 6.70198869557e-06, 4.32904562331e-06, 2.54752399087e-06, 2.23404845201e-06, 2.25140365728e-06, 2.1704631763e-06, 2.38912639361e-06, 2.00777185455e-06, 1.84952909876e-06, 1.81134475952e-06, 1.94287122213e-06, 1.99996429728e-06, 2.47520665653e-06, 2.17673368752e-06, 1.73375713075e-06, 1.44166165228e-06, 1.26534155243e-06, 7.64184733271e-07, 5.80745904699e-07, 5.38252038496e-07, 6.2133517531e-07, 7.30291844775e-07, 6.44618012302e-07, 6.11982045484e-07, 4.68227511874e-07, 3.6871466591e-07, 3.17978020803e-07, 2.64307459474e-07, 1.90441411974e-07, 1.37631502639e-07, 7.94179442209e-08],
        "min": [7.84408732044e-24, 8.31865184153e-24, 9.49542089739e-24, 6.69448268985e-24, 1.06445301233e-23, 1.02359238403e-23, 7.40383430443e-24, 3.9566091785e-24, 5.91787713322e-24, 3.44176186973e-24, 4.02878640146e-24, 7.21356973156e-24, 8.25394237033e-24, 7.73068304329e-24, 5.71158251232e-24, 6.62437031031e-24, 6.6881899464e-24, 8.3342420996e-24, 6.26130181185e-24, 7.94213010919e-24, 1.44795229827e-23, 1.00560217442e-23, 9.4618966755e-24, 6.88791059494e-24, 5.62329714412e-24, 8.30052539565e-24, 7.05202521767e-24, 7.56820294036e-24, 9.1987815869e-24, 6.69828657713e-24, 6.3104395632e-24, 1.12488835626e-23, 8.36066341789e-24, 8.38863721445e-24, 9.40322199023e-24, 9.2096394684e-24, 7.85764152851e-24, 1.00252861457e-23, 1.03801418132e-23, 6.7307821244e-24],
        "var": [9.02970496099e-05, 0.000132107845275, 2.5874687708e-06, 1.58635657499e-06, 2.14261064002e-07, 2.35795184267e-07, 3.97823441745e-07, 4.08234484439e-07, 2.60170452293e-07, 1.20400656556e-07, 1.07853928455e-07, 5.94074549554e-08, 2.40381723415e-08, 1.15028129244e-08, 1.43445824108e-08, 6.71124755769e-09, 2.47001641362e-09, 2.08632044973e-09, 9.78512160188e-10, 7.47565676029e-10, 9.22381504509e-10, 9.41791533648e-10, 8.22938439615e-10, 6.01892535812e-10, 3.81195242039e-10, 5.61523716414e-10, 1.50849166491e-10, 1.15370581144e-10, 1.52761442385e-10, 8.98436533503e-11, 6.40740932534e-11, 4.73279263002e-11, 3.7902441602e-11, 2.04032468004e-11, 2.41917614413e-11, 2.31026794917e-11, 1.34306914548e-11, 9.45577990907e-12, 9.16000175016e-12, 3.05898470616e-12]
    },
    "mfcc": {
        "mean": [-735.729431152, 84.2468109131, 11.5105218887, 27.3863735199, 2.98389005661, 5.20806026459, -6.19813394547, 5.81972265244, -0.677492976189, -0.0810247734189, 2.08560657501, 1.32034313679, -2.25758671761],
        "cov": [[15719.3193359, 126.290878296, -1674.85754395, -207.920349121, -748.597167969, -449.158325195, -92.1365127563, -54.3442840576, -150.658859253, -37.754032135, -127.308929443, -74.0457229614, -196.408157349], [126.290878296, 2395.19433594, -164.653335571, -14.8517656326, -12.2009725571, 18.5318393707, 28.2348918915, 193.14251709, 58.0475959778, -111.672042847, 46.4330673218, 15.2555341721, -41.3674926758], [-1674.85754395, -164.653335571, 1415.92993164, 257.090576172, 324.449951172, 207.102416992, 180.141708374, 40.0760307312, 86.7936248779, 38.4153442383, -4.97370004654, 2.88768482208, 41.7670936584], [-207.920349121, -14.8517656326, 257.090576172, 802.248535156, 343.829803467, 229.857299805, 42.5943984985, 46.4560661316, 42.029460907, 117.038490295, 29.5311870575, 28.3070831299, 71.2375259399], [-748.597167969, -12.2009725571, 324.449951172, 343.829803467, 657.808776855, 302.723236084, 155.875961304, 15.4565906525, 101.76764679, 134.174362183, 58.2202835083, 24.7506828308, 76.9360198975], [-449.158325195, 18.5318393707, 207.102416992, 229.857299805, 302.723236084, 464.272583008, 261.51083374, 85.3292236328, 93.4346237183, 142.581604004, 65.692199707, 67.5683822632, 53.0122833252], [-92.1365127563, 28.2348918915, 180.141708374, 42.5943984985, 155.875961304, 261.51083374, 545.687805176, 131.476669312, 139.788513184, 94.0271453857, 69.7694778442, 74.6752929688, 45.2710914612], [-54.3442840576, 193.14251709, 40.0760307312, 46.4560661316, 15.4565906525, 85.3292236328, 131.476669312, 272.670684814, 112.014144897, 43.8137741089, 45.5351524353, 63.2758903503, 18.107837677], [-150.658859253, 58.0475959778, 86.7936248779, 42.029460907, 101.76764679, 93.4346237183, 139.788513184, 112.014144897, 213.081466675, 90.1540679932, 53.540271759, 41.842502594, 25.1313323975], [-37.754032135, -111.672042847, 38.4153442383, 117.038490295, 134.174362183, 142.581604004, 94.0271453857, 43.8137741089, 90.1540679932, 253.453903198, 107.124153137, 62.8461151123, 40.8221282959], [-127.308929443, 46.4330673218, -4.97370004654, 29.5311870575, 58.2202835083, 65.692199707, 69.7694778442, 45.5351524353, 53.540271759, 107.124153137, 184.493545532, 72.6333465576, 23.1478996277], [-74.0457229614, 15.2555341721, 2.88768482208, 28.3070831299, 24.7506828308, 67.5683822632, 74.6752929688, 63.2758903503, 41.842502594, 62.8461151123, 72.6333465576, 140.905563354, 49.8660392761], [-196.408157349, -41.3674926758, 41.7670936584, 71.2375259399, 76.9360198975, 53.0122833252, 45.2710914612, 18.107837677, 25.1313323975, 40.8221282959, 23.1478996277, 49.8660392761, 122.467559814]],
