{
"lowlevel": {
    "average_loudness": 0.959903776646,
    "barkbands_crest": {
        "dmean": 3.38668298721,
        "dmean2": 5.23765087128,
        "dvar": 10.8157911301,
        "dvar2": 24.498008728,
        "max": 26.3077697754,
        "mean": 14.5700788498,
        "median": 14.2203960419,
        "min": 2.68011546135,
        "var": 37.5876617432
    },
    "barkbands_flatness_db": {
        "dmean": 0.0452017150819,
        "dmean2": 0.0646925419569,
        "dvar": 0.00198382954113,
        "dvar2": 0.00408922554925,
        "max": 0.619667291641,
        "mean": 0.242328599095,
        "median": 0.2315980196,
        "min": 0.0484555698931,
        "var": 0.0103867314756
    },
    "barkbands_kurtosis": {
        "dmean": 27.8819313049,
        "dmean2": 43.0221290588,
        "dvar": 2600.94360352,
        "dvar2": 6191.625,
        "max": 598.975524902,
        "mean": 36.8983764648,
        "median": 9.32774353027,
        "min": -1.91752564907,
        "var": 4264.57666016
    },
    "barkbands_skewness": {
        "dmean": 1.7097080946,
        "dmean2": 2.49683761597,
        "dvar": 4.04952144623,
        "dvar2": 8.84659099579,
        "max": 22.9503116608,
        "mean": 3.72921204567,
        "median": 2.6003510952,
        "min": -2.08215808868,
        "var": 12.7189645767
    },
    "barkbands_spread": {
        "dmean": 8.46232795715,
        "dmean2": 12.7445087433,
        "dvar": 165.40385437,
        "dvar2": 337.835876465,
        "max": 129.921508789,
        "mean": 16.8439826965,
        "median": 9.06762981415,
        "min": 0.24511153996,
        "var": 355.88293457
    },
    "dissonance": {
        "dmean": 0.030446043238,
        "dmean2": 0.0488756969571,
        "dvar": 0.000885468616616,
        "dvar2": 0.00213932525367,
        "max": 0.499945998192,
        "mean": 0.440438866615,
        "median": 0.45219618082,
        "min": 0.20129711926,
        "var": 0.00203964929096
    },
    "dynamic_complexity": 3.59967255592,
    "erbbands_crest": {
        "dmean": 3.7860314846,
        "dmean2": 6.1416683197,
        "dvar": 11.9564142227,
        "dvar2": 28.9383087158,
        "max": 31.4087772369,
        "mean": 11.5980739594,
        "median": 10.5425815582,
        "min": 3.04432058334,
        "var": 25.6291103363
    },
    "erbbands_flatness_db": {
        "dmean": 0.029108364135,
        "dmean2": 0.0442408025265,
        "dvar": 0.000848485040478,
        "dvar2": 0.00172966963146,
        "max": 0.441203534603,
        "mean": 0.185486719012,
        "median": 0.178413659334,
        "min": 0.0574970208108,
        "var": 0.00269511109218
    },
    "erbbands_kurtosis": {
        "dmean": 3.25217103958,
        "dmean2": 5.3319106102,
        "dvar": 37.5737724304,
        "dvar2": 88.3232040405,
        "max": 113.111930847,
        "mean": 2.33885025978,
        "median": -0.0862950086594,
        "min": -1.94513165951,
        "var": 51.2357254028
    },
    "erbbands_skewness": {
        "dmean": 0.841232597828,
        "dmean2": 1.25844299793,
        "dvar": 0.72461771965,
        "dvar2": 1.54803061485,
        "max": 8.80187892914,
        "mean": 0.802700340748,
        "median": 0.661145091057,
        "min": -3.50100040436,
        "var": 1.89265751839
    },
    "erbbands_spread": {
        "dmean": 20.5259571075,
        "dmean2": 31.2551803589,
        "dvar": 507.129302979,
        "dvar2": 1011.63372803,
        "max": 204.289672852,
        "mean": 51.0821876526,
        "median": 43.5771408081,
        "min": 0.940415680408,
        "var": 1117.94470215
    },
    "hfc": {
        "dmean": 11.159661293,
        "dmean2": 15.9308710098,
        "dvar": 496.370910645,
        "dvar2": 1063.39074707,
        "max": 230.815322876,
        "mean": 17.3300743103,
        "median": 8.65789222717,
        "min": 1.17604741079e-16,
        "var": 725.444213867
    },
    "melbands_crest": {
        "dmean": 4.05140447617,
        "dmean2": 6.26251983643,
        "dvar": 14.5585784912,
        "dvar2": 34.3178443909,
        "max": 37.5975418091,
        "mean": 20.314125061,
        "median": 20.342792511,
        "min": 1.82602858543,
        "var": 57.6443443298
    },
    "melbands_flatness_db": {
        "dmean": 0.0542855188251,
        "dmean2": 0.0749203413725,
        "dvar": 0.0028392735403,
        "dvar2": 0.00536481384188,
        "max": 0.740813374519,
        "mean": 0.310153752565,
        "median": 0.305446326733,
        "min": 0.00464189704508,
        "var": 0.0178218837827
    },
    "melbands_kurtosis": {
        "dmean": 68.9244995117,
        "dmean2": 105.810935974,
        "dvar": 19233.9023438,
        "dvar2": 46422.328125,
        "max": 2618.05224609,
        "mean": 95.8018188477,
        "median": 25.1616668701,
        "min": -1.82572352886,
        "var": 30236.203125
    },
    "melbands_skewness": {
        "dmean": 2.299233675,
        "dmean2": 3.36975216866,
        "dvar": 7.80032348633,
        "dvar2": 16.8571987152,
        "max": 39.6433563232,
        "mean": 5.65895700455,
        "median": 4.03935813904,
        "min": -2.47786808014,
        "var": 24.2946491241
    },
    "melbands_spread": {
        "dmean": 9.68053722382,
        "dmean2": 14.2865152359,
        "dvar": 251.524291992,
        "dvar2": 521.26550293,
        "max": 142.344360352,
        "mean": 17.8364009857,
        "median": 7.63753700256,
        "min": 0.102869875729,
        "var": 572.477905273
    },
    "pitch_salience": {
        "dmean": 0.0987862274051,
        "dmean2": 0.152296230197,
        "dvar": 0.00858801789582,
        "dvar2": 0.0216195899993,
        "max": 0.930951237679,
        "mean": 0.412379682064,
        "median": 0.415323019028,
        "min": 0.0299087855965,
        "var": 0.0261186249554
    },
    "silence_rate_20dB": {
        "dmean": 0,
        "dmean2": 0,
        "dvar": 0,
        "dvar2": 0,
        "max": 1,
        "mean": 1,
        "median": 1,
        "min": 1,
        "var": 0
    },
    "silence_rate_30dB": {
        "dmean": 0.0982259884477,
        "dmean2": 0.196469143033,
        "dvar": 0.0885731428862,
        "dvar2": 0.192462697625,
        "max": 1,
        "mean": 0.771670758724,
        "median": 1,
        "min": 0,
        "var": 0.176186069846
    },
    "silence_rate_60dB": {
        "dmean": 0.0484138764441,
        "dmean2": 0.0968362167478,
        "dvar": 0.0460730195045,
        "dvar2": 0.0993566662073,
        "max": 1,
        "mean": 0.100314572453,
        "median": 0,
        "min": 0,
        "var": 0.0902575477958
    },
    "spectral_centroid": {
        "dmean": 440.839233398,
        "dmean2": 636.727783203,
        "dvar": 266994.6875,
        "dvar2": 496921.5625,
        "max": 11504.8945312,
        "mean": 1184.89318848,
        "median": 877.331665039,
        "min": 122.459609985,
        "var": 841603.6875
    },
    "spectral_complexity": {
        "dmean": 3.66424894333,
        "dmean2": 4.78500270844,
        "dvar": 31.4480247498,
        "dvar2": 46.7342758179,
        "max": 59,
        "mean": 10.1583366394,
        "median": 7,
        "min": 0,
        "var": 97.2950210571
    },
    "spectral_decrease": {
        "dmean": 7.33292671029e-09,
        "dmean2": 9.84389458836e-09,
        "dvar": 1.27478220334e-16,
        "dvar2": 2.16147217439e-16,
        "max": 1.50195241624e-29,
        "mean": -1.45112046823e-08,
        "median": -4.99190466741e-09,
        "min": -8.01542654472e-08,
        "var": 3.93121808046e-16
    },
    "spectral_energy": {
        "dmean": 0.0284000299871,
        "dmean2": 0.0381071306765,
        "dvar": 0.00184228981379,
        "dvar2": 0.00312335789204,
        "max": 0.309165894985,
        "mean": 0.0563406348228,
        "median": 0.020449526608,
        "min": 1.06104088915e-20,
        "var": 0.00568082509562
    },
    "spectral_energyband_high": {
        "dmean": 0.0009186155512,
        "dmean2": 0.00129586691037,
        "dvar": 6.29872511126e-06,
        "dvar2": 1.27297835206e-05,
        "max": 0.026081725955,
        "mean": 0.0010229293257,
        "median": 0.000132427870994,
        "min": 8.03942249557e-21,
        "var": 8.7517855718e-06
    },
    "spectral_energyband_low": {
        "dmean": 0.0247197393328,
        "dmean2": 0.0336663648486,
        "dvar": 0.00194591796026,
        "dvar2": 0.003406758653,
        "max": 0.297055542469,
        "mean": 0.0447926744819,
        "median": 0.00277217337862,
        "min": 3.9416741483e-23,
        "var": 0.00554637378082
    },
    "spectral_energyband_middle_high": {
        "dmean": 0.00157338893041,
        "dmean2": 0.00222708797082,
        "dvar": 1.01687674032e-05,
        "dvar2": 2.24808154599e-05,
        "max": 0.0510460697114,
        "mean": 0.00222334521823,
        "median": 0.000585754518397,
        "min": 1.45589502949e-21,
        "var": 1.65190649568e-05
    },
    "spectral_energyband_middle_low": {
        "dmean": 0.00735542643815,
        "dmean2": 0.0125299263746,
        "dvar": 0.000178503411007,
        "dvar2": 0.000501942180563,
        "max": 0.0881786718965,
        "mean": 0.00985976401716,
        "median": 0.00496009550989,
        "min": 3.09492170736e-22,
        "var": 0.000165070523508
    },
    "spectral_entropy": {
        "dmean": 0.389179944992,
        "dmean2": 0.579488515854,
        "dvar": 0.176862776279,
        "dvar2": 0.35348367691,
        "max": 9.80057621002,
        "mean": 7.06854391098,
        "median": 7.11263751984,
        "min": 4.43092346191,
        "var": 0.52009499073
    },
    "spectral_flux": {
        "dmean": 0.0560556724668,
        "dmean2": 0.0852773040533,
        "dvar": 0.00584054645151,
        "dvar2": 0.0115599185228,
        "max": 0.584066033363,
        "mean": 0.117835789919,
        "median": 0.0785443931818,
        "min": 1.05420033814e-10,
        "var": 0.0128709347919
    },
    "spectral_kurtosis": {
        "dmean": 3.2160050869,
        "dmean2": 5.22002220154,
        "dvar": 41.7642097473,
        "dvar2": 103.35974884,
        "max": 182.118606567,
        "mean": 4.89821243286,
        "median": 3.22475337982,
        "min": -1.29677891731,
        "var": 48.9773635864
    },
    "spectral_rms": {
        "dmean": 0.00159447500482,
        "dmean2": 0.00210846657865,
        "dvar": 3.89305023418e-06,
        "dvar2": 6.08062237006e-06,
        "max": 0.0173673611134,
        "mean": 0.00594749022275,
        "median": 0.00446662679315,
        "min": 3.21739314878e-12,
        "var": 1.95938500838e-05
    },
    "spectral_rolloff": {
        "dmean": 771.644348145,
        "dmean2": 1311.53564453,
        "dvar": 2687390.75,
        "dvar2": 5754824.5,
        "max": 18604.6875,
        "mean": 1338.23022461,
        "median": 495.263671875,
        "min": 43.06640625,
        "var": 4115555.25
    },
    "spectral_skewness": {
        "dmean": 0.480804234743,
        "dmean2": 0.730597734451,
        "dvar": 0.366842925549,
        "dvar2": 0.786112725735,
        "max": 10.8317193985,
        "mean": 1.44760763645,
        "median": 1.22522926331,
        "min": -0.0275922678411,
        "var": 0.735596120358
    },
    "spectral_spread": {
        "dmean": 1184603.5,
        "dmean2": 1671609.25,
        "dvar": 2.63236773478e+12,
        "dvar2": 3.98614095462e+12,
        "max": 40406856,
        "mean": 4938120.5,
        "median": 4187570.25,
        "min": 612661.4375,
        "var": 5.81206592717e+12
    },
    "spectral_strongpeak": {
        "dmean": 0.352025687695,
        "dmean2": 0.573251903057,
        "dvar": 0.333653211594,
        "dvar2": 0.805945396423,
        "max": 11.2140369415,
        "mean": 0.685227453709,
        "median": 0.524291038513,
        "min": 0,
        "var": 0.458267897367
    },
    "zerocrossingrate": {
        "dmean": 0.0165294483304,
        "dmean2": 0.0184162948281,
        "dvar": 0.000492200546432,
        "dvar2": 0.000659559329506,
        "max": 0.50439453125,
        "mean": 0.0462493747473,
        "median": 0.029296875,
        "min": 0.00146484375,
        "var": 0.00207365094684
    },
    "barkbands": {
        "dmean": [0.00380083033815, 0.023795677349, 0.00902234949172, 0.00405924208462, 0.00165124470368, 0.000454631779576, 0.000541879795492, 0.000625013490207, 0.00117638742086, 0.000224025352509, 0.000203030183911, 0.000179999115062, 0.000213120642002, 0.000172985557583, 0.00010394333367, 0.000135041962494, 0.000121798810142, 0.000174252054421, 0.000393473863369, 0.000208261219086, 0.000277963990811, 0.000187575409655, 0.000154925786774, 0.000148526858538, 8.15014645923e-05, 2.53172456723e-05, 7.59052554145e-08],
        "dmean2": [0.00553999748081, 0.0369248278439, 0.0169129446149, 0.00766213517636, 0.00233989162371, 0.000730731291696, 0.000870188465342, 0.00101784861181, 0.00183692295104, 0.000380650773877, 0.000309570896206, 0.000285646907287, 0.000326681445586, 0.000277444953099, 0.000168647180544, 0.000220225731027, 0.000186340708751, 0.000253780395724, 0.000557027757168, 0.000294867291814, 0.000402482226491, 0.000271240453003, 0.000227193027968, 0.000231896789046, 0.00012688121933, 3.94934613723e-05, 1.30793367248e-07],
        "dvar": [8.31967627164e-05, 0.00237621110864, 0.000615960452706, 0.000146633290569, 9.22493018152e-06, 7.94954758021e-07, 1.62595961228e-06, 2.51769233728e-06, 9.15126929613e-06, 7.57283828534e-07, 9.67710434452e-07, 4.72144449759e-07, 4.82984944483e-07, 3.8624921217e-07, 8.21067445145e-08, 2.29126086992e-07, 2.02139972316e-07, 2.54466556271e-07, 4.96350310186e-07, 2.13060957321e-07, 1.01161845123e-06, 4.37871477743e-07, 1.48374439846e-07, 1.00397123504e-07, 3.01979206085e-08, 4.21499901648e-09, 3.6874122462e-14],
        "dvar2": [0.000156457885168, 0.00551334675401, 0.00182517105713, 0.000426918792073, 1.58306611411e-05, 1.90997025129e-06, 3.63441040463e-06, 6.21654953648e-06, 2.06511449505e-05, 2.09485210689e-06, 2.0251220576e-06, 1.09522864022e-06, 1.02941532987e-06, 9.9635872175e-07, 1.95120549051e-07, 5.99818235969e-07, 4.87594547849e-07, 5.4586018905e-07, 9.52960419909e-07, 4.13626622731e-07, 2.14552596844e-06, 9.5372558917e-07, 2.91154748311e-07, 2.43750008622e-07, 7.17756662993e-08, 1.05408801687e-08, 1.03152587112e-13],
        "max": [0.0598795935512, 0.275553137064, 0.184086591005, 0.0634476840496, 0.034370418638, 0.016370434314, 0.0247423350811, 0.034383635968, 0.0758653953671, 0.0159684512764, 0.0459698177874, 0.02426170744, 0.0307468492538, 0.0334208123386, 0.00641332473606, 0.00594451325014, 0.00641626305878, 0.0117689501494, 0.0124833090231, 0.0116056054831, 0.0108520388603, 0.00706379348412, 0.00381033751182, 0.0024069561623, 0.00128845067229, 0.000675762770697, 4.04728370995e-06],
        "mean": [0.00406398950145, 0.0313288643956, 0.00788563676178, 0.0028630993329, 0.00374337844551, 0.000552558980417, 0.000696369854268, 0.000696170085575, 0.00121053401381, 0.000222022048547, 0.000231374433497, 0.000175199995283, 0.00023413868621, 0.00017279938038, 0.000111223154818, 0.000122533121612, 0.000129013395053, 0.000205200354685, 0.000520663859788, 0.000271757453447, 0.000301250867778, 0.000225827054237, 0.000158794573508, 0.000127831386635, 6.78954893374e-05, 2.2323720259e-05, 6.79445264495e-08],
        "median": [2.50259222412e-06, 0.00088024494471, 0.00127258850262, 0.000199728718144, 0.000830352655612, 0.000212135666516, 0.000257927225903, 0.00012010102364, 0.000131428067107, 4.65805205749e-05, 2.38353168243e-05, 1.57224312716e-05, 2.24504656217e-05, 2.08226247196e-05, 1.6834022972e-05, 1.22110723169e-05, 9.89655745798e-06, 1.43730467244e-05, 5.6681339629e-05, 4.01763027185e-05, 2.90822572424e-05, 2.49457825703e-05, 9.72711677605e-06, 8.04088085715e-06, 2.3098418751e-06, 1.33225705667e-06, 1.85173369971e-08],
        "min": [4.15926754506e-24, 2.03620461311e-23, 1.1858544458e-23, 4.73414677429e-24, 4.04353060621e-23, 7.20171567651e-23, 2.67889180141e-23, 1.9544175655e-23, 1.00168472272e-22, 7.17030765288e-23, 2.94132373647e-23, 9.25794599702e-23, 4.50437967605e-23, 9.75435912528e-23, 8.37221739026e-23, 8.87635125797e-23, 1.3854156971e-22, 2.02644154433e-22, 2.33996894686e-22, 2.75730135683e-22, 4.52017702588e-22, 3.9708357485e-22, 5.84017886211e-22, 6.30345806531e-22, 1.08324026806e-21, 1.5223703816e-21, 2.64260173852e-21],
        "var": [0.000115879061923, 0.00368128693663, 0.000394103524741, 8.6360356363e-05, 4.38374627265e-05, 1.09360883016e-06, 2.13935868487e-06, 2.7685355235e-06, 1.13392761705e-05, 6.2349494101e-07, 1.43016461607e-06, 5.37719188287e-07, 7.4290306884e-07, 3.34834851401e-07, 9.4865036715e-08, 1.88823989333e-07, 1.96410638864e-07, 3.53798441211e-07, 9.92277705336e-07, 3.69025627833e-07, 1.23034340049e-06, 5.94916912178e-07, 2.10703063885e-07, 9.73906324475e-08, 2.86434023167e-08, 4.00418631585e-09, 2.6247740079e-14]
    },
    "erbbands": {
        "dmean": [1.08676815033, 4.1576962471, 8.61522102356, 14.1358242035, 6.38464021683, 6.92765283585, 3.66545701027, 4.53214931488, 5.6296081543, 14.0675601959, 14.3050374985, 28.9733848572, 11.0122947693, 5.67473936081, 8.95690822601, 6.71649551392, 9.27511882782, 9.20239067078, 6.48178815842, 4.94786930084, 7.41431379318, 6.67639732361, 7.40324544907, 17.420671463, 18.0053462982, 9.64004898071, 6.56018877029, 13.9603424072, 7.44326210022, 4.42485046387, 4.77538204193, 3.59326124191, 2.21014308929, 1.19273149967, 0.488166004419, 0.165806084871, 0.0343546904624, 0.00175101216882, 5.76534184802e-05, 3.49249203282e-05],
        "dmean2": [1.67974829674, 6.30209541321, 15.6422348022, 26.8837280273, 10.8426170349, 9.64343261719, 4.82116127014, 7.34484052658, 9.31808280945, 22.5629940033, 22.896188736, 45.2910804749, 17.6423835754, 8.86793518066, 13.8329048157, 10.562417984, 14.07725811, 14.4558401108, 10.2409715652, 7.90500593185, 11.8467407227, 10.0858545303, 10.4462966919, 24.3931941986, 25.9640598297, 13.2705068588, 8.90528011322, 20.0594902039, 10.817574501, 6.26950740814, 7.18831682205, 5.63285207748, 3.46949839592, 1.86697006226, 0.764989554882, 0.258089214563, 0.0531007125974, 0.00269244424999, 8.35935206851e-05, 4.68580947199e-05],
        "dvar": [3.99166870117, 99.7440261841, 507.681213379, 1755.14306641, 210.262496948, 231.181549072, 54.315032959, 100.798591614, 178.368179321, 1150.81811523, 1698.50402832, 6110.76318359, 826.336914062, 458.126403809, 1874.99694824, 518.855957031, 1037.0847168, 1104.35510254, 260.176422119, 189.504821777, 751.391235352, 650.079284668, 454.760192871, 1373.1171875, 1149.57263184, 453.831542969, 310.664978027, 2914.42163086, 712.680480957, 217.857925415, 122.190872192, 60.8444747925, 22.1285209656, 6.54460763931, 1.12868654728, 0.175238236785, 0.00733110494912, 1.57851100084e-05, 1.19876828464e-08, 2.38688424581e-09],
        "dvar2": [9.93766593933, 217.02923584, 1465.5135498, 5135.99853516, 589.46484375, 347.775512695, 65.0349731445, 242.055343628, 415.104492188, 2852.16015625, 3949.72583008, 13654.375, 2086.89575195, 1104.80810547, 4067.03125, 1255.88647461, 2178.81616211, 2855.15405273, 621.590881348, 449.379119873, 1875.90808105, 1562.37683105, 946.397460938, 2878.29272461, 2281.88842773, 850.858520508, 604.173950195, 6243.26953125, 1579.86120605, 437.848114014, 226.88293457, 145.593612671, 53.1949882507, 15.8768377304, 2.6779024601, 0.435633301735, 0.017955571413, 3.80335332011e-05, 2.83046368565e-08, 4.1336600809e-09],
        "max": [9.72373580933, 61.1660575867, 176.09979248, 245.266082764, 105.834976196, 177.133148193, 122.571418762, 191.00642395, 363.608825684, 707.810119629, 939.544921875, 1682.23498535, 439.085784912, 553.592773438, 2101.98071289, 573.302001953, 1685.05114746, 1851.00769043, 362.368377686, 250.758666992, 375.948181152, 343.39755249, 281.412628174, 868.448547363, 557.520935059, 390.133026123, 188.894866943, 608.340209961, 274.787384033, 165.287307739, 109.371681213, 59.1007423401, 37.9371414185, 17.9901580811, 8.47192573547, 4.6598610878, 0.920047879219, 0.0488228164613, 0.00116645707749, 0.000350836577127],
        "mean": [1.38958621025, 5.19617605209, 8.92426204681, 10.1844940186, 7.73550605774, 16.1280384064, 8.29326820374, 5.46630859375, 6.64754247665, 18.6976203918, 14.827132225, 29.6433773041, 11.8863897324, 6.50418901443, 10.0592269897, 7.1246919632, 10.5808267593, 9.65512275696, 7.15881824493, 5.43409347534, 7.54402685165, 7.055768013, 8.92741203308, 22.7378520966, 24.1371097565, 12.8486270905, 8.64413356781, 14.6035451889, 8.53279018402, 5.07079124451, 4.94255399704, 3.15436005592, 1.87471520901, 0.986949026585, 0.402843594551, 0.142859816551, 0.0315542370081, 0.00173704710323, 7.15977657819e-05, 6.69394285069e-05],
        "median": [0.00682662986219, 0.303411781788, 1.83844089508, 1.41574597359, 2.98525714874, 3.24056625366, 1.45195913315, 2.10028028488, 3.01718521118, 2.75950860977, 3.09694671631, 3.12644672394, 2.96186614037, 1.38892042637, 1.2344584465, 1.08151102066, 1.37869477272, 1.23756814003, 1.22222733498, 0.819490909576, 1.05946469307, 0.717186450958, 0.649344027042, 2.00497102737, 2.94456291199, 1.91558659077, 1.3907160759, 0.972883701324, 0.736540198326, 0.507358074188, 0.341064691544, 0.250941038132, 0.079558134079, 0.0324193313718, 0.0135476905853, 0.00684018712491, 0.00231734849513, 0.000261767883785, 2.58554046013e-05, 2.69520387519e-05],
        "min": [3.27234725346e-22, 5.71148139298e-21, 1.11883803419e-20, 1.47709415801e-20, 3.83551145396e-20, 1.43453409991e-19, 3.09687374052e-19, 5.8335005015e-19, 4.52907493261e-19, 7.30847830499e-19, 7.57640986022e-19, 2.00302591831e-18, 2.16211735873e-18, 2.08229959949e-18, 1.74800075878e-18, 2.82305121177e-18, 3.41561569205e-18, 4.11004787836e-18, 3.95717414781e-18, 5.99936851569e-18, 5.02462674007e-18, 9.1807378252e-18, 9.18049215256e-18, 9.13387059888e-18, 1.63628120759e-17, 1.19712779438e-17, 1.42175952578e-17, 1.65575452813e-17, 1.06824726468e-17, 1.72115026931e-17, 1.71280914544e-17, 1.37013319852e-17, 1.0945760927e-17, 1.10881526248e-17, 7.43694017791e-18, 6.65260545313e-18, 2.76554023891e-18, 1.42675265679e-18, 3.73045660811e-19, 3.75018486572e-20],
        "var": [6.78709554672, 132.526153564, 392.556915283, 1008.85223389, 182.492126465, 1171.58630371, 360.395172119, 129.465194702, 208.015899658, 1489.37719727, 1855.50354004, 7527.13037109, 863.741333008, 588.135437012, 2727.2331543, 581.986999512, 1625.61022949, 976.295715332, 323.909667969, 214.17868042, 661.899291992, 645.014221191, 639.762878418, 2452.57714844, 2229.04223633, 807.118896484, 508.455230713, 3454.30932617, 929.793273926, 285.044158936, 185.765197754, 61.3699645996, 21.2279376984, 6.01885604858, 1.07351052761, 0.162700563669, 0.00756909325719, 1.68453389051e-05, 1.43016096743e-08, 7.03111613376e-09]
    },
    "gfcc": {
        "mean": [-68.3967056274, 96.3833312988, -92.7015686035, 49.2417411804, -61.8161582947, 8.7435798645, -24.9870128632, 8.40818214417, -23.3262634277, 1.35725402832, -12.7141990662, -10.3955860138, -14.4110603333],
        "cov": [[8463.09277344, -1725.23205566, -1003.44488525, 339.707702637, -455.817474365, 160.099563599, -216.419052124, 303.326934814, -261.831176758, 275.913665771, -72.896194458, 282.484191895, -159.769119263], [-1725.23205566, 1887.13269043, 373.878540039, -105.965522766, 656.593444824, -170.298843384, 478.008605957, -225.633590698, 125.269004822, -179.832138062, 196.359786987, -174.149536133, 90.517791748], [-1003.44488525, 373.878540039, 2080.58984375, 861.900024414, 353.762573242, 551.796936035, 136.235412598, -32.3491134644, 282.927856445, -65.2249603271, 79.7931518555, 38.6251106262, 210.010742188], [339.707702637, -105.965522766, 861.900024414, 927.563903809, 453.171417236, 294.807891846, 119.357597351, 23.9351215363, 179.476776123, 39.5454902649, 8.92592525482, 69.4732131958, 141.869110107], [-455.817474365, 656.593444824, 353.762573242, 453.171417236, 774.414550781, 143.191757202, 341.482421875, -29.159324646, 130.007919312, -35.4230194092, 110.906143188, -50.6341552734, 121.128372192], [160.099563599, -170.298843384, 551.796936035, 294.807891846, 143.191757202, 504.686523438, 120.2108078, 159.856216431, 151.60333252, 28.1963939667, 20.9651927948, 57.5155296326, 25.0385246277], [-216.419052124, 478.008605957, 136.235412598, 119.357597351, 341.482421875, 120.2108078, 544.073303223, 171.675323486, 112.43914032, 51.6924705505, 181.039276123, -20.3300876617, 4.35592746735], [303.326934814, -225.633590698, -32.3491134644, 23.9351215363, -29.159324646, 159.856216431, 171.675323486, 357.003570557, 111.497680664, 98.0633239746, 46.4589614868, 27.7795658112, -68.159942627], [-261.831176758, 125.269004822, 282.927856445, 179.476776123, 130.007919312, 151.60333252, 112.43914032, 111.497680664, 341.138366699, 115.966804504, 3.19410991669, 28.216791153, 46.2816772461], [275.913665771, -179.832138062, -65.2249603271, 39.5454902649, -35.4230194092, 28.1963939667, 51.6924705505, 98.0633239746, 115.966804504, 214.440505981, 56.0287399292, -3.11902666092, -19.5821228027], [-72.896194458, 196.359786987, 79.7931518555, 8.92592525482, 110.906143188, 20.9651927948, 181.039276123, 46.4589614868, 3.19410991669, 56.0287399292, 190.487091064, 2.57898330688, 4.77091836929], [282.484191895, -174.149536133, 38.6251106262, 69.4732131958, -50.6341552734, 57.5155296326, -20.3300876617, 27.7795658112, 28.216791153, -3.11902666092, 2.57898330688, 154.819229126, 35.4024887085], [-159.769119263, 90.517791748, 210.010742188, 141.869110107, 121.128372192, 25.0385246277, 4.35592746735, -68.159942627, 46.2816772461, -19.5821228027, 4.77091836929, 35.4024887085, 133.581008911]],
        "icov": [[0.00018938278663, -7.93262224761e-05, 0.000227096970775, -0.000367724336684, 0.000224345058086, -0.000226186704822, 5.1336177421e-05, -7.55437940825e-05, 0.000301633757772, -0.000250979908742, 1.12386178444e-05, -0.000215321677388, 2.78819534287e-05], [-7.93262224761e-05, 0.00319546367973, -0.00124981964473, 0.00245404359885, -0.00247143721208, 0.00208241771907, -0.00186831620522, 0.00192429858726, -0.00261400872841, 0.00267106713727, -0.00118241040036, 0.00108869641554, 0.00104285555426], [0.000227096970775, -0.00124981964473, 0.00233657145873, -0.00281297927722, 0.00243459246121, -0.00223251921125, 0.00069805548992, -6.33343370282e-05, -9.86662271316e-05, 0.000768695317674, -0.00149233161937, 0.00098269036971, -0.00147194415331], [-0.000367724336684, 0.00245404359885, -0.00281297927722, 0.00600600335747, -0.00476579274982, 0.00220460887067, -0.00104815815575, 0.000796857231762, -0.00093753420515, -0.000507872842718, 0.00172231846955, -0.00127508235164, 0.000816923158709], [0.000224345058086, -0.00247143721208, 0.00243459246121, -0.00476579274982, 0.0066582527943, -0.00273170438595, -0.000361325714039, -0.000135272275656, 0.000349531095708, 0.000853822741192, -0.00157571502496, 0.00215796520934, -0.00291739101522], [-0.000226186704822, 0.00208241771907, -0.00223251921125, 0.00220460887067, -0.00273170438595, 0.00553875556216, -0.00114763015881, -0.000466281810077, -0.00172460626345, 0.0012282243697, 0.000419556134148, -0.0007488100091, 0.00168626138475], [5.1336177421e-05, -0.00186831620522, 0.00069805548992, -0.00104815815575, -0.000361325714039, -0.00114763015881, 0.0056498395279, -0.00300201587379, 0.000877117854543, -0.00101049675141, -0.00230798800476, -0.000432648550486, -8.50416254252e-05], [-7.55437940825e-05, 0.00192429858726, -6.33343370282e-05, 0.000796857231762, -0.000135272275656, -0.000466281810077, -0.00300201587379, 0.00689652981237, -0.00300409086049, 0.00134395621717, -0.00114410324022, 0.00039777677739, 0.00285916845314], [0.000301633757772, -0.00261400872841, -9.86662271316e-05, -0.00093753420515, 0.000349531095708, -0.00172460626345, 0.000877117854543, -0.00300409086049, 0.00896842777729, -0.00732344249263, 0.00487144896761, -0.00308572710492, -0.00180926150642], [-0.000250979908742, 0.00267106713727, 0.000768695317674, -0.000507872842718, 0.000853822741192, 0.0012282243697, -0.00101049675141, 0.00134395621717, -0.00732344249263, 0.013038739562, -0.00693205697462, 0.00456423033029, 0.000421649485361], [1.12386178444e-05, -0.00118241040036, -0.00149233161937, 0.00172231846955, -0.00157571502496, 0.000419556134148, -0.00230798800476, -0.00114410324022, 0.00487144896761, -0.00693205697462, 0.012368648313, -0.00375909358263, 2.38435586652e-05], [-0.000215321677388, 0.00108869641554, 0.00098269036971, -0.00127508235164, 0.00215796520934, -0.0007488100091, -0.000432648550486, 0.00039777677739, -0.00308572710492, 0.00456423033029, -0.00375909358263, 0.0108422283083, -0.00378640042618], [2.78819534287e-05, 0.00104285555426, -0.00147194415331, 0.000816923158709, -0.00291739101522, 0.00168626138475, -8.50416254252e-05, 0.00285916845314, -0.00180926150642, 0.000421649485361, 2.38435586652e-05, -0.00378640042618, 0.0137416301295]]
    },
    "melbands": {
        "dmean": [0.0080771939829, 0.00387957482599, 0.00221358728595, 0.000420663709519, 0.000181601077202, 9.86767554423e-05, 8.93564138096e-05, 0.000150019026478, 0.000136920032674, 0.00017678932636, 5.1826100389e-05, 2.29499855777e-05, 2.9295530112e-05, 2.21756436076e-05, 1.85269673239e-05, 2.14399497054e-05, 1.75039185706e-05, 1.15077009468e-05, 7.15908026905e-06, 8.75858677318e-06, 8.20616241981e-06, 7.29905787011e-06, 5.30175702806e-06, 8.80793049873e-06, 1.50978385136e-05, 1.64290431712e-05, 9.83492554951e-06, 5.98944598096e-06, 3.36653124577e-06, 7.25233894627e-06, 7.69154758018e-06, 4.2512328946e-06, 3.21864922626e-06, 2.24651830649e-06, 2.62860839939e-06, 2.67401583187e-06, 2.18073364522e-06, 1.8241428279e-06, 9.05000320017e-07, 1.03352408587e-06],
        "dmean2": [0.0125600947067, 0.00609614979476, 0.00416393391788, 0.000637585646473, 0.00023465428967, 0.000159742965479, 0.000145449812408, 0.00024093981483, 0.000218141067307, 0.000276641600067, 8.44012465677e-05, 3.68731707567e-05, 4.44743382104e-05, 3.53663308488e-05, 2.92703061859e-05, 3.26661138388e-05, 2.80527219729e-05, 1.85143417184e-05, 1.15375960377e-05, 1.46311440403e-05, 1.28415922518e-05, 1.11967929115e-05, 7.83711766417e-06, 1.25897595353e-05, 2.15955915337e-05, 2.4062632292e-05, 1.45648082253e-05, 8.40853863338e-06, 4.72793271911e-06, 1.1013553376e-05, 1.09736220111e-05, 6.40633970761e-06, 4.67484460387e-06, 3.25880955643e-06, 3.7975489704e-06, 4.20891547037e-06, 3.51148196387e-06, 2.91973128697e-06, 1.37013989843e-06, 1.64153436799e-06],
        "dvar": [0.000238872366026, 8.25986426207e-05, 4.08233318012e-05, 4.91913908718e-07, 1.85046985735e-07, 4.20566657056e-08, 4.32426041641e-08, 1.27827547658e-07, 1.6108823786e-07, 2.23849397685e-07, 2.15963673611e-08, 9.03750496661e-09, 1.9867368195e-08, 8.32150526264e-09, 4.17710355194e-09, 5.15204767737e-09, 5.04843855609e-09, 8.92772744621e-10, 4.48213660631e-10, 8.62587556938e-10, 8.40418068471e-10, 7.69293850844e-10, 3.33622046655e-10, 5.89877757751e-10, 1.11466447184e-09, 9.9289643174e-10, 4.68755645411e-10, 1.99956662339e-10, 5.62028201756e-11, 7.32498117717e-10, 8.87639906022e-10, 2.30376828725e-10, 1.27000451822e-10, 5.67675108309e-11, 3.90942417328e-11, 3.67152870606e-11, 2.30223028141e-11, 1.57599679834e-11, 3.39809820907e-12, 5.13839231581e-12],
        "dvar2": [0.000578350154683, 0.000195879911189, 0.000119251737488, 1.09841892026e-06, 2.14317466884e-07, 1.00909446132e-07, 9.79062591e-08, 3.20011650956e-07, 3.69264284927e-07, 5.04655133682e-07, 5.50973773272e-08, 2.31531451789e-08, 4.13218863571e-08, 1.9551581687e-08, 9.54425782851e-09, 1.09512177104e-08, 1.33325634977e-08, 2.12269712918e-09, 1.06094211194e-09, 2.2749850892e-09, 1.96741933856e-09, 1.8714048089e-09, 7.7637701823e-10, 1.23669585683e-09, 2.36819253097e-09, 2.05459227409e-09, 9.72235625341e-10, 3.62885971272e-10, 9.38960645347e-11, 1.70047598225e-09, 1.80999248922e-09, 5.02325903096e-10, 2.83677054069e-10, 1.18292847739e-10, 6.50961715087e-11, 8.49262327129e-11, 5.77734179941e-11, 3.84962478561e-11, 7.91468886957e-12, 1.25931513481e-11],
        "max": [0.0814142599702, 0.075018659234, 0.0374224707484, 0.00649825390428, 0.00622699502856, 0.00370749505237, 0.00485602719709, 0.00764970853925, 0.00876923650503, 0.00974932406098, 0.00231027021073, 0.00190161855426, 0.00665838550776, 0.00301005900837, 0.00148208299652, 0.00336678908207, 0.00416247360408, 0.000952868838795, 0.000693858368322, 0.000270927615929, 0.000421244854806, 0.000337709061569, 0.000295201520203, 0.000388200744055, 0.000848032650538, 0.000601352774538, 0.000673144124448, 0.000173922424437, 9.46886648308e-05, 0.000296091922792, 0.000333395175403, 0.000159946561325, 0.000124674566905, 8.95356861292e-05, 6.897271669e-05, 6.32526134723e-05, 3.63971957995e-05, 3.26744666381e-05, 1.4539015865e-05, 1.55153484229e-05],
        "mean": [0.0103722605854, 0.00533239962533, 0.00170398235787, 0.000819392560516, 0.000445943151135, 0.000115308612294, 0.000109759901534, 0.000196479144506, 0.000133919413202, 0.000181243769475, 5.34350365342e-05, 2.45716819336e-05, 3.33350581059e-05, 2.17872147914e-05, 2.04324733204e-05, 2.30582118093e-05, 1.72331547219e-05, 1.2023686395e-05, 7.5759403444e-06, 7.84264375397e-06, 8.93749711395e-06, 7.50923345549e-06, 5.86939813729e-06, 1.04286264104e-05, 1.91118051589e-05, 2.070325354e-05, 1.2725162378e-05, 7.57808857088e-06, 4.66877645522e-06, 7.5024167927e-06, 8.35342962091e-06, 5.05081243318e-06, 3.5631803712e-06, 2.43250951826e-06, 2.83255030809e-06, 2.4071828193e-06, 1.83298618595e-06, 1.50127380039e-06, 8.09644461697e-07, 8.34801028304e-07],
        "median": [0.00013621035032, 0.000770163838752, 0.000304276618408, 0.000270607997663, 6.04247688898e-05, 4.03469020966e-05, 5.15303581778e-05, 2.34151266341e-05, 1.90110476979e-05, 1.8704437025e-05, 1.11052577267e-05, 4.18805029767e-06, 3.81730569643e-06, 2.03544641408e-06, 2.56599105342e-06, 1.94386393559e-06, 1.89436866549e-06, 1.68636870512e-06, 1.09464315301e-06, 7.63059802011e-07, 1.02607612007e-06, 6.1514930394e-07, 3.7564620925e-07, 6.60380351292e-07, 1.48346725837e-06, 2.23525512411e-06, 1.59007845468e-06, 1.07875371214e-06, 8.03010721029e-07, 7.38120093047e-07, 4.48236448847e-07, 3.6989962382e-07, 2.77005881344e-07, 2.38658117269e-07, 1.84960072147e-07, 1.87389318285e-07, 1.27341905909e-07, 5.66573987726e-08, 3.35407612795e-08, 2.34662849152e-08],
        "min": [4.95587112006e-24, 8.98250353682e-24, 3.46857564632e-24, 4.30065114079e-24, 1.00994722029e-23, 1.26922749826e-23, 6.9137173906e-24, 7.34677441743e-24, 7.01318801758e-24, 1.35553456109e-23, 1.12397824743e-23, 9.2579540434e-24, 5.08615780945e-24, 9.98251805168e-24, 6.47313305301e-24, 6.38983407458e-24, 8.48134572576e-24, 7.05775234784e-24, 6.75585370169e-24, 6.89993441286e-24, 5.62508154748e-24, 9.28355257977e-24, 8.41409454473e-24, 7.41102871588e-24, 7.08767147539e-24, 1.06488980462e-23, 1.15909431174e-23, 6.39605739826e-24, 8.21768316768e-24, 9.15294561286e-24, 9.35893455015e-24, 6.11550690593e-24, 6.9911085897e-24, 9.2264761267e-24, 9.44541500461e-24, 8.7757785923e-24, 8.69681124911e-24, 6.9450541012e-24, 1.02434038194e-23, 9.27014115552e-24],
        "var": [0.000384967715945, 0.000110831046186, 2.39841683651e-05, 1.40957411077e-06, 1.19872424875e-06, 5.53260974812e-08, 5.26304084758e-08, 1.62327296493e-07, 1.74834426048e-07, 2.76673830513e-07, 2.14007904731e-08, 1.00294705874e-08, 2.95410753637e-08, 1.0000735351e-08, 5.67610447533e-09, 7.38144168011e-09, 4.08613454184e-09, 1.07271003191e-09, 4.96307550613e-10, 7.0834538235e-10, 8.25503776447e-10, 7.34850791329e-10, 3.82670367616e-10, 8.54615544998e-10, 1.91688487305e-09, 1.74640069073e-09, 8.12465206224e-10, 3.31395355602e-10, 1.1196958638e-10, 7.92680421302e-10, 1.13243403543e-09, 3.18515325226e-10, 1.5287815458e-10, 6.86513554338e-11, 6.65955346424e-11, 3.88418429365e-11, 2.11121415489e-11, 1.43108233597e-11, 3.59144701825e-12, 4.53638038592e-12]
    },
    "mfcc": {
        "mean": [-718.090332031, 118.05014801, 26.3207912445, 41.890838623, -3.4602060318, 6.61680269241, 7.79319381714, 3.09843349457, -3.6439268589, 12.6577043533, 0.335125088692, -2.32632446289, -3.90783405304],
        "cov": [[8555.20117188, -1925.51501465, -1076.39404297, -125.23740387, -423.871704102, -216.965194702, -123.525466919, -48.3551445007, -199.106948853, -15.1041297913, 129.10194397, 7.38095426559, -134.285018921], [-1925.51501465, 1924.39746094, -179.378540039, 163.081054688, 34.4500427246, 106.451499939, 269.412994385, 56.1284675598, -39.905670166, 66.4371795654, 20.2515640259, 3.57120323181, 5.36634683609], [-1076.39404297, -179.378540039, 1859.19604492, 282.763641357, 505.801239014, 455.726135254, 44.2440681458, 231.183670044, 267.080871582, -32.0160331726, 42.8247261047, 94.1608963013, 156.177536011], [-125.23740387, 163.081054688, 282.763641357, 764.682189941, 344.919952393, 321.472412109, 189.931930542, 86.6582183838, 108.925994873, 87.6612854004, 17.226852417, -13.6740007401, 40.3733177185], [-423.871704102, 34.4500427246, 505.801239014, 344.919952393, 558.79699707, 354.651153564, 89.4401855469, 127.900344849, 145.635055542, 33.6160163879, -6.46140432358, -11.8831691742, 13.9350738525], [-216.965194702, 106.451499939, 455.726135254, 321.472412109, 354.651153564, 481.129150391, 113.610862732, 129.755493164, 155.024703979, 40.7124099731, 34.4178504944, 17.9055938721, 50.4052734375], [-123.525466919, 269.412994385, 44.2440681458, 189.931930542, 89.4401855469, 113.610862732, 480.748748779, 156.100418091, -4.62321853638, 99.9312896729, 87.8745651245, 64.5776824951, 4.30288648605], [-48.3551445007, 56.1284675598, 231.183670044, 86.6582183838, 127.900344849, 129.755493164, 156.100418091, 331.781097412, 151.079208374, 1.16023802757, 99.5520706177, 101.597015381, 42.8674888611], [-199.106948853, -39.905670166, 267.080871582, 108.925994873, 145.635055542, 155.024703979, -4.62321853638, 151.079208374, 266.08984375, 99.8714370728, 82.5130310059, 77.3067626953, 83.205039978], [-15.1041297913, 66.4371795654, -32.0160331726, 87.6612854004, 33.6160163879, 40.7124099731, 99.9312896729, 1.16023802757, 99.8714370728, 256.482116699, 110.07950592, 49.7505226135, 65.2420196533], [129.10194397, 20.2515640259, 42.8247261047, 17.226852417, -6.46140432358, 34.4178504944, 87.8745651245, 99.5520706177, 82.5130310059, 110.07950592, 195.825119019, 119.539009094, 44.5820655823], [7.38095426559, 3.57120323181, 94.1608963013, -13.6740007401, -11.8831691742, 17.9055938721, 64.5776824951, 101.597015381, 77.3067626953, 49.7505226135, 119.539009094, 188.410705566, 78.7495193481], [-134.285018921, 5.36634683609, 156.177536011, 40.3733177185, 13.9350738525, 50.4052734375, 4.30288648605, 42.8674888611, 83.205039978, 65.2420196533, 44.5820655823, 78.7495193481, 183.384643555]],
