{
"lowlevel": {
    "average_loudness": 0.956851661205,
    "barkbands_crest": {
        "dmean": 2.81095099449,
        "dmean2": 4.37608146667,
        "dvar": 7.82226324081,
        "dvar2": 18.8655776978,
        "max": 26.4494838715,
        "mean": 13.3522825241,
        "median": 13.300909996,
        "min": 2.72557878494,
        "var": 21.4457473755
    },
    "barkbands_flatness_db": {
        "dmean": 0.0344292595983,
        "dmean2": 0.0498819462955,
        "dvar": 0.0012344972929,
        "dvar2": 0.00243835127912,
        "max": 0.818304181099,
        "mean": 0.215153053403,
        "median": 0.202713251114,
        "min": 0.0345467180014,
        "var": 0.00734857842326
    },
    "barkbands_kurtosis": {
        "dmean": 19.0692253113,
        "dmean2": 29.540802002,
        "dvar": 1831.39367676,
        "dvar2": 4561.31298828,
        "max": 1877.37316895,
        "mean": 29.9689159393,
        "median": 8.4028301239,
        "min": -1.96546220779,
        "var": 3210.61987305
    },
    "barkbands_skewness": {
        "dmean": 1.32097184658,
        "dmean2": 1.95202350616,
        "dvar": 2.53174686432,
        "dvar2": 5.36364746094,
        "max": 22.9813213348,
        "mean": 3.62134313583,
        "median": 2.77430510521,
        "min": -5.52630567551,
        "var": 9.40861129761
    },
    "barkbands_spread": {
        "dmean": 6.56932115555,
        "dmean2": 9.96501350403,
        "dvar": 74.7148666382,
        "dvar2": 161.852996826,
        "max": 106.533805847,
        "mean": 16.9039840698,
        "median": 13.196975708,
        "min": 0.0555654726923,
        "var": 218.733322144
    },
    "dissonance": {
        "dmean": 0.0211137142032,
        "dmean2": 0.033757660538,
        "dvar": 0.000620658393018,
        "dvar2": 0.00146669929381,
        "max": 0.500000059605,
        "mean": 0.46004730463,
        "median": 0.472091078758,
        "min": 0.219029083848,
        "var": 0.0014265003847
    },
    "dynamic_complexity": 3.56163358688,
    "erbbands_crest": {
        "dmean": 3.18058109283,
        "dmean2": 5.13294792175,
        "dvar": 9.14014434814,
        "dvar2": 22.2670516968,
        "max": 29.8555335999,
        "mean": 9.85707092285,
        "median": 8.79537391663,
        "min": 2.52437496185,
        "var": 22.313993454
    },
    "erbbands_flatness_db": {
        "dmean": 0.019682077691,
        "dmean2": 0.0296520851552,
        "dvar": 0.000363579689292,
        "dvar2": 0.000777004985139,
        "max": 0.499426692724,
        "mean": 0.163590162992,
        "median": 0.158648371696,
        "min": 0.0604190081358,
        "var": 0.00159312807955
    },
    "erbbands_kurtosis": {
        "dmean": 1.65987110138,
        "dmean2": 2.62134075165,
        "dvar": 22.5930252075,
        "dvar2": 39.3930778503,
        "max": 333.120788574,
        "mean": 0.946026921272,
        "median": -0.342496275902,
        "min": -1.9460593462,
        "var": 49.4792938232
    },
    "erbbands_skewness": {
        "dmean": 0.566435813904,
        "dmean2": 0.851015210152,
        "dvar": 0.408188134432,
        "dvar2": 0.887683689594,
        "max": 14.1938056946,
        "mean": 0.277066648006,
        "median": 0.146455734968,
        "min": -4.09091615677,
        "var": 1.24056732655
    },
    "erbbands_spread": {
        "dmean": 16.0718803406,
        "dmean2": 24.1897449493,
        "dvar": 320.864624023,
        "dvar2": 674.152282715,
        "max": 190.030441284,
        "mean": 56.837474823,
        "median": 51.0274963379,
        "min": 0.643535375595,
        "var": 1005.36254883
    },
    "hfc": {
        "dmean": 7.12104463577,
        "dmean2": 9.94882488251,
        "dvar": 140.034408569,
        "dvar2": 283.58605957,
        "max": 181.759887695,
        "mean": 16.6225738525,
        "median": 11.7924900055,
        "min": 1.17068013358e-16,
        "var": 303.549224854
    },
    "melbands_crest": {
        "dmean": 3.44454240799,
        "dmean2": 5.44778490067,
        "dvar": 11.5080900192,
        "dvar2": 27.6207561493,
        "max": 38.6603088379,
        "mean": 20.9193248749,
        "median": 19.9169368744,
        "min": 2.24972558022,
        "var": 59.1089057922
    },
    "melbands_flatness_db": {
        "dmean": 0.0416903272271,
        "dmean2": 0.0592558570206,
        "dvar": 0.00177636335138,
        "dvar2": 0.00336161395535,
        "max": 0.95068281889,
        "mean": 0.280848622322,
        "median": 0.272777408361,
        "min": 0.00731081794947,
        "var": 0.0112380096689
    },
    "melbands_kurtosis": {
        "dmean": 54.3814315796,
        "dmean2": 81.9778747559,
        "dvar": 11157.1025391,
        "dvar2": 23574.8027344,
        "max": 2939.70043945,
        "mean": 92.8344421387,
        "median": 28.4508113861,
        "min": -1.85214674473,
        "var": 28350.3203125
    },
    "melbands_skewness": {
        "dmean": 2.03044295311,
        "dmean2": 2.94076156616,
        "dvar": 5.70900392532,
        "dvar2": 11.1014089584,
        "max": 45.6615333557,
        "mean": 6.11850643158,
        "median": 4.65705680847,
        "min": -3.40075778961,
        "var": 23.6816310883
    },
    "melbands_spread": {
        "dmean": 6.95672178268,
        "dmean2": 10.5499706268,
        "dvar": 158.360778809,
        "dvar2": 344.654052734,
        "max": 259.636260986,
        "mean": 15.7040252686,
        "median": 9.19408607483,
        "min": 0.0457073114812,
        "var": 394.534454346
    },
    "pitch_salience": {
        "dmean": 0.0897691845894,
        "dmean2": 0.140867263079,
        "dvar": 0.0079354615882,
        "dvar2": 0.0183905661106,
        "max": 0.926212668419,
        "mean": 0.429559797049,
        "median": 0.426785290241,
        "min": 0.0179241746664,
        "var": 0.0271737966686
    },
    "silence_rate_20dB": {
        "dmean": 0.0158332493156,
        "dmean2": 0.0316696725786,
        "dvar": 0.0155817661434,
        "dvar2": 0.0432966798544,
        "max": 1,
        "mean": 0.990480959415,
        "median": 1,
        "min": 0,
        "var": 0.00942912325263
    },
    "silence_rate_30dB": {
        "dmean": 0.0757590904832,
        "dmean2": 0.151533380151,
        "dvar": 0.0700183734298,
        "dvar2": 0.149006336927,
        "max": 1,
        "mean": 0.827855706215,
        "median": 1,
        "min": 0,
        "var": 0.142523825169
    },
    "silence_rate_60dB": {
        "dmean": 0.0280589237809,
        "dmean2": 0.0561234727502,
        "dvar": 0.0272752922028,
        "dvar2": 0.0611876398325,
        "max": 1,
        "mean": 0.0864729434252,
        "median": 0,
        "min": 0,
        "var": 0.0790081992745
    },
    "spectral_centroid": {
        "dmean": 338.97756958,
        "dmean2": 513.792236328,
        "dvar": 152498.53125,
        "dvar2": 318372.09375,
        "max": 10796.3828125,
        "mean": 1203.03759766,
        "median": 1096.1965332,
        "min": 47.006855011,
        "var": 521277.9375
    },
    "spectral_complexity": {
        "dmean": 3.61218547821,
        "dmean2": 4.99538993835,
        "dvar": 27.4211597443,
        "dvar2": 42.7646331787,
        "max": 62,
        "mean": 12.5408821106,
        "median": 10,
        "min": 0,
        "var": 116.04535675
    },
    "spectral_decrease": {
        "dmean": 6.00990102129e-09,
        "dmean2": 9.05476849056e-09,
        "dvar": 1.7270819153e-16,
        "dvar2": 4.0641273437e-16,
        "max": -2.88247886153e-29,
        "mean": -1.45892578018e-08,
        "median": -8.47676773219e-09,
        "min": -1.35542151725e-07,
        "var": 3.28776209054e-16
    },
    "spectral_energy": {
        "dmean": 0.0231556817889,
        "dmean2": 0.0348275899887,
        "dvar": 0.00250795157626,
        "dvar2": 0.00590164866298,
        "max": 0.516322493553,
        "mean": 0.0565709285438,
        "median": 0.0334692001343,
        "min": 1.07799316417e-20,
        "var": 0.00475844554603
    },
    "spectral_energyband_high": {
        "dmean": 0.000452330190456,
        "dmean2": 0.000621105253231,
        "dvar": 8.45394311e-07,
        "dvar2": 1.46035074522e-06,
        "max": 0.0192466191947,
        "mean": 0.000803227594588,
        "median": 0.000305980967823,
        "min": 8.08737150612e-21,
        "var": 1.9406913907e-06
    },
    "spectral_energyband_low": {
        "dmean": 0.0195513349026,
        "dmean2": 0.0294886995107,
        "dvar": 0.00237672193907,
        "dvar2": 0.00558406859636,
        "max": 0.501731097698,
        "mean": 0.0451231710613,
        "median": 0.0215906202793,
        "min": 1.12788164163e-22,
        "var": 0.004565784242
    },
    "spectral_energyband_middle_high": {
        "dmean": 0.00158258271404,
        "dmean2": 0.00233524665236,
        "dvar": 7.94461720943e-06,
        "dvar2": 1.76828525582e-05,
        "max": 0.0653731748462,
        "mean": 0.00340316141956,
        "median": 0.00126347120386,
        "min": 1.50552940034e-21,
        "var": 2.3846005206e-05
    },
    "spectral_energyband_middle_low": {
        "dmean": 0.00637413235381,
        "dmean2": 0.0104503333569,
        "dvar": 0.000206919154152,
        "dvar2": 0.000548554002307,
        "max": 0.248524323106,
        "mean": 0.00948991719633,
        "median": 0.00579851865768,
        "min": 2.73041420039e-22,
        "var": 0.000191159066162
    },
    "spectral_entropy": {
        "dmean": 0.243370935321,
        "dmean2": 0.361494421959,
        "dvar": 0.0751837193966,
        "dvar2": 0.164844706655,
        "max": 9.81160068512,
        "mean": 7.45501804352,
        "median": 7.52777767181,
        "min": 3.17639946938,
        "var": 0.279042959213
    },
    "spectral_flux": {
        "dmean": 0.0412081331015,
        "dmean2": 0.0617444068193,
        "dvar": 0.00371346762404,
        "dvar2": 0.00733109656721,
        "max": 0.671336591244,
        "mean": 0.0989296138287,
        "median": 0.0744122564793,
        "min": 1.04212680152e-10,
        "var": 0.00756745133549
    },
    "spectral_kurtosis": {
        "dmean": 1.4367197752,
        "dmean2": 2.32336711884,
        "dvar": 4.59683561325,
        "dvar2": 9.91169452667,
        "max": 126.517242432,
        "mean": 2.96332812309,
        "median": 2.26643252373,
        "min": -1.28324902058,
        "var": 14.8937625885
    },
    "spectral_rms": {
        "dmean": 0.00132796424441,
        "dmean2": 0.00189788488206,
        "dvar": 4.29435294791e-06,
        "dvar2": 9.1139900178e-06,
        "max": 0.022443914786,
        "mean": 0.00635544210672,
        "median": 0.00571426935494,
        "min": 3.24299354731e-12,
        "var": 1.47995569932e-05
    },
    "spectral_rolloff": {
        "dmean": 453.606964111,
        "dmean2": 761.093383789,
        "dvar": 1022196,
        "dvar2": 2269155,
        "max": 18798.4863281,
        "mean": 929.690551758,
        "median": 344.53125,
        "min": 21.533203125,
        "var": 2011450
    },
    "spectral_skewness": {
        "dmean": 0.263154029846,
        "dmean2": 0.401229470968,
        "dvar": 0.0769046619534,
        "dvar2": 0.161074057221,
        "max": 9.58985519409,
        "mean": 1.25130069256,
        "median": 1.19995701313,
        "min": -0.179924815893,
        "var": 0.300554633141
    },
    "spectral_spread": {
        "dmean": 617025.75,
        "dmean2": 883641.0625,
        "dvar": 733309173760,
        "dvar2": 1.12914137088e+12,
        "max": 47961132,
        "mean": 5028128.5,
        "median": 4831542.5,
        "min": 581130.25,
        "var": 2.45050638336e+12
    },
    "spectral_strongpeak": {
        "dmean": 0.28399503231,
        "dmean2": 0.476548224688,
        "dvar": 0.276749372482,
        "dvar2": 0.705884873867,
        "max": 7.44063138962,
        "mean": 0.6409522295,
        "median": 0.506016373634,
        "min": 0,
        "var": 0.35238301754
    },
    "zerocrossingrate": {
        "dmean": 0.0112255755812,
        "dmean2": 0.0127716520801,
        "dvar": 0.000243168746238,
        "dvar2": 0.000272887642495,
        "max": 0.49365234375,
        "mean": 0.0423534587026,
        "median": 0.03271484375,
        "min": 0.00146484375,
        "var": 0.00147466629278
    },
    "barkbands": {
        "dmean": [0.000862515589688, 0.013876109384, 0.00681942561641, 0.00246678502299, 0.00305813737214, 0.000732315762434, 0.000742555479519, 0.000582666019909, 0.000477702327771, 0.000186104720342, 0.000235953993979, 0.000361378421076, 0.000397276948206, 0.000269408192253, 0.000203814226552, 0.000201051530894, 0.000203735049581, 0.000168937753187, 0.000119892996736, 0.000117090690765, 0.000131390872411, 0.000135427093483, 9.34053095989e-05, 6.81726887706e-05, 2.65440794465e-05, 4.31387525168e-06, 7.52482023358e-08],
        "dmean2": [0.00117543688975, 0.0209881737828, 0.0116620371118, 0.00430539064109, 0.00514532579109, 0.00113961216994, 0.00117485504597, 0.000920081045479, 0.000733634573407, 0.000289288698696, 0.000387521082303, 0.000568134069908, 0.000638814351987, 0.000426978804171, 0.000320977444062, 0.000303780747345, 0.000313679483952, 0.000261269538896, 0.000178528294782, 0.000177035457455, 0.000195146902115, 0.000194310312509, 0.00013317221601, 9.77916934062e-05, 3.8610836782e-05, 6.29527175988e-06, 1.21068509884e-07],
        "dvar": [5.56068880542e-06, 0.00162791542243, 0.000434970919741, 5.67926654185e-05, 7.42600750527e-05, 3.67960683434e-06, 4.31301168646e-06, 3.88868784285e-06, 2.42490182245e-06, 3.36473732432e-07, 6.37344214738e-07, 9.21399646359e-07, 1.23170855204e-06, 7.25966742721e-07, 2.74703580772e-07, 2.44438638219e-07, 2.18163364707e-07, 2.28671183322e-07, 7.21100619216e-08, 7.52270707949e-08, 7.9545337428e-08, 1.08338170435e-07, 4.94730869605e-08, 2.64761261803e-08, 8.18708123518e-09, 5.4621934753e-10, 1.07671175849e-13],
        "dvar2": [7.81038124842e-06, 0.00366958766244, 0.00121714186389, 0.000160571144079, 0.000190642807866, 8.67770086188e-06, 9.65907474892e-06, 9.18748082768e-06, 5.49571723241e-06, 7.70011752138e-07, 1.71717442754e-06, 2.18178456635e-06, 2.96110670206e-06, 1.80053143595e-06, 6.42644977233e-07, 5.46303738247e-07, 5.24968243099e-07, 5.15894157616e-07, 1.57875049922e-07, 1.60986971309e-07, 1.65185113588e-07, 2.04589298392e-07, 9.36598425483e-08, 5.48987664217e-08, 1.6679388537e-08, 1.2891979706e-09, 2.54898559942e-13],
        "max": [0.0381167121232, 0.44772028923, 0.311435103416, 0.169680342078, 0.107477888465, 0.0654927194118, 0.0370945110917, 0.068573333323, 0.0573512651026, 0.0131440116093, 0.021771799773, 0.0224898848683, 0.0245959665626, 0.0394649505615, 0.00987285003066, 0.00905283167958, 0.0101791014895, 0.0229263287038, 0.00592732569203, 0.00556889269501, 0.00883255433291, 0.00847494415939, 0.00692566949874, 0.00498072011396, 0.00308332382701, 0.00119264912792, 1.08640633698e-05],
        "mean": [0.00516404211521, 0.0274634696543, 0.010294505395, 0.00329680391587, 0.00310354586691, 0.00097524235025, 0.000815853010863, 0.000628962938208, 0.000588696042541, 0.000243100643274, 0.000339078746038, 0.000556781771593, 0.000533140497282, 0.000374654191546, 0.000281811750028, 0.000270536489552, 0.000286005000817, 0.000254990765825, 0.000204215422855, 0.000180467919563, 0.000212156679481, 0.000207334320294, 0.000139312833198, 0.000108304288005, 4.13306952396e-05, 6.33708305031e-06, 8.1297727661e-08],
        "median": [7.13697081665e-05, 0.00310336682014, 0.00633681938052, 0.00126827438362, 0.000930278445594, 0.000238956286921, 0.000137839771924, 6.24998137937e-05, 6.18991616648e-05, 3.90136556234e-05, 2.17043889279e-05, 4.14851856476e-05, 4.19763091486e-05, 4.48847495136e-05, 3.57333119609e-05, 5.2316026995e-05, 7.13676636224e-05, 6.48689165246e-05, 7.17677321518e-05, 6.43859384581e-05, 6.98054354871e-05, 5.44319264009e-05, 3.459193249e-05, 3.80614364985e-05, 1.21357425087e-05, 1.10138068976e-06, 9.1392164947e-09],
        "min": [1.59605304461e-23, 5.52621171697e-23, 1.69668440153e-23, 1.41137818235e-23, 1.77277571564e-23, 3.85981436771e-23, 2.1674089055e-23, 3.66032059557e-23, 2.33205238058e-23, 2.6126255921e-23, 3.23858892921e-23, 5.19226954085e-23, 7.0055082989e-23, 2.55606158307e-23, 4.03683380821e-23, 1.12004983056e-22, 1.25885792166e-22, 2.29944270091e-22, 2.07587219974e-22, 3.40332492189e-22, 4.74435640145e-22, 4.93488057267e-22, 6.35331760861e-22, 9.18537420162e-22, 9.7489435005e-22, 1.43840417831e-21, 2.51494268801e-21],
        "var": [8.65661568241e-05, 0.00307951751165, 0.000317679456202, 4.22406483267e-05, 6.19374332018e-05, 5.67672259422e-06, 5.27352040081e-06, 4.27893246524e-06, 3.49882429873e-06, 4.66073373673e-07, 1.17269985367e-06, 2.19805042434e-06, 1.9186541067e-06, 1.02842898286e-06, 4.60169843564e-07, 3.5170899082e-07, 3.06315911303e-07, 3.25898412257e-07, 1.32089382987e-07, 1.18994400111e-07, 1.4563963191e-07, 2.05261216024e-07, 9.30962613666e-08, 5.0847901889e-08, 1.95255243085e-08, 1.11230924471e-09, 1.38196881239e-13]
    },
    "erbbands": {
        "dmean": [0.51739346981, 2.96154403687, 6.87980318069, 8.79664611816, 9.92411708832, 9.33364677429, 6.54504156113, 6.19667291641, 9.25182914734, 12.5504922867, 11.4079008102, 11.682387352, 6.93283557892, 6.20339107513, 10.4203710556, 14.803937912, 17.4438438416, 13.4817152023, 11.3281574249, 9.08131504059, 11.9940137863, 11.1924381256, 8.48817634583, 7.37713098526, 5.77248859406, 5.76150083542, 4.64368867874, 5.73893499374, 5.15072965622, 3.96497774124, 2.35296750069, 1.68342483044, 0.987249195576, 0.417531400919, 0.133160322905, 0.0354581922293, 0.00503829168156, 0.000469579390483, 2.06648946914e-05, 2.61306122411e-05],
        "dmean2": [0.734119951725, 4.70291423798, 11.6844110489, 14.9897794724, 17.2777748108, 15.4640522003, 10.3590526581, 9.82798862457, 14.7040424347, 19.4590568542, 18.1145172119, 17.8055896759, 10.5538721085, 9.59625244141, 16.8839225769, 23.1068401337, 27.7359371185, 20.8827533722, 17.8351249695, 13.6343240738, 18.3452606201, 17.1375102997, 12.7933235168, 11.1513309479, 8.6889591217, 8.6810503006, 6.92965078354, 8.50066184998, 7.38354444504, 5.63441514969, 3.33817768097, 2.42500972748, 1.42641282082, 0.599990844727, 0.1939637959, 0.0525313764811, 0.00742619717494, 0.000656652962789, 2.90330808639e-05, 3.89317683585e-05],
        "dvar": [2.22042989731, 80.6716842651, 424.597167969, 742.292419434, 846.093994141, 611.700866699, 255.162963867, 392.047271729, 738.238708496, 1392.02160645, 1574.10546875, 1683.8717041, 524.292358398, 345.10748291, 1079.39526367, 1638.43225098, 2429.20703125, 1654.61877441, 879.457641602, 492.767211914, 1025.38977051, 683.28692627, 450.173706055, 399.644470215, 185.964660645, 210.857971191, 123.40562439, 138.046096802, 157.337249756, 106.251502991, 36.3155708313, 18.1768455505, 6.17610931396, 1.57535457611, 0.298014730215, 0.0442790053785, 0.000777535198722, 5.21674201082e-06, 2.87335555349e-09, 2.96067237393e-09],
        "dvar2": [4.60584163666, 196.509521484, 1186.83569336, 2054.91650391, 2295.72851562, 1548.22595215, 618.021057129, 952.179382324, 1702.79052734, 3014.95581055, 3947.74536133, 3818.24169922, 1203.02368164, 823.590637207, 2879.60131836, 3853.22827148, 5826.15136719, 3929.45068359, 2087.45019531, 1062.49523926, 2477.97583008, 1653.59802246, 927.527587891, 899.845581055, 407.327667236, 471.429656982, 257.92779541, 279.928405762, 308.616424561, 196.054962158, 71.8583602905, 38.8262443542, 12.6848688126, 2.99570202827, 0.664752662182, 0.114594310522, 0.00172614492476, 8.57001941768e-06, 5.17627274377e-09, 6.94577861893e-09],
        "max": [19.0015621185, 103.693634033, 315.438354492, 552.485412598, 450.318847656, 318.15914917, 270.813049316, 781.209899902, 624.350769043, 1004.52471924, 1625.40148926, 1507.53552246, 679.622924805, 539.108520508, 1115.79333496, 1151.0859375, 1173.05566406, 1704.49182129, 626.544372559, 423.820983887, 622.293579102, 590.155151367, 998.679870605, 677.249572754, 452.414886475, 317.82232666, 354.794433594, 279.563446045, 272.587799072, 432.44821167, 235.932800293, 159.341445923, 70.0340194702, 46.4592857361, 20.3300380707, 9.39393138885, 1.56074440479, 0.143022760749, 0.00241872365586, 0.000560491287615],
        "mean": [1.42466294765, 3.75811934471, 9.53353691101, 14.5167226791, 9.88340187073, 9.77769756317, 8.35706233978, 8.12352657318, 10.4247741699, 14.3740262985, 12.6155939102, 14.4320344925, 9.13171577454, 9.3222284317, 17.1830806732, 23.2372455597, 24.7284469604, 20.3216457367, 16.7007961273, 14.0408849716, 16.0073680878, 16.2919902802, 14.4139204025, 11.4501218796, 9.78636169434, 8.5452003479, 7.26989841461, 9.14189434052, 7.8876619339, 5.94824123383, 3.45286035538, 2.60686063766, 1.55163002014, 0.648806393147, 0.199202388525, 0.0504402332008, 0.00770604005083, 0.000723333097994, 4.71452367492e-05, 6.50925430818e-05],
        "median": [0.0668632537127, 0.663186788559, 5.46904850006, 7.31418800354, 3.63732814789, 2.68124341965, 2.68668222427, 1.8840457201, 2.32738399506, 2.2971162796, 2.18562984467, 1.68605852127, 1.58160257339, 1.32519578934, 1.33502674103, 1.91943264008, 2.12777805328, 2.53257036209, 2.26413655281, 2.53119063377, 3.33816313744, 4.51420116425, 4.24828529358, 3.77844905853, 3.75734138489, 3.03695249557, 2.38769578934, 2.98503255844, 2.04401350021, 1.34179210663, 0.914696156979, 0.846195399761, 0.536320388317, 0.201761081815, 0.0502698346972, 0.00982061773539, 0.00122969620861, 0.000107555330032, 2.73543810181e-05, 4.05748251069e-05],
        "min": [1.61241896752e-21, 6.08835344267e-21, 1.4487719462e-20, 4.69877814386e-20, 2.69189952199e-20, 9.73036077495e-20, 3.64914507702e-20, 3.84936744008e-19, 3.36829056956e-19, 5.60085905615e-19, 9.85489850303e-19, 6.37181775343e-19, 6.32074710542e-19, 1.13820414179e-18, 2.11440392663e-18, 2.11838080422e-18, 3.66984014074e-18, 2.51028967267e-18, 3.40987216347e-18, 3.84700444357e-18, 4.5809055528e-18, 8.78263978462e-18, 1.22449680202e-17, 1.28263477779e-17, 1.16303463553e-17, 1.71660524271e-17, 1.7494304164e-17, 1.81425623013e-17, 1.79178421443e-17, 1.90308814873e-17, 1.67989016948e-17, 1.64522997832e-17, 1.652399649e-17, 1.08941167327e-17, 7.45027846528e-18, 5.33915637773e-18, 2.94729890965e-18, 1.26247872304e-18, 3.37379287159e-19, 3.55156975336e-20],
        "var": [7.79176712036, 85.4288330078, 309.203491211, 621.032958984, 613.972961426, 554.446411133, 310.650238037, 582.971923828, 836.665283203, 1773.74694824, 1538.4050293, 2423.81933594, 672.045532227, 581.905029297, 2435.05810547, 3602.44604492, 3927.00634766, 2753.74633789, 1537.87988281, 915.849304199, 1250.05944824, 964.50994873, 819.586364746, 561.860351562, 302.102844238, 295.614257812, 202.8074646, 267.791168213, 284.744506836, 201.931900024, 62.8289642334, 31.3029689789, 12.4038333893, 3.9014081955, 0.629121243954, 0.0712459012866, 0.00173862185329, 1.51431113409e-05, 8.27715940233e-09, 5.65206681458e-09]
    },
    "gfcc": {
        "mean": [-44.284034729, 94.5335083008, -102.359779358, 68.6359100342, -53.3925476074, 21.8991298676, -36.7229156494, 3.61985874176, -19.3756542206, -5.40176773071, -10.6395130157, -9.32110118866, -9.20558261871],
        "cov": [[8917.71289062, -66.1073608398, -792.089050293, -22.1467323303, -353.525054932, 503.042633057, 83.7434768677, -7.77709054947, 16.3162212372, 1.27044200897, -58.7855262756, -117.359054565, -61.3645858765], [-66.1073608398, 1250.91418457, -3.73411393166, -278.09085083, 140.045944214, -207.994003296, 223.576004028, -28.8321418762, 168.451843262, -55.936340332, 113.693183899, -87.0745315552, 87.7376708984], [-792.089050293, -3.73411393166, 1312.66992188, 622.902587891, 157.733001709, 78.6176147461, 178.242202759, 87.8820495605, 164.10710144, 66.5003814697, 104.469932556, 27.699508667, 111.568717957], [-22.1467323303, -278.09085083, 622.902587891, 848.335205078, 197.889648438, 71.0777206421, 104.479980469, -1.34801626205, 107.128105164, 23.071975708, 73.8455429077, 13.0222835541, 112.484977722], [-353.525054932, 140.045944214, 157.733001709, 197.889648438, 566.91204834, 76.1558532715, 89.5743103027, 22.1620388031, 68.7755050659, 48.1308097839, 103.86517334, 58.6631546021, 63.0879478455], [503.042633057, -207.994003296, 78.6176147461, 71.0777206421, 76.1558532715, 475.044342041, 237.610610962, 23.3070335388, -2.09078884125, 48.6654434204, 38.9624519348, 44.267665863, 46.4342842102], [83.7434768677, 223.576004028, 178.242202759, 104.479980469, 89.5743103027, 237.610610962, 515.411865234, 72.7450180054, 63.2372245789, 8.14479827881, 81.9368209839, 42.7108192444, 86.0726470947], [-7.77709054947, -28.8321418762, 87.8820495605, -1.34801626205, 22.1620388031, 23.3070335388, 72.7450180054, 210.517410278, 103.304122925, 56.1470527649, 40.0881652832, 29.2100887299, 13.5962944031], [16.3162212372, 168.451843262, 164.10710144, 107.128105164, 68.7755050659, -2.09078884125, 63.2372245789, 103.304122925, 281.979858398, 102.515914917, 77.9305343628, -13.050447464, 65.0335693359], [1.27044200897, -55.936340332, 66.5003814697, 23.071975708, 48.1308097839, 48.6654434204, 8.14479827881, 56.1470527649, 102.515914917, 180.165588379, 70.0260009766, 19.7541217804, 20.692943573], [-58.7855262756, 113.693183899, 104.469932556, 73.8455429077, 103.86517334, 38.9624519348, 81.9368209839, 40.0881652832, 77.9305343628, 70.0260009766, 178.741149902, 53.7371711731, 55.7317237854], [-117.359054565, -87.0745315552, 27.699508667, 13.0222835541, 58.6631546021, 44.267665863, 42.7108192444, 29.2100887299, -13.050447464, 19.7541217804, 53.7371711731, 144.043014526, 46.7400169373], [-61.3645858765, 87.7376708984, 111.568717957, 112.484977722, 63.0879478455, 46.4342842102, 86.0726470947, 13.5962944031, 65.0335693359, 20.692943573, 55.7317237854, 46.7400169373, 167.643203735]],
        "icov": [[0.000151202213601, -0.000177321999217, 0.000176119050593, -0.000241397123318, 0.000177748413989, -0.00033652849379, 0.000150687235873, -0.000140698306495, 2.78149491351e-05, -6.60758305457e-05, 7.55213332013e-05, -4.23163473897e-05, 0.000137335649924], [-0.000177321999217, 0.00305236899294, -0.000678211392369, 0.00237369956449, -0.00120048015378, 0.00231626816094, -0.00208159978501, 0.00185756420251, -0.00185608374886, 0.00185840041377, -0.002019014908, 0.00248563918285, -0.00160660664551], [0.000176119050593, -0.000678211392369, 0.00153971579857, -0.00150485662743, 0.000420963624492, -0.000653274531942, 0.000293480843538, -0.000780496629886, 0.00017712614499, -0.000499411311466, 0.00029523592093, -0.000470139086246, 0.000365449028322], [-0.000241397123318, 0.00237369956449, -0.00150485662743, 0.00395910395309, -0.00142344809137, 0.00180059683044, -0.00155039189849, 0.00196470529772, -0.00168224505614, 0.00171231047716, -0.00160880153999, 0.00209314702079, -0.00191953545436], [0.000177748413989, -0.00120048015378, 0.000420963624492, -0.00142344809137, 0.00270531768911, -0.00121688714717, 0.000784826523159, -0.000623550731689, 0.000449304498034, -0.000739468552638, -4.82841169287e-05, -0.00142271514051, 0.000664588646032], [-0.00033652849379, 0.00231626816094, -0.000653274531942, 0.00180059683044, -0.00121688714717, 0.00505249667913, -0.00307129556313, 0.0015686666593, -0.00056041352218, 7.85028678365e-05, -0.00104880915023, 0.00142145832069, -0.00144060398452], [0.000150687235873, -0.00208159978501, 0.000293480843538, -0.00155039189849, 0.000784826523159, -0.00307129556313, 0.00448643742129, -0.00203964975663, 0.000944240833633, -8.02602517069e-05, 0.000429137056926, -0.00151494075544, 0.00033017640817], [-0.000140698306495, 0.00185756420251, -0.000780496629886, 0.00196470529772, -0.000623550731689, 0.0015686666593, -0.00203964975663, 0.00777704967186, -0.00355991744436, 0.000434848538134, -0.00093930051662, -0.000288481940515, 0.000114128582936], [2.78149491351e-05, -0.00185608374886, 0.00017712614499, -0.00168224505614, 0.000449304498034, -0.00056041352218, 0.000944240833633, -0.00355991744436, 0.00781406927854, -0.00381102832034, 0.000140886477311, 0.000984753249213, -0.00109976832755], [-6.60758305457e-05, 0.00185840041377, -0.000499411311466, 0.00171231047716, -0.000739468552638, 7.85028678365e-05, -8.02602517069e-05, 0.000434848538134, -0.00381102832034, 0.00962307024747, -0.0035674222745, 0.0010043149814, -0.00035434027086], [7.55213332013e-05, -0.002019014908, 0.00029523592093, -0.00160880153999, -4.82841169287e-05, -0.00104880915023, 0.000429137056926, -0.00093930051662, 0.000140886477311, -0.0035674222745, 0.0101290903986, -0.0040307729505, 0.000273978715995], [-4.23163473897e-05, 0.00248563918285, -0.000470139086246, 0.00209314702079, -0.00142271514051, 0.00142145832069, -0.00151494075544, -0.000288481940515, 0.000984753249213, 0.0010043149814, -0.0040307729505, 0.0116784404963, -0.003887061961], [0.000137335649924, -0.00160660664551, 0.000365449028322, -0.00191953545436, 0.000664588646032, -0.00144060398452, 0.00033017640817, 0.000114128582936, -0.00109976832755, -0.00035434027086, 0.000273978715995, -0.003887061961, 0.00933407898992]]
    },
    "melbands": {
        "dmean": [0.00411080056801, 0.00351713434793, 0.00146084092557, 0.000759328482673, 0.000242632231675, 0.000137732582516, 0.000145982718095, 0.00013816304272, 9.02323954506e-05, 7.24916244508e-05, 3.41397026205e-05, 2.50634984695e-05, 3.39054859069e-05, 4.10775137425e-05, 4.0949711547e-05, 3.70163106709e-05, 2.58282943832e-05, 2.03259023692e-05, 1.48538383655e-05, 1.17050931294e-05, 1.58283182827e-05, 1.28248157125e-05, 8.74746910995e-06, 7.70037331677e-06, 6.15112685409e-06, 4.83116855321e-06, 4.18908666688e-06, 3.85757130061e-06, 2.90794923785e-06, 3.36957941727e-06, 3.56637610821e-06, 3.03486012854e-06, 2.77764593193e-06, 2.13437260754e-06, 1.43872932767e-06, 1.173244641e-06, 1.03495369785e-06, 7.83099949331e-07, 5.11949224347e-07, 3.17363998192e-07],
        "dmean2": [0.00608851155266, 0.0056860037148, 0.00248471437953, 0.00128471001517, 0.000387162930565, 0.000217536449782, 0.000230426230701, 0.000213283361518, 0.000143224693602, 0.000110506472993, 5.23977505509e-05, 3.87887739635e-05, 5.52487035748e-05, 6.44988540444e-05, 6.63201863063e-05, 5.94696466578e-05, 4.08569030697e-05, 3.24392531184e-05, 2.30803907471e-05, 1.75551176653e-05, 2.49262157013e-05, 2.00689901249e-05, 1.33362700581e-05, 1.18366297102e-05, 9.46697309701e-06, 7.31618956706e-06, 6.46979196972e-06, 5.85443467571e-06, 4.34837102148e-06, 5.23847893419e-06, 5.33370894118e-06, 4.47701177109e-06, 4.01868328481e-06, 3.09497431772e-06, 2.08076744457e-06, 1.71667693394e-06, 1.5127069446e-06, 1.16411285944e-06, 7.37868390388e-07, 4.67116734626e-07],
        "dvar": [0.000142761695315, 9.74672293523e-05, 1.84882774192e-05, 4.83644453197e-06, 3.2110440884e-07, 1.69905007397e-07, 1.6554029969e-07, 1.63048866852e-07, 8.8127862341e-08, 6.25463769666e-08, 1.32307622636e-08, 5.60070168021e-09, 1.22745555942e-08, 1.2669899796e-08, 1.22093153365e-08, 1.18176721742e-08, 7.33160332445e-09, 3.21591886454e-09, 1.50164936041e-09, 7.71780472864e-10, 2.01372496456e-09, 9.38233823966e-10, 3.77169101506e-10, 5.50148537837e-10, 2.82269235763e-10, 1.33498975763e-10, 9.41595273973e-11, 1.04402590739e-10, 5.15782867805e-11, 5.9552751619e-11, 5.3749404233e-11, 5.11621821297e-11, 5.88073825747e-11, 2.86776366543e-11, 1.33621924289e-11, 1.18753461925e-11, 6.19878931171e-12, 3.68305906606e-12, 2.08312360417e-12, 1.07023721482e-12],
        "dvar2": [0.000311070209136, 0.000259974098299, 5.09393139509e-05, 1.25384658531e-05, 7.89499551956e-07, 4.07460078122e-07, 3.75184100676e-07, 3.52491070998e-07, 2.18983501554e-07, 1.39487653428e-07, 3.04759204539e-08, 1.31140813764e-08, 3.25477493845e-08, 2.98814484267e-08, 3.05921759036e-08, 2.84246155502e-08, 1.78752834756e-08, 7.79041275933e-09, 3.49118134402e-09, 1.61275981458e-09, 5.1353654662e-09, 2.33084818113e-09, 7.98282218106e-10, 1.21992504987e-09, 6.49269027431e-10, 3.00679731113e-10, 2.12089526497e-10, 2.38361330673e-10, 1.07082939738e-10, 1.36217426228e-10, 1.12079227843e-10, 1.07315815956e-10, 1.12624666537e-10, 5.40894135037e-11, 2.60080290637e-11, 2.71157801074e-11, 1.3264867503e-11, 8.01164082992e-12, 4.02065880589e-12, 2.09846267966e-12],
        "max": [0.144215881824, 0.131318062544, 0.0832553356886, 0.0291025489569, 0.00828918721527, 0.0156683139503, 0.00882157403976, 0.0113889500499, 0.0109504666179, 0.00831556785852, 0.00328286713921, 0.00201888522133, 0.00322843226604, 0.00312392157502, 0.00251572369598, 0.00258209998719, 0.00393756385893, 0.00144449598156, 0.000888398732059, 0.000529471435584, 0.000796601118054, 0.00055985263316, 0.000529366196133, 0.00128359894734, 0.000479246518807, 0.000269591168035, 0.000295034318697, 0.000248508731602, 0.000230638775975, 0.000280783802737, 0.000134070942295, 0.000174713204615, 0.000258605083218, 0.000224919145694, 0.000120510754641, 0.00015649375564, 8.25821553008e-05, 5.19663844898e-05, 5.6120352383e-05, 4.18222043663e-05],
        "mean": [0.00977068394423, 0.00496302731335, 0.00235816300847, 0.000733807974029, 0.000307057081955, 0.000180744580575, 0.000165074307006, 0.000157379399752, 9.82181736617e-05, 8.91099043656e-05, 4.35823276348e-05, 3.54161456926e-05, 5.22254522366e-05, 6.45460386295e-05, 5.64116089663e-05, 5.04313720739e-05, 3.64006700693e-05, 2.78050883935e-05, 2.05520518648e-05, 1.70591556525e-05, 1.93885625777e-05, 1.74101351149e-05, 1.40689553518e-05, 1.15053280751e-05, 9.06890454644e-06, 7.9055180322e-06, 6.50667061564e-06, 5.34556193088e-06, 4.28500788985e-06, 5.01118393004e-06, 5.33007869308e-06, 4.53686516266e-06, 3.84534587283e-06, 3.1230906643e-06, 1.99997725758e-06, 1.68477629359e-06, 1.56167050136e-06, 1.18337595723e-06, 7.61713579323e-07, 4.71551913961e-07],
        "median": [0.000759499729611, 0.0027195122093, 0.00135058281012, 0.000201340779313, 0.000105026410893, 4.17516785092e-05, 3.46736051142e-05, 2.21281843551e-05, 1.37428087328e-05, 8.90934097697e-06, 6.64830031383e-06, 4.97272685607e-06, 3.77463538825e-06, 4.57199985249e-06, 4.70500799565e-06, 3.9386741264e-06, 4.1000521378e-06, 3.42052817359e-06, 2.85868122774e-06, 3.30252260028e-06, 3.68416181118e-06, 3.9354558794e-06, 3.98587962991e-06, 2.75068032352e-06, 2.8539188861e-06, 2.28175622397e-06, 2.31205922319e-06, 1.68154178937e-06, 1.15794432531e-06, 1.65596441093e-06, 1.59492140028e-06, 1.14149202091e-06, 7.8314849361e-07, 6.66144217121e-07, 5.22653067492e-07, 4.32878152878e-07, 5.2417800589e-07, 4.00775661547e-07, 2.34619946582e-07, 1.31135720949e-07],
        "min": [1.67407265032e-23, 7.67736945673e-24, 6.8746766644e-24, 4.2666891011e-24, 1.86967982311e-24, 8.92011962757e-24, 5.0188170927e-24, 7.18635718577e-24, 9.00455693228e-24, 3.57447154538e-24, 3.29418492702e-24, 4.29144907833e-24, 5.74999057208e-24, 5.51742648861e-24, 4.7699417323e-24, 9.66137987691e-24, 3.42529834263e-24, 5.00951247833e-24, 3.26480360539e-24, 7.74523042724e-24, 3.87073378036e-24, 7.0746079388e-24, 1.23661882834e-23, 1.17790659329e-23, 9.43749799657e-24, 7.17361944874e-24, 1.22748050584e-23, 1.03957470597e-23, 8.86134554583e-24, 1.36607658269e-23, 8.90201290322e-24, 9.83616778768e-24, 9.44966854261e-24, 1.06207585888e-23, 9.79280015942e-24, 9.21151932393e-24, 1.06281762479e-23, 1.17243316079e-23, 8.89044425804e-24, 9.7816843204e-24],
        "var": [0.000363483239198, 8.30198914628e-05, 1.49902307385e-05, 3.87575437344e-06, 3.76434655891e-07, 2.54545199141e-07, 1.97771313992e-07, 2.10267998568e-07, 8.93011815606e-08, 9.0992095636e-08, 1.66885474329e-08, 9.01750940585e-09, 2.59624854948e-08, 3.09673460208e-08, 2.0796676381e-08, 1.78245329607e-08, 1.06667989996e-08, 4.96280527784e-09, 2.47283149513e-09, 1.34356448189e-09, 2.12031459057e-09, 1.22594367991e-09, 6.90099255518e-10, 7.86279930054e-10, 3.75657505103e-10, 2.48481124565e-10, 1.43230816096e-10, 1.3686669853e-10, 8.32655472349e-11, 8.85075276957e-11, 9.90274667823e-11, 8.8563295586e-11, 1.01663552576e-10, 5.38099738379e-11, 2.30536909007e-11, 1.66374969357e-11, 1.07237291963e-11, 6.74190998168e-12, 4.72798232856e-12, 2.47849787569e-12]
    },
    "mfcc": {
        "mean": [-683.45526123, 103.77406311, 20.4543781281, 42.6827735901, 16.4084453583, 16.7255687714, 3.09101748466, 6.55660963058, -1.14872360229, -0.0158390905708, 0.199230998755, 2.60184597969, -4.61881732941],
        "cov": [[8975.68652344, -223.957366943, -696.051086426, -512.102661133, -382.026641846, 248.911743164, -24.2856082916, 63.2949638367, 12.7452764511, 30.92137146, -1.50819420815, 94.1362380981, -100.595726013], [-223.957366943, 1386.0267334, -232.629623413, -153.496414185, -87.1549987793, -158.125640869, 15.3686523438, -14.2625684738, 54.8227043152, 3.09182476997, 41.5131416321, 85.6815490723, 27.2059440613], [-696.051086426, -232.629623413, 1147.48986816, 454.817565918, 69.9781265259, 147.464080811, 76.7209625244, 91.1454391479, 137.410705566, 97.5543060303, 57.3199729919, 63.8983726501, 60.5371704102], [-512.102661133, -153.496414185, 454.817565918, 755.281982422, 254.572433472, 93.9931716919, 38.6952629089, 50.6624526978, 59.2955284119, 79.9482574463, 17.3918590546, -11.6678962708, 56.570110321], [-382.026641846, -87.1549987793, 69.9781265259, 254.572433472, 505.05456543, 64.3820800781, -19.1148986816, -29.0783519745, -3.03298830986, 57.8248329163, 23.9455699921, 15.7893438339, 55.1045455933], [248.911743164, -158.125640869, 147.464080811, 93.9931716919, 64.3820800781, 441.621551514, 229.745193481, 110.255851746, 79.9258117676, 47.0472221375, 28.9706478119, 47.5057907104, 11.8186883926], [-24.2856082916, 15.3686523438, 76.7209625244, 38.6952629089, -19.1148986816, 229.745193481, 355.988037109, 161.313415527, 54.7246780396, 18.948184967, 36.5525054932, 41.9584884644, 20.00740242], [63.2949638367, -14.2625684738, 91.1454391479, 50.6624526978, -29.0783519745, 110.255851746, 161.313415527, 247.919906616, 81.1792907715, 31.3973274231, 42.3699150085, 16.728105545, 22.038766861], [12.7452764511, 54.8227043152, 137.410705566, 59.2955284119, -3.03298830986, 79.9258117676, 54.7246780396, 81.1792907715, 204.075973511, 92.6272583008, 35.9161872864, 51.2394676208, 28.9572601318], [30.92137146, 3.09182476997, 97.5543060303, 79.9482574463, 57.8248329163, 47.0472221375, 18.948184967, 31.3973274231, 92.6272583008, 192.848800659, 92.2567520142, 34.002117157, 28.9042797089], [-1.50819420815, 41.5131416321, 57.3199729919, 17.3918590546, 23.9455699921, 28.9706478119, 36.5525054932, 42.3699150085, 35.9161872864, 92.2567520142, 178.270797729, 73.3135147095, 16.8990859985], [94.1362380981, 85.6815490723, 63.8983726501, -11.6678962708, 15.7893438339, 47.5057907104, 41.9584884644, 16.728105545, 51.2394676208, 34.002117157, 73.3135147095, 161.805633545, 61.4394302368], [-100.595726013, 27.2059440613, 60.5371704102, 56.570110321, 55.1045455933, 11.8186883926, 20.00740242, 22.038766861, 28.9572601318, 28.9042797089, 16.8990859985, 61.4394302368, 138.166870117]],
