{
"lowlevel": {
    "average_loudness": 0.920015156269,
    "barkbands_crest": {
        "dmean": 3.6245033741,
        "dmean2": 5.88018655777,
        "dvar": 9.92106246948,
        "dvar2": 24.0672645569,
        "max": 25.7439289093,
        "mean": 11.2627191544,
        "median": 10.1267166138,
        "min": 2.36671924591,
        "var": 24.4443817139
    },
    "barkbands_flatness_db": {
        "dmean": 0.0349069647491,
        "dmean2": 0.0541029796004,
        "dvar": 0.00104343472049,
        "dvar2": 0.00249856384471,
        "max": 0.462307155132,
        "mean": 0.147156521678,
        "median": 0.142035424709,
        "min": 0.0196888558567,
        "var": 0.00376926921308
    },
    "barkbands_kurtosis": {
        "dmean": 9.3338766098,
        "dmean2": 15.0676336288,
        "dvar": 757.756286621,
        "dvar2": 1915.11096191,
        "max": 1415.25500488,
        "mean": 11.7213935852,
        "median": 4.54189586639,
        "min": -1.94867348671,
        "var": 956.94543457
    },
    "barkbands_skewness": {
        "dmean": 0.995370864868,
        "dmean2": 1.52767467499,
        "dvar": 1.40001606941,
        "dvar2": 3.20664405823,
        "max": 28.547662735,
        "mean": 2.24326848984,
        "median": 1.86221694946,
        "min": -4.32795333862,
        "var": 3.79717755318
    },
    "barkbands_spread": {
        "dmean": 8.11071872711,
        "dmean2": 12.9008703232,
        "dvar": 117.747314453,
        "dvar2": 258.775543213,
        "max": 121.261398315,
        "mean": 19.1823692322,
        "median": 14.9042186737,
        "min": 0.148635327816,
        "var": 255.79447937
    },
    "dissonance": {
        "dmean": 0.0293900389224,
        "dmean2": 0.0476781763136,
        "dvar": 0.000985253485851,
        "dvar2": 0.00236213253811,
        "max": 0.500000178814,
        "mean": 0.444637030363,
        "median": 0.458150565624,
        "min": 0.103751167655,
        "var": 0.00230614794418
    },
    "dynamic_complexity": 4.44350194931,
    "erbbands_crest": {
        "dmean": 3.26823878288,
        "dmean2": 5.30402231216,
        "dvar": 11.0441799164,
        "dvar2": 26.3440608978,
        "max": 31.7162590027,
        "mean": 9.23025989532,
        "median": 7.80478048325,
        "min": 2.42256760597,
        "var": 25.6228256226
    },
    "erbbands_flatness_db": {
        "dmean": 0.0250171720982,
        "dmean2": 0.0361510291696,
        "dvar": 0.000571107841097,
        "dvar2": 0.00113811425399,
        "max": 0.38349661231,
        "mean": 0.146002396941,
        "median": 0.136962249875,
        "min": 0.0431390143931,
        "var": 0.00259960303083
    },
    "erbbands_kurtosis": {
        "dmean": 2.02417731285,
        "dmean2": 3.23241066933,
        "dvar": 12.0169591904,
        "dvar2": 29.0698833466,
        "max": 87.620803833,
        "mean": 1.79046273232,
        "median": 0.155195236206,
        "min": -1.86851584911,
        "var": 21.5443248749
    },
    "erbbands_skewness": {
        "dmean": 0.570836484432,
        "dmean2": 0.876938521862,
        "dvar": 0.352466493845,
        "dvar2": 0.765605509281,
        "max": 7.25301647186,
        "mean": 0.717155337334,
        "median": 0.614134192467,
        "min": -5.18140745163,
        "var": 1.08164978027
    },
    "erbbands_spread": {
        "dmean": 12.8154716492,
        "dmean2": 19.6543235779,
        "dvar": 213.291519165,
        "dvar2": 494.919128418,
        "max": 198.597396851,
        "mean": 41.5999069214,
        "median": 39.0024223328,
        "min": 1.60004889965,
        "var": 544.573059082
    },
    "hfc": {
        "dmean": 7.75557374954,
        "dmean2": 11.351436615,
        "dvar": 172.769805908,
        "dvar2": 393.496124268,
        "max": 344.345916748,
        "mean": 14.277510643,
        "median": 7.92180776596,
        "min": 1.07217860597e-16,
        "var": 343.707885742
    },
    "melbands_crest": {
        "dmean": 4.3472943306,
        "dmean2": 7.21909666061,
        "dvar": 13.0963764191,
        "dvar2": 32.0842933655,
        "max": 35.7361221313,
        "mean": 15.4188241959,
        "median": 14.4233083725,
        "min": 1.73750567436,
        "var": 35.6004829407
    },
    "melbands_flatness_db": {
        "dmean": 0.0436540022492,
        "dmean2": 0.0667799562216,
        "dvar": 0.00164239981677,
        "dvar2": 0.00379241351038,
        "max": 0.597211837769,
        "mean": 0.231273114681,
        "median": 0.225303694606,
        "min": 0.00369676738046,
        "var": 0.00645046774298
    },
    "melbands_kurtosis": {
        "dmean": 17.8819217682,
        "dmean2": 28.5140151978,
        "dvar": 1343.41333008,
        "dvar2": 3244.50073242,
        "max": 823.266723633,
        "mean": 25.6533737183,
        "median": 11.383934021,
        "min": -1.9322706461,
        "var": 2221.19189453
    },
    "melbands_skewness": {
        "dmean": 1.24883794785,
        "dmean2": 1.90834879875,
        "dvar": 1.91095197201,
        "dvar2": 4.2912902832,
        "max": 25.6662101746,
        "mean": 3.20592880249,
        "median": 2.6946606636,
        "min": -1.30537354946,
        "var": 5.68798780441
    },
    "melbands_spread": {
        "dmean": 8.71292495728,
        "dmean2": 13.7180204391,
        "dvar": 264.926513672,
        "dvar2": 542.260009766,
        "max": 286.533752441,
        "mean": 18.497756958,
        "median": 13.1476449966,
        "min": 0.230294838548,
        "var": 526.42401123
    },
    "pitch_salience": {
        "dmean": 0.10550391674,
        "dmean2": 0.167017370462,
        "dvar": 0.00813224818558,
        "dvar2": 0.0197670664638,
        "max": 0.91620862484,
        "mean": 0.555422246456,
        "median": 0.573599159718,
        "min": 0.0602201074362,
        "var": 0.0216023623943
    },
    "silence_rate_20dB": {
        "dmean": 0,
        "dmean2": 0,
        "dvar": 0,
        "dvar2": 0,
        "max": 1,
        "mean": 1,
        "median": 1,
        "min": 1,
        "var": 0
    },
    "silence_rate_30dB": {
        "dmean": 0.0292583648115,
        "dmean2": 0.0585204511881,
        "dvar": 0.0284011587501,
        "dvar2": 0.0731559544802,
        "max": 1,
        "mean": 0.978630006313,
        "median": 1,
        "min": 0,
        "var": 0.0209140833467
    },
    "silence_rate_60dB": {
        "dmean": 0.0511385314167,
        "dmean2": 0.10228356719,
        "dvar": 0.0485281608999,
        "dvar2": 0.105056121945,
        "max": 1,
        "mean": 0.129110217094,
        "median": 0,
        "min": 0,
        "var": 0.112444661558
    },
    "spectral_centroid": {
        "dmean": 321.989685059,
        "dmean2": 493.437988281,
        "dvar": 181558.8125,
        "dvar2": 361676.40625,
        "max": 11787.0576172,
        "mean": 1109.41748047,
        "median": 917.214294434,
        "min": 128.684280396,
        "var": 668547.5
    },
    "spectral_complexity": {
        "dmean": 3.5288131237,
        "dmean2": 5.04140949249,
        "dvar": 18.925239563,
        "dvar2": 30.7525234222,
        "max": 54,
        "mean": 12.4303884506,
        "median": 11,
        "min": 0,
        "var": 76.1721496582
    },
    "spectral_decrease": {
        "dmean": 4.1208232382e-09,
        "dmean2": 6.64358834612e-09,
        "dvar": 4.49319380219e-17,
        "dvar2": 1.12192822586e-16,
        "max": 1.14198798461e-28,
        "mean": -6.78641853824e-09,
        "median": -3.49757733886e-09,
        "min": -6.80424321331e-08,
        "var": 6.84078366581e-17
    },
    "spectral_energy": {
        "dmean": 0.0160768479109,
        "dmean2": 0.0258207563311,
        "dvar": 0.000674051931128,
        "dvar2": 0.00167758122552,
        "max": 0.264721751213,
        "mean": 0.0269085746258,
        "median": 0.0141734993085,
        "min": 9.84302277438e-21,
        "var": 0.00103995704558
    },
    "spectral_energyband_high": {
        "dmean": 0.000395752053009,
        "dmean2": 0.000574616657104,
        "dvar": 9.71089320956e-07,
        "dvar2": 1.87261423434e-06,
        "max": 0.0428504981101,
        "mean": 0.000587277521845,
        "median": 0.00016321837029,
        "min": 6.9827283436e-21,
        "var": 2.13824068851e-06
    },
    "spectral_energyband_low": {
        "dmean": 0.00892201624811,
        "dmean2": 0.0149463862181,
        "dvar": 0.000297993188724,
        "dvar2": 0.000725833931938,
        "max": 0.183812141418,
        "mean": 0.0121372416615,
        "median": 0.00344274286181,
        "min": 1.66471975765e-23,
        "var": 0.000422038690886
    },
    "spectral_energyband_middle_high": {
        "dmean": 0.00166257319506,
        "dmean2": 0.00245735165663,
        "dvar": 1.38892419272e-05,
        "dvar2": 3.27040943375e-05,
        "max": 0.0825172737241,
        "mean": 0.00278255180456,
        "median": 0.00113273633178,
        "min": 1.22685404931e-21,
        "var": 2.448577834e-05
    },
    "spectral_energyband_middle_low": {
        "dmean": 0.01048081927,
        "dmean2": 0.0175270102918,
        "dvar": 0.000402122415835,
        "dvar2": 0.00109348190017,
        "max": 0.203615754843,
        "mean": 0.0131944809109,
        "median": 0.00553021207452,
        "min": 2.15087457026e-22,
        "var": 0.000388319836929
    },
    "spectral_entropy": {
        "dmean": 0.288166731596,
        "dmean2": 0.426879763603,
        "dvar": 0.0811945870519,
        "dvar2": 0.184762269258,
        "max": 9.82292938232,
        "mean": 7.44378757477,
        "median": 7.44061660767,
        "min": 4.92525005341,
        "var": 0.296833842993
    },
    "spectral_flux": {
        "dmean": 0.0396123379469,
        "dmean2": 0.0613357685506,
        "dvar": 0.00247049308382,
        "dvar2": 0.00456197652966,
        "max": 0.515908896923,
        "mean": 0.0990361496806,
        "median": 0.0762039870024,
        "min": 6.46728365306e-11,
        "var": 0.00585272954777
    },
    "spectral_kurtosis": {
        "dmean": 1.9832726717,
        "dmean2": 3.02091526985,
        "dvar": 5.95131063461,
        "dvar2": 14.5504045486,
        "max": 56.9688873291,
        "mean": 5.26102638245,
        "median": 4.49228429794,
        "min": -1.4420363903,
        "var": 15.132393837
    },
    "spectral_rms": {
        "dmean": 0.00132010586094,
        "dmean2": 0.00202793022618,
        "dvar": 2.67954283117e-06,
        "dvar2": 6.21688150204e-06,
        "max": 0.0160706285387,
        "mean": 0.00435883039609,
        "median": 0.00371857569553,
        "min": 3.09886252943e-12,
        "var": 7.25305199012e-06
    },
    "spectral_rolloff": {
        "dmean": 626.527160645,
        "dmean2": 1050.3614502,
        "dvar": 1685081.375,
        "dvar2": 3597463.75,
        "max": 19466.015625,
        "mean": 1215.73815918,
        "median": 645.99609375,
        "min": 43.06640625,
        "var": 3369427.5
    },
    "spectral_skewness": {
        "dmean": 0.307067930698,
        "dmean2": 0.454742372036,
        "dvar": 0.0981541797519,
        "dvar2": 0.218205273151,
        "max": 5.43432283401,
        "mean": 1.8017718792,
        "median": 1.7306073904,
        "min": -0.558210015297,
        "var": 0.379990667105
    },
    "spectral_spread": {
        "dmean": 898981.125,
        "dmean2": 1302439.5,
        "dvar": 1.11315792691e+12,
        "dvar2": 2.19967546982e+12,
        "max": 42744368,
        "mean": 5391857,
        "median": 5046997.5,
        "min": 1211512,
        "var": 5.67590728499e+12
    },
    "spectral_strongpeak": {
        "dmean": 0.444137871265,
        "dmean2": 0.714870750904,
        "dvar": 0.499664932489,
        "dvar2": 1.17208707333,
        "max": 14.3657274246,
        "mean": 0.68342512846,
        "median": 0.368993073702,
        "min": 0,
        "var": 0.841053843498
    },
    "zerocrossingrate": {
        "dmean": 0.0154900876805,
        "dmean2": 0.0187702067196,
        "dvar": 0.000400060700485,
        "dvar2": 0.000483425392304,
        "max": 0.521484375,
        "mean": 0.0569983497262,
        "median": 0.0458984375,
        "min": 0.001953125,
        "var": 0.00219544954598
    },
    "barkbands": {
        "dmean": [0.000179341484909, 0.00616893963888, 0.00359552586451, 0.00399611331522, 0.00362283480354, 0.00162715208717, 0.00153186987154, 0.00138423987664, 0.00108916172758, 0.000595922465436, 0.00039357523201, 0.000351763155777, 0.000239768676693, 0.000198439694941, 0.000154797147843, 0.000131373162731, 0.000125654376461, 7.70005281083e-05, 7.33458728064e-05, 5.56806335226e-05, 6.16814359091e-05, 6.87945866957e-05, 7.05929269316e-05, 8.47011760925e-05, 5.66038906982e-05, 7.67974925111e-05, 1.30161561174e-06],
        "dmean2": [0.000257439736743, 0.0101001607254, 0.00628095166758, 0.00713390484452, 0.00635731453076, 0.00274483091198, 0.00246565206908, 0.00218626507558, 0.00168557954021, 0.000923131825402, 0.000652199378237, 0.000570466334466, 0.000390256143874, 0.000322069274262, 0.000243501941441, 0.000209512378206, 0.000196393099031, 0.000120727359899, 0.000116070346849, 8.5010935436e-05, 9.59266835707e-05, 0.000104286358692, 0.000105339822767, 0.000126100814668, 8.4530118329e-05, 0.000127093691844, 2.09537620321e-06],
        "dvar": [1.24444781591e-07, 0.000169720922713, 8.17512409412e-05, 0.000115611604997, 7.68202080508e-05, 1.33760086101e-05, 1.72826985363e-05, 1.98769266717e-05, 1.21548064271e-05, 4.35240417573e-06, 1.71947715444e-06, 1.12937266294e-06, 5.66243272715e-07, 2.71297494692e-07, 1.81901654628e-07, 1.2226587387e-07, 8.54745465517e-08, 3.08344851874e-08, 3.17781072567e-08, 1.67430620479e-08, 2.79495822042e-08, 3.77027618015e-08, 4.4095330054e-08, 1.36216485203e-07, 4.01909794334e-08, 4.27177546669e-08, 1.51813735194e-11],
        "dvar2": [2.32611057527e-07, 0.000431877386291, 0.000224301998969, 0.000324467255268, 0.00021046542679, 3.38436511811e-05, 4.00303797505e-05, 4.71454950457e-05, 2.82500677713e-05, 9.49845525611e-06, 4.433038157e-06, 2.79310552287e-06, 1.43076522363e-06, 6.67060476189e-07, 4.1403296791e-07, 3.15019036634e-07, 2.09702420761e-07, 7.36365208809e-08, 7.62928706877e-08, 3.59783278725e-08, 6.61156320803e-08, 7.92813565909e-08, 8.6093137952e-08, 2.61275516777e-07, 7.76401449798e-08, 1.15260121447e-07, 3.72963465667e-11],
        "max": [0.00399803323671, 0.163360029459, 0.10584127903, 0.114508762956, 0.0975945144892, 0.10142121464, 0.0882725566626, 0.132989108562, 0.088209412992, 0.0690365880728, 0.0457602776587, 0.0260412469506, 0.0264408364892, 0.0125119844452, 0.0179035197943, 0.0087890252471, 0.00580873526633, 0.00450235093012, 0.00836522225291, 0.00644201645628, 0.00686119217426, 0.0117466012016, 0.0133344931528, 0.0286574326456, 0.00787639990449, 0.0021858192049, 0.000190529637621],
        "mean": [0.000255058665061, 0.00714035518467, 0.00307439267635, 0.00317269540392, 0.00317145581357, 0.00193750928156, 0.00173532636836, 0.00155315897427, 0.00138168339618, 0.000722130644135, 0.000418857496697, 0.000394659640733, 0.000276172329905, 0.000234078223002, 0.000209807316423, 0.000178435075213, 0.000181541021448, 0.000122119046864, 0.000110878645501, 9.24970081542e-05, 8.53099772939e-05, 9.69587636064e-05, 9.59480312304e-05, 0.000114143142127, 7.28182931198e-05, 7.90635385783e-05, 1.52350037297e-06],
        "median": [4.1067982238e-05, 0.00136323936749, 0.000574692210648, 0.000628581445199, 0.000942834245507, 0.000779692432843, 0.000353894400178, 0.000202644951059, 0.000238816384808, 0.000104197897599, 8.51748554851e-05, 6.85663326294e-05, 5.96197278355e-05, 5.77885766688e-05, 6.63634782541e-05, 5.19827954122e-05, 5.99359591433e-05, 5.55408478249e-05, 4.71592720714e-05, 3.22575615428e-05, 1.993233127e-05, 2.8028844099e-05, 2.18822842726e-05, 1.75788354682e-05, 1.56013611559e-05, 1.8836790332e-05, 3.75697311483e-07],
        "min": [5.71969072053e-25, 2.3078796314e-24, 5.15954622971e-25, 4.66529183904e-24, 1.39594238324e-23, 1.60627415759e-23, 4.98609435349e-24, 8.88268107787e-24, 1.40012145277e-23, 2.51946159251e-23, 1.97631019111e-23, 3.17026978828e-23, 3.99811619944e-23, 3.91894706562e-23, 8.49793783718e-23, 7.7315064563e-23, 7.20145188142e-23, 1.20941729505e-22, 1.66350506963e-22, 2.03944474884e-22, 2.43605725382e-22, 2.58452213836e-22, 4.50486025011e-22, 6.17632953322e-22, 9.07388051402e-22, 1.44610770166e-21, 2.00014473353e-21],
        "var": [2.5532247605e-07, 0.000200039925403, 5.98966471443e-05, 7.45384095353e-05, 5.5232867453e-05, 1.6906980818e-05, 2.19308531086e-05, 2.4830482289e-05, 1.70085295395e-05, 7.20432672097e-06, 1.68733015471e-06, 1.29450063469e-06, 6.21998935912e-07, 3.13165827492e-07, 2.58127982988e-07, 1.57325047212e-07, 1.29952297812e-07, 4.76325325849e-08, 4.45740013788e-08, 3.4116492742e-08, 4.17868335489e-08, 6.7457811781e-08, 8.75560886016e-08, 3.25437184756e-07, 7.24739308566e-08, 3.70996744437e-08, 1.67974054804e-11]
    },
    "erbbands": {
        "dmean": [0.18339791894, 1.43124258518, 3.51175832748, 9.71092128754, 14.2256937027, 10.6075048447, 8.25017738342, 15.9200353622, 19.9650821686, 26.5032272339, 28.7491168976, 24.0148429871, 19.2926177979, 16.508392334, 14.6015348434, 13.6837730408, 10.5239877701, 9.6390914917, 9.17136955261, 6.80400705338, 7.07860994339, 6.89432239532, 4.46618080139, 3.74512290955, 3.44453215599, 2.52833819389, 2.41764187813, 2.56508111954, 2.51654028893, 2.1610789299, 2.04165363312, 2.0773665905, 1.20663428307, 0.666158378124, 0.43933865428, 0.585340678692, 0.0570697337389, 0.00574096525088, 0.000156523266924, 2.29307461268e-05],
        "dmean2": [0.288644254208, 2.3796441555, 5.92101669312, 17.2289295197, 25.1212730408, 18.6771430969, 14.4838933945, 26.6395149231, 32.7132415771, 41.7670326233, 44.9424171448, 37.0679969788, 29.5745372772, 25.7121620178, 24.0332794189, 22.0238513947, 16.9490871429, 15.3963108063, 14.641251564, 10.5320711136, 11.1121454239, 10.6752691269, 6.99655151367, 5.91955852509, 5.34314870834, 3.89318656921, 3.75412464142, 3.96094369888, 3.81821870804, 3.25297999382, 3.05961918831, 3.12430429459, 1.80499792099, 0.999260544777, 0.661523580551, 0.998074352741, 0.0892647430301, 0.0085894651711, 0.000237387270317, 3.55506708729e-05],
        "dvar": [0.120642088354, 10.6089725494, 67.7894058228, 690.144714355, 1252.69067383, 683.448303223, 295.628265381, 1541.42578125, 2831.99438477, 5863.87841797, 7760.87890625, 6469.80859375, 4560.28710938, 3432.18920898, 2028.97241211, 1633.13720703, 1007.75549316, 608.635009766, 674.298828125, 382.319915771, 346.430786133, 253.09211731, 115.205810547, 76.8746871948, 71.2529754639, 35.9741706848, 46.9855270386, 46.7025375366, 45.6048240662, 45.5027427673, 39.2317581177, 92.1842269897, 25.0795936584, 7.74557685852, 1.69120204449, 2.78830265999, 0.0187213085592, 0.00020345399389, 2.12675288935e-07, 1.37442246473e-09],
        "dvar2": [0.280997097492, 27.4152946472, 175.335342407, 1929.35144043, 3449.11767578, 1895.9630127, 811.561218262, 3791.63476562, 6736.12744141, 13618.9511719, 18718.75, 15187.6542969, 10195.1757812, 7619.26757812, 5308.5625, 4064.02978516, 2562.88964844, 1479.82385254, 1597.1998291, 912.822143555, 879.619262695, 616.69317627, 275.069122314, 190.935760498, 157.069168091, 80.1045074463, 114.923065186, 103.875495911, 92.9652786255, 101.552963257, 76.1799545288, 185.214187622, 47.9960327148, 15.0042095184, 3.5510263443, 7.64912366867, 0.0457154773176, 0.000447165773949, 5.17104069786e-07, 3.27513682841e-09],
        "max": [3.34983801842, 42.6730155945, 95.0571365356, 267.058685303, 354.48538208, 457.594146729, 316.344573975, 1147.33728027, 1416.51672363, 1780.2154541, 2903.90356445, 2312.30395508, 2005.06811523, 2533.37988281, 1462.56896973, 967.125427246, 946.710388184, 681.345092773, 974.31036377, 597.749938965, 583.451965332, 413.998168945, 264.244781494, 307.232788086, 590.338378906, 291.154876709, 201.084609985, 339.21484375, 394.055725098, 347.555999756, 389.34173584, 884.83581543, 216.370056152, 103.605819702, 51.1310081482, 17.9727039337, 3.19167876244, 0.485568493605, 0.0268928073347, 0.000406841660151],
        "mean": [0.215948924422, 1.55741202831, 3.4212937355, 7.92022800446, 11.6490306854, 9.81551265717, 8.83283233643, 18.8414306641, 22.9655723572, 30.9068393707, 34.7014122009, 30.6516933441, 24.784368515, 20.3916931152, 16.181055069, 15.9718036652, 12.9530115128, 12.3261785507, 12.0036621094, 9.639960289, 10.3118000031, 10.3985090256, 7.13506937027, 6.01053524017, 5.63485431671, 4.10759544373, 3.25213932991, 3.64667487144, 3.53044986725, 2.92366194725, 2.79039144516, 2.70757889748, 1.63354957104, 0.849751353264, 0.550057172775, 0.576234459877, 0.0658474937081, 0.00783660728484, 0.000213780789636, 3.99375167035e-05],
        "median": [0.0269959811121, 0.330511242151, 0.823182880878, 1.76089382172, 2.67855191231, 2.68817615509, 3.71926522255, 6.48498535156, 5.90348911285, 5.11414909363, 5.9358496666, 5.90437173843, 3.77515983582, 3.71266436577, 3.01612973213, 3.11410546303, 3.16247439384, 3.6984102726, 3.6831510067, 3.02456045151, 3.15668463707, 3.71363115311, 3.32792115211, 2.62042474747, 2.51077485085, 1.47306013107, 0.812519013882, 0.963744819164, 1.04759216309, 0.682862222195, 0.613634765148, 0.4260430336, 0.258711516857, 0.128225371242, 0.144085347652, 0.126891434193, 0.0167966987938, 0.00221889885142, 6.67507702019e-05, 2.26437878155e-05],
        "min": [6.75002591287e-23, 9.12639618355e-22, 2.39395439678e-21, 1.47745378771e-20, 1.60253706726e-20, 5.01736611055e-20, 3.41280051208e-20, 1.03705623799e-19, 1.19327175236e-19, 7.96900115267e-20, 3.67767240377e-19, 3.71175327898e-19, 5.82150017876e-19, 8.94290913023e-19, 1.29352157066e-18, 1.37524680839e-18, 2.14085488787e-18, 2.15333952486e-18, 3.72618230739e-18, 2.94482770757e-18, 5.0286530417e-18, 4.98125021593e-18, 6.24461433242e-18, 7.75436494771e-18, 7.60845359638e-18, 9.59836477287e-18, 9.22458253357e-18, 1.08469004361e-17, 8.74860791986e-18, 1.14291884381e-17, 1.09568666539e-17, 9.82846739413e-18, 9.57401423e-18, 9.12709350812e-18, 6.73761687264e-18, 4.41080454523e-18, 2.32048377534e-18, 1.06688917887e-18, 2.39772388468e-19, 2.90053757537e-20],
        "var": [0.179397433996, 10.9195394516, 59.5715751648, 450.782165527, 858.346923828, 499.870666504, 259.404266357, 1992.08349609, 3476.07226562, 7948.55957031, 9580.24707031, 8577.09765625, 7357.49365234, 5686.67236328, 2070.89819336, 1914.65161133, 1149.41955566, 760.419555664, 837.040283203, 500.306060791, 483.274902344, 400.957702637, 169.547317505, 106.683265686, 123.857620239, 66.550453186, 64.1050949097, 75.3225021362, 80.880859375, 77.736907959, 82.8648529053, 224.421508789, 51.2164993286, 13.6541929245, 2.78457331657, 2.24078845978, 0.0232127476484, 0.000310789677314, 2.52509266829e-07, 2.28407581737e-09]
    },
    "gfcc": {
        "mean": [-37.2452812195, 88.4299163818, -93.4945373535, 27.174955368, -57.5722618103, 14.1872339249, -40.9825744629, 13.99036026, -22.9839725494, 8.25276851654, -19.9713497162, 6.09651231766, -16.3160114288],
        "cov": [[11863.6533203, -375.694396973, -92.1026611328, 256.163330078, -277.172424316, 385.748626709, -223.814605713, 140.542694092, -225.866592407, 58.3914794922, -300.316619873, 29.1471233368, -187.982955933], [-375.694396973, 1263.91320801, -41.4564971924, -275.292907715, 145.787567139, -194.464447021, 96.4625473022, -66.8508377075, 60.2168884277, -83.6234130859, 10.0543069839, -81.4401168823, -3.19097828865], [-92.1026611328, -41.4564971924, 1233.20544434, 291.576934814, 123.355926514, 242.602218628, -0.656639456749, 44.2908935547, 31.0069961548, 73.667678833, -100.375350952, 77.9420547485, -22.0117053986], [256.163330078, -275.292907715, 291.576934814, 552.528076172, 150.135574341, 76.1137084961, -55.5046691895, 1.3517459631, -4.00073337555, 35.1362075806, 38.1642837524, 10.7994375229, 12.731010437], [-277.172424316, 145.787567139, 123.355926514, 150.135574341, 348.724121094, 85.1844406128, 47.1175575256, 25.8810844421, 20.412530899, 37.4430198669, 10.7683897018, 24.7980670929, -0.982514262199], [385.748626709, -194.464447021, 242.602218628, 76.1137084961, 85.1844406128, 311.809539795, 120.289855957, 48.0664978027, -10.3858366013, 34.653137207, -43.7499198914, 31.393945694, -8.66203689575], [-223.814605713, 96.4625473022, -0.656639456749, -55.5046691895, 47.1175575256, 120.289855957, 282.952697754, 67.0400543213, -1.13755571842, 5.52580738068, 10.8691282272, 22.2444515228, 13.7194690704], [140.542694092, -66.8508377075, 44.2908935547, 1.3517459631, 25.8810844421, 48.0664978027, 67.0400543213, 157.234054565, 62.2638626099, 43.8031349182, 18.1017093658, 26.5892314911, 6.01177787781], [-225.866592407, 60.2168884277, 31.0069961548, -4.00073337555, 20.412530899, -10.3858366013, -1.13755571842, 62.2638626099, 150.880447388, 50.9514732361, 30.6175136566, -6.41174936295, 19.2507553101], [58.3914794922, -83.6234130859, 73.667678833, 35.1362075806, 37.4430198669, 34.653137207, 5.52580738068, 43.8031349182, 50.9514732361, 122.999259949, 34.5639839172, 27.328584671, 1.31333172321], [-300.316619873, 10.0543069839, -100.375350952, 38.1642837524, 10.7683897018, -43.7499198914, 10.8691282272, 18.1017093658, 30.6175136566, 34.5639839172, 144.192901611, 14.4567136765, 29.4446411133], [29.1471233368, -81.4401168823, 77.9420547485, 10.7994375229, 24.7980670929, 31.393945694, 22.2444515228, 26.5892314911, -6.41174936295, 27.328584671, 14.4567136765, 118.337310791, 20.978887558], [-187.982955933, -3.19097828865, -22.0117053986, 12.731010437, -0.982514262199, -8.66203689575, 13.7194690704, 6.01177787781, 19.2507553101, 1.31333172321, 29.4446411133, 20.978887558, 72.077911377]],
        "icov": [[0.000141171185533, -0.000230612524319, 0.000194907057448, -0.000288414070383, 0.000374692579499, -0.000453574088169, 0.000363832194125, -0.00041691516526, 0.000342766434187, -0.00030892319046, 0.000360829522833, -0.000220807967708, 0.000215503401705], [-0.000230612524319, 0.00220116553828, -0.000915993819945, 0.00168469874188, -0.00214858935215, 0.00241449661553, -0.00179975689389, 0.00179354625288, -0.00155618437566, 0.00172077317256, -0.00109718972817, 0.00145741458982, -0.000219150490011], [0.000194907057448, -0.000915993819945, 0.00171188311651, -0.00140755611937, 0.00106914958451, -0.00182793661952, 0.00103889626916, -0.000848228286486, 0.000270685268333, -0.00116014655214, 0.00167219818104, -0.00144833396189, 0.000594361627009], [-0.000288414070383, 0.00168469874188, -0.00140755611937, 0.00407050503418, -0.00277121993713, 0.00153044785839, -0.000558132422157, 0.00139575486537, -0.00056840130128, 0.00140846439172, -0.00241317553446, 0.00189093372319, -0.00112888019066], [0.000374692579499, -0.00214858935215, 0.00106914958451, -0.00277121993713, 0.00586213031784, -0.00307469721884, 0.00134901562706, -0.00179895746987, 0.0011144153541, -0.00224787113257, 0.00145613611676, -0.00206933612935, 0.00105251965579], [-0.000453574088169, 0.00241449661553, -0.00182793661952, 0.00153044785839, -0.00307469721884, 0.00832225847989, -0.00445837853476, 0.00178858696017, -0.00117519230116, 0.000802695285529, 6.51785958325e-05, 0.0015276040649, -0.00041894154856], [0.000363832194125, -0.00179975689389, 0.00103889626916, -0.000558132422157, 0.00134901562706, -0.00445837853476, 0.00703317578882, -0.00378172146156, 0.00241820747033, -0.000770178914536, 0.000157060261699, -0.00113391026389, -0.000621581159066], [-0.00041691516526, 0.00179354625288, -0.000848228286486, 0.00139575486537, -0.00179895746987, 0.00178858696017, -0.00378172146156, 0.0113327214494, -0.00543271424249, 0.000467402685899, -0.00145127461292, -0.000501891248859, 0.000632926065009], [0.000342766434187, -0.00155618437566, 0.000270685268333, -0.00056840130128, 0.0011144153541, -0.00117519230116, 0.00241820747033, -0.00543271424249, 0.0116691570729, -0.00466214260086, 0.000251728633884, 0.00173059548251, -0.00276330136694], [-0.00030892319046, 0.00172077317256, -0.00116014655214, 0.00140846439172, -0.00224787113257, 0.000802695285529, -0.000770178914536, 0.000467402685899, -0.00466214260086, 0.0133135914803, -0.00399679411203, -0.000956214440521, 0.00175450008828], [0.000360829522833, -0.00109718972817, 0.00167219818104, -0.00241317553446, 0.00145613611676, 6.51785958325e-05, 0.000157060261699, -0.00145127461292, 0.000251728633884, -0.00399679411203, 0.0111575527117, -0.00180908013135, -0.00207761977799], [-0.000220807967708, 0.00145741458982, -0.00144833396189, 0.00189093372319, -0.00206933612935, 0.0015276040649, -0.00113391026389, -0.000501891248859, 0.00173059548251, -0.000956214440521, -0.00180908013135, 0.0118957590312, -0.00404270831496], [0.000215503401705, -0.000219150490011, 0.000594361627009, -0.00112888019066, 0.00105251965579, -0.00041894154856, -0.000621581159066, 0.000632926065009, -0.00276330136694, 0.00175450008828, -0.00207761977799, -0.00404270831496, 0.0175681002438]]
    },
    "melbands": {
        "dmean": [0.00167322263587, 0.00169012951665, 0.00179276883136, 0.000928933208343, 0.000304844783386, 0.000346376473317, 0.000308778864564, 0.000297700316878, 0.000235034851357, 0.000147450555232, 9.8053671536e-05, 6.93959736964e-05, 5.1039558457e-05, 4.05802566092e-05, 3.09567731165e-05, 2.20012389036e-05, 1.88796602743e-05, 1.6217763914e-05, 1.09978946057e-05, 9.05981687538e-06, 8.60565796756e-06, 7.96180756879e-06, 5.35446952199e-06, 3.44262775798e-06, 3.20688923239e-06, 2.75347042589e-06, 2.3864238301e-06, 1.6643878098e-06, 1.48866536165e-06, 1.64761092947e-06, 1.51485335209e-06, 1.55967893534e-06, 1.23650409023e-06, 1.24840016724e-06, 1.13989312922e-06, 1.31664012315e-06, 1.2930770481e-06, 8.99405961263e-07, 6.94705761362e-07, 5.37693210845e-07],
        "dmean2": [0.00268879113719, 0.00280046230182, 0.00316990795545, 0.00162229803391, 0.000537672778592, 0.000581189291552, 0.000502758368384, 0.000469135819003, 0.000367787783034, 0.000227989221457, 0.000151170403115, 0.000108133273898, 8.47443370731e-05, 6.57602431602e-05, 5.03379378642e-05, 3.56417040166e-05, 3.04017557937e-05, 2.63468100457e-05, 1.72436575667e-05, 1.43543566082e-05, 1.36062590173e-05, 1.24319767565e-05, 8.48051422508e-06, 5.47345553059e-06, 5.15851843375e-06, 4.35428637502e-06, 3.70060502064e-06, 2.62960406872e-06, 2.32736169892e-06, 2.63210336016e-06, 2.34060485127e-06, 2.41081920649e-06, 1.90449043203e-06, 1.90053572169e-06, 1.73861917574e-06, 2.0028965082e-06, 1.98088105208e-06, 1.36456867494e-06, 1.05775484371e-06, 8.19381796191e-07],
        "dvar": [1.09195525511e-05, 1.38128516483e-05, 2.20406454901e-05, 5.13758959642e-06, 4.21984736931e-07, 6.76741080952e-07, 6.50505512567e-07, 7.49415391965e-07, 4.69580243134e-07, 2.58569002654e-07, 1.19513188679e-07, 6.34144967648e-08, 2.66415067784e-08, 1.67300466813e-08, 8.46798009491e-09, 4.34741043165e-09, 2.33375807568e-09, 2.31598917821e-09, 1.02178754346e-09, 6.20790752137e-10, 5.4281412698e-10, 3.17240400616e-10, 2.17392964741e-10, 5.89357798675e-11, 5.94660778952e-11, 4.91557315685e-11, 3.34062048857e-11, 1.81658525028e-11, 1.9574274493e-11, 2.03354364597e-11, 1.79599026623e-11, 1.7179936293e-11, 1.50599220594e-11, 1.46020834313e-11, 1.12512143699e-11, 2.75042176534e-11, 3.89165782932e-11, 1.306887671e-11, 1.07836144528e-11, 4.9619323407e-12],
        "dvar2": [2.71000481007e-05, 3.31847040798e-05, 6.13680240349e-05, 1.40285355883e-05, 1.17772367503e-06, 1.68228484654e-06, 1.52579809765e-06, 1.745419695e-06, 1.12122222617e-06, 6.08305981586e-07, 2.66390713932e-07, 1.40173469276e-07, 7.01621942767e-08, 4.18643821831e-08, 2.11433643926e-08, 1.09943050219e-08, 5.67458036116e-09, 5.67543612107e-09, 2.42757680624e-09, 1.57972734893e-09, 1.39295786017e-09, 7.74133146475e-10, 5.35052946393e-10, 1.44601552954e-10, 1.51044329821e-10, 1.13079379194e-10, 7.03485325548e-11, 4.43716383081e-11, 4.8987879725e-11, 5.0752162889e-11, 3.9774732119e-11, 3.56876889152e-11, 3.38394867683e-11, 3.30086617761e-11, 2.31128918088e-11, 5.28649311826e-11, 7.87339846098e-11, 2.60689855119e-11, 2.19675302254e-11, 9.87378321465e-12],
        "max": [0.0362135060132, 0.0416963249445, 0.0466834455729, 0.0260547120124, 0.00947485677898, 0.0237308423966, 0.018531344831, 0.0224812310189, 0.0201912540942, 0.016084279865, 0.01061609108, 0.0112525513396, 0.00525081530213, 0.00334376981482, 0.00265938905068, 0.00309176603332, 0.00142509990837, 0.00141640298534, 0.00128202931955, 0.000537328072824, 0.000744435528759, 0.000398648320697, 0.000367032334907, 0.000237106592976, 0.00030355900526, 0.000407690356951, 0.000342643528711, 0.000170056227944, 0.00012184982188, 0.000189087033505, 0.00023550709011, 0.000212693601497, 0.000251172779826, 0.00020787982794, 0.000176684246981, 0.000394352391595, 0.000577086757403, 0.000140635893331, 0.000113230744319, 8.91720264917e-05],
        "mean": [0.00196155742742, 0.00192403735127, 0.00149672594853, 0.000806953408755, 0.000320910650771, 0.000411890505347, 0.000356452714186, 0.000343942083418, 0.000284367415588, 0.000184968841495, 0.000121845310787, 8.36986291688e-05, 5.49018259335e-05, 4.4858410547e-05, 3.60196681868e-05, 2.58241725533e-05, 2.27350410569e-05, 1.94959920918e-05, 1.48322951645e-05, 1.22588862723e-05, 1.18225261758e-05, 1.16076716949e-05, 7.39379083825e-06, 5.41149620403e-06, 4.82868790641e-06, 4.01425540986e-06, 3.92814490624e-06, 2.44929219662e-06, 1.92010475075e-06, 2.07967900678e-06, 2.11752512769e-06, 2.0659645088e-06, 1.7217862478e-06, 1.58550813012e-06, 1.53798930569e-06, 1.68849612692e-06, 1.65034703059e-06, 1.19503317819e-06, 8.69755695021e-07, 6.6065200599e-07],
        "median": [0.00031434581615, 0.000518640095834, 0.000367379427189, 0.000220935951802, 0.00014157469559, 0.000148802442709, 8.81162777659e-05, 4.82397990709e-05, 4.35086112702e-05, 3.40181359206e-05, 1.72309519257e-05, 1.44988644024e-05, 1.07503446998e-05, 6.88736190568e-06, 7.44426552046e-06, 5.72431599721e-06, 5.8496393649e-06, 5.18524166182e-06, 4.57470014226e-06, 3.60165313396e-06, 3.14888029607e-06, 3.75832246391e-06, 3.08154653794e-06, 2.45489331974e-06, 1.91676576833e-06, 1.6718003053e-06, 1.49878212596e-06, 7.2252157679e-07, 4.62594044848e-07, 4.5513630198e-07, 5.67656570638e-07, 6.26718929198e-07, 4.29756966014e-07, 3.49012623246e-07, 3.43347466014e-07, 3.04115474137e-07, 2.36088382621e-07, 1.92823463863e-07, 1.09501328893e-07, 9.79345458063e-08],
        "min": [1.00742842686e-24, 1.0042335402e-24, 2.34230729624e-24, 2.23563279147e-24, 1.40485073306e-24, 2.84834460643e-24, 1.54918565466e-24, 1.09377753598e-24, 3.18162926699e-24, 1.64796287291e-24, 3.06140765389e-24, 3.56533022521e-24, 3.65382109168e-24, 2.54212083315e-24, 2.92569971515e-24, 4.0353031814e-24, 2.97934541215e-24, 4.97865736731e-24, 5.09618778143e-24, 4.07702445695e-24, 5.03613771717e-24, 4.27537722068e-24, 4.67340132915e-24, 4.9712420748e-24, 5.64607431946e-24, 4.43695881104e-24, 6.79131694368e-24, 5.8472145232e-24, 5.11054386661e-24, 6.59956891788e-24, 6.10846474463e-24, 4.0095890769e-24, 5.7375825789e-24, 6.86807705407e-24, 6.18927289475e-24, 4.68086710875e-24, 6.06311865321e-24, 5.54456093717e-24, 6.88120291067e-24, 6.85545370186e-24],
        "var": [1.44737668961e-05, 1.52205311679e-05, 1.46275006045e-05, 3.70876659872e-06, 3.41602941489e-07, 8.71600775554e-07, 8.12518408111e-07, 1.01344357972e-06, 6.03465082349e-07, 3.40175063229e-07, 1.91322243381e-07, 1.04796704647e-07, 2.55052068354e-08, 1.84970474493e-08, 9.81894210383e-09, 4.94083396418e-09, 2.79668954661e-09, 2.56424170786e-09, 1.35916999877e-09, 7.76512076861e-10, 7.12076508869e-10, 5.11529485436e-10, 2.56692000988e-10, 9.17709241932e-11, 7.54089915511e-11, 7.16172329773e-11, 7.40308925273e-11, 2.77493965306e-11, 2.46357430983e-11, 2.6944602799e-11, 2.75634688685e-11, 2.85387078552e-11, 2.55156520912e-11, 2.31640297221e-11, 2.08910701238e-11, 6.16831100086e-11, 9.40088770718e-11, 2.49526597301e-11, 1.81203559102e-11, 8.18700576083e-12]
    },
    "mfcc": {
        "mean": [-688.379577637, 125.554290771, 15.8056430817, 21.279914856, 5.73402690887, 4.81126260757, -5.47310829163, 5.7305598259, -1.38330984116, 2.46012878418, 1.53517413139, 0.768626570702, -1.06294369698],
        "cov": [[8466.05859375, -336.877655029, -120.256965637, -105.33870697, -59.1285324097, 59.263458252, -1.56248033047, 17.9194068909, 22.7828388214, 0.403181523085, -97.3916931152, 31.966085434, -58.3326377869], [-336.877655029, 1516.4119873, -110.448928833, -90.2294540405, -74.1607437134, -43.4645996094, -39.6811218262, 33.4502792358, 34.729133606, -28.3222179413, 31.7167167664, 8.69669532776, -8.24326515198], [-120.256965637, -110.448928833, 986.139282227, 134.663467407, 165.338943481, 157.761077881, 13.1043367386, 39.9564056396, 99.5439758301, -6.40002441406, -12.576259613, 50.1011390686, 39.9595527649], [-105.33870697, -90.2294540405, 134.663467407, 420.208435059, 193.779495239, 53.5390892029, 12.9960126877, -3.20159983635, -39.6676368713, 24.6114196777, -0.807187855244, -13.1067085266, 25.1243686676], [-59.1285324097, -74.1607437134, 165.338943481, 193.779495239, 352.877624512, 90.5233917236, -18.5235958099, -9.69875907898, -0.318660587072, 40.5784187317, 1.57303142548, 4.87263298035, 28.3968715668], [59.263458252, -43.4645996094, 157.761077881, 53.5390892029, 90.5233917236, 272.653015137, 108.594924927, 61.5773239136, 46.1703605652, 13.1219625473, -0.993907511234, 5.37137842178, 2.99562931061], [-1.56248033047, -39.6811218262, 13.1043367386, 12.9960126877, -18.5235958099, 108.594924927, 220.352890015, 90.1841888428, 22.9964923859, 21.4069042206, 14.3705368042, 7.28401184082, 9.32245635986], [17.9194068909, 33.4502792358, 39.9564056396, -3.20159983635, -9.69875907898, 61.5773239136, 90.1841888428, 163.686126709, 62.8900680542, 1.38719570637, 14.4131469727, 16.3863315582, 13.2740755081], [22.7828388214, 34.729133606, 99.5439758301, -39.6676368713, -0.318660587072, 46.1703605652, 22.9964923859, 62.8900680542, 142.47479248, 38.3864517212, 7.33891630173, 29.1721191406, 13.7089347839], [0.403181523085, -28.3222179413, -6.40002441406, 24.6114196777, 40.5784187317, 13.1219625473, 21.4069042206, 1.38719570637, 38.3864517212, 121.752487183, 45.4092178345, 14.5348176956, 14.6358737946], [-97.3916931152, 31.7167167664, -12.576259613, -0.807187855244, 1.57303142548, -0.993907511234, 14.3705368042, 14.4131469727, 7.33891630173, 45.4092178345, 98.6044998169, 31.8371067047, 7.45836162567], [31.966085434, 8.69669532776, 50.1011390686, -13.1067085266, 4.87263298035, 5.37137842178, 7.28401184082, 16.3863315582, 29.1721191406, 14.5348176956, 31.8371067047, 85.0213394165, 34.2095108032], [-58.3326377869, -8.24326515198, 39.9595527649, 25.1243686676, 28.3968715668, 2.99562931061, 9.32245635986, 13.2740755081, 13.7089347839, 14.6358737946, 7.45836162567, 34.2095108032, 85.4262695312]],
