{
"lowlevel": {
    "average_loudness": 0.930279195309,
    "barkbands_crest": {
        "dmean": 3.21508073807,
        "dmean2": 5.24889707565,
        "dvar": 9.45071125031,
        "dvar2": 23.4436740875,
        "max": 26.5183506012,
        "mean": 13.022734642,
        "median": 11.7580327988,
        "min": 2.18529129028,
        "var": 33.7266731262
    },
    "barkbands_flatness_db": {
        "dmean": 0.03938492015,
        "dmean2": 0.0544505044818,
        "dvar": 0.00143723923247,
        "dvar2": 0.0026358673349,
        "max": 0.710986793041,
        "mean": 0.190827533603,
        "median": 0.173216611147,
        "min": 0.0215337928385,
        "var": 0.00950170867145
    },
    "barkbands_kurtosis": {
        "dmean": 26.2527313232,
        "dmean2": 40.3292121887,
        "dvar": 6452.93701172,
        "dvar2": 13969.7470703,
        "max": 1831.72644043,
        "mean": 35.1525764465,
        "median": 3.70647621155,
        "min": -1.95746326447,
        "var": 10596.3154297
    },
    "barkbands_skewness": {
        "dmean": 1.56478393078,
        "dmean2": 2.29950022697,
        "dvar": 4.69462633133,
        "dvar2": 9.26507472992,
        "max": 34.9997711182,
        "mean": 3.27895736694,
        "median": 2.00422978401,
        "min": -5.97718286514,
        "var": 16.8679523468
    },
    "barkbands_spread": {
        "dmean": 11.2110309601,
        "dmean2": 17.6442775726,
        "dvar": 257.170593262,
        "dvar2": 613.947570801,
        "max": 123.031265259,
        "mean": 23.8782043457,
        "median": 19.4604854584,
        "min": 0.0280600804836,
        "var": 461.175842285
    },
    "dissonance": {
        "dmean": 0.0183200929314,
        "dmean2": 0.0292300600559,
        "dvar": 0.000549448130187,
        "dvar2": 0.00129249424208,
        "max": 0.500000119209,
        "mean": 0.467999637127,
        "median": 0.48138871789,
        "min": 0.178905665874,
        "var": 0.00133602728602
    },
    "dynamic_complexity": 3.42090415955,
    "erbbands_crest": {
        "dmean": 3.01566314697,
        "dmean2": 4.92606925964,
        "dvar": 7.37932252884,
        "dvar2": 18.7189903259,
        "max": 27.9911441803,
        "mean": 9.22513961792,
        "median": 8.4112443924,
        "min": 2.43611621857,
        "var": 16.3708400726
    },
    "erbbands_flatness_db": {
        "dmean": 0.023949412629,
        "dmean2": 0.034246340394,
        "dvar": 0.000490045058541,
        "dvar2": 0.00096732378006,
        "max": 0.448744684458,
        "mean": 0.151365548372,
        "median": 0.145703822374,
        "min": 0.034720249474,
        "var": 0.00213692802936
    },
    "erbbands_kurtosis": {
        "dmean": 2.00177741051,
        "dmean2": 3.22748017311,
        "dvar": 27.5741882324,
        "dvar2": 67.5142288208,
        "max": 191.592224121,
        "mean": 1.54225540161,
        "median": 0.179757595062,
        "min": -1.94454491138,
        "var": 55.9781799316
    },
    "erbbands_skewness": {
        "dmean": 0.6204007864,
        "dmean2": 0.934457540512,
        "dvar": 0.519045054913,
        "dvar2": 1.17425823212,
        "max": 10.8430938721,
        "mean": -0.0214518420398,
        "median": -0.0891338214278,
        "min": -6.73746109009,
        "var": 1.43536698818
    },
    "erbbands_spread": {
        "dmean": 18.0745849609,
        "dmean2": 27.9416942596,
        "dvar": 410.803924561,
        "dvar2": 947.530029297,
        "max": 218.527420044,
        "mean": 53.0489501953,
        "median": 42.0289955139,
        "min": 1.04290151596,
        "var": 1214.77563477
    },
    "hfc": {
        "dmean": 13.0470209122,
        "dmean2": 19.1243724823,
        "dvar": 354.33480835,
        "dvar2": 830.952514648,
        "max": 207.917770386,
        "mean": 24.752456665,
        "median": 15.7650632858,
        "min": 1.04199061643e-16,
        "var": 666.93536377
    },
    "melbands_crest": {
        "dmean": 3.76858091354,
        "dmean2": 6.10091257095,
        "dvar": 12.167632103,
        "dvar2": 30.9247283936,
        "max": 37.4649009705,
        "mean": 18.73097229,
        "median": 18.5680828094,
        "min": 1.51482188702,
        "var": 44.0921707153
    },
    "melbands_flatness_db": {
        "dmean": 0.0456686355174,
        "dmean2": 0.0631449893117,
        "dvar": 0.00203808560036,
        "dvar2": 0.003779144492,
        "max": 0.858428180218,
        "mean": 0.257129967213,
        "median": 0.247254282236,
        "min": 0.00290563399903,
        "var": 0.0164606105536
    },
    "melbands_kurtosis": {
        "dmean": 51.095703125,
        "dmean2": 77.2783126831,
        "dvar": 9366.84570312,
        "dvar2": 19339.5917969,
        "max": 1367.48681641,
        "mean": 88.3655548096,
        "median": 17.1780414581,
        "min": -1.89076161385,
        "var": 25213.0234375
    },
    "melbands_skewness": {
        "dmean": 2.02657103539,
        "dmean2": 3.04266119003,
        "dvar": 6.06504487991,
        "dvar2": 12.4977788925,
        "max": 28.4316806793,
        "mean": 5.55940723419,
        "median": 3.8207924366,
        "min": -3.32037782669,
        "var": 24.7223625183
    },
    "melbands_spread": {
        "dmean": 12.096613884,
        "dmean2": 18.8552188873,
        "dvar": 408.048858643,
        "dvar2": 883.194519043,
        "max": 279.954040527,
        "mean": 26.717464447,
        "median": 14.3912239075,
        "min": 0.144646897912,
        "var": 1307.93212891
    },
    "pitch_salience": {
        "dmean": 0.0884161293507,
        "dmean2": 0.139419689775,
        "dvar": 0.00750456238165,
        "dvar2": 0.0179356243461,
        "max": 0.968969881535,
        "mean": 0.466491490602,
        "median": 0.485892832279,
        "min": 0.0343770571053,
        "var": 0.02880172804
    },
    "silence_rate_20dB": {
        "dmean": 0,
        "dmean2": 0,
        "dvar": 0,
        "dvar2": 0,
        "max": 1,
        "mean": 1,
        "median": 1,
        "min": 1,
        "var": 0
    },
    "silence_rate_30dB": {
        "dmean": 0.056195627898,
        "dmean2": 0.11239785701,
        "dvar": 0.0530410483479,
        "dvar2": 0.128317669034,
        "max": 1,
        "mean": 0.951977908611,
        "median": 1,
        "min": 0,
        "var": 0.0457239113748
    },
    "silence_rate_60dB": {
        "dmean": 0.0296261459589,
        "dmean2": 0.0592557750642,
        "dvar": 0.0287539493293,
        "dvar2": 0.0624604597688,
        "max": 1,
        "mean": 0.0876976400614,
        "median": 0,
        "min": 0,
        "var": 0.0800052955747
    },
    "spectral_centroid": {
        "dmean": 424.598754883,
        "dmean2": 628.747680664,
        "dvar": 260805.21875,
        "dvar2": 545052.9375,
        "max": 11729.0214844,
        "mean": 1647.06274414,
        "median": 1367.73718262,
        "min": 67.6798477173,
        "var": 2092336.875
    },
    "spectral_complexity": {
        "dmean": 4.80684232712,
        "dmean2": 6.60807704926,
        "dvar": 31.1820735931,
        "dvar2": 51.4950332642,
        "max": 61,
        "mean": 14.5609235764,
        "median": 12,
        "min": 0,
        "var": 157.186660767
    },
    "spectral_decrease": {
        "dmean": 4.16291578986e-09,
        "dmean2": 6.39594510687e-09,
        "dvar": 3.72571478491e-17,
        "dvar2": 9.2061198623e-17,
        "max": 2.0643866374e-22,
        "mean": -1.15479972251e-08,
        "median": -1.00447721252e-08,
        "min": -7.25024804638e-08,
        "var": 8.56440703971e-17
    },
    "spectral_energy": {
        "dmean": 0.0161996260285,
        "dmean2": 0.0246643703431,
        "dvar": 0.000534405116923,
        "dvar2": 0.00130970228929,
        "max": 0.278426885605,
        "mean": 0.0458300188184,
        "median": 0.0400659255683,
        "min": 9.86111250352e-21,
        "var": 0.00127388269175
    },
    "spectral_energyband_high": {
        "dmean": 0.0011257622391,
        "dmean2": 0.00171235518064,
        "dvar": 3.66217022929e-06,
        "dvar2": 8.63226523506e-06,
        "max": 0.0184062421322,
        "mean": 0.00146151380613,
        "median": 0.000415541813709,
        "min": 6.62605517205e-21,
        "var": 5.02153579873e-06
    },
    "spectral_energyband_low": {
        "dmean": 0.0137670338154,
        "dmean2": 0.0215995721519,
        "dvar": 0.000502394570503,
        "dvar2": 0.0012653748272,
        "max": 0.264075636864,
        "mean": 0.0336636118591,
        "median": 0.0288362130523,
        "min": 1.12969378135e-23,
        "var": 0.00104341958649
    },
    "spectral_energyband_middle_high": {
        "dmean": 0.00271375104785,
        "dmean2": 0.00403161905706,
        "dvar": 2.07728007808e-05,
        "dvar2": 4.91987520945e-05,
        "max": 0.0792517662048,
        "mean": 0.00556363398209,
        "median": 0.00232819002122,
        "min": 1.06462506921e-21,
        "var": 6.01012689003e-05
    },
    "spectral_energyband_middle_low": {
        "dmean": 0.00541341863573,
        "dmean2": 0.00900951586664,
        "dvar": 0.000135445559863,
        "dvar2": 0.000369776185835,
        "max": 0.112703621387,
        "mean": 0.00704108551145,
        "median": 0.00416303565726,
        "min": 1.43269358266e-22,
        "var": 0.000110549481178
    },
    "spectral_entropy": {
        "dmean": 0.262528330088,
        "dmean2": 0.375205457211,
        "dvar": 0.0893485546112,
        "dvar2": 0.183010295033,
        "max": 9.82507419586,
        "mean": 7.69210958481,
        "median": 7.72410774231,
        "min": 3.86398935318,
        "var": 0.376899182796
    },
    "spectral_flux": {
        "dmean": 0.0356901735067,
        "dmean2": 0.0544639676809,
        "dvar": 0.00163006025832,
        "dvar2": 0.00344683974981,
        "max": 0.479117840528,
        "mean": 0.106714442372,
        "median": 0.0981711223722,
        "min": 6.23732870908e-11,
        "var": 0.00426162267104
    },
    "spectral_kurtosis": {
        "dmean": 1.67814946175,
        "dmean2": 2.62972712517,
        "dvar": 19.0942592621,
        "dvar2": 32.9718437195,
        "max": 182.167541504,
        "mean": 3.4350528717,
        "median": 2.38722324371,
        "min": -1.29213690758,
        "var": 61.0903053284
    },
    "spectral_rms": {
        "dmean": 0.00114992610179,
        "dmean2": 0.00168028322514,
        "dvar": 1.66753284248e-06,
        "dvar2": 3.76305865757e-06,
        "max": 0.0164813827723,
        "mean": 0.00605351245031,
        "median": 0.00625209603459,
        "min": 3.10170877697e-12,
        "var": 8.06682965049e-06
    },
    "spectral_rolloff": {
        "dmean": 920.143798828,
        "dmean2": 1591.67504883,
        "dvar": 3286901.75,
        "dvar2": 8077914,
        "max": 20327.34375,
        "mean": 1814.1451416,
        "median": 689.0625,
        "min": 43.06640625,
        "var": 8740599
    },
    "spectral_skewness": {
        "dmean": 0.270045518875,
        "dmean2": 0.412298232317,
        "dvar": 0.137277245522,
        "dvar2": 0.249842107296,
        "max": 12.1356468201,
        "mean": 1.27439713478,
        "median": 1.21701979637,
        "min": -0.451738089323,
        "var": 0.574100494385
    },
    "spectral_spread": {
        "dmean": 1168041.75,
        "dmean2": 1717037.25,
        "dvar": 2.40000958464e+12,
        "dvar2": 5.25162459955e+12,
        "max": 42823060,
        "mean": 5832333,
        "median": 4848965,
        "min": 723881.375,
        "var": 2.02218070344e+13
    },
    "spectral_strongpeak": {
        "dmean": 0.35584372282,
        "dmean2": 0.601450145245,
        "dvar": 0.454517632723,
        "dvar2": 1.16860949993,
        "max": 11.737610817,
        "mean": 0.601386129856,
        "median": 0.398012518883,
        "min": 0,
        "var": 0.598891913891
    },
    "zerocrossingrate": {
        "dmean": 0.018766194582,
        "dmean2": 0.0221448224038,
        "dvar": 0.000546712602954,
        "dvar2": 0.000709688058123,
        "max": 0.52978515625,
        "mean": 0.0669754967093,
        "median": 0.04638671875,
        "min": 0.00146484375,
        "var": 0.0053277858533
    },
    "barkbands": {
        "dmean": [0.000581905711442, 0.00920622982085, 0.00674969051033, 0.00315771298483, 0.00152786972467, 0.000408401421737, 0.000769268895965, 0.000425865873694, 0.000496211228892, 0.000448737235274, 0.000446111807832, 0.000561614113394, 0.000611520954408, 0.000687419145834, 0.000332922267262, 0.000368885754142, 0.000281340820948, 0.000248662050581, 0.000143688899698, 0.0001754614932, 0.000139624258736, 0.000139926560223, 0.000195604734472, 0.000430016429164, 0.000195529428311, 9.68871245277e-05, 1.69497150182e-06],
        "dmean2": [0.000739908427931, 0.0147239873186, 0.0112033290789, 0.00554081983864, 0.00272252643481, 0.000657753378619, 0.0012183280196, 0.000662162317894, 0.000752620340791, 0.000702364719473, 0.00069845339749, 0.000879473809619, 0.00100987590849, 0.00112645572517, 0.000537172774784, 0.000572282180656, 0.000439926079707, 0.000371984468075, 0.000214349231101, 0.000262126763118, 0.000203385294299, 0.000203320421861, 0.000304457818856, 0.000722018769011, 0.000317742262268, 0.000165271863807, 2.94862070405e-06],
        "dvar": [7.24886774606e-07, 0.000197125220438, 0.000283656554529, 7.31492327759e-05, 1.92805600818e-05, 7.86586838331e-07, 2.92546224046e-06, 1.06912830233e-06, 1.49174229591e-06, 1.11609222131e-06, 1.19210631055e-06, 1.9360566057e-06, 1.95526217794e-06, 3.06678953166e-06, 7.24360575077e-07, 6.85514635279e-07, 3.32509046075e-07, 2.1008430906e-07, 1.02094254828e-07, 9.56846335498e-08, 5.35993898154e-08, 5.99460108219e-08, 1.36927482686e-07, 7.95471009951e-07, 1.48425954194e-07, 4.07190547946e-08, 1.94398993431e-11],
        "dvar2": [1.4317889736e-06, 0.000513184175361, 0.00075119495159, 0.00020474223129, 5.44339491171e-05, 1.89725153632e-06, 6.7720457082e-06, 2.48580249718e-06, 3.36218613484e-06, 2.49792606155e-06, 2.83492204289e-06, 4.43982298748e-06, 5.00410669702e-06, 7.95393953013e-06, 1.70316570802e-06, 1.53442056217e-06, 8.01015914931e-07, 4.83134556362e-07, 2.29296887255e-07, 1.98668132612e-07, 1.15302562165e-07, 1.25786115746e-07, 3.13622251724e-07, 2.07751395465e-06, 3.579738177e-07, 1.05683660934e-07, 4.99684529864e-11],
        "max": [0.0321022756398, 0.19279833138, 0.189478993416, 0.0809282958508, 0.0639591068029, 0.0180172808468, 0.0283900182694, 0.0240488257259, 0.0230017825961, 0.0221674777567, 0.0270215328783, 0.0340978652239, 0.0317939631641, 0.0486986488104, 0.0294308252633, 0.0211312286556, 0.0154590941966, 0.0138370711356, 0.0119756711647, 0.00782728753984, 0.00399759411812, 0.00571950059384, 0.00834357831627, 0.00693905493245, 0.00628057308495, 0.00153279583901, 0.00013607130677],
        "mean": [0.00192186608911, 0.0190717820078, 0.0108524700627, 0.00286871707067, 0.00140514539089, 0.000520302157383, 0.000920066202525, 0.00049178628251, 0.000681689183693, 0.000618627818767, 0.000529520446435, 0.00074268510798, 0.000720797106624, 0.000852915807627, 0.000495422515087, 0.000537275685929, 0.000418237323174, 0.000402772595407, 0.00023467146093, 0.000290494819637, 0.000212358718272, 0.000215383726754, 0.00022912035638, 0.000348058791133, 0.00017275918799, 7.36190631869e-05, 1.26884981455e-06],
        "median": [0.000563601788599, 0.0154363363981, 0.00288813072257, 0.000887275207788, 0.000380487559596, 0.000135311100166, 0.000109192864329, 4.96287175338e-05, 5.03695991938e-05, 5.94062839809e-05, 6.3024861447e-05, 7.36339789e-05, 8.09791672509e-05, 7.01564349583e-05, 7.16221984476e-05, 0.000121166653116, 0.000119966884085, 0.000139407900861, 6.09842936683e-05, 8.69953437359e-05, 7.38541930332e-05, 7.86165037425e-05, 6.04594388278e-05, 3.55113261321e-05, 1.25235874293e-05, 3.02823195852e-06, 1.14228022596e-08],
        "min": [1.00437252763e-25, 1.08000402457e-24, 5.77186351561e-25, 5.76639030004e-25, 5.31340536484e-24, 8.51553732397e-24, 1.740722956e-24, 6.05110351277e-24, 9.41048897689e-24, 1.49947816824e-23, 1.16416455744e-23, 2.36354497009e-23, 1.83500106384e-23, 2.77997328236e-23, 4.68812746898e-23, 4.29044249182e-23, 6.46538848995e-23, 6.5341878894e-23, 9.7676896124e-23, 1.58532125464e-22, 1.77630586819e-22, 2.7205422057e-22, 3.63283674474e-22, 5.06114527051e-22, 8.63012719596e-22, 1.19418758428e-21, 1.89776356321e-21],
        "var": [9.07380490389e-06, 0.000428664439823, 0.00030128043727, 4.9093963753e-05, 1.25508013298e-05, 1.1115344023e-06, 4.18659419665e-06, 1.4706414504e-06, 2.7418859645e-06, 2.07540711017e-06, 1.60474746735e-06, 3.39254597748e-06, 2.57842725659e-06, 4.66335450255e-06, 1.35392576794e-06, 1.2933603557e-06, 6.15593478415e-07, 4.68920717367e-07, 2.44632303747e-07, 2.55133386418e-07, 1.10834008638e-07, 1.20667635883e-07, 1.86167724792e-07, 6.42738655188e-07, 1.6326464447e-07, 3.25530180589e-08, 1.71416787015e-11]
    },
    "erbbands": {
        "dmean": [0.325440734625, 2.00750231743, 6.112803936, 10.3275823593, 7.582924366, 4.29909229279, 2.24507188797, 4.01776409149, 10.6511573792, 8.86068058014, 10.1247730255, 10.8537387848, 11.8728075027, 16.4082126617, 16.4274234772, 23.0501384735, 26.686466217, 32.1341018677, 24.8975372314, 15.4444932938, 20.1519947052, 15.3878831863, 13.6620254517, 9.00695610046, 6.42971086502, 9.01244163513, 5.91108083725, 5.71576452255, 4.52887678146, 5.20077514648, 6.34343099594, 9.6670255661, 5.04777956009, 2.5498008728, 1.22833776474, 0.522679567337, 0.18055459857, 0.0193515699357, 0.000411554734455, 3.23623280565e-05],
        "dmean2": [0.502596974373, 3.23407268524, 9.84347438812, 17.4498748779, 13.4748535156, 7.6687951088, 3.80112624168, 6.44381093979, 16.7605667114, 14.1585168839, 15.5148706436, 16.4560165405, 17.7843608856, 26.0452270508, 25.1331920624, 36.0736579895, 43.7214927673, 51.3112297058, 41.1147117615, 23.8052711487, 31.0873031616, 23.5572109222, 20.1044445038, 13.4810113907, 9.48281383514, 13.4416742325, 8.55783939362, 8.32402420044, 6.70986747742, 7.75006437302, 9.96628475189, 16.094335556, 8.32148075104, 4.08424091339, 2.06568145752, 0.891399741173, 0.311641722918, 0.0328676402569, 0.000696904549841, 5.03130177094e-05],
        "dvar": [0.196974992752, 10.9920063019, 184.87260437, 718.016052246, 511.663818359, 157.497299194, 26.8343391418, 87.4589767456, 555.599853516, 536.311950684, 552.275634766, 817.625488281, 925.022949219, 1365.19482422, 1754.97253418, 3208.50244141, 3467.21435547, 6950.98632812, 3828.3190918, 1340.95544434, 2429.33862305, 1019.40618896, 664.512756348, 309.07019043, 217.356918335, 263.874725342, 98.1370544434, 86.5094833374, 64.4380340576, 97.3744506836, 139.575805664, 395.493011475, 104.529167175, 25.2838478088, 6.2731628418, 1.18954873085, 0.146490499377, 0.00157832715195, 8.91375577794e-07, 2.18441975619e-09],
        "dvar2": [0.477739244699, 29.2167797089, 468.108032227, 1945.20959473, 1450.35754395, 445.267700195, 72.2740249634, 211.337860107, 1285.22399902, 1295.79260254, 1269.09411621, 1824.08898926, 2002.98413086, 3394.18969727, 3969.2434082, 7433.70214844, 9192.50292969, 17453.2402344, 10549.5517578, 3086.21289062, 5456.06005859, 2403.00341797, 1497.68823242, 708.440551758, 452.51776123, 577.838623047, 202.811157227, 185.597839355, 139.107849121, 206.446975708, 325.486206055, 1028.00402832, 266.468719482, 59.9183540344, 15.8942689896, 3.09624671936, 0.382780820131, 0.00399650167674, 2.24787618208e-06, 5.36769828585e-09],
        "max": [5.37987756729, 47.8991928101, 164.807800293, 264.982635498, 251.159164429, 189.150115967, 132.998687744, 208.953399658, 382.405639648, 517.357543945, 574.016845703, 590.231567383, 761.294677734, 815.337402344, 1068.06860352, 1478.01477051, 1026.71325684, 2842.35986328, 1806.55944824, 1274.23083496, 1391.97912598, 888.563354492, 843.91595459, 609.320556641, 474.389160156, 417.606292725, 216.404129028, 174.382019043, 206.764343262, 296.783966064, 220.739593506, 150.719223022, 149.869445801, 76.2601089478, 44.2987289429, 12.0969419479, 3.23874735832, 0.477733254433, 0.0307310316712, 0.00116889830679],
        "mean": [0.708852887154, 3.74543690681, 11.1637077332, 12.4624528885, 7.08498954773, 3.86602067947, 2.62727737427, 5.08406829834, 13.0318861008, 10.1039867401, 12.8787240982, 15.212767601, 17.0178489685, 23.1140918732, 21.5903244019, 31.5848312378, 33.6199951172, 41.8154029846, 33.4945373535, 24.8026332855, 30.6002407074, 24.4153804779, 22.753862381, 14.829161644, 11.0370922089, 14.7006950378, 9.49809837341, 8.63175773621, 7.00081396103, 7.34992647171, 7.12368202209, 8.03116321564, 4.33738565445, 2.31827402115, 1.01300024986, 0.403536766768, 0.132496803999, 0.0146663626656, 0.000337005185429, 6.78485594108e-05],
        "median": [0.415837138891, 2.64083576202, 4.43342781067, 4.07190322876, 2.11221051216, 1.04831767082, 0.72420334816, 1.45327401161, 1.8836889267, 2.03964710236, 1.5781018734, 1.31721198559, 1.96943879128, 2.95393466949, 2.94214868546, 3.75454139709, 4.30343961716, 4.52235984802, 4.20437335968, 4.51653432846, 8.00985240936, 7.41991090775, 7.66811084747, 5.12285089493, 2.82776999474, 4.32424020767, 3.07741832733, 3.35359144211, 2.59539246559, 2.33893489838, 1.73482215405, 0.945780098438, 0.476912677288, 0.194729074836, 0.0602378994226, 0.0203281976283, 0.0041351467371, 0.000339497404639, 3.9128397475e-05, 5.43782880413e-05],
        "min": [6.27566744225e-23, 5.83305967644e-22, 1.5146627183e-21, 1.8566662577e-21, 7.99453663823e-21, 1.55509987472e-20, 3.76859221929e-20, 7.67763001307e-20, 4.0502181373e-20, 1.31847290515e-19, 1.82896095784e-19, 3.50382876581e-19, 3.44607992683e-19, 6.38854127746e-19, 5.83923699905e-19, 1.16988464226e-18, 1.19812696652e-18, 1.83457017297e-18, 2.02006583893e-18, 2.63327571332e-18, 3.19106696822e-18, 4.16895306414e-18, 4.61851662808e-18, 5.23192233748e-18, 6.81749977234e-18, 7.75326314313e-18, 7.35076946477e-18, 8.26454099821e-18, 9.62880998249e-18, 9.89911689024e-18, 9.83864667874e-18, 8.55829268606e-18, 8.18076745449e-18, 6.77973732302e-18, 5.90098696235e-18, 3.92991441072e-18, 2.14937381421e-18, 8.51839538697e-19, 2.19747095471e-19, 2.6964942518e-20],
        "var": [0.690124690533, 18.8970298767, 238.376876831, 563.434997559, 321.409545898, 102.231872559, 29.0215396881, 116.482978821, 808.719604492, 601.596679688, 844.291809082, 1484.22680664, 1702.46069336, 2369.87597656, 2658.38037109, 5724.91894531, 4784.47802734, 10613.828125, 6193.44238281, 2691.04199219, 4298.98242188, 2104.14697266, 1512.45422363, 712.028015137, 604.35345459, 647.775146484, 239.440872192, 167.268310547, 129.129623413, 169.820617676, 177.385253906, 323.200775146, 96.1215515137, 29.4267044067, 5.94779825211, 0.967092812061, 0.112182959914, 0.0013073066948, 7.63851915053e-07, 3.39786665471e-09]
    },
    "gfcc": {
        "mean": [-36.9592933655, 73.5992965698, -98.5118026733, 63.2501525879, -41.3921051025, 33.8719062805, -28.9722957611, 13.6528339386, -14.3414335251, 3.39022135735, -11.9215764999, 0.0645063370466, -10.9197435379],
        "cov": [[25703.625, 629.03717041, -3033.51513672, -214.629379272, -1121.73205566, 651.156860352, -734.150756836, 374.513427734, -372.439666748, 94.7038497925, -367.503326416, 117.88671875, -542.873291016], [629.03717041, 1934.19458008, -305.328125, -103.989189148, 252.928146362, -97.2004318237, 314.227294922, -111.335853577, 177.072570801, -211.566894531, 129.0284729, -125.632217407, 33.3046684265], [-3033.51513672, -305.328125, 1983.82458496, 527.280700684, 374.548065186, 98.0730056763, 62.7871513367, 15.5550460815, -21.1295604706, -16.9120044708, -19.890750885, -66.8787841797, 11.5426568985], [-214.629379272, -103.989189148, 527.280700684, 962.430053711, 285.196960449, 74.8086471558, 37.5649375916, -77.2848205566, 15.5889720917, 38.4738235474, -22.42237854, -117.295906067, 97.4556427002], [-1121.73205566, 252.928146362, 374.548065186, 285.196960449, 498.348388672, 101.987052917, 77.8192214966, -91.7837600708, 63.3498916626, -5.0933098793, 39.5320396423, -98.4593505859, 26.9561290741], [651.156860352, -97.2004318237, 98.0730056763, 74.8086471558, 101.987052917, 261.192260742, 67.0630264282, 17.0774536133, -43.5281410217, 12.6007757187, -4.16392421722, -11.2639694214, -22.541261673], [-734.150756836, 314.227294922, 62.7871513367, 37.5649375916, 77.8192214966, 67.0630264282, 386.738464355, 85.9875717163, 30.3273963928, -83.7345809937, 53.5885276794, -14.3407049179, 39.9670410156], [374.513427734, -111.335853577, 15.5550460815, -77.2848205566, -91.7837600708, 17.0774536133, 85.9875717163, 194.767868042, 32.3513412476, -0.585233390331, -1.73470973969, 45.2255859375, -21.7249031067], [-372.439666748, 177.072570801, -21.1295604706, 15.5889720917, 63.3498916626, -43.5281410217, 30.3273963928, 32.3513412476, 191.027923584, 47.8210449219, 47.6941680908, -9.18354225159, 24.8996315002], [94.7038497925, -211.566894531, -16.9120044708, 38.4738235474, -5.0933098793, 12.6007757187, -83.7345809937, -0.585233390331, 47.8210449219, 142.833068848, 28.1657485962, 14.4534845352, 3.65756893158], [-367.503326416, 129.0284729, -19.890750885, -22.42237854, 39.5320396423, -4.16392421722, 53.5885276794, -1.73470973969, 47.6941680908, 28.1657485962, 111.899520874, 34.05909729, 19.0209465027], [117.88671875, -125.632217407, -66.8787841797, -117.295906067, -98.4593505859, -11.2639694214, -14.3407049179, 45.2255859375, -9.18354225159, 14.4534845352, 34.05909729, 111.43497467, 8.64974975586], [-542.873291016, 33.3046684265, 11.5426568985, 97.4556427002, 26.9561290741, -22.541261673, 39.9670410156, -21.7249031067, 24.8996315002, 3.65756893158, 19.0209465027, 8.64974975586, 104.453475952]],
        "icov": [[0.00013093923917, -0.000295437057503, 0.000184835793334, -0.000261075794697, 0.000245387258474, -0.000515374471433, 0.000440106960014, -0.000495125248563, 0.000283373374259, -0.00027462025173, 0.000393210561015, -0.000309155875584, 0.000448026141385], [-0.000295437057503, 0.00188204296865, -0.000211672013393, 0.000751724932343, -0.000735108333174, 0.00138056091964, -0.00144463102333, 0.00189046305604, -0.00182967365254, 0.00266874046065, -0.00233851419762, 0.00191304413602, -0.000769804755691], [0.000184835793334, -0.000211672013393, 0.000978537253104, -0.000651380454656, -0.000240891298745, -0.000570021220483, 0.000593872799072, -0.0010076162871, 0.000493260915391, 1.4911526705e-05, 0.000443003722467, -0.000481943163322, 0.000871224678122], [-0.000261075794697, 0.000751724932343, -0.000651380454656, 0.00227543362416, -0.00094589026412, 0.00085496151587, -0.000929582107347, 0.0010329184588, -0.000390131928725, 4.53499524156e-05, -0.000624257314485, 0.00219624093734, -0.00262523349375], [0.000245387258474, -0.000735108333174, -0.000240891298745, -0.00094589026412, 0.00468576373532, -0.00266464333981, 0.000767389836255, 0.000751890765969, -0.00105124071706, 0.000181220792001, -0.000886249239556, 0.00153635442257, 0.000775756605435], [-0.000515374471433, 0.00138056091964, -0.000570021220483, 0.00085496151587, -0.00266464333981, 0.00758619094267, -0.00332499551587, 0.00144882232416, 0.000879033526871, -0.000824630376883, -0.000669710745569, 0.000444055476692, -5.055632937e-05], [0.000440106960014, -0.00144463102333, 0.000593872799072, -0.000929582107347, 0.000767389836255, -0.00332499551587, 0.00696220807731, -0.00512534426525, 0.0012581795454, 0.00215943716466, -0.0019972610753, 0.00112898403313, -0.00120121054351], [-0.000495125248563, 0.00189046305604, -0.0010076162871, 0.0010329184588, 0.000751890765969, 0.00144882232416, -0.00512534426525, 0.0117196319625, -0.00488487398252, 0.00134508672636, 0.000849290576298, -0.00243247393519, 0.0016529468121], [0.000283373374259, -0.00182967365254, 0.000493260915391, -0.000390131928725, -0.00105124071706, 0.000879033526871, 0.0012581795454, -0.00488487398252, 0.0103530362248, -0.00558269070461, -0.000238753797021, 0.000550933997147, -0.000945392239373], [-0.00027462025173, 0.00266874046065, 1.4911526705e-05, 4.53499524156e-05, 0.000181220792001, -0.000824630376883, 0.00215943716466, 0.00134508672636, -0.00558269070461, 0.0155130596831, -0.00731255067512, 0.00302260532044, -0.00122447987087], [0.000393210561015, -0.00233851419762, 0.000443003722467, -0.000624257314485, -0.000886249239556, -0.000669710745569, -0.0019972610753, 0.000849290576298, -0.000238753797021, -0.00731255067512, 0.0187253952026, -0.00985098071396, 0.00206661201082], [-0.000309155875584, 0.00191304413602, -0.000481943163322, 0.00219624093734, 0.00153635442257, 0.000444055476692, 0.00112898403313, -0.00243247393519, 0.000550933997147, 0.00302260532044, -0.00985098071396, 0.019104346633, -0.00547647895291], [0.000448026141385, -0.000769804755691, 0.000871224678122, -0.00262523349375, 0.000775756605435, -5.055632937e-05, -0.00120121054351, 0.0016529468121, -0.000945392239373, -0.00122447987087, 0.00206661201082, -0.00547647895291, 0.0154384030029]]
    },
    "melbands": {
        "dmean": [0.00264946441166, 0.00266733416356, 0.00168016797397, 0.000422712852014, 9.02687897906e-05, 9.13877302082e-05, 0.000161186340847, 9.38075099839e-05, 8.5441461124e-05, 6.93098409101e-05, 6.12695221207e-05, 6.76055205986e-05, 5.65253722016e-05, 5.94263983658e-05, 6.52680391795e-05, 6.30076174275e-05, 6.24284293735e-05, 4.66682686238e-05, 2.52317277045e-05, 2.28860972129e-05, 2.44281454798e-05, 1.79278831638e-05, 1.29740956254e-05, 1.19777878353e-05, 7.44648923501e-06, 5.18628758073e-06, 4.4226699174e-06, 7.47621515984e-06, 4.0216027628e-06, 4.02811429012e-06, 3.24401730722e-06, 2.66846086561e-06, 2.73978071164e-06, 3.06319452648e-06, 3.9025408114e-06, 4.30354157288e-06, 6.62784714223e-06, 3.55255315299e-06, 3.5198572732e-06, 1.63382787832e-06],
        "dmean2": [0.00418569613248, 0.00424115732312, 0.00282619800419, 0.000752810272388, 0.00015619493206, 0.000146139849676, 0.000253504520515, 0.000149124476593, 0.000130793996505, 0.000104865546746, 9.21346072573e-05, 0.000107738902443, 8.7179170805e-05, 9.11203096621e-05, 0.000105765531771, 0.000105600141978, 9.95438022073e-05, 7.9870405898e-05, 3.95296883653e-05, 3.55995471182e-05, 3.80398669222e-05, 2.80755812128e-05, 1.95957854885e-05, 1.80909355549e-05, 1.13946844067e-05, 7.82037295721e-06, 6.59254465063e-06, 1.12517709567e-05, 6.01944202572e-06, 6.08794334767e-06, 4.80073003928e-06, 4.06947856391e-06, 4.09185167882e-06, 4.69635460831e-06, 6.20866694589e-06, 6.98267012922e-06, 1.11327872219e-05, 5.84286226513e-06, 5.85640691497e-06, 2.57588317254e-06],
        "dvar": [1.45879530464e-05, 2.72033958026e-05, 1.79200833372e-05, 1.48149604229e-06, 5.17234148845e-08, 4.03792839165e-08, 1.242656964e-07, 5.62051880593e-08, 3.89177365889e-08, 3.35339152002e-08, 2.44480151679e-08, 2.32800712041e-08, 1.98350864622e-08, 2.64016843943e-08, 2.35238335478e-08, 2.29528112072e-08, 2.7711243078e-08, 1.54505652716e-08, 4.76538719596e-09, 2.17743201247e-09, 3.93059096382e-09, 1.52993484548e-09, 6.58312682145e-10, 5.24294330173e-10, 2.39901459809e-10, 1.36178554544e-10, 1.25621554825e-10, 1.92299037804e-10, 5.20784110281e-11, 5.1672069401e-11, 2.85857743726e-11, 2.16872370756e-11, 3.43504356903e-11, 3.58922995491e-11, 5.61056721915e-11, 6.78052267111e-11, 1.92459909121e-10, 5.1591269451e-11, 5.21435984668e-11, 1.07604472208e-11],
        "dvar2": [3.66206622857e-05, 6.72759924782e-05, 4.81871684315e-05, 4.18632816945e-06, 1.44212975783e-07, 9.68604254581e-08, 2.86939410898e-07, 1.35747782792e-07, 8.9559861749e-08, 7.45468327068e-08, 5.30807398036e-08, 5.73844545215e-08, 4.63301041975e-08, 5.92137077149e-08, 5.74512384333e-08, 6.17541786596e-08, 6.90458250574e-08, 4.41097220971e-08, 1.12822737819e-08, 4.91856688711e-09, 9.1028793392e-09, 3.73157904576e-09, 1.49822210194e-09, 1.21698140454e-09, 5.73383285296e-10, 3.04918118532e-10, 2.61360877385e-10, 4.39149216991e-10, 1.15658163602e-10, 1.19851947811e-10, 6.158511201e-11, 4.79142593657e-11, 7.52464687781e-11, 8.09260297663e-11, 1.33479713393e-10, 1.67821423425e-10, 5.01643671047e-10, 1.31020069793e-10, 1.31520197511e-10, 2.4482086497e-11],
        "max": [0.0467822700739, 0.0648928284645, 0.0389710441232, 0.0165675245225, 0.00398817704991, 0.00415417179465, 0.00583412917331, 0.0054364670068, 0.00396052422002, 0.00391187565401, 0.00376723054796, 0.00300099723972, 0.00336142070591, 0.0038767659571, 0.00367259513587, 0.00380864040926, 0.00558441411704, 0.00373836606741, 0.00259788893163, 0.00109260017052, 0.00194215751253, 0.00100447773002, 0.000927012530155, 0.00071713514626, 0.000526663847268, 0.000406147999456, 0.000394156464608, 0.000351803202648, 0.000148364328197, 9.97317474685e-05, 0.000124884827528, 0.0001116629428, 0.000182415591553, 0.000169502425706, 0.000147205952089, 0.000104390463093, 0.000100283708889, 0.000128588682855, 9.58496602834e-05, 7.11475295248e-05],
        "mean": [0.00575841683894, 0.00561254192144, 0.00206504878588, 0.00038265567855, 9.73741916823e-05, 0.000115634313261, 0.000197859757463, 0.000105500017526, 0.000109075335786, 9.49889945332e-05, 8.52123484947e-05, 9.37297081691e-05, 6.99597221683e-05, 7.78969551902e-05, 8.53360033943e-05, 7.1035050496e-05, 7.87660392234e-05, 5.6900898926e-05, 3.68201472156e-05, 3.37133060384e-05, 3.51139424311e-05, 2.59820626525e-05, 2.08477613342e-05, 1.87609930435e-05, 1.13317464638e-05, 8.29526925372e-06, 6.8650342655e-06, 1.13174555736e-05, 6.1003834162e-06, 5.44334216102e-06, 4.82513587485e-06, 3.9420997382e-06, 4.01661918659e-06, 3.95556980948e-06, 4.26736232839e-06, 4.10216534874e-06, 5.3139724514e-06, 3.06162974084e-06, 2.92839217764e-06, 1.56915223215e-06],
        "median": [0.00415569078177, 0.00385854905471, 0.000681159202941, 0.000105124738184, 2.87664242933e-05, 3.09733113681e-05, 2.8364956961e-05, 1.68089100043e-05, 1.05368053482e-05, 7.37992468203e-06, 8.56789210957e-06, 1.08259582703e-05, 9.21099581319e-06, 7.37250184102e-06, 8.89864350029e-06, 8.29694363347e-06, 6.59671013636e-06, 6.18205967839e-06, 5.23758080817e-06, 6.86097655489e-06, 8.73453791428e-06, 7.0114178925e-06, 6.44476449452e-06, 6.30574049865e-06, 3.5298533021e-06, 1.99357805286e-06, 1.55419479597e-06, 3.21718061969e-06, 1.89670095097e-06, 1.85211229109e-06, 1.89169747955e-06, 1.46033630699e-06, 1.30219837047e-06, 1.17303306979e-06, 1.03000286344e-06, 6.89525563757e-07, 5.16520458405e-07, 3.48493188085e-07, 2.2637205177e-07, 1.33654296519e-07],
        "min": [8.90639936428e-25, 7.14055986592e-25, 6.07290417692e-25, 7.8162497996e-25, 1.05523162278e-24, 1.57480667357e-24, 4.44034864496e-25, 1.30859076997e-24, 1.21227391027e-24, 1.64805536685e-24, 1.63597553981e-24, 2.09724371173e-24, 1.4756469564e-24, 1.93232563418e-24, 1.78908624316e-24, 1.61548546944e-24, 3.155813005e-24, 2.8555599227e-24, 3.60859372384e-24, 1.83516853901e-24, 3.37662246934e-24, 3.75111367371e-24, 2.58351512586e-24, 2.71412465657e-24, 3.20601394364e-24, 4.179653683e-24, 4.06021777537e-24, 4.87122437278e-24, 3.7541677487e-24, 3.87750378465e-24, 4.16542263227e-24, 4.76035036698e-24, 5.20903827822e-24, 4.73648771903e-24, 5.90411545473e-24, 4.67870799646e-24, 4.09944270059e-24, 5.59957727999e-24, 4.95203765049e-24, 5.21846792705e-24],
        "var": [4.02116747864e-05, 4.04555139539e-05, 1.43614943227e-05, 9.51043944042e-07, 4.31990549998e-08, 5.57498829323e-08, 1.82248285796e-07, 6.40738946345e-08, 6.20786053673e-08, 6.04148340244e-08, 4.46706884816e-08, 4.08500540061e-08, 2.78105893869e-08, 4.16225667266e-08, 3.93382499908e-08, 2.82587855338e-08, 4.16839576189e-08, 2.08828723203e-08, 8.39889580107e-09, 4.5859454012e-09, 6.33993524346e-09, 2.77677192351e-09, 1.35099531562e-09, 1.08734232729e-09, 4.79255968244e-10, 3.40135253296e-10, 3.10391434777e-10, 3.9175454547e-10, 1.12643332162e-10, 7.90792015204e-11, 5.43695262423e-11, 4.14392929693e-11, 5.79122270972e-11, 5.3987533194e-11, 6.83627113252e-11, 6.70734440211e-11, 1.52826459821e-10, 4.72126712725e-11, 4.9088334092e-11, 1.44294593635e-11]
    },
    "mfcc": {
        "mean": [-670.905578613, 91.442741394, 14.7971944809, 36.100566864, 21.127161026, 23.7966785431, 7.41995859146, 15.0892305374, 6.76647806168, 6.37986516953, 2.92404198647, 9.32070446014, 1.11142909527],
        "cov": [[12726.7041016, 515.211303711, -1486.96374512, -1027.48632812, -462.353088379, -235.337234497, -269.636505127, 44.587802887, -186.939743042, -35.3113632202, 42.7955169678, 53.788444519, -90.469367981], [515.211303711, 1803.95227051, -247.052520752, -62.7897224426, -62.5129966736, 19.1010437012, 49.1240539551, 190.554046631, 25.7588996887, -61.366859436, 99.8850631714, 70.3915481567, -7.54117679596], [-1486.96374512, -247.052520752, 1279.89807129, 448.769561768, 326.492858887, 118.969284058, 173.468856812, 49.9694862366, 83.8089294434, 56.4677963257, -44.5153236389, 3.7383415699, 28.2022533417], [-1027.48632812, -62.7897224426, 448.769561768, 797.194763184, 296.74520874, 237.93572998, 114.363059998, -8.68789672852, 99.3193893433, 90.5177536011, -27.3608970642, -19.3822040558, 27.7300205231], [-462.353088379, -62.5129966736, 326.492858887, 296.74520874, 508.982849121, 234.485488892, 30.3787555695, -84.6171340942, 7.66507196426, 71.9375991821, 6.61372900009, -10.3591079712, -4.44718503952], [-235.337234497, 19.1010437012, 118.969284058, 237.93572998, 234.485488892, 336.89541626, 134.486053467, -18.4837303162, 26.8669815063, 52.3356018066, 0.238202244043, -6.58536434174, 16.1223888397], [-269.636505127, 49.1240539551, 173.468856812, 114.363059998, 30.3787555695, 134.486053467, 291.526367188, 129.466186523, 41.7167854309, 25.1758670807, -6.7413110733, 3.78632950783, 13.7373027802], [44.587802887, 190.554046631, 49.9694862366, -8.68789672852, -84.6171340942, -18.4837303162, 129.466186523, 228.56829834, 68.65675354, -4.46633672714, 35.922000885, 26.0224170685, 5.01854610443], [-186.939743042, 25.7588996887, 83.8089294434, 99.3193893433, 7.66507196426, 26.8669815063, 41.7167854309, 68.65675354, 131.840423584, 56.9789390564, 10.8729724884, 20.4387702942, 2.73465180397], [-35.3113632202, -61.366859436, 56.4677963257, 90.5177536011, 71.9375991821, 52.3356018066, 25.1758670807, -4.46633672714, 56.9789390564, 115.410362244, 29.2151355743, 11.6098880768, -0.541865289211], [42.7955169678, 99.8850631714, -44.5153236389, -27.3608970642, 6.61372900009, 0.238202244043, -6.7413110733, 35.922000885, 10.8729724884, 29.2151355743, 117.382507324, 53.1110038757, 5.60649490356], [53.788444519, 70.3915481567, 3.7383415699, -19.3822040558, -10.3591079712, -6.58536434174, 3.78632950783, 26.0224170685, 20.4387702942, 11.6098880768, 53.1110038757, 111.458610535, 33.5175209045], [-90.469367981, -7.54117679596, 28.2022533417, 27.7300205231, -4.44718503952, 16.1223888397, 13.7373027802, 5.01854610443, 2.73465180397, -0.541865289211, 5.60649490356, 33.5175209045, 84.5616378784]],
