{
"lowlevel": {
    "average_loudness": 0.938753426075,
    "barkbands_crest": {
        "dmean": 3.50408864021,
        "dmean2": 5.6333398819,
        "dvar": 10.5938205719,
        "dvar2": 25.1507968903,
        "max": 26.5744895935,
        "mean": 10.0019760132,
        "median": 9.21684837341,
        "min": 2.04322981834,
        "var": 25.1192951202
    },
    "barkbands_flatness_db": {
        "dmean": 0.0382648557425,
        "dmean2": 0.056896340102,
        "dvar": 0.00156940484885,
        "dvar2": 0.00332945212722,
        "max": 0.406528413296,
        "mean": 0.144177928567,
        "median": 0.134802937508,
        "min": 0.0225244853646,
        "var": 0.00458321766928
    },
    "barkbands_kurtosis": {
        "dmean": 6.89696025848,
        "dmean2": 10.7564401627,
        "dvar": 199.291931152,
        "dvar2": 438.419464111,
        "max": 292.956359863,
        "mean": 7.2627363205,
        "median": 1.06569361687,
        "min": -1.97237718105,
        "var": 291.932800293
    },
    "barkbands_skewness": {
        "dmean": 1.09897720814,
        "dmean2": 1.64719283581,
        "dvar": 1.7253125906,
        "dvar2": 3.79802012444,
        "max": 16.4716072083,
        "mean": 1.38697040081,
        "median": 1.04444265366,
        "min": -7.92631483078,
        "var": 4.23233985901
    },
    "barkbands_spread": {
        "dmean": 12.5911331177,
        "dmean2": 20.5696849823,
        "dvar": 243.473846436,
        "dvar2": 609.227111816,
        "max": 129.50012207,
        "mean": 27.1068382263,
        "median": 24.0975341797,
        "min": 0.468251854181,
        "var": 361.982574463
    },
    "dissonance": {
        "dmean": 0.0230542104691,
        "dmean2": 0.0372149311006,
        "dvar": 0.000946394866332,
        "dvar2": 0.00224486016668,
        "max": 0.500000119209,
        "mean": 0.462179124355,
        "median": 0.481065750122,
        "min": 0.115435086191,
        "var": 0.00225971243344
    },
    "dynamic_complexity": 4.24263763428,
    "erbbands_crest": {
        "dmean": 3.12416982651,
        "dmean2": 5.05207061768,
        "dvar": 9.58960723877,
        "dvar2": 23.191362381,
        "max": 32.8198013306,
        "mean": 8.78281497955,
        "median": 7.35716676712,
        "min": 2.29376220703,
        "var": 23.5358848572
    },
    "erbbands_flatness_db": {
        "dmean": 0.0271527711302,
        "dmean2": 0.0396179668605,
        "dvar": 0.000771137711126,
        "dvar2": 0.00156427547336,
        "max": 0.41972604394,
        "mean": 0.162587761879,
        "median": 0.156846299767,
        "min": 0.0322036929429,
        "var": 0.00303696258925
    },
    "erbbands_kurtosis": {
        "dmean": 2.24927926064,
        "dmean2": 3.5858206749,
        "dvar": 18.2254886627,
        "dvar2": 42.2614593506,
        "max": 137.285675049,
        "mean": 1.66423118114,
        "median": 0.0664174556732,
        "min": -1.86398434639,
        "var": 28.3197422028
    },
    "erbbands_skewness": {
        "dmean": 0.683289408684,
        "dmean2": 1.02008676529,
        "dvar": 0.561797320843,
        "dvar2": 1.22634720802,
        "max": 6.33985710144,
        "mean": 0.169161021709,
        "median": 0.0612673908472,
        "min": -8.6414680481,
        "var": 1.59803593159
    },
    "erbbands_spread": {
        "dmean": 15.3051671982,
        "dmean2": 24.2533855438,
        "dvar": 312.986541748,
        "dvar2": 766.339538574,
        "max": 187.611694336,
        "mean": 43.0864448547,
        "median": 37.776008606,
        "min": 2.13199687004,
        "var": 625.672363281
    },
    "hfc": {
        "dmean": 14.4258441925,
        "dmean2": 22.0455627441,
        "dvar": 586.190246582,
        "dvar2": 1411.90637207,
        "max": 328.631134033,
        "mean": 23.1130924225,
        "median": 11.82122612,
        "min": 1.07580589222e-16,
        "var": 969.647277832
    },
    "melbands_crest": {
        "dmean": 4.27614545822,
        "dmean2": 7.0115647316,
        "dvar": 14.6561985016,
        "dvar2": 35.4480895996,
        "max": 33.9419555664,
        "mean": 14.0203790665,
        "median": 13.734749794,
        "min": 1.61936545372,
        "var": 35.1545791626
    },
    "melbands_flatness_db": {
        "dmean": 0.0476150996983,
        "dmean2": 0.0701105520129,
        "dvar": 0.00262455665506,
        "dvar2": 0.00562116270885,
        "max": 0.502453863621,
        "mean": 0.177600651979,
        "median": 0.170178562403,
        "min": 0.0036139797885,
        "var": 0.00859767384827
    },
    "melbands_kurtosis": {
        "dmean": 18.4026527405,
        "dmean2": 28.5823459625,
        "dvar": 1705.79394531,
        "dvar2": 3746.51489258,
        "max": 715.026733398,
        "mean": 23.5325889587,
        "median": 6.22105693817,
        "min": -1.93344891071,
        "var": 2510.30957031
    },
    "melbands_skewness": {
        "dmean": 1.42872977257,
        "dmean2": 2.16865611076,
        "dvar": 3.2073199749,
        "dvar2": 7.05155467987,
        "max": 22.1700897217,
        "mean": 2.88669514656,
        "median": 2.11211800575,
        "min": -5.81954336166,
        "var": 7.89886474609
    },
    "melbands_spread": {
        "dmean": 21.1639194489,
        "dmean2": 34.6660957336,
        "dvar": 1120.08752441,
        "dvar2": 2799.01220703,
        "max": 317.309326172,
        "mean": 38.8819503784,
        "median": 26.8397369385,
        "min": 0.596909165382,
        "var": 1599.0501709
    },
    "pitch_salience": {
        "dmean": 0.100096836686,
        "dmean2": 0.161057054996,
        "dvar": 0.00965427793562,
        "dvar2": 0.0226465296,
        "max": 0.996343672276,
        "mean": 0.583845794201,
        "median": 0.599793314934,
        "min": 0.056536577642,
        "var": 0.0228711273521
    },
    "silence_rate_20dB": {
        "dmean": 0,
        "dmean2": 0,
        "dvar": 0,
        "dvar2": 0,
        "max": 1,
        "mean": 1,
        "median": 1,
        "min": 1,
        "var": 0
    },
    "silence_rate_30dB": {
        "dmean": 0.000553288613446,
        "dmean2": 0.00110665371176,
        "dvar": 0.000553049263544,
        "dvar2": 0.00165910716169,
        "max": 1,
        "mean": 0.999723374844,
        "median": 1,
        "min": 0,
        "var": 0.000276512786513
    },
    "silence_rate_60dB": {
        "dmean": 0.10636973381,
        "dmean2": 0.212754189968,
        "dvar": 0.0950599014759,
        "dvar2": 0.200263917446,
        "max": 1,
        "mean": 0.187966808677,
        "median": 0,
        "min": 0,
        "var": 0.152621388435
    },
    "spectral_centroid": {
        "dmean": 576.76159668,
        "dmean2": 891.960083008,
        "dvar": 562907.25,
        "dvar2": 1285448.625,
        "max": 11759.1162109,
        "mean": 1859.93615723,
        "median": 1655.25878906,
        "min": 168.300354004,
        "var": 1426288.125
    },
    "spectral_complexity": {
        "dmean": 5.60260057449,
        "dmean2": 8.17734146118,
        "dvar": 51.7044410706,
        "dvar2": 102.986442566,
        "max": 66,
        "mean": 15.3436374664,
        "median": 10,
        "min": 0,
        "var": 214.25730896
    },
    "spectral_decrease": {
        "dmean": 2.51434917331e-09,
        "dmean2": 3.5867300241e-09,
        "dvar": 1.40321777604e-17,
        "dvar2": 2.96964788224e-17,
        "max": 1.54534772565e-12,
        "mean": -4.41745262592e-09,
        "median": -2.57003307524e-09,
        "min": -3.55425910925e-08,
        "var": 2.58157940658e-17
    },
    "spectral_energy": {
        "dmean": 0.0102817295119,
        "dmean2": 0.0143823307008,
        "dvar": 0.000214420579141,
        "dvar2": 0.000446162506705,
        "max": 0.14066298306,
        "mean": 0.0187689065933,
        "median": 0.0114479232579,
        "min": 1.03267327934e-20,
        "var": 0.000426025711931
    },
    "spectral_energyband_high": {
        "dmean": 0.00133493426256,
        "dmean2": 0.00217973883264,
        "dvar": 6.56087604511e-06,
        "dvar2": 1.63873100973e-05,
        "max": 0.0465813539922,
        "mean": 0.00172622792888,
        "median": 0.000527507276274,
        "min": 7.17469563803e-21,
        "var": 8.94422100828e-06
    },
    "spectral_energyband_low": {
        "dmean": 0.00552517315373,
        "dmean2": 0.00851070787758,
        "dvar": 0.000159829200129,
        "dvar2": 0.000355231080903,
        "max": 0.125220716,
        "mean": 0.00703035900369,
        "median": 0.000493340892717,
        "min": 1.43630744913e-23,
        "var": 0.000212931961869
    },
    "spectral_energyband_middle_high": {
        "dmean": 0.0030552810058,
        "dmean2": 0.00446042139083,
        "dvar": 3.46719571098e-05,
        "dvar2": 7.68800964579e-05,
        "max": 0.0708603933454,
        "mean": 0.00502488715574,
        "median": 0.00175021332689,
        "min": 1.29030835445e-21,
        "var": 6.65525440127e-05
    },
    "spectral_energyband_middle_low": {
        "dmean": 0.00367174483836,
        "dmean2": 0.00582377938554,
        "dvar": 4.54409491795e-05,
        "dvar2": 0.000115228212962,
        "max": 0.102170541883,
        "mean": 0.00571484584361,
        "median": 0.00361559912562,
        "min": 1.43828149466e-22,
        "var": 5.35353392479e-05
    },
    "spectral_entropy": {
        "dmean": 0.260035067797,
        "dmean2": 0.381370395422,
        "dvar": 0.0852412953973,
        "dvar2": 0.168657571077,
        "max": 9.82291126251,
        "mean": 7.78789567947,
        "median": 7.89547538757,
        "min": 5.35300779343,
        "var": 0.265596389771
    },
    "spectral_flux": {
        "dmean": 0.0324098542333,
        "dmean2": 0.0474097616971,
        "dvar": 0.00130405533127,
        "dvar2": 0.00265535200015,
        "max": 0.342026531696,
        "mean": 0.0874201953411,
        "median": 0.0757579654455,
        "min": 6.40591191203e-11,
        "var": 0.00337586249225
    },
    "spectral_kurtosis": {
        "dmean": 1.38234114647,
        "dmean2": 2.25846886635,
        "dvar": 2.45591807365,
        "dvar2": 6.29537010193,
        "max": 27.5964889526,
        "mean": 2.74162483215,
        "median": 2.38180494308,
        "min": -1.29062688351,
        "var": 4.88160133362
    },
    "spectral_rms": {
        "dmean": 0.0010981571395,
        "dmean2": 0.00146184209734,
        "dvar": 1.44206762798e-06,
        "dvar2": 2.66529946202e-06,
        "max": 0.0117146139964,
        "mean": 0.00365407112986,
        "median": 0.00334196118638,
        "min": 3.17409228241e-12,
        "var": 4.95886934004e-06
    },
    "spectral_rolloff": {
        "dmean": 1408.54797363,
        "dmean2": 2419.61083984,
        "dvar": 4669632,
        "dvar2": 10749645,
        "max": 19638.28125,
        "mean": 2787.8449707,
        "median": 1765.72265625,
        "min": 21.533203125,
        "var": 8187164.5
    },
    "spectral_skewness": {
        "dmean": 0.283022522926,
        "dmean2": 0.439649403095,
        "dvar": 0.0796234682202,
        "dvar2": 0.189214736223,
        "max": 4.28264188766,
        "mean": 1.21349799633,
        "median": 1.18090176582,
        "min": -0.508064210415,
        "var": 0.239282101393
    },
    "spectral_spread": {
        "dmean": 1013602.375,
        "dmean2": 1587049.125,
        "dvar": 2.25666374042e+12,
        "dvar2": 5.35693780582e+12,
        "max": 50074788,
        "mean": 5429968,
        "median": 4894491.5,
        "min": 1464167.375,
        "var": 6.61508272947e+12
    },
    "spectral_strongpeak": {
        "dmean": 0.594645082951,
        "dmean2": 0.989226937294,
        "dvar": 0.940882265568,
        "dvar2": 2.38501667976,
        "max": 15.5063524246,
        "mean": 0.812492847443,
        "median": 0.341467857361,
        "min": 0,
        "var": 1.32442843914
    },
    "zerocrossingrate": {
        "dmean": 0.0244606658816,
        "dmean2": 0.0293450001627,
        "dvar": 0.000820846064016,
        "dvar2": 0.000985980848782,
        "max": 0.52099609375,
        "mean": 0.092898786068,
        "median": 0.0771484375,
        "min": 0.00439453125,
        "var": 0.00491021713242
    },
    "barkbands": {
        "dmean": [2.14598730963e-05, 0.0039133913815, 0.00213653198443, 0.00112840766087, 0.00119376310613, 0.000420669559389, 0.000407772487961, 0.000782273127697, 0.000824629736599, 0.000686394516379, 0.000583167653531, 0.000472165789688, 0.000496889348142, 0.000533962796908, 0.000313871219987, 0.000171081876033, 0.000245088740485, 0.000272747332929, 0.000336302386131, 0.00028071802808, 0.000387651118217, 0.000255136954365, 0.000254099664744, 0.000178389484063, 0.000244504888542, 3.40169026458e-05, 1.7341120838e-05],
        "dmean2": [3.26276058331e-05, 0.00617477204651, 0.0038567467127, 0.00195372453891, 0.00202218838967, 0.000689060485456, 0.000658461707644, 0.00125134841073, 0.00129507645033, 0.00106731487904, 0.00092934910208, 0.000759509101044, 0.000807148520835, 0.000885772693437, 0.000518081709743, 0.00027425470762, 0.000383072241675, 0.000438919378212, 0.000539987755474, 0.000469481543405, 0.000670136825647, 0.000403567100875, 0.000403151439968, 0.000283523258986, 0.000439768162323, 5.76463498874e-05, 3.26153567585e-05],
        "dvar": [2.39485986597e-09, 0.000100607212516, 3.40479600709e-05, 5.64294668948e-06, 1.49002171383e-05, 9.95038135443e-07, 1.27770852032e-06, 5.04082390762e-06, 6.0914567257e-06, 3.61582124242e-06, 3.21712218465e-06, 1.45781802985e-06, 1.72878276317e-06, 2.25854023483e-06, 6.20044204425e-07, 1.15909401188e-07, 2.83364215647e-07, 4.25603104759e-07, 6.99106067259e-07, 3.86922266671e-07, 9.78375055638e-07, 2.82172891275e-07, 4.90772663397e-07, 3.14378723942e-07, 2.51236230042e-07, 4.79475659176e-09, 1.66550728764e-09],
        "dvar2": [5.23751886305e-09, 0.0002201905736, 9.86987288343e-05, 1.53690943989e-05, 4.04525344493e-05, 2.46528907155e-06, 2.97248834613e-06, 1.21917664728e-05, 1.41074397106e-05, 8.03538659966e-06, 7.45398756408e-06, 3.40957126355e-06, 4.19360503656e-06, 5.61201477467e-06, 1.56455769229e-06, 2.79158570038e-07, 6.02669558702e-07, 1.05274784801e-06, 1.62204389653e-06, 9.97997858576e-07, 2.71400131169e-06, 6.42424765829e-07, 1.20330776099e-06, 7.13630811333e-07, 6.59817430915e-07, 1.14134888207e-08, 4.63931293382e-09],
        "max": [0.000591880700085, 0.0891440659761, 0.0702073723078, 0.0315486267209, 0.0701818317175, 0.0272308848798, 0.0194527469575, 0.0447538420558, 0.0664852783084, 0.0363630689681, 0.0631311610341, 0.0388437621295, 0.0301788002253, 0.0641817376018, 0.0255189929157, 0.00501928851008, 0.011202044785, 0.0159332826734, 0.012160778977, 0.00646141590551, 0.00816753134131, 0.0112691447139, 0.0236597601324, 0.0184087175876, 0.00786545686424, 0.00188189558685, 0.00038608678733],
        "mean": [2.54232800216e-05, 0.00422097183764, 0.00216760020703, 0.0013136845082, 0.00136197719257, 0.000534227699973, 0.000463350821519, 0.000865909212735, 0.000975328846835, 0.000812397687696, 0.000672126770951, 0.000560096174013, 0.000576120684855, 0.00056996330386, 0.000378923723474, 0.000228836448514, 0.000348991336068, 0.000374209572328, 0.000419647258241, 0.000345356849721, 0.000402409525122, 0.000361668644473, 0.000329426024109, 0.000216849104618, 0.000198350928258, 3.42993080267e-05, 1.07043997559e-05],
        "median": [1.26623331198e-06, 0.000187444456969, 0.000112588662887, 0.000146547914483, 0.000510984042194, 0.000179551221663, 8.39465792524e-05, 0.000100793971797, 0.000149171100929, 0.000105141982203, 9.47057051235e-05, 0.000110290333396, 0.000100944918813, 0.000105554703623, 7.30698156985e-05, 5.66353483009e-05, 9.08867295948e-05, 9.72354318947e-05, 7.69654725445e-05, 6.63206446916e-05, 6.42672239337e-05, 0.000101273632026, 6.98626536177e-05, 4.87691941089e-05, 2.0729166863e-05, 4.87708803121e-06, 4.92517742146e-08],
        "min": [1.79306900465e-24, 2.16095330173e-24, 2.05844378532e-24, 3.51293368946e-24, 2.08629065416e-23, 6.96177795239e-24, 1.38564269972e-23, 1.10276782873e-23, 1.55195366897e-23, 1.77006597843e-23, 1.13154342351e-23, 3.04262168085e-23, 2.71047936977e-23, 4.66329696758e-23, 4.81845107706e-23, 6.43071016456e-23, 7.40209770603e-23, 1.00822223393e-22, 1.5421988359e-22, 2.20592166288e-22, 2.69241937754e-22, 3.09203687459e-22, 3.99632895617e-22, 5.86994100635e-22, 8.97836700267e-22, 1.38613882381e-21, 1.88903737321e-21],
        "var": [3.20957083133e-09, 0.000117707277241, 2.63435194938e-05, 6.48895593258e-06, 1.1229239135e-05, 1.29433146867e-06, 1.61139632837e-06, 6.03852640779e-06, 7.76462366048e-06, 5.34379341843e-06, 4.12938197769e-06, 2.07352763937e-06, 2.25394887821e-06, 2.39278733716e-06, 7.65592176322e-07, 1.9632344106e-07, 4.9150128234e-07, 6.25745201432e-07, 9.77796389634e-07, 5.19857223935e-07, 8.01736064204e-07, 4.85490375013e-07, 6.41219912723e-07, 4.19757327563e-07, 2.19933980361e-07, 6.17175599515e-09, 1.0246495874e-09]
    },
    "erbbands": {
        "dmean": [0.0795719772577, 1.02337944508, 2.47557854652, 3.03309369087, 4.72921705246, 3.42460107803, 3.14114880562, 3.4346716404, 4.70066165924, 10.0543603897, 18.8349952698, 17.7863330841, 17.3747997284, 23.3474960327, 21.0253582001, 18.9064922333, 21.9962406158, 26.9817352295, 19.8538894653, 11.7410125732, 10.535443306, 13.2404518127, 15.1180429459, 14.5221300125, 15.4483995438, 14.2700872421, 12.7692451477, 15.4350185394, 9.95154762268, 8.67167758942, 6.99319791794, 4.36771965027, 3.87584352493, 3.12502098083, 0.785325586796, 0.187418997288, 0.068857729435, 0.0240790918469, 0.0022276181262, 4.28288076364e-05],
        "dmean2": [0.118862643838, 1.63085234165, 4.34986639023, 5.2984495163, 8.11940383911, 5.69657897949, 5.16804885864, 5.56765794754, 7.52944850922, 16.1972808838, 29.6639041901, 27.5305194855, 26.5583267212, 35.6785087585, 33.3592567444, 30.0586071014, 35.3294906616, 43.9019546509, 32.2379417419, 19.0399951935, 16.7505397797, 20.3484115601, 24.4397335052, 22.5133037567, 25.0921058655, 24.4264507294, 21.8760643005, 26.563331604, 16.0810909271, 13.5676651001, 11.1561994553, 6.9175195694, 6.54355382919, 5.63628578186, 1.3228969574, 0.310913294554, 0.119226746261, 0.0441479347646, 0.00417900411412, 7.24409328541e-05],
        "dvar": [0.0404238216579, 6.92734289169, 44.144733429, 40.437461853, 263.720306396, 79.837600708, 48.7999343872, 87.1584854126, 170.076385498, 869.554504395, 3156.79956055, 3310.16430664, 2243.57348633, 4234.69824219, 4597.015625, 2140.93359375, 3250.08374023, 6314.53564453, 2640.27392578, 680.794250488, 468.862365723, 846.25390625, 1463.0949707, 1428.34802246, 1281.90893555, 1146.30895996, 818.406616211, 1559.45959473, 439.364105225, 422.67401123, 416.703460693, 183.317657471, 105.742919922, 41.97473526, 3.21318793297, 0.206040516496, 0.0170487109572, 0.00267426995561, 2.69504889729e-05, 5.87322368517e-09],
        "dvar2": [0.0847448930144, 15.6734008789, 124.088897705, 111.944511414, 737.621948242, 207.572647095, 123.664459229, 215.720825195, 399.605133057, 2135.83837891, 7630.08251953, 7655.88769531, 4778.77197266, 9406.90527344, 11052.8769531, 4809.83349609, 7904.57177734, 15377.3154297, 6434.91210938, 1682.51904297, 1086.0736084, 1796.70996094, 3686.73193359, 3181.08398438, 3008.30664062, 3080.77856445, 2199.36865234, 4293.93066406, 1039.53234863, 1003.20227051, 1022.05761719, 422.917388916, 252.831359863, 110.353523254, 7.53371906281, 0.464144587517, 0.0431258901954, 0.00730829499662, 7.50304825488e-05, 1.59338693351e-08],
        "max": [2.01340985298, 23.1835079193, 74.2795028687, 67.9052352905, 293.956329346, 133.977478027, 118.408309937, 316.115905762, 235.58744812, 523.759155273, 1335.90979004, 2009.4934082, 1169.17993164, 1373.69592285, 2703.45214844, 1586.19677734, 1169.41003418, 3804.93334961, 2529.73217773, 651.695617676, 357.014221191, 648.895812988, 931.080200195, 446.192260742, 599.36730957, 349.435943604, 334.786987305, 361.259979248, 390.856964111, 641.257873535, 703.946716309, 389.395935059, 396.364044189, 102.806343079, 53.3205757141, 16.6425762177, 2.766528368, 0.447487562895, 0.0500302389264, 0.000699880067259],
        "mean": [0.0893766731024, 1.06663739681, 2.56140494347, 3.52452778816, 5.23829507828, 3.95571804047, 3.94759631157, 4.32195091248, 5.51927423477, 11.3191843033, 21.7244319916, 21.6453952789, 22.1388530731, 28.5608215332, 25.9249839783, 23.545627594, 26.4623832703, 30.6716213226, 23.2307510376, 15.7179412842, 14.368062973, 19.6859035492, 20.8267421722, 20.8293743134, 19.2376384735, 16.9549236298, 15.1981372833, 15.541012764, 13.2626342773, 12.0606412888, 8.93885612488, 5.45689725876, 3.87963962555, 2.52160835266, 0.80648368597, 0.201690644026, 0.062763735652, 0.0173980277032, 0.00140790664591, 4.84392985527e-05],
        "median": [0.00321580842137, 0.0502045191824, 0.141662269831, 0.354931652546, 1.27676904202, 1.40423226357, 1.45754659176, 1.31138706207, 1.38909816742, 1.97644376755, 3.26386427879, 3.70690703392, 3.88159012794, 4.19627285004, 4.93768024445, 4.90735006332, 5.04453992844, 6.02929735184, 4.7778301239, 3.64280605316, 3.69947457314, 5.52097606659, 5.59476470947, 4.31946277618, 3.77486467361, 3.09647846222, 2.68662595749, 2.69150090218, 3.54006385803, 3.00372004509, 1.88402056694, 1.31183791161, 0.650321125984, 0.278324186802, 0.102922990918, 0.0318122319877, 0.00710371043533, 0.000670937239192, 3.106706572e-05, 2.18230306928e-05],
        "min": [1.31330876166e-22, 4.25735432068e-22, 2.94701490721e-21, 6.41250767249e-21, 1.65940331099e-20, 5.04400229562e-20, 9.3086052913e-20, 7.53650330705e-20, 1.48862524962e-19, 1.7992930912e-19, 4.25792719577e-19, 3.98870653126e-19, 7.2821191608e-19, 7.19666985256e-19, 1.09862572083e-18, 1.2841334843e-18, 1.49313348736e-18, 2.0976206388e-18, 3.17360994178e-18, 2.94564661638e-18, 4.28454286935e-18, 5.52297534859e-18, 5.78775379471e-18, 8.57840889138e-18, 8.19027010537e-18, 1.06175555123e-17, 8.60581090353e-18, 1.04048220295e-17, 1.12005416547e-17, 1.28191041572e-17, 1.13707845237e-17, 1.27148578933e-17, 1.00982151278e-17, 9.14385963195e-18, 6.88863730502e-18, 4.07322758775e-18, 2.34111738213e-18, 1.03630138398e-18, 2.61056934701e-19, 2.41680865394e-20],
        "var": [0.0525605417788, 7.61966943741, 35.7236671448, 43.6973457336, 186.542205811, 72.6571807861, 61.0885505676, 109.340820312, 205.93170166, 971.093200684, 3804.2800293, 4163.58154297, 3598.2253418, 6247.02050781, 5776.05517578, 3294.86230469, 4313.22119141, 6947.59619141, 3287.85400391, 1005.38513184, 776.787475586, 1524.24560547, 2008.41809082, 2245.56591797, 1752.11315918, 1343.40124512, 897.436462402, 1275.34094238, 694.808349609, 632.185546875, 536.277648926, 244.484481812, 123.56778717, 36.6626701355, 4.21798801422, 0.293841153383, 0.0177245158702, 0.00185690179933, 1.67078414961e-05, 5.12683717702e-09]
    },
    "gfcc": {
        "mean": [-52.7054977417, 53.9739227295, -122.457939148, 37.8384628296, -68.3273925781, 20.9013824463, -37.4089698792, 6.47031211853, -25.352230072, -2.03749728203, -17.5246315002, -0.78162664175, -13.3115816116],
        "cov": [[19300.6972656, -347.1875, -1310.03918457, -104.576889038, -365.238708496, 332.176849365, -109.799934387, 132.342346191, -261.3331604, 198.99659729, -212.730133057, 15.4951467514, -311.492980957], [-347.1875, 2647.52856445, 136.276290894, 313.324005127, 471.895233154, 57.6106033325, 341.708343506, -35.2407913208, 114.6847229, -141.689880371, 12.1478757858, -118.218521118, 22.6869373322], [-1310.03918457, 136.276290894, 1786.50183105, 514.183349609, 538.91192627, 282.782775879, 117.659248352, 115.635475159, -14.4720907211, 68.137008667, -69.391242981, -73.414680481, -7.24972295761], [-104.576889038, 313.324005127, 514.183349609, 1021.51025391, 513.355957031, 134.203521729, 80.0178146362, -29.6093673706, 2.88274264336, 28.3957023621, -26.908613205, -74.2327957153, 25.7523765564], [-365.238708496, 471.895233154, 538.91192627, 513.355957031, 855.839355469, 232.021316528, 190.447784424, 41.3957595825, -37.4109420776, 79.552947998, -60.4956054688, -104.863594055, 32.267665863], [332.176849365, 57.6106033325, 282.782775879, 134.203521729, 232.021316528, 395.290985107, 211.012237549, 72.40625, 24.2177143097, 66.8852767944, -8.17335128784, -3.31604480743, -8.29848861694], [-109.799934387, 341.708343506, 117.659248352, 80.0178146362, 190.447784424, 211.012237549, 400.103302002, 96.4320755005, 16.6304969788, 22.2424316406, -0.304497182369, 5.35039806366, 6.21984434128], [132.342346191, -35.2407913208, 115.635475159, -29.6093673706, 41.3957595825, 72.40625, 96.4320755005, 209.963104248, 84.2559661865, 40.7872276306, 14.6663665771, 17.2873477936, 10.6080589294], [-261.3331604, 114.6847229, -14.4720907211, 2.88274264336, -37.4109420776, 24.2177143097, 16.6304969788, 84.2559661865, 213.791412354, 47.0844497681, 49.8502502441, 8.31108188629, 25.4702377319], [198.99659729, -141.689880371, 68.137008667, 28.3957023621, 79.552947998, 66.8852767944, 22.2424316406, 40.7872276306, 47.0844497681, 151.249191284, 25.399230957, 5.63615179062, 4.21044540405], [-212.730133057, 12.1478757858, -69.391242981, -26.908613205, -60.4956054688, -8.17335128784, -0.304497182369, 14.6663665771, 49.8502502441, 25.399230957, 116.185676575, 53.0374298096, 23.7511463165], [15.4951467514, -118.218521118, -73.414680481, -74.2327957153, -104.863594055, -3.31604480743, 5.35039806366, 17.2873477936, 8.31108188629, 5.63615179062, 53.0374298096, 127.960884094, 27.5371055603], [-311.492980957, 22.6869373322, -7.24972295761, 25.7523765564, 32.267665863, -8.29848861694, 6.21984434128, 10.6080589294, 25.4702377319, 4.21044540405, 23.7511463165, 27.5371055603, 101.441696167]],
        "icov": [[7.30074534658e-05, -4.44645920652e-05, 9.29388115765e-05, -6.20998616796e-05, 8.41744840727e-05, -0.000155928981258, 0.00013395769929, -0.000195200933376, 0.000203591305763, -0.000208022640436, 0.000192559411516, -6.50667498121e-05, 0.000159294315381], [-4.44645920652e-05, 0.000660663645249, -6.35973919998e-05, 8.41462679091e-05, -0.000494860811159, 0.00038707285421, -0.000723316916265, 0.000625472690444, -0.000865313922986, 0.00105964799877, -0.000532135367393, 0.000398155505536, 4.7614070354e-05], [9.29388115765e-05, -6.35973919998e-05, 0.000915237760637, -0.00033086023177, -0.000146458376548, -0.000579479441512, 0.000426901882747, -0.000750677427277, 0.000435060239397, -0.000279018102447, 0.000465719931526, -6.43119274173e-05, 0.000311278243316], [-6.20998616796e-05, 8.41462679091e-05, -0.00033086023177, 0.00160362117458, -0.000954478280619, 0.000158394483151, -0.000148525345139, 0.00086159654893, -0.000678826705553, 0.000507650431246, -0.000398000353016, 0.000168901315192, -0.000207970515476], [8.41744840727e-05, -0.000494860811159, -0.000146458376548, -0.000954478280619, 0.00294158421457, -0.000920615915675, 9.59355293162e-06, -0.000848311698064, 0.00164040725213, -0.00190881919116, 0.00084519822849, 0.00128135958221, -0.00120027083904], [-0.000155928981258, 0.00038707285421, -0.000579479441512, 0.000158394483151, -0.000920615915675, 0.00479845656082, -0.00243413518183, 0.000691137684043, -0.00116739189252, -0.000264235975919, -0.000238138018176, -0.000426806451287, 0.000591052405071], [0.00013395769929, -0.000723316916265, 0.000426901882747, -0.000148525345139, 9.59355293162e-06, -0.00243413518183, 0.00487133394927, -0.0022953695152, 0.00139531807508, -0.000542086432688, 0.00052961264737, -0.000791662372649, 0.000143553654198], [-0.000195200933376, 0.000625472690444, -0.000750677427277, 0.00086159654893, -0.000848311698064, 0.000691137684043, -0.0022953695152, 0.00802630931139, -0.00388075457886, 0.000607236870565, -0.000219213077798, -0.000633341085631, -0.000211436563404], [0.000203591305763, -0.000865313922986, 0.000435060239397, -0.000678826705553, 0.00164040725213, -0.00116739189252, 0.00139531807508, -0.00388075457886, 0.00836770888418, -0.00303171109408, -0.00141289772, 0.00125874613877, -0.00126096094027], [-0.000208022640436, 0.00105964799877, -0.000279018102447, 0.000507650431246, -0.00190881919116, -0.000264235975919, -0.000542086432688, 0.000607236870565, -0.00303171109408, 0.0103398179635, -0.00283011910506, 0.000328741472913, 0.000436170172179], [0.000192559411516, -0.000532135367393, 0.000465719931526, -0.000398000353016, 0.00084519822849, -0.000238138018176, 0.00052961264737, -0.000219213077798, -0.00141289772, -0.00283011910506, 0.0132729820907, -0.00490682898089, -0.000756730209105], [-6.50667498121e-05, 0.000398155505536, -6.43119274173e-05, 0.000168901315192, 0.00128135958221, -0.000426806451287, -0.000791662372649, -0.000633341085631, 0.00125874613877, 0.000328741472913, -0.00490682898089, 0.0120154554024, -0.0031065645162], [0.000159294315381, 4.7614070354e-05, 0.000311278243316, -0.000207970515476, -0.00120027083904, 0.000591052405071, 0.000143553654198, -0.000211436563404, -0.00126096094027, 0.000436170172179, -0.000756730209105, -0.0031065645162, 0.012173846364]]
    },
    "melbands": {
        "dmean": [0.000928505090997, 0.00129191798624, 0.000572806049604, 0.000300110899843, 0.000110482978926, 7.7271812188e-05, 7.46486257412e-05, 0.000121543365822, 0.000162240423379, 0.000109684238851, 9.03369582375e-05, 9.8840740975e-05, 7.58822498028e-05, 5.25857903995e-05, 5.28235868842e-05, 4.98796798638e-05, 5.20356079505e-05, 3.48999565176e-05, 2.21550308197e-05, 1.18045736599e-05, 1.33979146995e-05, 1.34257888931e-05, 1.87460282177e-05, 1.13749520096e-05, 1.20643189803e-05, 1.38086325023e-05, 9.80933873507e-06, 9.54210827331e-06, 7.2221814662e-06, 1.13649084597e-05, 7.32463331587e-06, 5.70569409319e-06, 5.33421189175e-06, 4.83461417389e-06, 4.18096624344e-06, 3.59071896128e-06, 2.45519800046e-06, 2.20998686018e-06, 4.78418951388e-06, 1.79612698048e-06],
        "dmean2": [0.00144341832493, 0.00210772850551, 0.000990133616142, 0.000510315294378, 0.000180485862074, 0.000125612161355, 0.000119584954518, 0.000195834742044, 0.000255173770711, 0.000170092360349, 0.00013904440857, 0.000152283362695, 0.000121092998597, 8.44027235871e-05, 8.59282081365e-05, 8.05243034847e-05, 8.54128520587e-05, 5.73662764509e-05, 3.68930850527e-05, 1.89386701095e-05, 2.17215729208e-05, 2.05413143703e-05, 3.10233444907e-05, 1.80169554369e-05, 1.87357873074e-05, 2.29460183618e-05, 1.61514835781e-05, 1.67719808815e-05, 1.24435828184e-05, 1.98436719074e-05, 1.24020834846e-05, 9.39073561312e-06, 8.36670551507e-06, 7.71826216805e-06, 6.75560704622e-06, 5.76485763304e-06, 3.9062315409e-06, 3.55572910848e-06, 8.80624520505e-06, 3.17632475344e-06],
        "dvar": [5.67116831007e-06, 1.05231829366e-05, 1.5320665625e-06, 9.97749225462e-07, 5.6871346743e-08, 3.91484853424e-08, 4.15225898109e-08, 1.21696444921e-07, 2.37827592287e-07, 1.19117707698e-07, 6.14549051647e-08, 7.73765052031e-08, 5.91536561956e-08, 2.00658334393e-08, 1.96267677666e-08, 1.94459897074e-08, 2.50447325101e-08, 8.9857632446e-09, 2.84949797091e-09, 6.11069139733e-10, 8.14044609498e-10, 7.72591546294e-10, 2.94207103124e-09, 6.3421601304e-10, 1.06591668825e-09, 1.05323849642e-09, 4.70313343826e-10, 6.04150507399e-10, 2.34240737917e-10, 8.986014155e-10, 3.00754365856e-10, 1.54934190477e-10, 1.36102934478e-10, 1.51240353574e-10, 1.47630047076e-10, 1.35944533408e-10, 5.92265333998e-11, 6.34518756981e-11, 1.00203761955e-10, 1.4486759882e-11],
        "dvar2": [1.21290177049e-05, 2.68688054348e-05, 4.21400773121e-06, 2.71979092759e-06, 1.46720807948e-07, 9.67778390759e-08, 9.61207931027e-08, 2.95580491638e-07, 5.69375060877e-07, 2.73708934628e-07, 1.3148239475e-07, 1.73265036096e-07, 1.40094797985e-07, 4.79529163044e-08, 4.69181422602e-08, 4.63094096403e-08, 6.15458759512e-08, 2.18408509056e-08, 7.27651361387e-09, 1.47583567589e-09, 1.93547911032e-09, 1.6081452836e-09, 7.76143860293e-09, 1.49091428092e-09, 2.36333419501e-09, 2.56748067251e-09, 1.08850251035e-09, 1.69498759472e-09, 6.18824214094e-10, 2.5143989113e-09, 8.05515876223e-10, 3.77070819013e-10, 3.12360026733e-10, 3.70183134146e-10, 3.65836194671e-10, 3.40618200312e-10, 1.33886651765e-10, 1.4798427761e-10, 2.71101252558e-10, 3.68773969694e-11],
        "max": [0.0230842232704, 0.0350575447083, 0.0139198172837, 0.0183590464294, 0.00397246750072, 0.00629599252716, 0.0036243495997, 0.00618055090308, 0.0113719366491, 0.0118080796674, 0.00576566997916, 0.00591052463278, 0.00963642448187, 0.00551192928106, 0.00293851667084, 0.0036821810063, 0.00757071981207, 0.0050149471499, 0.00136194494553, 0.000584264809731, 0.000502976356074, 0.000680802098941, 0.000929433503188, 0.000739336886909, 0.000404125661589, 0.000475922279293, 0.000272532313829, 0.000270731194178, 0.000219910405576, 0.000248014112003, 0.000252380326856, 0.000239799686824, 0.000301791820675, 0.000409742409829, 0.000435641384684, 0.000390852655983, 0.000250314595178, 0.0003482758475, 0.000161739677424, 6.91904278938e-05],
        "mean": [0.00102064933162, 0.00141433859244, 0.000693427980877, 0.000338332320098, 0.000141262120451, 9.76633091341e-05, 8.76552148839e-05, 0.000135991402203, 0.000186548480997, 0.00013144472905, 0.000110790046165, 0.000116572249681, 9.03661566554e-05, 6.3652980316e-05, 6.07283072895e-05, 5.81558597332e-05, 5.61323104193e-05, 3.80891069653e-05, 2.65451053565e-05, 1.62859032571e-05, 1.68788155861e-05, 1.93167397811e-05, 2.23484585149e-05, 1.64422253874e-05, 1.66971549334e-05, 1.64650591614e-05, 1.15567445391e-05, 1.0937845218e-05, 8.74877696333e-06, 1.10876544568e-05, 7.55874089009e-06, 7.28288569007e-06, 7.33616116122e-06, 6.42382792648e-06, 5.1963079386e-06, 4.26532460551e-06, 2.99846647067e-06, 2.47683624366e-06, 3.50036179952e-06, 1.57605745699e-06],
        "median": [4.34792309534e-05, 8.08645709185e-05, 9.37778822845e-05, 0.000114044247312, 5.4270021792e-05, 3.0652503483e-05, 1.98678044399e-05, 2.03568924917e-05, 2.44180500886e-05, 2.03014933504e-05, 1.65991114045e-05, 1.54669869517e-05, 1.487092959e-05, 1.31538008645e-05, 1.04250648292e-05, 9.98673749564e-06, 1.02536650957e-05, 7.16548584023e-06, 5.2783711908e-06, 3.84842815038e-06, 4.11801556766e-06, 5.02424700244e-06, 5.5712143876e-06, 4.18340096076e-06, 3.18211596095e-06, 2.89049421553e-06, 2.22362223212e-06, 1.85277281162e-06, 1.62061064657e-06, 1.47782884596e-06, 1.41931423059e-06, 1.80204483513e-06, 1.91632534552e-06, 1.42966371186e-06, 1.02935166524e-06, 8.45765327995e-07, 6.68516349833e-07, 4.45769899216e-07, 3.06630852265e-07, 1.88137818213e-07],
        "min": [1.13597222669e-24, 1.63010878126e-24, 1.64810555813e-24, 2.72173144507e-24, 3.89259942693e-24, 1.80993563967e-24, 2.47828857529e-24, 1.72743163582e-24, 3.94544048581e-24, 2.48659961935e-24, 3.56384558899e-24, 2.71466226528e-24, 3.00842893879e-24, 3.06959977718e-24, 3.41474062271e-24, 3.01297731355e-24, 2.66615185556e-24, 4.74543537385e-24, 3.93144491006e-24, 3.80146903187e-24, 5.27560393913e-24, 4.42619362069e-24, 5.00788348056e-24, 4.85751042037e-24, 6.21925276459e-24, 5.81858557766e-24, 2.99875415143e-24, 6.95802928537e-24, 4.72929409643e-24, 5.78966278143e-24, 5.55762841806e-24, 6.20060961481e-24, 5.18930058394e-24, 5.78040549871e-24, 5.97260120307e-24, 5.57850562192e-24, 7.43705165943e-24, 6.41276783882e-24, 6.79521154997e-24, 7.56105901601e-24],
        "var": [6.9469506343e-06, 1.0426470908e-05, 1.60337765465e-06, 7.41568499052e-07, 6.77830982454e-08, 4.99160677236e-08, 5.25240508864e-08, 1.39992664572e-07, 2.91088383619e-07, 1.52586579816e-07, 9.68054507666e-08, 1.10793145325e-07, 7.29269373778e-08, 2.83506693677e-08, 2.57187231512e-08, 2.54469441074e-08, 2.61865462647e-08, 1.0719602983e-08, 3.47923378996e-09, 1.00939856473e-09, 1.19176923885e-09, 1.45356271464e-09, 3.02951197462e-09, 1.163654062e-09, 1.6355283794e-09, 1.36173738952e-09, 6.17012108073e-10, 6.31199814638e-10, 2.89711643564e-10, 6.89764800832e-10, 2.81444423322e-10, 2.32852070958e-10, 2.15196790943e-10, 2.04864514242e-10, 1.86680518266e-10, 1.56628668369e-10, 8.00390378974e-11, 7.55474433012e-11, 7.50776038561e-11, 1.47668023642e-11]
    },
    "mfcc": {
        "mean": [-686.063720703, 78.5385055542, 1.50622189045, 15.5933332443, -2.38151955605, 8.45235443115, -1.02788555622, 7.01935529709, -3.60916662216, -0.708555936813, 0.751345038414, -3.57448935509, -5.72524595261],
        "cov": [[13322.6298828, 12.295460701, -1061.10949707, -219.436157227, -321.721557617, 154.153808594, 77.8726654053, -27.6890163422, -64.7741394043, 69.6258926392, -24.5658798218, 61.1175346375, 1.13002002239], [12.295460701, 2198.10424805, 35.7360954285, 253.84274292, 130.411514282, 187.342071533, 206.989395142, 176.902160645, 156.282775879, 27.4795417786, 64.3747253418, 10.1500453949, 16.9929924011], [-1061.10949707, 35.7360954285, 1156.00878906, 273.789398193, 314.925750732, 162.367919922, 140.658370972, 80.8244628906, 112.974777222, 61.683052063, 64.1162414551, 3.89460372925, 15.3645553589], [-219.436157227, 253.84274292, 273.789398193, 878.949401855, 438.209533691, 281.975250244, 203.403762817, 26.8952922821, 129.092071533, 47.735710144, -22.2119102478, 7.59472513199, 28.2973842621], [-321.721557617, 130.411514282, 314.925750732, 438.209533691, 640.338928223, 234.019271851, 183.768203735, -23.7025127411, 154.486251831, 82.3998184204, 10.4718694687, 5.41429233551, 27.5102424622], [154.153808594, 187.342071533, 162.367919922, 281.975250244, 234.019271851, 454.975585938, 263.804077148, 80.6331787109, 126.674980164, 66.3092575073, 36.4822692871, 35.6683387756, 19.8106651306], [77.8726654053, 206.989395142, 140.658370972, 203.403762817, 183.768203735, 263.804077148, 414.688201904, 99.5847930908, 168.690994263, 34.7652130127, 31.5955848694, 32.5945205688, 26.3457450867], [-27.6890163422, 176.902160645, 80.8244628906, 26.8952922821, -23.7025127411, 80.6331787109, 99.5847930908, 234.401687622, 71.540687561, 43.2163352966, 42.0058860779, 30.150604248, 15.0241708755], [-64.7741394043, 156.282775879, 112.974777222, 129.092071533, 154.486251831, 126.674980164, 168.690994263, 71.540687561, 227.523071289, 93.2122879028, 39.2457237244, 20.1521091461, 26.7487888336], [69.6258926392, 27.4795417786, 61.683052063, 47.735710144, 82.3998184204, 66.3092575073, 34.7652130127, 43.2163352966, 93.2122879028, 165.438842773, 62.2974243164, 26.1563472748, 22.0851287842], [-24.5658798218, 64.3747253418, 64.1162414551, -22.2119102478, 10.4718694687, 36.4822692871, 31.5955848694, 42.0058860779, 39.2457237244, 62.2974243164, 125.020996094, 39.48853302, 22.6242275238], [61.1175346375, 10.1500453949, 3.89460372925, 7.59472513199, 5.41429233551, 35.6683387756, 32.5945205688, 30.150604248, 20.1521091461, 26.1563472748, 39.48853302, 98.4510574341, 37.3688926697], [1.13002002239, 16.9929924011, 15.3645553589, 28.2973842621, 27.5102424622, 19.8106651306, 26.3457450867, 15.0241708755, 26.7487888336, 22.0851287842, 22.6242275238, 37.3688926697, 87.3169555664]],
