{
"lowlevel": {
    "average_loudness": 0.975919306278,
    "barkbands_crest": {
        "dmean": 2.91888570786,
        "dmean2": 4.31994533539,
        "dvar": 7.93253850937,
        "dvar2": 16.243188858,
        "max": 25.949968338,
        "mean": 14.4207105637,
        "median": 14.4987249374,
        "min": 2.50454449654,
        "var": 38.5185432434
    },
    "barkbands_flatness_db": {
        "dmean": 0.0300085190684,
        "dmean2": 0.0429369062185,
        "dvar": 0.000926854088902,
        "dvar2": 0.00176717154682,
        "max": 0.453756928444,
        "mean": 0.168047830462,
        "median": 0.16149713099,
        "min": 0.0238433424383,
        "var": 0.0046753063798
    },
    "barkbands_kurtosis": {
        "dmean": 10.8923711777,
        "dmean2": 15.8999423981,
        "dvar": 1108.9642334,
        "dvar2": 2112.63427734,
        "max": 890.875183105,
        "mean": 14.5228471756,
        "median": 3.23974323273,
        "min": -1.96517562866,
        "var": 2016.12023926
    },
    "barkbands_skewness": {
        "dmean": 1.09182667732,
        "dmean2": 1.53662776947,
        "dvar": 2.02315092087,
        "dvar2": 3.5413839817,
        "max": 25.8929767609,
        "mean": 2.47176289558,
        "median": 1.9721467495,
        "min": -6.70117950439,
        "var": 7.38504123688
    },
    "barkbands_spread": {
        "dmean": 9.59488296509,
        "dmean2": 14.2649784088,
        "dvar": 119.627990723,
        "dvar2": 242.464935303,
        "max": 112.087165833,
        "mean": 27.7574996948,
        "median": 23.7751808167,
        "min": 0.29304638505,
        "var": 367.476409912
    },
    "dissonance": {
        "dmean": 0.0190745666623,
        "dmean2": 0.0298729389906,
        "dvar": 0.00047913423623,
        "dvar2": 0.00101138465106,
        "max": 0.499974519014,
        "mean": 0.46647053957,
        "median": 0.477627396584,
        "min": 0.242760851979,
        "var": 0.00114162126556
    },
    "dynamic_complexity": 2.66341686249,
    "erbbands_crest": {
        "dmean": 2.99587059021,
        "dmean2": 4.91240930557,
        "dvar": 7.6369843483,
        "dvar2": 18.9672870636,
        "max": 31.9595832825,
        "mean": 9.09733009338,
        "median": 8.23706626892,
        "min": 2.71278119087,
        "var": 14.8135251999
    },
    "erbbands_flatness_db": {
        "dmean": 0.0234440732747,
        "dmean2": 0.0341963991523,
        "dvar": 0.000447336758953,
        "dvar2": 0.000876781879924,
        "max": 0.356930822134,
        "mean": 0.145869478583,
        "median": 0.143328994513,
        "min": 0.0563638545573,
        "var": 0.0013837198494
    },
    "erbbands_kurtosis": {
        "dmean": 1.49123859406,
        "dmean2": 2.31672930717,
        "dvar": 6.13924312592,
        "dvar2": 12.7935380936,
        "max": 45.9191551208,
        "mean": 0.871903717518,
        "median": -0.0831792354584,
        "min": -1.88379991055,
        "var": 11.7954292297
    },
    "erbbands_skewness": {
        "dmean": 0.557218074799,
        "dmean2": 0.80989420414,
        "dvar": 0.310799539089,
        "dvar2": 0.607490420341,
        "max": 3.74849152565,
        "mean": -0.348203808069,
        "median": -0.33677315712,
        "min": -5.37459373474,
        "var": 1.09670102596
    },
    "erbbands_spread": {
        "dmean": 15.5343208313,
        "dmean2": 23.1738624573,
        "dvar": 266.426391602,
        "dvar2": 543.284484863,
        "max": 178.381011963,
        "mean": 50.6833076477,
        "median": 43.9636383057,
        "min": 3.43783903122,
        "var": 759.606140137
    },
    "hfc": {
        "dmean": 10.8835229874,
        "dmean2": 15.9169969559,
        "dvar": 425.765899658,
        "dvar2": 995.829528809,
        "max": 237.127716064,
        "mean": 19.823223114,
        "median": 13.0170841217,
        "min": 1.11239262011e-16,
        "var": 589.547180176
    },
    "melbands_crest": {
        "dmean": 3.59390282631,
        "dmean2": 5.27689981461,
        "dvar": 13.2377328873,
        "dvar2": 25.926612854,
        "max": 35.3068962097,
        "mean": 21.704284668,
        "median": 22.4799060822,
        "min": 2.45742416382,
        "var": 76.3127670288
    },
    "melbands_flatness_db": {
        "dmean": 0.0358246229589,
        "dmean2": 0.0498888343573,
        "dvar": 0.00139452796429,
        "dvar2": 0.0024607477244,
        "max": 0.558548569679,
        "mean": 0.237459719181,
        "median": 0.240710362792,
        "min": 0.00704174814746,
        "var": 0.00893024262041
    },
    "melbands_kurtosis": {
        "dmean": 33.2476005554,
        "dmean2": 48.9639053345,
        "dvar": 5535.71484375,
        "dvar2": 10815.6416016,
        "max": 1940.5032959,
        "mean": 54.5305709839,
        "median": 17.4415836334,
        "min": -1.86158573627,
        "var": 12728.4667969
    },
    "melbands_skewness": {
        "dmean": 1.71932697296,
        "dmean2": 2.44126844406,
        "dvar": 4.62174367905,
        "dvar2": 8.34593296051,
        "max": 33.9581184387,
        "mean": 4.92035865784,
        "median": 3.83099341393,
        "min": -2.58693766594,
        "var": 17.5056991577
    },
    "melbands_spread": {
        "dmean": 11.6458034515,
        "dmean2": 16.9461402893,
        "dvar": 300.389007568,
        "dvar2": 570.180541992,
        "max": 228.678100586,
        "mean": 27.8798141479,
        "median": 16.8555717468,
        "min": 0.210645407438,
        "var": 957.98449707
    },
    "pitch_salience": {
        "dmean": 0.083752065897,
        "dmean2": 0.125816300511,
        "dvar": 0.00670350668952,
        "dvar2": 0.0140035385266,
        "max": 0.860939741135,
        "mean": 0.430988729,
        "median": 0.43466770649,
        "min": 0.0221252813935,
        "var": 0.0317214652896
    },
    "silence_rate_20dB": {
        "dmean": 0,
        "dmean2": 0,
        "dvar": 0,
        "dvar2": 0,
        "max": 1,
        "mean": 1,
        "median": 1,
        "min": 1,
        "var": 0
    },
    "silence_rate_30dB": {
        "dmean": 0.0023359938059,
        "dmean2": 0.00467244209722,
        "dvar": 0.00233069201931,
        "dvar2": 0.00659806793556,
        "max": 1,
        "mean": 0.998637497425,
        "median": 1,
        "min": 0,
        "var": 0.00136072270107
    },
    "silence_rate_60dB": {
        "dmean": 0.0305625852197,
        "dmean2": 0.0611311197281,
        "dvar": 0.0296295471489,
        "dvar2": 0.0626423731446,
        "max": 1,
        "mean": 0.0510948896408,
        "median": 0,
        "min": 0,
        "var": 0.0484923273325
    },
    "spectral_centroid": {
        "dmean": 483.731933594,
        "dmean2": 707.29876709,
        "dvar": 276904.28125,
        "dvar2": 505538.4375,
        "max": 11229.5039062,
        "mean": 2071.4152832,
        "median": 2017.48132324,
        "min": 201.381561279,
        "var": 958466.5
    },
    "spectral_complexity": {
        "dmean": 4.86139774323,
        "dmean2": 6.63214254379,
        "dvar": 33.176864624,
        "dvar2": 53.6073074341,
        "max": 58,
        "mean": 13.7920198441,
        "median": 11,
        "min": 0,
        "var": 112.287117004
    },
    "spectral_decrease": {
        "dmean": 2.97567503971e-09,
        "dmean2": 4.46138148646e-09,
        "dvar": 2.00122270593e-17,
        "dvar2": 4.84465324917e-17,
        "max": 7.77477395358e-29,
        "mean": -7.36405247892e-09,
        "median": -6.1367790849e-09,
        "min": -4.07612894548e-08,
        "var": 3.40281325227e-17
    },
    "spectral_energy": {
        "dmean": 0.0119526265189,
        "dmean2": 0.0179241858423,
        "dvar": 0.000307629961753,
        "dvar2": 0.000742777599953,
        "max": 0.156762823462,
        "mean": 0.0295916143805,
        "median": 0.0247602462769,
        "min": 1.04422359644e-20,
        "var": 0.000519546272699
    },
    "spectral_energyband_high": {
        "dmean": 0.000982081401162,
        "dmean2": 0.00143137632404,
        "dvar": 5.3279468375e-06,
        "dvar2": 1.16613427963e-05,
        "max": 0.0326980575919,
        "mean": 0.00141487270594,
        "median": 0.00056676013628,
        "min": 7.4235517944e-21,
        "var": 7.45882016417e-06
    },
    "spectral_energyband_low": {
        "dmean": 0.0076730879955,
        "dmean2": 0.0113897202536,
        "dvar": 0.000198499430553,
        "dvar2": 0.000481778581161,
        "max": 0.13237978518,
        "mean": 0.0190755259246,
        "median": 0.0149007048458,
        "min": 1.09451345643e-22,
        "var": 0.00035929819569
    },
    "spectral_energyband_middle_high": {
        "dmean": 0.00216790288687,
        "dmean2": 0.00323652545922,
        "dvar": 1.65512519743e-05,
        "dvar2": 4.06699400628e-05,
        "max": 0.0437089167535,
        "mean": 0.00355438608676,
        "median": 0.00198370381258,
        "min": 1.2955325574e-21,
        "var": 2.31734593399e-05
    },
    "spectral_energyband_middle_low": {
        "dmean": 0.00524031417444,
        "dmean2": 0.00856840703636,
        "dvar": 8.97476202226e-05,
        "dvar2": 0.000237350090174,
        "max": 0.0951513871551,
        "mean": 0.00671181641519,
        "median": 0.00347415124997,
        "min": 2.48809178131e-22,
        "var": 8.69973009685e-05
    },
    "spectral_entropy": {
        "dmean": 0.212016403675,
        "dmean2": 0.313516408205,
        "dvar": 0.0451172888279,
        "dvar2": 0.092378847301,
        "max": 9.80016326904,
        "mean": 7.71416950226,
        "median": 7.7353644371,
        "min": 5.35718536377,
        "var": 0.138949990273
    },
    "spectral_flux": {
        "dmean": 0.0346921682358,
        "dmean2": 0.0530907250941,
        "dvar": 0.00197654194199,
        "dvar2": 0.00335160153918,
        "max": 0.358550608158,
        "mean": 0.0877897962928,
        "median": 0.0710538253188,
        "min": 1.02187258655e-10,
        "var": 0.00386745808646
    },
    "spectral_kurtosis": {
        "dmean": 1.19233429432,
        "dmean2": 1.87817752361,
        "dvar": 1.5192155838,
        "dvar2": 3.65553069115,
        "max": 15.1736698151,
        "mean": 3.02781963348,
        "median": 2.72516822815,
        "min": -1.21394324303,
        "var": 3.86961984634
    },
    "spectral_rms": {
        "dmean": 0.00101781799458,
        "dmean2": 0.00145388033707,
        "dvar": 1.57177134952e-06,
        "dvar2": 3.41107738677e-06,
        "max": 0.0123668638989,
        "mean": 0.00497058825567,
        "median": 0.00491490960121,
        "min": 3.1917936176e-12,
        "var": 4.16309876528e-06
    },
    "spectral_rolloff": {
        "dmean": 746.259033203,
        "dmean2": 1226.71765137,
        "dvar": 1652024.25,
        "dvar2": 3237386.25,
        "max": 18561.6210938,
        "mean": 1669.81201172,
        "median": 645.99609375,
        "min": 64.599609375,
        "var": 4191904.25
    },
    "spectral_skewness": {
        "dmean": 0.224691689014,
        "dmean2": 0.336278706789,
        "dvar": 0.0454031191766,
        "dvar2": 0.0917576700449,
        "max": 3.21156072617,
        "mean": 1.13691818714,
        "median": 1.13567852974,
        "min": -0.172685906291,
        "var": 0.16777446866
    },
    "spectral_spread": {
        "dmean": 833278.375,
        "dmean2": 1172972.375,
        "dvar": 891869986816,
        "dvar2": 1.51214017741e+12,
        "max": 41054900,
        "mean": 5103681,
        "median": 4796633.5,
        "min": 1838374.125,
        "var": 2.81595845018e+12
    },
    "spectral_strongpeak": {
        "dmean": 0.298873633146,
        "dmean2": 0.508812606335,
        "dvar": 0.420232117176,
        "dvar2": 1.12386500835,
        "max": 8.63303661346,
        "mean": 0.545422554016,
        "median": 0.35621252656,
        "min": 0,
        "var": 0.448533833027
    },
    "zerocrossingrate": {
        "dmean": 0.01653640531,
        "dmean2": 0.018699940294,
        "dvar": 0.000334280222887,
        "dvar2": 0.000390101544326,
        "max": 0.52197265625,
        "mean": 0.0652784258127,
        "median": 0.05078125,
        "min": 0.001953125,
        "var": 0.00243517244235
    },
    "barkbands": {
        "dmean": [0.000224041272304, 0.00526986038312, 0.00311728334054, 0.00234433286823, 0.00111864332575, 0.000790315854829, 0.00126745796297, 0.000669333094265, 0.000517460168339, 0.000265863083769, 0.000243420217885, 0.000301108637359, 0.000175427645445, 0.000244909577304, 0.000406928767916, 0.000197579152882, 0.000250916491495, 0.000226736097829, 0.00042825503624, 0.000485150900204, 0.000315450306516, 0.00020134409715, 0.000166993719176, 9.24786800169e-05, 3.86375722883e-05, 5.34317296115e-05, 7.07068068095e-07],
        "dmean2": [0.000312225602102, 0.00759411137551, 0.00567533401772, 0.00421475572512, 0.00181966368109, 0.00124572531786, 0.00205434951931, 0.00108585855924, 0.000806690310128, 0.000410280103097, 0.000399765907787, 0.000503254879732, 0.000276249571471, 0.000375309900846, 0.000678584096022, 0.000305415509501, 0.000381290650694, 0.000342200888554, 0.000660366204102, 0.000775060034357, 0.000473412772408, 0.000294746772852, 0.000249657547101, 0.000136802496854, 5.82095999562e-05, 8.11792851891e-05, 1.16304465791e-06],
        "dvar": [8.26156068001e-08, 7.28751329007e-05, 9.79322066996e-05, 4.3004143663e-05, 5.21843821844e-06, 2.72930583378e-06, 1.66053432622e-05, 4.13164298152e-06, 2.30771706811e-06, 8.29249302114e-07, 5.59615159546e-07, 4.99116765695e-07, 2.24337242116e-07, 3.01466911878e-07, 1.17190461424e-06, 1.6299462402e-07, 2.47134011033e-07, 2.13216026168e-07, 8.28675013054e-07, 2.56780435848e-06, 7.31838042611e-07, 2.41270129209e-07, 1.66380502264e-07, 8.97141632095e-08, 6.16705833067e-08, 4.93805085711e-09, 2.35922045788e-12],
        "dvar2": [1.63819720456e-07, 0.000160615265486, 0.000278336985502, 0.0001211832423, 1.31424076244e-05, 6.08889376963e-06, 4.18785893999e-05, 1.04468617792e-05, 5.48630987396e-06, 1.97635540644e-06, 1.46759452946e-06, 1.26401971556e-06, 5.28825012225e-07, 6.76262004617e-07, 3.19724267683e-06, 3.70997952359e-07, 5.34091896043e-07, 4.81300276078e-07, 2.04734828912e-06, 6.52980997984e-06, 1.66801964951e-06, 4.96728432609e-07, 3.68354903912e-07, 1.98282222641e-07, 1.70409222733e-07, 1.18132188476e-08, 5.8837062826e-12],
        "max": [0.00439916411415, 0.0943831130862, 0.0856608822942, 0.0581343695521, 0.0415304787457, 0.034408416599, 0.08881611377, 0.0480996705592, 0.0331870429218, 0.030043752864, 0.014834872447, 0.0117101995274, 0.00884656608105, 0.0141612859443, 0.0121677825227, 0.00704395538196, 0.0113159511238, 0.0086621819064, 0.0223474036902, 0.0145681509748, 0.0136059615761, 0.0142554007471, 0.0109753543511, 0.0103024430573, 0.0170661490411, 0.00102020858321, 4.34448775195e-05],
        "mean": [0.000834224163555, 0.0146719766781, 0.00247360370122, 0.00191903242376, 0.00136236613616, 0.00094520766288, 0.00115711078979, 0.000641274848022, 0.000585492525715, 0.000302659755107, 0.000256571976934, 0.00032968990854, 0.000203828720259, 0.000295747478958, 0.000443822442321, 0.000265297741862, 0.000341390492395, 0.00030292745214, 0.000576933089178, 0.000512122991495, 0.000395792187192, 0.000296490790788, 0.000236018167925, 0.000131190565298, 5.35673825652e-05, 5.66491835343e-05, 6.58888723137e-07],
        "median": [0.000767116376664, 0.011648173444, 0.000408982945373, 0.000516493979376, 0.000532454811037, 0.000202474111575, 8.89303410077e-05, 5.57792009204e-05, 9.59697645158e-05, 3.41151026078e-05, 3.20962863043e-05, 2.88842602458e-05, 4.09548229072e-05, 5.08282282681e-05, 6.8035966251e-05, 8.3654653281e-05, 0.000111745510367, 0.000110519133159, 0.000182926654816, 0.000109964428702, 9.75960720098e-05, 0.000126198952785, 0.000100039447716, 3.29439644702e-05, 1.63387649081e-05, 2.35287552641e-05, 1.83149893473e-07],
        "min": [1.06404319909e-23, 3.57958446845e-23, 3.47927070693e-23, 2.60201714842e-23, 8.3215256618e-24, 1.00265364902e-23, 2.44863355836e-23, 6.93016703374e-23, 5.22350306844e-23, 2.59051950073e-23, 8.5541621627e-23, 8.40882179844e-23, 8.64659457269e-23, 8.78430507428e-23, 1.11771682177e-22, 2.06093773752e-22, 1.06324919482e-22, 1.62393075791e-22, 1.60792786248e-22, 2.2114343491e-22, 3.13321995768e-22, 4.85616714802e-22, 6.74536809943e-22, 7.68724530107e-22, 1.08291957402e-21, 1.6525314717e-21, 2.26948390943e-21],
        "var": [5.19409695698e-07, 0.000201689894311, 6.04428278166e-05, 2.68375679298e-05, 5.45095372217e-06, 3.98458769268e-06, 1.43251018017e-05, 3.85940802516e-06, 2.63580182036e-06, 9.67096525528e-07, 5.13201769081e-07, 5.58608519441e-07, 2.61041464e-07, 4.28457695989e-07, 1.08188987724e-06, 2.50785433309e-07, 3.99323482725e-07, 3.0256379091e-07, 1.08064637061e-06, 2.21021537072e-06, 8.67609401212e-07, 4.24730870918e-07, 2.67727898517e-07, 1.51765490841e-07, 4.87624483014e-08, 5.88219695175e-09, 2.50870439873e-12]
    },
    "erbbands": {
        "dmean": [0.21025621891, 1.08949625492, 2.78967237473, 6.8544921875, 5.15988206863, 3.3750128746, 5.26385641098, 6.8484120369, 16.8024330139, 15.9721488953, 13.6607913971, 11.8583431244, 8.99847984314, 7.55375671387, 11.2922782898, 10.6629285812, 8.21109104156, 12.0732812881, 21.7632350922, 12.860669136, 11.1767997742, 13.6263561249, 12.0861301422, 16.9616699219, 23.1800746918, 23.2057476044, 16.7527103424, 9.86463737488, 7.413626194, 5.63524436951, 4.53104448318, 2.80986571312, 1.33212316036, 0.587170779705, 0.219645157456, 0.415059924126, 0.0432555824518, 0.00307059916668, 0.000116173534479, 1.76001085492e-05],
        "dmean2": [0.285055875778, 1.66910791397, 4.89555740356, 12.3876161575, 8.79012298584, 5.43374109268, 8.83092498779, 10.5694055557, 27.0754642487, 25.8271522522, 21.6011142731, 18.5905838013, 13.2646026611, 11.9251670837, 18.6405296326, 17.1245594025, 12.7988443375, 18.4712677002, 36.3772697449, 19.8031578064, 16.9086437225, 20.5526580811, 18.0920619965, 25.1876449585, 36.8127708435, 36.9594154358, 26.1241703033, 14.2577371597, 10.9639720917, 8.33375549316, 6.80280160904, 4.17926025391, 1.99549794197, 0.897302210331, 0.323838323355, 0.636334359646, 0.0642799511552, 0.00459752045572, 0.000181790645001, 2.60551241809e-05],
        "dvar": [0.101776517928, 3.81577634811, 70.8583908081, 427.178070068, 138.62322998, 58.7203559875, 125.136665344, 274.936157227, 3502.29052734, 2306.42749023, 1588.53479004, 1338.6550293, 810.20715332, 589.374633789, 1082.13476562, 643.671020508, 458.703918457, 693.487854004, 3954.94604492, 693.856079102, 463.018585205, 773.881286621, 647.491943359, 1070.38574219, 3574.88964844, 5759.73144531, 2772.58666992, 588.265869141, 316.050598145, 247.860198975, 138.379653931, 61.5074272156, 21.3756961823, 21.2303714752, 0.434665262699, 0.306557744741, 0.00338921975344, 2.65997969109e-05, 5.1359961617e-08, 5.74260972108e-10],
        "dvar2": [0.198631554842, 9.1846113205, 196.407821655, 1210.55908203, 378.812438965, 138.211090088, 316.912597656, 607.784973145, 8788.38085938, 5951.82177734, 3863.50195312, 3235.68505859, 1777.22729492, 1526.67578125, 2818.23706055, 1576.9407959, 1062.90063477, 1600.57836914, 10726.7021484, 1590.80712891, 1044.82373047, 1675.16271973, 1470.77001953, 2346.01489258, 9218.01074219, 14728.4355469, 6641.14794922, 1246.51965332, 674.990783691, 514.777587891, 315.835784912, 139.030944824, 46.9379768372, 59.9720497131, 0.980763912201, 0.74230837822, 0.00757983000949, 5.46951159777e-05, 1.32654207619e-07, 1.33920363687e-09],
        "max": [4.12728834152, 18.5124320984, 70.9872055054, 164.290344238, 125.267127991, 236.649841309, 216.111495972, 431.795684814, 1533.58691406, 1135.84191895, 734.584777832, 833.735473633, 532.954345703, 644.809936523, 931.535339355, 511.212463379, 451.946777344, 572.455993652, 706.089904785, 448.213409424, 466.718444824, 691.878356934, 460.992614746, 743.628112793, 1022.31774902, 794.53894043, 523.437316895, 622.698852539, 402.850494385, 617.529663086, 367.144683838, 253.490539551, 173.225341797, 324.748535156, 32.3937339783, 7.19356441498, 1.10967993736, 0.125511735678, 0.00486358487979, 0.000326334906276],
        "mean": [0.689722716808, 2.25153183937, 2.58040261269, 5.44704198837, 5.49901866913, 3.91840672493, 5.86829090118, 8.26876354218, 15.7980918884, 15.2739477158, 14.1350574493, 13.1555595398, 11.0032196045, 9.25116825104, 12.8633003235, 11.7317705154, 9.69460105896, 15.1909446716, 22.4424343109, 17.1793346405, 15.8243045807, 18.8038368225, 16.7717113495, 24.4816932678, 28.6013145447, 25.1094226837, 19.024969101, 13.1818599701, 10.6618757248, 8.21494674683, 6.35945987701, 3.86946058273, 1.85569727421, 0.783413052559, 0.314961016178, 0.4324824512, 0.0496956408024, 0.00359231908806, 0.000135089052492, 4.20129435952e-05],
        "median": [0.571621835232, 1.53161859512, 0.788972496986, 1.28793120384, 2.07115960121, 1.36079418659, 1.93913495541, 1.50705575943, 1.60384249687, 1.46030330658, 1.4688783884, 2.24015188217, 1.96425592899, 1.59646046162, 1.94233906269, 1.4430270195, 2.32693076134, 3.05591988564, 3.12047290802, 3.89246845245, 5.37567329407, 6.42499542236, 7.00980043411, 8.95152568817, 8.98957252502, 6.11736917496, 4.11129760742, 3.2163734436, 4.44002628326, 3.09312462807, 2.53583073616, 1.2947165966, 0.438272446394, 0.208444923162, 0.119090177119, 0.176040560007, 0.021724767983, 0.00139830983244, 6.08109876339e-05, 3.49290021404e-05],
        "min": [7.60023634136e-22, 9.34247752959e-21, 5.53000677153e-20, 6.74020367321e-20, 4.4308533741e-20, 2.39826413702e-20, 8.09943654928e-20, 8.73513325108e-20, 3.05697132325e-19, 1.08923535972e-18, 1.05583970024e-18, 1.15217046605e-18, 1.53762908347e-18, 1.13956144178e-18, 4.10438499989e-18, 3.43013333219e-18, 4.24834544574e-18, 4.16309000796e-18, 5.73819409549e-18, 6.16002229349e-18, 9.84699210394e-18, 7.79586046314e-18, 7.97103250146e-18, 8.06430952323e-18, 9.90764429518e-18, 1.08822541355e-17, 9.25038477842e-18, 1.61356484273e-17, 1.88968021274e-17, 1.72455180142e-17, 1.96915622231e-17, 1.52369067656e-17, 1.46748243045e-17, 1.01212976028e-17, 8.9565164581e-18, 5.61228934805e-18, 3.35158984469e-18, 1.18944001912e-18, 3.14121863466e-19, 3.12318196141e-20],
        "var": [0.419376462698, 6.38369894028, 47.2800636292, 262.999084473, 107.121955872, 66.9729385376, 140.867660522, 388.229644775, 3034.2175293, 2016.41552734, 1666.52404785, 1463.91088867, 1045.10302734, 640.503234863, 1052.38525391, 727.171813965, 556.244995117, 937.88684082, 3469.37915039, 1115.38952637, 793.910888672, 1246.12219238, 906.127807617, 1750.2923584, 3571.17700195, 4932.71875, 2648.51635742, 906.193969727, 515.123291016, 419.68661499, 216.736587524, 100.50365448, 34.7224197388, 14.9251174927, 0.683524250984, 0.343270599842, 0.00530565623194, 4.80635208078e-05, 5.44371090427e-08, 9.73342073607e-10]
    },
    "gfcc": {
        "mean": [-18.10729599, 60.4079093933, -99.7887878418, 64.7418136597, -49.9818687439, 21.3192176819, -29.6695652008, 19.0781803131, -16.1508426666, 12.8120708466, -13.1747236252, 9.42234897614, -12.4609975815],
        "cov": [[4127.80175781, 388.963928223, -649.063415527, -150.859451294, -216.526870728, -67.8796691895, -109.572929382, -53.5910720825, -232.965255737, -205.878692627, -175.105422974, -169.269775391, -133.563034058], [388.963928223, 1403.52905273, 6.60727930069, -240.627212524, 75.7391052246, -285.41204834, -26.1294765472, 13.642745018, 58.2467346191, -201.476974487, 24.7960453033, -55.8876457214, -37.5723190308], [-649.063415527, 6.60727930069, 1335.28271484, 419.271270752, 70.419342041, 39.9205741882, -96.338394165, -2.44946050644, 71.8861236572, 32.1215858459, -26.343996048, 100.648330688, -14.6143941879], [-150.859451294, -240.627212524, 419.271270752, 672.277587891, 189.863418579, 80.7398529053, -26.5420265198, -90.2364654541, -5.71644306183, 27.7398281097, 1.16293537617, -39.5205459595, 94.048500061], [-216.526870728, 75.7391052246, 70.419342041, 189.863418579, 401.134735107, 118.858268738, 42.2899246216, 11.686627388, 48.6471595764, 21.1236877441, -6.98021650314, 16.9466934204, 43.5962409973], [-67.8796691895, -285.41204834, 39.9205741882, 80.7398529053, 118.858268738, 372.433197021, 220.315429688, 19.3038730621, -15.8617763519, 31.5825042725, 4.64304685593, 18.9984054565, 49.2494888306], [-109.572929382, -26.1294765472, -96.338394165, -26.5420265198, 42.2899246216, 220.315429688, 378.715942383, 96.8815841675, -27.7206077576, 8.53966617584, 32.9956626892, 20.1261367798, 33.054649353], [-53.5910720825, 13.642745018, -2.44946050644, -90.2364654541, 11.686627388, 19.3038730621, 96.8815841675, 208.102325439, 129.567840576, 26.2137012482, 38.4981117249, 48.0288963318, 5.90741252899], [-232.965255737, 58.2467346191, 71.8861236572, -5.71644306183, 48.6471595764, -15.8617763519, -27.7206077576, 129.567840576, 251.003479004, 89.6306381226, 61.9599113464, 33.8121528625, 22.1932449341], [-205.878692627, -201.476974487, 32.1215858459, 27.7398281097, 21.1236877441, 31.5825042725, 8.53966617584, 26.2137012482, 89.6306381226, 184.046264648, 69.8979873657, 20.5683879852, -8.42349624634], [-175.105422974, 24.7960453033, -26.343996048, 1.16293537617, -6.98021650314, 4.64304685593, 32.9956626892, 38.4981117249, 61.9599113464, 69.8979873657, 162.235839844, 50.3935394287, 6.56548547745], [-169.269775391, -55.8876457214, 100.648330688, -39.5205459595, 16.9466934204, 18.9984054565, 20.1261367798, 48.0288963318, 33.8121528625, 20.5683879852, 50.3935394287, 160.338348389, 20.4272460938], [-133.563034058, -37.5723190308, -14.6143941879, 94.048500061, 43.5962409973, 49.2494888306, 33.054649353, 5.90741252899, 22.1932449341, -8.42349624634, 6.56548547745, 20.4272460938, 131.38168335]],
        "icov": [[0.000433241337305, -0.000560063752346, 0.000504941504914, -0.000685233739205, 0.000683708582073, -0.000910296279471, 0.000830826349556, -0.000958490534686, 0.000763616000768, -0.000536521198228, 0.000801536021754, -0.000430804531788, 0.000638916739263], [-0.000560063752346, 0.0029752322007, -0.00148100638762, 0.00259016198106, -0.00262745446526, 0.0038041821681, -0.00298713683151, 0.00330808898434, -0.00294383917935, 0.0040870802477, -0.00306266755797, 0.00243100500666, -0.00115436688066], [0.000504941504914, -0.00148100638762, 0.00215164432302, -0.00253521255217, 0.00180643948261, -0.00231856829487, 0.00194542610552, -0.00201335595921, 0.00108531839214, -0.0017291236436, 0.00240130070597, -0.00253181392327, 0.001994170947], [-0.000685233739205, 0.00259016198106, -0.00253521255217, 0.0054799830541, -0.00359589699656, 0.00347701227292, -0.00271899136715, 0.004014109727, -0.00217281049117, 0.00293147424236, -0.00375436851755, 0.00395431322977, -0.00363947963342], [0.000683708582073, -0.00262745446526, 0.00180643948261, -0.00359589699656, 0.00583098968491, -0.00445091398433, 0.00284046679735, -0.00306919356808, 0.00165786570869, -0.00325568579137, 0.00362931168638, -0.00302656274289, 0.00167604966555], [-0.000910296279471, 0.0038041821681, -0.00231856829487, 0.00347701227292, -0.00445091398433, 0.00999245233834, -0.00710838986561, 0.00561281526461, -0.00396378478035, 0.00412304606289, -0.0033793898765, 0.00288314535283, -0.00266263796948], [0.000830826349556, -0.00298713683151, 0.00194542610552, -0.00271899136715, 0.00284046679735, -0.00710838986561, 0.00913768447936, -0.00766736734658, 0.00596524402499, -0.00413578888401, 0.00201376550831, -0.00182999682147, 0.000832072400954], [-0.000958490534686, 0.00330808898434, -0.00201335595921, 0.004014109727, -0.00306919356808, 0.00561281526461, -0.00766736734658, 0.0152262374759, -0.0101037006825, 0.00584711413831, -0.00315937399864, 0.000940080499277, -0.000873586046509], [0.000763616000768, -0.00294383917935, 0.00108531839214, -0.00217281049117, 0.00165786570869, -0.00396378478035, 0.00596524402499, -0.0101037006825, 0.0127894552425, -0.00729168066755, 0.00142695219256, -0.000940548430663, -0.00105324119795], [-0.000536521198228, 0.0040870802477, -0.0017291236436, 0.00293147424236, -0.00325568579137, 0.00412304606289, -0.00413578888401, 0.00584711413831, -0.00729168066755, 0.0138934878632, -0.00646757660434, 0.00299792923033, 0.00062455778243], [0.000801536021754, -0.00306266755797, 0.00240130070597, -0.00375436851755, 0.00362931168638, -0.0033793898765, 0.00201376550831, -0.00315937399864, 0.00142695219256, -0.00646757660434, 0.0123961931095, -0.00558937387541, 0.00218537938781], [-0.000430804531788, 0.00243100500666, -0.00253181392327, 0.00395431322977, -0.00302656274289, 0.00288314535283, -0.00182999682147, 0.000940080499277, -0.000940548430663, 0.00299792923033, -0.00558937387541, 0.0111509328708, -0.00361670274287], [0.000638916739263, -0.00115436688066, 0.001994170947, -0.00363947963342, 0.00167604966555, -0.00266263796948, 0.000832072400954, -0.000873586046509, -0.00105324119795, 0.00062455778243, 0.00218537938781, -0.00361670274287, 0.0117008890957]]
    },
    "melbands": {
        "dmean": [0.0016133353347, 0.00132948614191, 0.00113509432413, 0.000272830686299, 0.000176415240276, 0.000158062612172, 0.000256860890659, 0.000166752390214, 0.000110922352178, 7.23487464711e-05, 4.51980231446e-05, 3.11691183015e-05, 3.61114216503e-05, 3.56647760782e-05, 2.21061818593e-05, 1.83968386409e-05, 2.2994057872e-05, 3.39919024555e-05, 2.38281681959e-05, 1.47613773152e-05, 1.33546600409e-05, 1.44760342664e-05, 1.36544686029e-05, 1.09547418106e-05, 1.43752104123e-05, 1.90410191863e-05, 1.6277166651e-05, 1.56829464686e-05, 1.26809536596e-05, 6.41335964247e-06, 5.69127814742e-06, 4.27513032264e-06, 4.22406037615e-06, 2.9297209494e-06, 2.56652288044e-06, 2.924852879e-06, 1.38608686484e-06, 1.05286915186e-06, 6.95674089002e-07, 4.49720374718e-07],
        "dmean2": [0.00225583044812, 0.00215412676334, 0.00202763057314, 0.000446659483714, 0.000295004952932, 0.000245153350988, 0.000413010740886, 0.000271017721388, 0.00017526440206, 0.000112881272798, 6.75521296216e-05, 4.94144151162e-05, 5.92267460888e-05, 5.87238391745e-05, 3.5976205254e-05, 2.86782014882e-05, 3.56144955731e-05, 5.67420538573e-05, 3.88527987525e-05, 2.29272045544e-05, 2.03957424674e-05, 2.19111479964e-05, 2.13091789192e-05, 1.63094573509e-05, 2.14186875382e-05, 3.03707656713e-05, 2.6446998163e-05, 2.51566998486e-05, 2.00407157536e-05, 9.44362363953e-06, 8.39392305352e-06, 6.42549639451e-06, 6.39908466837e-06, 4.39666882812e-06, 3.93075924876e-06, 4.43382896265e-06, 2.09347922464e-06, 1.59748537953e-06, 1.06391007648e-06, 7.05988043137e-07],
        "dvar": [6.28775615041e-06, 1.07748155642e-05, 1.03678603409e-05, 3.62429801726e-07, 1.31358333988e-07, 1.34400636398e-07, 7.60312047987e-07, 2.46753558031e-07, 1.0376773929e-07, 4.97597270055e-08, 2.13088853229e-08, 1.10575815171e-08, 1.17244551845e-08, 6.81376999268e-09, 4.04297129108e-09, 2.18263007667e-09, 2.78091483175e-09, 9.05124597494e-09, 3.12616266207e-09, 1.00831099026e-09, 7.08826830564e-10, 9.47230183179e-10, 1.02567287996e-09, 4.19205475888e-10, 8.48576264811e-10, 2.09557637909e-09, 2.64778643455e-09, 2.65955413248e-09, 1.70105107777e-09, 2.59514604251e-10, 2.1663226768e-10, 9.8719768471e-11, 1.25533514139e-10, 6.91859555757e-11, 5.4694328927e-11, 4.22545470835e-11, 2.26818685362e-11, 1.521333233e-11, 1.23122397694e-11, 1.73671285686e-11],
        "dvar2": [1.30210864882e-05, 2.80065796687e-05, 2.92305485345e-05, 9.36073661251e-07, 3.34483530651e-07, 2.99870833942e-07, 1.91409685613e-06, 6.37799303149e-07, 2.52142342561e-07, 1.17955053724e-07, 4.72771475302e-08, 2.85864611982e-08, 3.06167571296e-08, 1.70704410607e-08, 1.00334345277e-08, 5.09362330092e-09, 6.53038823017e-09, 2.41054056715e-08, 8.03412181227e-09, 2.37277775206e-09, 1.61369950735e-09, 2.06151939963e-09, 2.46378073498e-09, 8.96394625194e-10, 1.86170245886e-09, 5.40234879054e-09, 6.95426871644e-09, 6.73449740418e-09, 4.14591694309e-09, 5.61241164654e-10, 4.8361475935e-10, 2.2015805845e-10, 2.62663196748e-10, 1.49580875464e-10, 1.28369828656e-10, 9.8902039336e-11, 5.30416335853e-11, 3.57736965051e-11, 3.17538564887e-11, 4.9974628602e-11],
        "max": [0.0306010022759, 0.0284354202449, 0.0253217536956, 0.00870536267757, 0.00604108301923, 0.00845864135772, 0.0209471695125, 0.0115231610835, 0.00616888701916, 0.0057319435291, 0.00288175605237, 0.00324951135553, 0.00240354682319, 0.00162519398145, 0.00131194747519, 0.000784917676356, 0.00134822470136, 0.00108673912473, 0.000732196611352, 0.000433556735516, 0.000637620920315, 0.000843242334668, 0.000775754277129, 0.000472605112009, 0.000673610367812, 0.00129512173589, 0.000538753345609, 0.000526244693901, 0.000402913778089, 0.000269230600679, 0.000417199567892, 0.000212211016333, 0.000375585834263, 0.000331171642756, 0.000280701817246, 0.000157255053637, 0.000187874087715, 0.000167898993823, 0.000199084504857, 0.000299186212942],
        "mean": [0.00487459683791, 0.00184128107503, 0.000964877486695, 0.000320315128192, 0.000198820096557, 0.000189223108464, 0.000241031506448, 0.000159586445079, 0.00011320089834, 8.07658580015e-05, 5.41218978469e-05, 3.69373665308e-05, 4.00056378567e-05, 4.07992520195e-05, 2.21386017074e-05, 2.26764586841e-05, 2.76341925201e-05, 3.41924387612e-05, 2.76468508673e-05, 1.94950262085e-05, 1.81155028258e-05, 1.91289000213e-05, 1.72284017026e-05, 1.53348591994e-05, 1.97394547286e-05, 2.36241248786e-05, 1.78223472176e-05, 1.6058289475e-05, 1.34846759465e-05, 7.98456312623e-06, 7.39502365832e-06, 5.80571122555e-06, 5.98572887611e-06, 3.97859048462e-06, 3.50732511833e-06, 3.72843010155e-06, 1.84026907846e-06, 1.38463849453e-06, 9.14865665891e-07, 5.70122324461e-07],
        "median": [0.00398638611659, 0.000971469911747, 0.000275392754702, 0.000119633390568, 6.81567980791e-05, 3.40995648003e-05, 2.32988786593e-05, 1.43218830999e-05, 1.07942305476e-05, 1.35818499984e-05, 9.12873201742e-06, 5.70821657675e-06, 6.1551172621e-06, 3.38404629474e-06, 2.76808691524e-06, 5.09956316819e-06, 4.48317314294e-06, 3.81224504054e-06, 4.76856484966e-06, 5.35566186954e-06, 5.4561169236e-06, 5.82088296142e-06, 4.94897039971e-06, 5.67160714127e-06, 5.99810982749e-06, 6.99692009221e-06, 4.74624721392e-06, 3.04373588733e-06, 2.33615878642e-06, 1.47324840327e-06, 1.7663772951e-06, 2.34652179643e-06, 2.3546540433e-06, 1.32267814479e-06, 1.15677676149e-06, 1.48230071773e-06, 4.16247615931e-07, 2.99314564245e-07, 2.10651393218e-07, 1.53805174818e-07],
        "min": [7.85150576839e-24, 2.37245894055e-23, 1.38250256e-23, 1.86323009635e-24, 2.36416781522e-24, 1.76579196949e-24, 4.55761271991e-24, 1.48553442065e-23, 7.60359755146e-24, 6.94455869655e-24, 7.4788210555e-24, 3.33657397333e-24, 1.34513847877e-23, 1.15367081413e-23, 7.29998707714e-24, 8.35853901548e-24, 8.14855213112e-24, 8.17795928794e-24, 7.46844911231e-24, 1.31584657452e-23, 1.09937730456e-23, 8.0252981367e-24, 5.85507670541e-24, 8.14751556789e-24, 6.13008071672e-24, 5.93710404006e-24, 8.2858084066e-24, 6.97320539146e-24, 4.22843960239e-24, 7.98050976995e-24, 1.01578692091e-23, 1.15007668496e-23, 6.94166594361e-24, 1.04490653794e-23, 1.1608107153e-23, 1.06379612786e-23, 8.7969374195e-24, 1.0957048415e-23, 8.55338687021e-24, 8.38883442968e-24],
        "var": [2.15322816075e-05, 9.52590198722e-06, 6.53753477309e-06, 3.47702467707e-07, 1.42014442872e-07, 1.87350423175e-07, 6.56830991375e-07, 2.16174086631e-07, 1.08736827542e-07, 5.67408093843e-08, 2.68094861866e-08, 1.19060041825e-08, 1.10324842595e-08, 8.32635560499e-09, 4.01877819911e-09, 2.64866639732e-09, 3.55766260896e-09, 8.40264746671e-09, 3.58927065847e-09, 1.45273659768e-09, 1.16281406726e-09, 1.4810198623e-09, 1.24971910598e-09, 6.93111457117e-10, 1.34815736352e-09, 2.25599583459e-09, 2.26287100169e-09, 2.26665797243e-09, 1.53224988253e-09, 3.6105379797e-10, 3.14902215415e-10, 1.47943213236e-10, 2.14230327922e-10, 1.07264711002e-10, 7.90959520103e-11, 6.3011922069e-11, 3.40082198513e-11, 2.21086430413e-11, 1.21657779337e-11, 1.10258017993e-11]
    },
    "mfcc": {
        "mean": [-665.287109375, 84.6496200562, 14.3967094421, 47.192855835, 10.0221977234, 15.2550916672, 1.49046647549, 13.6227416992, 1.60707342625, 11.5302228928, 5.88860368729, 2.74821710587, 4.28603744507],
        "cov": [[4474.67822266, 141.564483643, -746.273132324, -280.554962158, -276.669769287, -198.594772339, 18.9970302582, -67.1985626221, -76.2281799316, -124.296302795, -138.120178223, -142.304931641, -138.594406128], [141.564483643, 1497.45605469, -130.285736084, -96.7777099609, -13.6999511719, -284.941802979, -142.360168457, 121.169761658, -50.7804031372, -85.400100708, 36.7534370422, 15.165271759, -17.3372612], [-746.273132324, -130.285736084, 1121.48693848, 331.288421631, 178.028488159, 103.421646118, -50.7167625427, 16.6834220886, 20.2917308807, -46.512840271, 2.5636947155, 52.0471572876, 2.32207274437], [-280.554962158, -96.7777099609, 331.288421631, 533.575927734, 253.78024292, 89.2961120605, -15.0159683228, -56.5551681519, 9.89253616333, -13.8616027832, -37.5727462769, -9.29139614105, -12.609128952], [-276.669769287, -13.6999511719, 178.028488159, 253.78024292, 439.613769531, 98.3565444946, -92.9847183228, -17.6879692078, 40.5756721497, 7.35261058807, 2.37834119797, 14.4438781738, 3.64611935616], [-198.594772339, -284.941802979, 103.421646118, 89.2961120605, 98.3565444946, 358.916137695, 198.87600708, 8.03625297546, 65.3943557739, 16.4046535492, -11.1384315491, 23.03565979, -25.993560791], [18.9970302582, -142.360168457, -50.7167625427, -15.0159683228, -92.9847183228, 198.87600708, 342.562866211, 92.7358856201, 58.485370636, 9.67092037201, -4.32104206085, 15.4973659515, -17.0323390961], [-67.1985626221, 121.169761658, 16.6834220886, -56.5551681519, -17.6879692078, 8.03625297546, 92.7358856201, 241.88710022, 89.6835632324, -8.46209907532, 29.3490085602, 37.1686935425, 37.5325088501], [-76.2281799316, -50.7804031372, 20.2917308807, 9.89253616333, 40.5756721497, 65.3943557739, 58.485370636, 89.6835632324, 189.336044312, 61.1382293701, -0.957744598389, 21.6319255829, 6.38731336594], [-124.296302795, -85.400100708, -46.512840271, -13.8616027832, 7.35261058807, 16.4046535492, 9.67092037201, -8.46209907532, 61.1382293701, 178.409545898, 78.6965713501, -2.32335615158, 4.1663517952], [-138.120178223, 36.7534370422, 2.5636947155, -37.5727462769, 2.37834119797, -11.1384315491, -4.32104206085, 29.3490085602, -0.957744598389, 78.6965713501, 196.634216309, 89.78515625, -13.4103040695], [-142.304931641, 15.165271759, 52.0471572876, -9.29139614105, 14.4438781738, 23.03565979, 15.4973659515, 37.1686935425, 21.6319255829, -2.32335615158, 89.78515625, 179.299133301, 44.0167808533], [-138.594406128, -17.3372612, 2.32207274437, -12.609128952, 3.64611935616, -25.993560791, -17.0323390961, 37.5325088501, 6.38731336594, 4.1663517952, -13.4103040695, 44.0167808533, 191.50592041]],
