{
"lowlevel": {
    "average_loudness": 0.956348836422,
    "barkbands_crest": {
        "dmean": 2.968064785,
        "dmean2": 4.54964065552,
        "dvar": 8.80749797821,
        "dvar2": 18.5389137268,
        "max": 26.4343090057,
        "mean": 12.881444931,
        "median": 11.563747406,
        "min": 2.21708631516,
        "var": 41.2335472107
    },
    "barkbands_flatness_db": {
        "dmean": 0.0227920729667,
        "dmean2": 0.0330077819526,
        "dvar": 0.000539715227205,
        "dvar2": 0.000992240617052,
        "max": 0.419123500586,
        "mean": 0.157395988703,
        "median": 0.146976187825,
        "min": 0.0331936553121,
        "var": 0.00350739760324
    },
    "barkbands_kurtosis": {
        "dmean": 5.15126276016,
        "dmean2": 7.63688993454,
        "dvar": 127.208862305,
        "dvar2": 255.915786743,
        "max": 273.295166016,
        "mean": 7.94231128693,
        "median": 1.50613641739,
        "min": -1.9416987896,
        "var": 361.517089844
    },
    "barkbands_skewness": {
        "dmean": 0.785101234913,
        "dmean2": 1.10288405418,
        "dvar": 0.85406512022,
        "dvar2": 1.50611758232,
        "max": 16.3157100677,
        "mean": 1.87490487099,
        "median": 1.44745266438,
        "min": -7.68948888779,
        "var": 4.4589881897
    },
    "barkbands_spread": {
        "dmean": 8.04367256165,
        "dmean2": 12.0442256927,
        "dvar": 92.7827682495,
        "dvar2": 191.814651489,
        "max": 113.224822998,
        "mean": 27.8534679413,
        "median": 25.5557823181,
        "min": 0.795412123203,
        "var": 274.263916016
    },
    "dissonance": {
        "dmean": 0.0166058093309,
        "dmean2": 0.0264535341412,
        "dvar": 0.000381251127692,
        "dvar2": 0.000869432406034,
        "max": 0.500000178814,
        "mean": 0.471073776484,
        "median": 0.481249272823,
        "min": 0.272380232811,
        "var": 0.000908192130737
    },
    "dynamic_complexity": 3.23373794556,
    "erbbands_crest": {
        "dmean": 2.95711660385,
        "dmean2": 4.7897400856,
        "dvar": 8.35496902466,
        "dvar2": 20.2068214417,
        "max": 29.6285018921,
        "mean": 8.82280445099,
        "median": 7.62113571167,
        "min": 2.08815026283,
        "var": 19.7731952667
    },
    "erbbands_flatness_db": {
        "dmean": 0.0214104708284,
        "dmean2": 0.0302714779973,
        "dvar": 0.000455595669337,
        "dvar2": 0.000825460243504,
        "max": 0.377356946468,
        "mean": 0.144018948078,
        "median": 0.139863118529,
        "min": 0.0486490726471,
        "var": 0.00212112581357
    },
    "erbbands_kurtosis": {
        "dmean": 1.16614639759,
        "dmean2": 1.8369307518,
        "dvar": 3.10216927528,
        "dvar2": 7.02313661575,
        "max": 29.8491172791,
        "mean": 0.434438169003,
        "median": -0.17565703392,
        "min": -1.87008857727,
        "var": 5.48720216751
    },
    "erbbands_skewness": {
        "dmean": 0.482501775026,
        "dmean2": 0.706357061863,
        "dvar": 0.250442445278,
        "dvar2": 0.505603671074,
        "max": 4.69650650024,
        "mean": -0.14418014884,
        "median": -0.207807049155,
        "min": -4.57171630859,
        "var": 0.958092987537
    },
    "erbbands_spread": {
        "dmean": 12.6045627594,
        "dmean2": 18.9866371155,
        "dvar": 200.949539185,
        "dvar2": 429.779449463,
        "max": 177.089996338,
        "mean": 48.4565925598,
        "median": 43.1578445435,
        "min": 2.97450971603,
        "var": 647.083557129
    },
    "hfc": {
        "dmean": 6.78964424133,
        "dmean2": 9.04303836823,
        "dvar": 136.87109375,
        "dvar2": 229.31578064,
        "max": 200.879226685,
        "mean": 16.7939624786,
        "median": 11.0310850143,
        "min": 1.13949807147e-16,
        "var": 359.635742188
    },
    "melbands_crest": {
        "dmean": 3.47071766853,
        "dmean2": 5.33905267715,
        "dvar": 11.7235040665,
        "dvar2": 24.933763504,
        "max": 34.4207115173,
        "mean": 17.2251834869,
        "median": 16.6382236481,
        "min": 1.97498083115,
        "var": 56.220867157
    },
    "melbands_flatness_db": {
        "dmean": 0.028172204271,
        "dmean2": 0.0389585234225,
        "dvar": 0.000870655872859,
        "dvar2": 0.00140750361606,
        "max": 0.497692793608,
        "mean": 0.196458086371,
        "median": 0.190082326531,
        "min": 0.0066450885497,
        "var": 0.00728470832109
    },
    "melbands_kurtosis": {
        "dmean": 19.333442688,
        "dmean2": 27.9976787567,
        "dvar": 1783.96508789,
        "dvar2": 3549.70483398,
        "max": 993.757507324,
        "mean": 35.483795166,
        "median": 9.6104221344,
        "min": -1.81810975075,
        "var": 4995.77734375
    },
    "melbands_skewness": {
        "dmean": 1.27264976501,
        "dmean2": 1.79226148129,
        "dvar": 2.64447164536,
        "dvar2": 4.59598588943,
        "max": 25.8185005188,
        "mean": 3.88917088509,
        "median": 2.77123332024,
        "min": -3.81865382195,
        "var": 12.6293020248
    },
    "melbands_spread": {
        "dmean": 10.9287614822,
        "dmean2": 16.1586036682,
        "dvar": 269.748596191,
        "dvar2": 582.633178711,
        "max": 236.227890015,
        "mean": 30.4455604553,
        "median": 21.955953598,
        "min": 0.593245863914,
        "var": 779.886108398
    },
    "pitch_salience": {
        "dmean": 0.0802225545049,
        "dmean2": 0.12520454824,
        "dvar": 0.00692770583555,
        "dvar2": 0.0151333082467,
        "max": 0.885436534882,
        "mean": 0.491037160158,
        "median": 0.50864303112,
        "min": 0.0294015482068,
        "var": 0.0314365960658
    },
    "silence_rate_20dB": {
        "dmean": 0,
        "dmean2": 0,
        "dvar": 0,
        "dvar2": 0,
        "max": 1,
        "mean": 1,
        "median": 1,
        "min": 1,
        "var": 0
    },
    "silence_rate_30dB": {
        "dmean": 0.000158881477546,
        "dmean2": 0.000317788188113,
        "dvar": 0.000158834678587,
        "dvar2": 0.000476495100884,
        "max": 1,
        "mean": 0.999920547009,
        "median": 1,
        "min": 0,
        "var": 7.94227307779e-05
    },
    "silence_rate_60dB": {
        "dmean": 0.0478233247995,
        "dmean2": 0.0956542491913,
        "dvar": 0.0455306507647,
        "dvar2": 0.0946141108871,
        "max": 1,
        "mean": 0.103503055871,
        "median": 0,
        "min": 0,
        "var": 0.0928061828017
    },
    "spectral_centroid": {
        "dmean": 377.02947998,
        "dmean2": 556.062194824,
        "dvar": 182190.625,
        "dvar2": 337897.6875,
        "max": 11233.2294922,
        "mean": 1992.97607422,
        "median": 1943.38757324,
        "min": 238.047180176,
        "var": 704428.625
    },
    "spectral_complexity": {
        "dmean": 4.02351427078,
        "dmean2": 5.49964237213,
        "dvar": 29.0057735443,
        "dvar2": 44.7097396851,
        "max": 60,
        "mean": 15.3195648193,
        "median": 12,
        "min": 0,
        "var": 162.567611694
    },
    "spectral_decrease": {
        "dmean": 1.90912241571e-09,
        "dmean2": 2.6267943376e-09,
        "dvar": 6.90371349887e-18,
        "dvar2": 1.34622346019e-17,
        "max": -1.17981084131e-29,
        "mean": -5.2342201684e-09,
        "median": -3.92493637591e-09,
        "min": -3.44957378218e-08,
        "var": 2.16905947202e-17
    },
    "spectral_energy": {
        "dmean": 0.00768373534083,
        "dmean2": 0.0104754976928,
        "dvar": 0.00010834945715,
        "dvar2": 0.000209663747228,
        "max": 0.131435632706,
        "mean": 0.0212784539908,
        "median": 0.016056176275,
        "min": 1.03801117923e-20,
        "var": 0.000339404243277
    },
    "spectral_energyband_high": {
        "dmean": 0.000502492068335,
        "dmean2": 0.000689356587827,
        "dvar": 1.28184024106e-06,
        "dvar2": 2.32338538808e-06,
        "max": 0.0276328083128,
        "mean": 0.00100455258507,
        "median": 0.000466844707262,
        "min": 7.58749188323e-21,
        "var": 2.67940868071e-06
    },
    "spectral_energyband_low": {
        "dmean": 0.0044827433303,
        "dmean2": 0.00603041611612,
        "dvar": 7.81666021794e-05,
        "dvar2": 0.000146979888086,
        "max": 0.127268627286,
        "mean": 0.0113279335201,
        "median": 0.0055035809055,
        "min": 5.30233172989e-23,
        "var": 0.00024365306308
    },
    "spectral_energyband_middle_high": {
        "dmean": 0.00159416149836,
        "dmean2": 0.0021837297827,
        "dvar": 6.60739351588e-06,
        "dvar2": 1.10495166155e-05,
        "max": 0.0423146784306,
        "mean": 0.00367734418251,
        "median": 0.00164271448739,
        "min": 1.50563764468e-21,
        "var": 2.26546726481e-05
    },
    "spectral_energyband_middle_low": {
        "dmean": 0.00362028717063,
        "dmean2": 0.00572237372398,
        "dvar": 3.11374787998e-05,
        "dvar2": 7.62339332141e-05,
        "max": 0.0494993403554,
        "mean": 0.00574652245268,
        "median": 0.0031608287245,
        "min": 2.76429230528e-22,
        "var": 4.57660353277e-05
    },
    "spectral_entropy": {
        "dmean": 0.168620049953,
        "dmean2": 0.245269298553,
        "dvar": 0.0351601801813,
        "dvar2": 0.0673440024257,
        "max": 9.80912590027,
        "mean": 7.77277517319,
        "median": 7.81216955185,
        "min": 6.18839168549,
        "var": 0.11698577553
    },
    "spectral_flux": {
        "dmean": 0.0266420468688,
        "dmean2": 0.0400795601308,
        "dvar": 0.000958842341788,
        "dvar2": 0.00192273419816,
        "max": 0.295645147562,
        "mean": 0.0758695676923,
        "median": 0.0660165250301,
        "min": 1.01882835501e-10,
        "var": 0.00228319806047
    },
    "spectral_kurtosis": {
        "dmean": 1.02025055885,
        "dmean2": 1.64742565155,
        "dvar": 1.13505780697,
        "dvar2": 2.9816827774,
        "max": 14.2234191895,
        "mean": 2.89025163651,
        "median": 2.69715118408,
        "min": -1.24111628532,
        "var": 2.64189243317
    },
    "spectral_rms": {
        "dmean": 0.000794143474195,
        "dmean2": 0.00105582980905,
        "dvar": 8.26055611469e-07,
        "dvar2": 1.46032550674e-06,
        "max": 0.0113238636404,
        "mean": 0.00412173336372,
        "median": 0.0039578480646,
        "min": 3.18228494771e-12,
        "var": 3.77073115487e-06
    },
    "spectral_rolloff": {
        "dmean": 668.530822754,
        "dmean2": 1072.46362305,
        "dvar": 1268012.5,
        "dvar2": 2444758.5,
        "max": 18604.6875,
        "mean": 1909.28112793,
        "median": 1270.45898438,
        "min": 64.599609375,
        "var": 3718165.25
    },
    "spectral_skewness": {
        "dmean": 0.185252070427,
        "dmean2": 0.285152345896,
        "dvar": 0.0325811766088,
        "dvar2": 0.0704965367913,
        "max": 2.78772878647,
        "mean": 1.16816461086,
        "median": 1.16790938377,
        "min": -0.0932084023952,
        "var": 0.125408068299
    },
    "spectral_spread": {
        "dmean": 666523.5625,
        "dmean2": 927741.125,
        "dvar": 660912472064,
        "dvar2": 1.04608523878e+12,
        "max": 42345152,
        "mean": 5122318,
        "median": 4764411.5,
        "min": 1848915.5,
        "var": 2.85414811238e+12
    },
    "spectral_strongpeak": {
        "dmean": 0.363299608231,
        "dmean2": 0.601437211037,
        "dvar": 0.372070401907,
        "dvar2": 0.931917190552,
        "max": 8.93183326721,
        "mean": 0.641292870045,
        "median": 0.342063367367,
        "min": 0,
        "var": 0.610743403435
    },
    "zerocrossingrate": {
        "dmean": 0.0147322230041,
        "dmean2": 0.0160934198648,
        "dvar": 0.000319782615406,
        "dvar2": 0.000331975577865,
        "max": 0.49853515625,
        "mean": 0.073247268796,
        "median": 0.0625,
        "min": 0.00244140625,
        "var": 0.0023277963046
    },
    "barkbands": {
        "dmean": [0.000104850529169, 0.00404665106907, 0.0012505116174, 0.000906841247343, 0.00108668999746, 0.000820144894533, 0.00105938024353, 0.000592524826061, 0.000489695987199, 0.000286988157313, 0.000239961082116, 0.000223872484639, 0.000187391837244, 0.000227902593906, 0.000205720265512, 0.000275000784313, 0.000230655583437, 0.000251517310971, 0.000358499994036, 0.000187932950212, 0.000167483216501, 0.000119721589726, 8.89132570592e-05, 4.66202873213e-05, 3.5502245737e-05, 2.81446427834e-05, 8.0128931268e-10],
        "dmean2": [0.000177674883162, 0.00554517889395, 0.00227188016288, 0.00161882955581, 0.00180365948472, 0.00127326813526, 0.00172721850686, 0.000939791381825, 0.000742261996493, 0.000433903856901, 0.000373620714527, 0.000348270812538, 0.000294975499855, 0.000370909488993, 0.000313384662149, 0.00040598391206, 0.000342250888934, 0.000363875849871, 0.0005286722444, 0.000281301385257, 0.00024185651273, 0.000177663896466, 0.000129425068735, 6.87308129272e-05, 5.07356562593e-05, 3.77523429052e-05, 1.44834344518e-09],
        "dvar": [3.16584305438e-08, 7.58043097449e-05, 1.6809661247e-05, 4.86434646518e-06, 5.18821116202e-06, 3.02016997011e-06, 7.51376956032e-06, 2.71981525657e-06, 1.66838526638e-06, 6.79282038618e-07, 7.45441809613e-07, 4.98146675909e-07, 2.87761849904e-07, 3.37516382842e-07, 3.2198960298e-07, 4.51638840104e-07, 2.38868238966e-07, 3.56872106977e-07, 5.77148284719e-07, 1.97637049837e-07, 1.89065545442e-07, 9.54541761189e-08, 7.44526715835e-08, 1.19644525398e-08, 6.24727025667e-09, 2.00294469899e-09, 1.40380759718e-18],
        "dvar2": [8.55394048926e-08, 0.000138950330438, 4.8912683269e-05, 1.38628793138e-05, 1.26640079543e-05, 6.68979555485e-06, 1.83765587281e-05, 6.42870281808e-06, 3.86293913834e-06, 1.4791621652e-06, 1.73549040028e-06, 1.08844324131e-06, 6.564360433e-07, 8.13151132206e-07, 7.05513286903e-07, 9.06668674361e-07, 4.9005211622e-07, 7.36078845875e-07, 1.2340099147e-06, 3.86717658785e-07, 3.85769681088e-07, 1.93004566995e-07, 1.36825931918e-07, 2.57027306105e-08, 1.25282335617e-08, 3.90101773107e-09, 4.17502332906e-18],
        "max": [0.00275342096575, 0.119100213051, 0.0426598265767, 0.0246123299003, 0.0270116981119, 0.0272911898792, 0.0344375744462, 0.0256703048944, 0.0231493413448, 0.0179448910058, 0.0382234230638, 0.0208124928176, 0.0115196891129, 0.0191183537245, 0.0208729226142, 0.0156902782619, 0.0102705340832, 0.0216062422842, 0.0118020325899, 0.00584253435954, 0.00521639361978, 0.0113204270601, 0.0113886371255, 0.00272099068388, 0.00361539539881, 0.000634626194369, 1.70735514615e-08],
        "mean": [0.000149499595864, 0.00962363090366, 0.00118014169857, 0.000849116768222, 0.00130896025803, 0.00108246260788, 0.00107528863009, 0.000617912854068, 0.000638280820567, 0.000430777698057, 0.000339808437275, 0.000312162213959, 0.000248932978138, 0.000293744989904, 0.000285027868813, 0.000371708214516, 0.000353599403752, 0.000377204356482, 0.000568935705815, 0.000345665088389, 0.000281947257463, 0.00020405621035, 0.000153989894898, 8.17208347144e-05, 6.00108323852e-05, 4.38111601397e-05, 6.89129364684e-10],
        "median": [9.95840673568e-05, 0.00389100075699, 0.000341207662132, 0.000345435779309, 0.000468389393063, 0.000265503244009, 0.000154794746777, 7.35071735107e-05, 8.32933947095e-05, 6.70396184432e-05, 4.95449457958e-05, 7.31887994334e-05, 5.23832968611e-05, 6.89063890604e-05, 6.40598955215e-05, 8.96388519322e-05, 0.000108180029201, 8.65878246259e-05, 0.000201975402888, 0.000113501038868, 8.31631041365e-05, 8.12203725218e-05, 7.31156324036e-05, 4.06758772442e-05, 2.78798015643e-05, 1.24028947539e-05, 2.74999967242e-10],
        "min": [8.90950155979e-24, 2.29002218709e-23, 1.71760515051e-23, 4.48300264992e-24, 1.74487338988e-23, 9.31323378688e-23, 2.78967721813e-23, 2.03460164775e-23, 9.09818777976e-23, 5.14097812033e-23, 2.32768461552e-23, 1.87187781836e-22, 1.04265733773e-22, 1.13435522355e-22, 1.6734871262e-22, 1.4262737695e-22, 1.09368357476e-22, 2.64962070731e-22, 1.74199079747e-22, 3.82416719491e-22, 5.11637613616e-22, 5.04757787268e-22, 6.4277194351e-22, 7.1828393079e-22, 1.26090264913e-21, 1.63781428071e-21, 2.2342152384e-21],
        "var": [3.66474388613e-08, 0.000204672716791, 1.07571977424e-05, 3.25540509039e-06, 6.19775983068e-06, 4.71202565677e-06, 7.54074517317e-06, 2.95503468806e-06, 2.55956274486e-06, 1.56408532348e-06, 1.47907360315e-06, 9.51556614837e-07, 4.9018927939e-07, 4.93621769238e-07, 5.05839125253e-07, 7.17381965387e-07, 4.55051861081e-07, 6.37567893591e-07, 1.05298340713e-06, 4.04431261813e-07, 3.5047082747e-07, 1.61841171575e-07, 1.30410541033e-07, 2.1448823162e-08, 1.15890967933e-08, 3.92176469077e-09, 1.20898578001e-18]
    },
    "erbbands": {
        "dmean": [0.135394960642, 0.874932587147, 1.33699214458, 2.22543478012, 3.91237473488, 3.33613610268, 4.21902561188, 7.6750626564, 15.0966892242, 12.366642952, 12.7906503677, 10.74177742, 9.82644271851, 8.09753417969, 8.98865890503, 7.84384393692, 7.85255479813, 9.72174739838, 10.1542730331, 14.4886856079, 11.5731143951, 12.6896438599, 13.1782875061, 18.7858219147, 13.7195911407, 9.22486782074, 7.25420665741, 5.8282752037, 4.29565429688, 3.62014365196, 2.3479077816, 1.23593521118, 0.697527468204, 0.470375597477, 0.216409400105, 0.125086158514, 0.0585797987878, 0.00528419017792, 9.47054068092e-05, 1.22204437503e-05],
        "dmean2": [0.181759983301, 1.24007046223, 2.32747006416, 4.03118801117, 6.64004850388, 5.58577680588, 6.64495182037, 11.8126153946, 24.4132385254, 19.9445724487, 20.0854873657, 16.2459506989, 14.6184844971, 12.1093549728, 13.8910980225, 11.854549408, 11.9487657547, 15.4197845459, 15.4348173141, 21.8174571991, 17.1876659393, 18.5227508545, 18.9732704163, 27.4707107544, 20.5848426819, 13.5587539673, 10.9912719727, 8.44374847412, 6.39672279358, 5.20841646194, 3.45177221298, 1.81627905369, 1.02945590019, 0.699921131134, 0.29981893301, 0.164982929826, 0.0825490728021, 0.00790592376143, 0.000136525472044, 1.60894560395e-05],
        "dvar": [0.0764214619994, 3.99517273903, 17.2416782379, 35.879196167, 72.2243423462, 54.9900283813, 81.6222076416, 328.809173584, 1574.48303223, 1103.2298584, 1423.33105469, 881.343200684, 735.458435059, 550.660705566, 994.854675293, 599.354553223, 516.276367188, 558.392211914, 792.685668945, 1196.63476562, 689.377990723, 715.138916016, 1078.33703613, 1626.98510742, 1033.77941895, 467.799133301, 406.023193359, 196.669326782, 114.118652344, 125.523803711, 57.5742378235, 10.5264139175, 2.72965502739, 1.46926558018, 0.156358554959, 0.0407072231174, 0.00969531293958, 7.99606568762e-05, 2.43986857384e-08, 2.76216299833e-10],
        "dvar2": [0.157058641315, 7.38474225998, 47.9221801758, 104.419090271, 190.408096313, 135.212265015, 181.4790802, 718.550354004, 3794.25268555, 2700.02416992, 3420.13500977, 2049.98071289, 1551.04394531, 1175.52758789, 2384.24975586, 1272.08935547, 1148.66467285, 1298.81933594, 1686.95288086, 2492.39013672, 1369.0246582, 1384.20605469, 2230.11157227, 3372.34643555, 2272.39575195, 844.027587891, 849.329528809, 415.007202148, 237.507705688, 231.021392822, 110.063903809, 22.4958248138, 6.06541776657, 3.02128148079, 0.306268930435, 0.078112334013, 0.0211038254201, 0.000178244677954, 5.3019885371e-08, 5.09096376167e-10],
        "max": [3.72414946556, 25.5881729126, 54.1256561279, 65.9764785767, 121.139884949, 126.748748779, 208.140670776, 337.496582031, 555.231933594, 655.34765625, 716.979614258, 600.153381348, 527.165710449, 700.934326172, 1377.10876465, 896.979309082, 605.046081543, 471.08581543, 1194.49621582, 714.279052734, 545.767150879, 628.613769531, 1442.43701172, 609.924621582, 559.477783203, 342.967407227, 227.513595581, 228.743331909, 326.997406006, 546.372192383, 341.222473145, 107.163848877, 58.675907135, 66.7375793457, 11.5044631958, 3.9764559269, 1.53388226032, 0.127413108945, 0.00217324960977, 0.000228467557463],
        "mean": [0.328417092562, 1.97744512558, 1.61466860771, 2.22034168243, 4.05990123749, 3.87292575836, 5.65481948853, 10.1336326599, 15.8041496277, 13.5311307907, 14.0626115799, 14.1047897339, 16.0743026733, 12.3563480377, 14.1686601639, 11.6805801392, 11.3197546005, 13.8182754517, 14.7256584167, 19.766248703, 18.1821079254, 20.4949913025, 20.4918136597, 29.5571861267, 22.8430805206, 16.8132190704, 12.2602615356, 10.2258262634, 7.4727025032, 6.16269922256, 3.97946190834, 2.1242787838, 1.21040785313, 0.757531523705, 0.362597107887, 0.201809853315, 0.0827052667737, 0.00723076891154, 0.000144407575135, 3.25312903442e-05],
        "median": [0.152789756656, 0.720685720444, 0.707345485687, 1.03865540028, 1.47009801865, 1.38865017891, 1.61554062366, 2.40537571907, 2.77873468399, 2.31063294411, 1.93962347507, 2.05566430092, 2.46134662628, 2.13578271866, 2.83656311035, 2.82163143158, 2.89944219589, 3.77271008492, 3.94764995575, 4.59180688858, 5.49968290329, 6.59677886963, 5.5480093956, 10.7327699661, 7.31652641296, 5.21125078201, 3.63205385208, 3.48626160622, 2.96856594086, 2.66982293129, 1.81023573875, 1.02249085903, 0.614967226982, 0.362900912762, 0.154795780778, 0.0692841336131, 0.0198878701776, 0.00145311921369, 4.17394330725e-05, 2.44618022407e-05],
        "min": [5.85961740456e-22, 5.75972969104e-21, 2.03082033073e-20, 1.94393777052e-20, 3.48665610856e-20, 6.18275761112e-20, 2.65342557455e-19, 8.87676363255e-19, 6.55401410611e-19, 2.44737384999e-19, 6.06136032593e-19, 1.43520158297e-18, 2.68780573405e-18, 1.08946252419e-18, 2.32403486171e-18, 6.88390376397e-18, 6.33066924027e-18, 6.54890595564e-18, 7.2399611771e-18, 9.13822322326e-18, 7.04542897654e-18, 5.94310120888e-18, 1.08918974071e-17, 1.23436266791e-17, 1.07726824828e-17, 1.83379671774e-17, 2.21334506765e-17, 1.74730952531e-17, 2.24775942073e-17, 1.84186156328e-17, 1.6605197502e-17, 1.50128897121e-17, 1.39274054097e-17, 1.46955352527e-17, 7.84553100456e-18, 5.18992927291e-18, 3.06507495322e-18, 1.42415624025e-18, 3.32300501596e-19, 3.13672219718e-20],
        "var": [0.205788493156, 9.79731655121, 13.8156995773, 22.8409519196, 64.5640182495, 62.6281394958, 130.531570435, 497.385925293, 1639.3326416, 1131.16186523, 1512.03808594, 1279.62060547, 1864.80651855, 1263.56750488, 2086.78100586, 1131.09655762, 971.58782959, 922.196044922, 1424.32836914, 1901.96948242, 1270.30578613, 1450.51416016, 1824.69030762, 2949.44262695, 1775.04016113, 1013.72119141, 700.76776123, 371.869476318, 197.104003906, 218.174377441, 93.7719650269, 17.2120113373, 4.91521978378, 2.49712204933, 0.332174539566, 0.0858792737126, 0.0153335304931, 0.000119564974739, 3.96935284641e-08, 7.74288133609e-10]
    },
    "gfcc": {
        "mean": [-22.2082424164, 60.192855835, -113.018829346, 53.345123291, -59.019947052, 15.9446592331, -34.9839553833, 18.4501171112, -20.5673847198, 9.67694854736, -12.2342033386, 6.95281648636, -11.46925354],
        "cov": [[5441.11035156, 366.118011475, 174.080932617, 87.3922424316, 369.669891357, 19.2776546478, 32.5923614502, 50.4699630737, -65.2274398804, 141.90763855, -189.924331665, 144.482162476, -149.913375854], [366.118011475, 1379.54125977, 20.0218486786, 59.2515983582, 160.215408325, -132.897735596, 41.4071769714, -62.0008201599, 95.0415344238, -141.696640015, 131.464736938, -94.5609970093, 33.9852333069], [174.080932617, 20.0218486786, 1602.57495117, 531.84375, 351.849853516, 273.81439209, 97.7514038086, 161.707214355, 20.2622585297, 133.164215088, -42.0561828613, 93.462852478, -53.2262115479], [87.3922424316, 59.2515983582, 531.84375, 618.665771484, 269.623901367, 122.790374756, 59.2169418335, -7.66835737228, 43.5419387817, 32.639415741, 29.4708805084, 9.06553554535, 49.4183692932], [369.669891357, 160.215408325, 351.849853516, 269.623901367, 471.248687744, 206.330673218, 94.6253204346, 57.1163253784, 58.7138595581, 87.7574310303, 2.92979645729, 36.4156074524, 14.4929256439], [19.2776546478, -132.897735596, 273.81439209, 122.790374756, 206.330673218, 438.449920654, 236.798812866, 129.511764526, 33.6157569885, 85.8484802246, 42.3729286194, 26.8561592102, 38.8970985413], [32.5923614502, 41.4071769714, 97.7514038086, 59.2169418335, 94.6253204346, 236.798812866, 361.088653564, 143.538513184, 25.0452690125, 30.695640564, 40.8905563354, 37.6807479858, 34.575012207], [50.4699630737, -62.0008201599, 161.707214355, -7.66835737228, 57.1163253784, 129.511764526, 143.538513184, 227.96937561, 96.4370803833, 57.0837554932, 30.9418697357, 38.5767440796, 13.5165224075], [-65.2274398804, 95.0415344238, 20.2622585297, 43.5419387817, 58.7138595581, 33.6157569885, 25.0452690125, 96.4370803833, 172.023025513, 56.8759498596, 55.6582145691, -7.10872268677, 30.3566265106], [141.90763855, -141.696640015, 133.164215088, 32.639415741, 87.7574310303, 85.8484802246, 30.695640564, 57.0837554932, 56.8759498596, 157.721694946, 26.8572330475, 32.1590614319, -8.15777206421], [-189.924331665, 131.464736938, -42.0561828613, 29.4708805084, 2.92979645729, 42.3729286194, 40.8905563354, 30.9418697357, 55.6582145691, 26.8572330475, 160.541931152, 20.1981182098, 28.0231666565], [144.482162476, -94.5609970093, 93.462852478, 9.06553554535, 36.4156074524, 26.8561592102, 37.6807479858, 38.5767440796, -7.10872268677, 32.1590614319, 20.1981182098, 108.069442749, 19.9147758484], [-149.913375854, 33.9852333069, -53.2262115479, 49.4183692932, 14.4929256439, 38.8970985413, 34.575012207, 13.5165224075, 30.3566265106, -8.15777206421, 28.0231666565, 19.9147758484, 110.683876038]],
        "icov": [[0.000300308223814, -0.000413726636907, 0.000298633734928, -0.000374651543098, 0.00015325829736, -0.000307635724312, 0.000307590205921, -0.000452463544207, 0.000393239635741, -0.000693938345648, 0.000912458985113, -0.000974229769781, 0.000677149742842], [-0.000413726636907, 0.00246840133332, -0.00119402073324, 0.00172262254637, -0.00199986342341, 0.00215189857408, -0.00186420441605, 0.00210735644214, -0.00191355950665, 0.00327485054731, -0.00362117611803, 0.00354341464117, -0.00178551324643], [0.000298633734928, -0.00119402073324, 0.00195913831703, -0.00211343425326, 0.000885610526893, -0.00154828664381, 0.00146094767842, -0.00223881844431, 0.00145519117359, -0.00194334762637, 0.00246454658918, -0.00278370454907, 0.0022365511395], [-0.000374651543098, 0.00172262254637, -0.00211343425326, 0.00470507144928, -0.00265576620586, 0.00191848899703, -0.00200054096058, 0.00329390354455, -0.00212581222877, 0.00276871980168, -0.00347447628155, 0.00366568006575, -0.00324997282587], [0.00015325829736, -0.00199986342341, 0.000885610526893, -0.00265576620586, 0.00556210242212, -0.00325239403173, 0.00156862917356, -0.00109037046786, 0.000207579694688, -0.00319715845399, 0.00370854442008, -0.00380805134773, 0.00194473704323], [-0.000307635724312, 0.00215189857408, -0.00154828664381, 0.00191848899703, -0.00325239403173, 0.00699959974736, -0.00400772551075, 0.000802265712991, 4.65587345388e-06, 0.00110533332918, -0.00403387425467, 0.00498308939859, -0.00335363275371], [0.000307590205921, -0.00186420441605, 0.00146094767842, -0.00200054096058, 0.00156862917356, -0.00400772551075, 0.00689371209592, -0.00471561634913, 0.00282438122667, -0.0017590461066, 0.0023299374152, -0.00336064584553, 0.00132070365362], [-0.000452463544207, 0.00210735644214, -0.00223881844431, 0.00329390354455, -0.00109037046786, 0.000802265712991, -0.00471561634913, 0.0124152330682, -0.00801239814609, 0.00322997896001, -0.00249977293424, 0.000659813755192, -0.00103966007009], [0.000393239635741, -0.00191355950665, 0.00145519117359, -0.00212581222877, 0.000207579694688, 4.65587345388e-06, 0.00282438122667, -0.00801239814609, 0.0137322954834, -0.00596630945802, -4.48488826805e-05, 0.00151147553697, -0.00163015176076], [-0.000693938345648, 0.00327485054731, -0.00194334762637, 0.00276871980168, -0.00319715845399, 0.00110533332918, -0.0017590461066, 0.00322997896001, -0.00596630945802, 0.013973519206, -0.00540511822328, 0.00201179366559, -0.000258150103036], [0.000912458985113, -0.00362117611803, 0.00246454658918, -0.00347447628155, 0.00370854442008, -0.00403387425467, 0.0023299374152, -0.00249977293424, -4.48488826805e-05, -0.00540511822328, 0.0138143515214, -0.0079508125782, 0.00314057711512], [-0.000974229769781, 0.00354341464117, -0.00278370454907, 0.00366568006575, -0.00380805134773, 0.00498308939859, -0.00336064584553, 0.000659813755192, 0.00151147553697, 0.00201179366559, -0.0079508125782, 0.0190789327025, -0.00735220918432], [0.000677149742842, -0.00178551324643, 0.0022365511395, -0.00324997282587, 0.00194473704323, -0.00335363275371, 0.00132070365362, -0.00103966007009, -0.00163015176076, -0.000258150103036, 0.00314057711512, -0.00735220918432, 0.0146207921207]]
    },
    "melbands": {
        "dmean": [0.00118956540246, 0.000750025210436, 0.000443023513071, 0.00025809800718, 0.000141743032145, 0.000173178457771, 0.000225564712309, 0.000131209846586, 0.000103379323264, 6.77397474647e-05, 4.97375476698e-05, 3.37002165907e-05, 3.16352707159e-05, 2.49723198067e-05, 1.99322821572e-05, 1.73680127773e-05, 2.01574421226e-05, 1.81647046702e-05, 1.6292275177e-05, 2.22954513447e-05, 1.34870697366e-05, 1.39159956234e-05, 1.26218737933e-05, 1.22188021123e-05, 1.71027259057e-05, 1.25140977616e-05, 8.0551199062e-06, 6.40209054836e-06, 4.85254986415e-06, 4.93692959935e-06, 3.33172056344e-06, 2.61870604845e-06, 2.37369613387e-06, 2.01841908165e-06, 1.54556232701e-06, 1.00266720438e-06, 7.12941982783e-07, 5.22560696936e-07, 4.56297641449e-07, 3.99422901864e-07],
        "dmean2": [0.00156281562522, 0.00113991240505, 0.00078513432527, 0.000433707551565, 0.000225858238991, 0.000267313356744, 0.000364588398952, 0.000209736492252, 0.000162895026733, 0.000102052224975, 7.44384815334e-05, 5.09407618665e-05, 4.87383222207e-05, 3.84866689274e-05, 3.13920936605e-05, 2.72684210358e-05, 3.24735992763e-05, 2.85839378193e-05, 2.45973405981e-05, 3.39456528309e-05, 2.07538032555e-05, 2.07531684282e-05, 1.84318632819e-05, 1.80262632057e-05, 2.58732598013e-05, 1.82213352673e-05, 1.26448740048e-05, 9.49636887526e-06, 7.99317513156e-06, 7.1141485023e-06, 5.14362091053e-06, 3.94842254536e-06, 3.62995774594e-06, 2.9455557069e-06, 2.32505522035e-06, 1.49558627527e-06, 1.07849757569e-06, 7.88403724528e-07, 6.89673981924e-07, 6.10846143445e-07],
        "dvar": [6.10779761701e-06, 3.44581621903e-06, 1.19227991036e-06, 3.00205442727e-07, 8.63827551711e-08, 1.52152125565e-07, 3.3879192074e-07, 1.15897982766e-07, 9.08709836267e-08, 3.47745192641e-08, 1.90822504464e-08, 9.73619229683e-09, 1.34868880508e-08, 6.18729689705e-09, 3.92453936016e-09, 2.40541786489e-09, 2.53118703775e-09, 2.54636267627e-09, 1.5571961498e-09, 3.35885319558e-09, 1.02826569481e-09, 8.73180749927e-10, 1.03410757735e-09, 8.58568216522e-10, 1.4046120933e-09, 8.20803314205e-10, 3.69000496825e-10, 2.33861457977e-10, 1.73762323974e-10, 1.69116429194e-10, 6.31284885477e-11, 3.82988536718e-11, 4.51771571541e-11, 4.04090060024e-11, 2.39734881252e-11, 9.31522220471e-12, 2.97901677285e-12, 1.38448714299e-12, 1.93210942037e-12, 1.01540249733e-12],
        "dvar2": [1.13667747428e-05, 7.98004566605e-06, 3.40043743563e-06, 7.69266534917e-07, 1.87713638411e-07, 3.32508932388e-07, 8.19497813609e-07, 2.79425222516e-07, 2.18210061576e-07, 7.92589247567e-08, 4.03961593065e-08, 2.10428670044e-08, 3.26551514718e-08, 1.31944215553e-08, 8.80913919588e-09, 5.42434630546e-09, 6.01479843709e-09, 5.6048712338e-09, 3.29251381714e-09, 7.33176452883e-09, 2.16965712063e-09, 1.74855796509e-09, 2.09027017917e-09, 1.8403837343e-09, 3.12022629956e-09, 1.68375247078e-09, 8.95583773808e-10, 4.37103436779e-10, 4.38296454686e-10, 3.31678046139e-10, 1.51850421126e-10, 8.29507018629e-11, 9.3469364193e-11, 7.50588619036e-11, 4.6127421327e-11, 1.93369695256e-11, 6.6059089622e-12, 3.12286828341e-12, 4.57018537597e-12, 2.08886293679e-12],
        "max": [0.0345078334212, 0.0263253394514, 0.0111221931875, 0.00657427124679, 0.00564382225275, 0.00664174603298, 0.00773458415642, 0.0065358793363, 0.00559663400054, 0.00353540177457, 0.00270844693296, 0.00305213499814, 0.00572539120913, 0.0028947677929, 0.00181418284774, 0.00100996438414, 0.00108470080886, 0.00173155998345, 0.00111567648128, 0.0014063186245, 0.000656561052892, 0.000674884649925, 0.00147411192302, 0.000897428952157, 0.00059195474023, 0.000552689249162, 0.000252923055086, 0.000244352559093, 0.000139196068631, 0.000155408124556, 0.000132010158268, 0.0001687391632, 0.00025900194305, 0.000309290742734, 0.000215313237277, 0.000103344704257, 5.77094615437e-05, 3.35591212206e-05, 7.31796972104e-05, 5.83267537877e-05],
        "mean": [0.00287097343244, 0.00144655595068, 0.000453469750937, 0.000287108152406, 0.000192860417883, 0.000228858698392, 0.000236329331528, 0.000142921315273, 0.000113165748189, 8.88676877366e-05, 7.95083469711e-05, 4.89881240355e-05, 4.78789079352e-05, 3.61262755177e-05, 2.80845215457e-05, 2.31525427807e-05, 2.6737796361e-05, 2.43176255026e-05, 2.31861195061e-05, 2.76422852039e-05, 1.9909488401e-05, 2.15858508454e-05, 1.84181590157e-05, 1.81809882633e-05, 2.52887257375e-05, 1.92235293071e-05, 1.29488771563e-05, 1.07715395643e-05, 7.41106759961e-06, 7.54285019866e-06, 5.33395268576e-06, 4.3541181185e-06, 3.65056098417e-06, 3.32307968165e-06, 2.45318233283e-06, 1.62258470482e-06, 1.17060017146e-06, 8.58492171574e-07, 7.48278807805e-07, 5.99627981046e-07],
        "median": [0.00121316313744, 0.000709487532731, 0.000216635904508, 0.000106823703391, 5.93510485487e-05, 5.41389817954e-05, 3.95485731133e-05, 2.14355422941e-05, 1.44294026541e-05, 1.14252115964e-05, 1.13264241008e-05, 7.86221607996e-06, 8.47793035064e-06, 7.47952162783e-06, 6.29338501312e-06, 4.61162153442e-06, 6.71512725603e-06, 6.01860983807e-06, 5.42168663742e-06, 6.47027445666e-06, 5.60366515856e-06, 6.70224244459e-06, 4.94742198498e-06, 3.98451993533e-06, 9.39218716667e-06, 4.81441338707e-06, 4.44704301117e-06, 3.06896163238e-06, 2.26619772548e-06, 1.93638356905e-06, 1.89053946542e-06, 1.75057073193e-06, 1.24270115975e-06, 1.51356130118e-06, 1.11333838504e-06, 6.68034772389e-07, 5.64099252642e-07, 4.19253922246e-07, 3.74231518663e-07, 2.74405891787e-07],
        "min": [7.07287481139e-24, 9.71362297922e-24, 3.44408743167e-24, 3.60511445281e-24, 7.42335703411e-24, 1.94789763012e-23, 9.24073636528e-24, 3.04524271065e-24, 4.71308497698e-24, 1.17130919177e-23, 1.38757462008e-23, 4.43444628905e-24, 4.50670555354e-24, 1.9697751096e-23, 1.49995006483e-23, 1.12407866942e-23, 1.28472222528e-23, 1.06923169504e-23, 1.23331239674e-23, 1.15667724193e-23, 7.77347638081e-24, 5.41239912541e-24, 8.97039609965e-24, 1.16055701763e-23, 9.75517386082e-24, 7.10820473589e-24, 1.04063367285e-23, 1.25441805472e-23, 1.15960454697e-23, 1.62670533949e-23, 7.18030031174e-24, 1.51828682103e-23, 6.84181587453e-24, 1.18571402856e-23, 9.05424806957e-24, 9.62358318436e-24, 8.65584333571e-24, 8.56441672338e-24, 1.29149151959e-23, 1.19872108271e-23],
        "var": [1.72205818672e-05, 5.79136622036e-06, 8.11579468518e-07, 3.06711797293e-07, 1.41027257428e-07, 2.31753901403e-07, 3.50920629444e-07, 1.24418519931e-07, 9.83115313602e-08, 5.44229159516e-08, 4.83055124789e-08, 2.11040820375e-08, 2.59743906383e-08, 1.40612899102e-08, 7.524355361e-09, 3.91823329338e-09, 3.79433107156e-09, 4.42879244389e-09, 2.76686340506e-09, 4.5095749357e-09, 1.65222324711e-09, 1.69781777526e-09, 1.68271707679e-09, 1.48986056825e-09, 2.2378718878e-09, 1.48251189103e-09, 5.3278986778e-10, 4.80448125728e-10, 2.45880260596e-10, 2.87597334836e-10, 9.64844107387e-11, 6.24027843288e-11, 7.18828954693e-11, 6.94255347655e-11, 3.74507994061e-11, 1.52824367744e-11, 4.7013521548e-12, 2.49472990009e-12, 2.63467286182e-12, 1.69460604403e-12]
    },
    "mfcc": {
        "mean": [-663.353271484, 83.9391326904, 6.05809211731, 36.1100654602, 4.33721733093, 5.28031873703, 0.815027296543, 7.54252672195, -0.104750320315, 5.96205186844, 2.97400999069, 0.854594826698, 4.81953382492],
        "cov": [[5018.03417969, 473.972320557, -483.981964111, 149.827926636, 51.7491455078, 85.8960418701, -31.7692146301, 2.22656106949, 30.9240646362, -66.628074646, 45.0402870178, 4.56383466721, -77.8561477661], [473.972320557, 1153.49621582, -23.8454475403, 76.074508667, 92.2571029663, -63.3556251526, -9.27558326721, 38.8118743896, -44.5890693665, -16.3286914825, 42.9631462097, 23.1618900299, 1.60363614559], [-483.981964111, -23.8454475403, 1124.56201172, 335.840484619, 277.711517334, 183.091369629, 179.973388672, 115.745613098, 110.553649902, 53.2343864441, 65.6045608521, 68.7434082031, 77.8799285889], [149.827926636, 76.074508667, 335.840484619, 531.121154785, 243.767929077, 129.614318848, 31.1615619659, 14.4723300934, 36.4815483093, -7.69816875458, -14.4138908386, 21.6368236542, 20.0025997162], [51.7491455078, 92.2571029663, 277.711517334, 243.767929077, 456.970001221, 180.271408081, 43.8495903015, 17.6143569946, 68.8569869995, 54.5567054749, 44.2836914062, 30.521648407, 35.6933517456], [85.8960418701, -63.3556251526, 183.091369629, 129.614318848, 180.271408081, 336.972595215, 206.894363403, 59.1534385681, 96.7242889404, 56.0516662598, 26.8469848633, 48.5846824646, 21.0605239868], [-31.7692146301, -9.27558326721, 179.973388672, 31.1615619659, 43.8495903015, 206.894363403, 318.540496826, 151.952407837, 112.118179321, 54.8638038635, 56.8363418579, 67.2625579834, 45.8668632507], [2.22656106949, 38.8118743896, 115.745613098, 14.4723300934, 17.6143569946, 59.1534385681, 151.952407837, 203.43145752, 101.334396362, 43.6636619568, 46.6051483154, 53.1201782227, 39.7026443481], [30.9240646362, -44.5890693665, 110.553649902, 36.4815483093, 68.8569869995, 96.7242889404, 112.118179321, 101.334396362, 206.769058228, 82.6401672363, 37.5882453918, 41.5655097961, 33.5795211792], [-66.628074646, -16.3286914825, 53.2343864441, -7.69816875458, 54.5567054749, 56.0516662598, 54.8638038635, 43.6636619568, 82.6401672363, 151.572341919, 72.3894271851, 24.0401496887, 27.1210384369], [45.0402870178, 42.9631462097, 65.6045608521, -14.4138908386, 44.2836914062, 26.8469848633, 56.8363418579, 46.6051483154, 37.5882453918, 72.3894271851, 153.650680542, 67.2876663208, 17.0936317444], [4.56383466721, 23.1618900299, 68.7434082031, 21.6368236542, 30.521648407, 48.5846824646, 67.2625579834, 53.1201782227, 41.5655097961, 24.0401496887, 67.2876663208, 126.364433289, 53.9370689392], [-77.8561477661, 1.60363614559, 77.8799285889, 20.0025997162, 35.6933517456, 21.0605239868, 45.8668632507, 39.7026443481, 33.5795211792, 27.1210384369, 17.0936317444, 53.9370689392, 122.801612854]],
