{
"lowlevel": {
    "average_loudness": 0.964850604534,
    "barkbands_crest": {
        "dmean": 3.02849388123,
        "dmean2": 4.98743629456,
        "dvar": 7.22632455826,
        "dvar2": 17.5948200226,
        "max": 25.7923545837,
        "mean": 14.218957901,
        "median": 13.3372735977,
        "min": 2.48158550262,
        "var": 29.462141037
    },
    "barkbands_flatness_db": {
        "dmean": 0.0294725485146,
        "dmean2": 0.0432172752917,
        "dvar": 0.00082604115596,
        "dvar2": 0.00155131681822,
        "max": 0.707726299763,
        "mean": 0.21353328228,
        "median": 0.19607770443,
        "min": 0.0332163311541,
        "var": 0.00888196192682
    },
    "barkbands_kurtosis": {
        "dmean": 14.1810035706,
        "dmean2": 21.4801616669,
        "dvar": 1213.92456055,
        "dvar2": 2710.28540039,
        "max": 1019.8817749,
        "mean": 24.1992645264,
        "median": 5.87177085876,
        "min": -1.8958632946,
        "var": 3728.609375
    },
    "barkbands_skewness": {
        "dmean": 1.08593797684,
        "dmean2": 1.56022799015,
        "dvar": 1.79590451717,
        "dvar2": 3.66374278069,
        "max": 26.9568138123,
        "mean": 3.00217413902,
        "median": 2.16088342667,
        "min": -2.35469794273,
        "var": 9.02662277222
    },
    "barkbands_spread": {
        "dmean": 5.99697351456,
        "dmean2": 8.18947696686,
        "dvar": 62.8549613953,
        "dvar2": 106.503303528,
        "max": 102.799369812,
        "mean": 17.3754501343,
        "median": 12.6106376648,
        "min": 0.0784450620413,
        "var": 275.582763672
    },
    "dissonance": {
        "dmean": 0.0356835648417,
        "dmean2": 0.0586534701288,
        "dvar": 0.0013563859975,
        "dvar2": 0.00353731890209,
        "max": 0.499801456928,
        "mean": 0.42948281765,
        "median": 0.446446508169,
        "min": 0.102459691465,
        "var": 0.0036211325787
    },
    "dynamic_complexity": 3.17039632797,
    "erbbands_crest": {
        "dmean": 3.6207253933,
        "dmean2": 5.80209732056,
        "dvar": 12.2588605881,
        "dvar2": 29.4817523956,
        "max": 32.4764289856,
        "mean": 12.0783090591,
        "median": 11.0993728638,
        "min": 2.36868739128,
        "var": 36.5354232788
    },
    "erbbands_flatness_db": {
        "dmean": 0.0217980984598,
        "dmean2": 0.0313784480095,
        "dvar": 0.000476186018204,
        "dvar2": 0.000898609461728,
        "max": 0.486523151398,
        "mean": 0.156692519784,
        "median": 0.146127969027,
        "min": 0.0525401979685,
        "var": 0.00410966807976
    },
    "erbbands_kurtosis": {
        "dmean": 2.45035719872,
        "dmean2": 3.79397654533,
        "dvar": 28.7831897736,
        "dvar2": 70.0396118164,
        "max": 251.867294312,
        "mean": 3.33626890182,
        "median": 1.43248295784,
        "min": -1.82607662678,
        "var": 52.5758056641
    },
    "erbbands_skewness": {
        "dmean": 0.549526274204,
        "dmean2": 0.807975292206,
        "dvar": 0.297058641911,
        "dvar2": 0.649587571621,
        "max": 11.5480909348,
        "mean": 0.617500066757,
        "median": 0.59256708622,
        "min": -3.75803494453,
        "var": 1.19309401512
    },
    "erbbands_spread": {
        "dmean": 11.4747152328,
        "dmean2": 16.4616565704,
        "dvar": 184.6824646,
        "dvar2": 358.476318359,
        "max": 190.897842407,
        "mean": 39.42918396,
        "median": 33.076587677,
        "min": 0.641793906689,
        "var": 788.679504395
    },
    "hfc": {
        "dmean": 7.87945795059,
        "dmean2": 9.80070495605,
        "dvar": 171.275497437,
        "dvar2": 261.707214355,
        "max": 153.000701904,
        "mean": 18.1810913086,
        "median": 10.2963962555,
        "min": 1.15935053852e-16,
        "var": 507.163604736
    },
    "melbands_crest": {
        "dmean": 3.44234132767,
        "dmean2": 5.5307559967,
        "dvar": 10.1062784195,
        "dvar2": 24.0707397461,
        "max": 35.5009498596,
        "mean": 20.0703868866,
        "median": 19.2584686279,
        "min": 1.97058749199,
        "var": 51.9001502991
    },
    "melbands_flatness_db": {
        "dmean": 0.0353082306683,
        "dmean2": 0.0491949468851,
        "dvar": 0.00112834852189,
        "dvar2": 0.00192338076886,
        "max": 0.873079419136,
        "mean": 0.300157517195,
        "median": 0.283870011568,
        "min": 0.00608317228034,
        "var": 0.0138564174995
    },
    "melbands_kurtosis": {
        "dmean": 26.4851169586,
        "dmean2": 40.1922416687,
        "dvar": 3275.66674805,
        "dvar2": 6913.04101562,
        "max": 1319.14135742,
        "mean": 49.1492500305,
        "median": 14.6215677261,
        "min": -1.76950323582,
        "var": 9909.76464844
    },
    "melbands_skewness": {
        "dmean": 1.32635724545,
        "dmean2": 1.93675911427,
        "dvar": 2.48678088188,
        "dvar2": 4.8271651268,
        "max": 28.8342380524,
        "mean": 4.1634645462,
        "median": 3.25015926361,
        "min": -2.32818031311,
        "var": 12.5058364868
    },
    "melbands_spread": {
        "dmean": 5.95821094513,
        "dmean2": 8.44288158417,
        "dvar": 82.922706604,
        "dvar2": 153.653625488,
        "max": 229.155502319,
        "mean": 14.9613790512,
        "median": 10.5152082443,
        "min": 0.146345332265,
        "var": 254.829299927
    },
    "pitch_salience": {
        "dmean": 0.0797887444496,
        "dmean2": 0.128994897008,
        "dvar": 0.0051516611129,
        "dvar2": 0.012012463063,
        "max": 0.900837600231,
        "mean": 0.431464225054,
        "median": 0.4371522367,
        "min": 0.0371680185199,
        "var": 0.0190338492393
    },
    "silence_rate_20dB": {
        "dmean": 0,
        "dmean2": 0,
        "dvar": 0,
        "dvar2": 0,
        "max": 1,
        "mean": 1,
        "median": 1,
        "min": 1,
        "var": 0
    },
    "silence_rate_30dB": {
        "dmean": 0.0348030552268,
        "dmean2": 0.0696142986417,
        "dvar": 0.0335906930268,
        "dvar2": 0.0847569778562,
        "max": 1,
        "mean": 0.970844089985,
        "median": 1,
        "min": 0,
        "var": 0.0283070635051
    },
    "silence_rate_60dB": {
        "dmean": 0.0108171664178,
        "dmean2": 0.0216368772089,
        "dvar": 0.0106998952106,
        "dvar2": 0.024932211265,
        "max": 1,
        "mean": 0.0252762753516,
        "median": 0,
        "min": 0,
        "var": 0.0246391762048
    },
    "spectral_centroid": {
        "dmean": 251.978744507,
        "dmean2": 342.020141602,
        "dvar": 115657.929688,
        "dvar2": 192825.15625,
        "max": 11392.9785156,
        "mean": 996.615661621,
        "median": 808.203918457,
        "min": 78.3082809448,
        "var": 490646.375
    },
    "spectral_complexity": {
        "dmean": 3.49958848953,
        "dmean2": 4.71378183365,
        "dvar": 29.4558830261,
        "dvar2": 41.3133735657,
        "max": 59,
        "mean": 12.2040910721,
        "median": 9,
        "min": 0,
        "var": 128.006469727
    },
    "spectral_decrease": {
        "dmean": 3.30872151899e-09,
        "dmean2": 4.96724261723e-09,
        "dvar": 1.35412981793e-17,
        "dvar2": 3.20571199417e-17,
        "max": 6.00400896258e-29,
        "mean": -1.0242358961e-08,
        "median": -8.32829982755e-09,
        "min": -5.01989951829e-08,
        "var": 5.88837849643e-17
    },
    "spectral_energy": {
        "dmean": 0.0128504643217,
        "dmean2": 0.0191475730389,
        "dvar": 0.000202430674108,
        "dvar2": 0.000473709049402,
        "max": 0.190667569637,
        "mean": 0.040306083858,
        "median": 0.0330149419606,
        "min": 1.03230088651e-20,
        "var": 0.000882674357854
    },
    "spectral_energyband_high": {
        "dmean": 0.000578937295359,
        "dmean2": 0.000726590398699,
        "dvar": 2.72907232102e-06,
        "dvar2": 4.92547087561e-06,
        "max": 0.0240442063659,
        "mean": 0.000905344146304,
        "median": 0.000166128098499,
        "min": 7.36320799936e-21,
        "var": 5.24571123606e-06
    },
    "spectral_energyband_low": {
        "dmean": 0.00941715296358,
        "dmean2": 0.0144327534363,
        "dvar": 0.000159205810633,
        "dvar2": 0.00036913054646,
        "max": 0.187794923782,
        "mean": 0.0265206638724,
        "median": 0.0155010120943,
        "min": 5.34373115019e-23,
        "var": 0.000706431572326
    },
    "spectral_energyband_middle_high": {
        "dmean": 0.00197923975065,
        "dmean2": 0.00269103958271,
        "dvar": 1.02059502751e-05,
        "dvar2": 1.8512864699e-05,
        "max": 0.0510771237314,
        "mean": 0.0045809824951,
        "median": 0.0020528989844,
        "min": 1.51593034836e-21,
        "var": 3.72766298824e-05
    },
    "spectral_energyband_middle_low": {
        "dmean": 0.00591888930649,
        "dmean2": 0.00917148031294,
        "dvar": 0.000101956451545,
        "dvar2": 0.000229509329074,
        "max": 0.122318513691,
        "mean": 0.00936704035848,
        "median": 0.00447530858219,
        "min": 2.97667638016e-22,
        "var": 0.000156043723109
    },
    "spectral_entropy": {
        "dmean": 0.221819251776,
        "dmean2": 0.314441800117,
        "dvar": 0.0516881719232,
        "dvar2": 0.0967283844948,
        "max": 9.80448913574,
        "mean": 7.31554889679,
        "median": 7.40126991272,
        "min": 3.31072020531,
        "var": 0.565717816353
    },
    "spectral_flux": {
        "dmean": 0.0285387393087,
        "dmean2": 0.0444947481155,
        "dvar": 0.000962930847891,
        "dvar2": 0.0021756910719,
        "max": 0.308316797018,
        "mean": 0.0913204699755,
        "median": 0.0772382318974,
        "min": 1.04482623942e-10,
        "var": 0.0028231672477
    },
    "spectral_kurtosis": {
        "dmean": 2.55496287346,
        "dmean2": 3.92507100105,
        "dvar": 55.9541091919,
        "dvar2": 137.800872803,
        "max": 516.18927002,
        "mean": 8.65939903259,
        "median": 4.4665145874,
        "min": -1.21371233463,
        "var": 523.471496582
    },
    "spectral_rms": {
        "dmean": 0.000982919940725,
        "dmean2": 0.00143452791963,
        "dvar": 8.2312504901e-07,
        "dvar2": 1.82191922704e-06,
        "max": 0.0136388102546,
        "mean": 0.00581500260159,
        "median": 0.00567535869777,
        "min": 3.17351982367e-12,
        "var": 5.50878712602e-06
    },
    "spectral_rolloff": {
        "dmean": 428.572814941,
        "dmean2": 672.114746094,
        "dvar": 970823.8125,
        "dvar2": 1895497.125,
        "max": 18949.21875,
        "mean": 895.698120117,
        "median": 516.796875,
        "min": 64.599609375,
        "var": 1952421.625
    },
    "spectral_skewness": {
        "dmean": 0.306869834661,
        "dmean2": 0.43744212389,
        "dvar": 0.145252779126,
        "dvar2": 0.320209830999,
        "max": 18.5088653564,
        "mean": 2.10542488098,
        "median": 1.90449547768,
        "min": -0.0485563986003,
        "var": 2.00111627579
    },
    "spectral_spread": {
        "dmean": 746972.9375,
        "dmean2": 1072195.5,
        "dvar": 950382886912,
        "dvar2": 1.44439338598e+12,
        "max": 40795388,
        "mean": 5529995.5,
        "median": 5512853,
        "min": 172365.4375,
        "var": 3.98381809664e+12
    },
    "spectral_strongpeak": {
        "dmean": 0.363051146269,
        "dmean2": 0.603401482105,
        "dvar": 0.459330141544,
        "dvar2": 1.14608633518,
        "max": 7.90697383881,
        "mean": 0.729286134243,
        "median": 0.451230406761,
        "min": 0,
        "var": 0.829122900963
    },
    "zerocrossingrate": {
        "dmean": 0.0109178656712,
        "dmean2": 0.0121099380776,
        "dvar": 0.000214992076508,
        "dvar2": 0.000233643659158,
        "max": 0.525390625,
        "mean": 0.0446687787771,
        "median": 0.03466796875,
        "min": 0.001953125,
        "var": 0.00141438562423
    },
    "barkbands": {
        "dmean": [0.00033720038482, 0.00847578234971, 0.00189720327035, 0.000836874067318, 0.00259195640683, 0.000515812833328, 0.00164235301781, 0.0013778937282, 0.000849922769703, 0.000703879341017, 0.000433986046119, 0.000410846376326, 0.000526170013472, 0.000350631715264, 0.000370239285985, 0.000281006010482, 0.000145328653161, 0.000121411372675, 0.00013914264855, 0.00011825805268, 0.000155531859491, 0.000114582959213, 0.000172184154508, 7.80881382525e-05, 3.07030386466e-05, 3.54598669219e-05, 8.79388082353e-08],
        "dmean2": [0.000514567480423, 0.013203304261, 0.0029725250788, 0.00139319500886, 0.00406473921612, 0.000870936200954, 0.00261189020239, 0.00221458123997, 0.00135399866849, 0.00108726171311, 0.000698240648489, 0.000637097633444, 0.000844699679874, 0.000588213151786, 0.000626695051324, 0.000440360658104, 0.000221191570745, 0.000185305980267, 0.000221485170186, 0.000180067567271, 0.000205984179047, 0.000165855308296, 0.000230357414694, 9.84063444776e-05, 4.42024720542e-05, 4.90439269925e-05, 1.45662497175e-07],
        "dvar": [2.00960698749e-07, 0.00014924898278, 5.88585089645e-06, 3.10440282192e-06, 3.5646957258e-05, 2.24492418965e-06, 2.83480221697e-05, 1.97201425181e-05, 1.20419181258e-05, 3.00909505313e-06, 2.37594235841e-06, 1.52596533098e-06, 2.35227662415e-06, 1.72453962932e-06, 2.17556726057e-06, 1.62291701145e-06, 1.28082660922e-07, 1.10127054143e-07, 2.21250985533e-07, 2.64051749355e-07, 4.10074477486e-07, 1.89261967876e-07, 3.66311070366e-07, 2.97445978958e-08, 6.81240930334e-09, 4.21434931397e-09, 1.29808449688e-13],
        "dvar2": [4.76765137591e-07, 0.000347486697137, 1.43703055073e-05, 7.84372878115e-06, 8.34242309793e-05, 5.50240065422e-06, 6.7598077294e-05, 4.64136319351e-05, 3.08168164338e-05, 7.45765282772e-06, 5.81539779887e-06, 3.39327039001e-06, 5.99448821959e-06, 4.73718228022e-06, 5.7589509197e-06, 4.02361729357e-06, 3.10216847765e-07, 2.90349788656e-07, 5.27289330421e-07, 7.32272042114e-07, 1.06410402623e-06, 4.45676960226e-07, 7.07343019712e-07, 4.66481893113e-08, 1.4440594498e-08, 7.52767714829e-09, 3.23184404585e-13],
        "max": [0.00754693243653, 0.171598300338, 0.0342804379761, 0.0282741077244, 0.0693584829569, 0.0430726744235, 0.0876369178295, 0.0864746421576, 0.0784637778997, 0.0339609570801, 0.0390483848751, 0.0235216971487, 0.0340372659266, 0.0298272445798, 0.0320461392403, 0.026878207922, 0.00926892925054, 0.00774102797732, 0.00992639083415, 0.0145473312587, 0.0153862610459, 0.0087923835963, 0.00609441660345, 0.00226012733765, 0.001419779961, 0.00307396100834, 1.38108825922e-05],
        "mean": [0.00114498136099, 0.0205666590482, 0.00413438584656, 0.00114539882634, 0.00299877906218, 0.000562811328564, 0.00168703193776, 0.00162818899844, 0.000858637038618, 0.00162276206538, 0.000474570580991, 0.000468637386803, 0.000519197434187, 0.000347331137164, 0.000336847238941, 0.000299171137158, 0.000197111716261, 0.000162653130246, 0.000166757410625, 0.000148333303514, 0.000189207610674, 0.000146771868458, 0.000212583749089, 0.000150160092744, 4.96870779898e-05, 8.73823737493e-05, 8.03431632335e-08],
        "median": [0.000481318682432, 0.0085726082325, 0.00295718945563, 0.000535776023753, 0.000801583577413, 0.000202725961572, 0.000104209277197, 0.000599921389949, 6.50939909974e-05, 0.000430841522757, 4.26038532169e-05, 4.48777609563e-05, 4.67285062768e-05, 4.62307871203e-05, 3.35617442033e-05, 5.11417856615e-05, 4.9588510592e-05, 3.79031516786e-05, 2.00227314053e-05, 1.26002187244e-05, 1.53251476149e-05, 1.23919908219e-05, 2.25478906941e-05, 2.99253770208e-05, 1.38184868774e-05, 2.31590656767e-05, 2.70151301329e-09],
        "min": [4.00239182554e-23, 2.14505542735e-23, 5.34340140633e-24, 1.93065837665e-24, 3.87600621111e-23, 1.47182196708e-23, 5.85592654527e-23, 2.20115227295e-23, 1.06098446982e-22, 3.78771058771e-23, 3.2378754834e-23, 5.00026836958e-23, 9.32109336585e-23, 1.1525035682e-22, 1.03291541042e-22, 1.7084301302e-22, 1.16373366583e-22, 1.94114927217e-22, 2.27398786344e-22, 3.39791623908e-22, 2.15327927073e-22, 4.55463850919e-22, 5.8270113221e-22, 7.5889206681e-22, 1.02235595815e-21, 1.62965809004e-21, 2.24715124458e-21],
        "var": [1.8106867401e-06, 0.000628985057119, 1.75695495273e-05, 3.64948436982e-06, 3.94139933633e-05, 2.49206664193e-06, 3.41852355632e-05, 2.30997429753e-05, 1.09427919597e-05, 8.99337646842e-06, 2.84548059426e-06, 2.2965602966e-06, 2.47250022767e-06, 1.40722841024e-06, 1.69469331013e-06, 1.4075734498e-06, 1.65672119579e-07, 1.30993740299e-07, 2.48764365551e-07, 2.24422237238e-07, 4.07434839644e-07, 2.28950781889e-07, 5.55975532279e-07, 8.32072615253e-08, 1.09964384265e-08, 1.50047885228e-08, 1.35745744072e-13]
    },
    "erbbands": {
        "dmean": [0.328064262867, 1.64134573936, 1.93475365639, 2.50118541718, 6.70029830933, 9.24350547791, 3.97309112549, 4.73393630981, 15.6764001846, 31.7177772522, 27.1355113983, 19.8830165863, 20.7246513367, 17.63098526, 14.6952219009, 17.0899810791, 24.0273265839, 15.7554540634, 21.4853115082, 15.4431676865, 12.5992450714, 8.02486801147, 5.76633453369, 6.46056032181, 7.31937408447, 5.60235643387, 5.85353517532, 5.72610998154, 4.24784898758, 4.80281400681, 4.13693714142, 2.67623376846, 1.03277468681, 0.385845243931, 0.217655450106, 0.196046859026, 0.0639814138412, 0.00184602767695, 5.25367395312e-05, 1.63081931532e-05],
        "dmean2": [0.502835392952, 2.60822534561, 3.0329284668, 4.08526277542, 10.6595411301, 14.6666955948, 6.52013111115, 7.91740369797, 25.0279865265, 50.7047767639, 43.6234092712, 31.5256576538, 31.3643951416, 28.1760787964, 23.0861625671, 25.7632446289, 37.982460022, 25.4381256104, 35.6407966614, 24.5868110657, 19.1839408875, 11.6775302887, 8.44361400604, 9.59670066833, 11.3225841522, 8.70753765106, 7.94430732727, 8.30159473419, 6.37630987167, 6.08878326416, 5.20349645615, 3.53549432755, 1.35328173637, 0.534171104431, 0.322992682457, 0.296071618795, 0.0823027342558, 0.00258281151764, 7.14351554052e-05, 2.36333653447e-05],
        "dvar": [0.230765357614, 6.09681606293, 7.38501691818, 14.2610445023, 251.445068359, 457.799133301, 118.224029541, 211.607009888, 2710.22436523, 12747.828125, 5974.53320312, 7894.88818359, 2867.69140625, 2353.34057617, 2689.13183594, 2349.58789062, 4947.00488281, 3382.65576172, 5245.84228516, 5994.37939453, 2077.09448242, 343.746368408, 205.347412109, 453.587982178, 627.895812988, 620.291442871, 593.29284668, 670.162658691, 294.830444336, 261.65725708, 187.790725708, 44.3959579468, 6.40800619125, 1.09737372398, 0.342017441988, 0.129982292652, 0.014139175415, 1.10925257104e-05, 7.99435007082e-09, 3.22558424415e-10],
        "dvar2": [0.514480769634, 14.4540510178, 18.3825778961, 37.3910179138, 582.92376709, 1099.97802734, 271.53326416, 518.50189209, 6397.26855469, 29589.1386719, 14680.1914062, 20462.8457031, 6964.39306641, 5832.98583984, 6375.21728516, 4996.80078125, 12433.0898438, 8861.13378906, 13937.7802734, 15043.6318359, 5001.72363281, 772.216247559, 497.420684814, 1137.30603027, 1460.22485352, 1740.49438477, 1591.34753418, 1751.99987793, 705.865112305, 501.607879639, 324.27053833, 77.7823028564, 11.0195083618, 2.26407527924, 0.776948392391, 0.239722430706, 0.0295231956989, 2.15785003093e-05, 1.42927554236e-08, 6.44705622221e-10],
        "max": [6.80393457413, 31.4556999207, 39.2472114563, 66.5433731079, 228.239059448, 278.931060791, 277.827301025, 346.807037354, 1008.71759033, 2426.51074219, 1293.97619629, 2398.47558594, 966.882385254, 904.176208496, 1072.42492676, 1154.44348145, 1765.23278809, 1764.94348145, 1459.55969238, 1702.60522461, 885.46307373, 401.184906006, 300.128845215, 392.073822021, 475.394348145, 698.930603027, 614.323852539, 671.37890625, 367.42300415, 167.223831177, 144.757659912, 78.823097229, 28.8606033325, 21.6779098511, 10.4867963791, 12.868929863, 5.86926317215, 0.129452258348, 0.00383671419695, 0.000319609913277],
        "mean": [0.959832489491, 3.22821855545, 4.42436170578, 4.75539159775, 7.41256046295, 10.7245817184, 4.75211238861, 5.37749624252, 16.4295406342, 33.3353538513, 34.768901825, 21.3580760956, 48.357131958, 29.9028205872, 18.5148429871, 20.6082401276, 24.665813446, 17.3274688721, 21.0920658112, 15.9621753693, 14.3477582932, 11.8243350983, 9.00191307068, 7.55271053314, 9.18500995636, 7.03894901276, 7.40622806549, 6.86962413788, 5.20537900925, 6.24594497681, 5.58606481552, 4.71327877045, 1.66650044918, 0.618063509464, 0.343660414219, 0.437996715307, 0.158274248242, 0.00434752646834, 0.000141605836689, 5.50523254788e-05],
        "median": [0.333607852459, 1.50893056393, 3.06970691681, 3.28343057632, 2.34448385239, 2.64742565155, 1.55396807194, 1.92760169506, 1.50993490219, 3.8534257412, 16.0559329987, 4.22991752625, 11.0409440994, 10.9270381927, 2.66418027878, 2.35544633865, 2.49608278275, 2.52335739136, 2.73030567169, 2.37421417236, 2.78747868538, 3.09267282486, 2.44920825958, 1.2285131216, 1.00407528877, 0.616146326065, 0.613004922867, 0.520527124405, 0.324531704187, 0.576741158962, 0.703727602959, 0.823439121246, 0.392219513655, 0.167725682259, 0.0964655578136, 0.121863737702, 0.040781237185, 0.00146667216904, 6.18831181782e-05, 4.62076022814e-05],
        "min": [1.22614430169e-21, 3.02548175287e-21, 4.9882872385e-21, 1.09839996837e-20, 3.64568416626e-20, 1.68006650888e-19, 1.75789528648e-19, 1.39785368038e-19, 4.77781796557e-19, 9.02028980858e-19, 4.17889034673e-19, 2.04190568184e-18, 2.53234251459e-18, 1.93846488509e-18, 1.06435025137e-18, 2.81728390174e-18, 4.32004132534e-18, 5.22196225573e-18, 4.22747857402e-18, 1.02595616693e-17, 7.24886246767e-18, 7.45101052013e-18, 1.07531941076e-17, 1.31694242456e-17, 1.17711060258e-17, 1.53144483306e-17, 1.10172897161e-17, 9.07641876943e-18, 1.49293543964e-17, 1.65684723372e-17, 1.41086539168e-17, 1.4517178569e-17, 1.38706599925e-17, 1.17828610895e-17, 7.36274124978e-18, 5.69077100379e-18, 2.76424301291e-18, 1.25719975977e-18, 3.25783843483e-19, 3.22934348445e-20],
        "var": [1.40219116211, 16.5503940582, 19.2125606537, 22.5807228088, 258.614776611, 514.69921875, 167.523239136, 236.411483765, 3182.77246094, 15617.0029297, 6679.71191406, 6743.31054688, 8885.33789062, 3238.93798828, 3672.27978516, 3845.5012207, 5301.39501953, 3196.82495117, 4526.42919922, 4983.93798828, 1999.12182617, 537.285583496, 319.266418457, 483.641296387, 742.90234375, 509.543273926, 569.377319336, 609.206420898, 322.628265381, 437.439971924, 336.367614746, 100.528091431, 13.1930007935, 1.85478270054, 0.505042374134, 0.388740003109, 0.0491291731596, 3.28104724758e-05, 2.81279302072e-08, 1.49536150129e-09]
    },
    "gfcc": {
        "mean": [-27.7509403229, 93.4680175781, -72.2169494629, 33.2768821716, -45.3846511841, 30.5645122528, -30.4451637268, 27.2589321136, -16.8589019775, 4.41740179062, -21.0025844574, 2.99193406105, -14.4907770157],
        "cov": [[8604.05566406, -1785.22229004, -2072.86694336, -42.9772720337, -661.623291016, 510.361328125, -139.750747681, 337.699279785, -174.891677856, 205.205245972, -249.936218262, 149.790603638, -225.999633789], [-1785.22229004, 1419.49682617, 403.858856201, -374.318786621, 122.931243896, -242.421875, 105.298400879, -209.7603302, 59.8813362122, -67.6267242432, 117.157867432, -133.146713257, 147.827835083], [-2072.86694336, 403.858856201, 1346.23400879, 247.406585693, 129.411849976, -181.420578003, -18.1530189514, 6.17057085037, 84.0438537598, -106.209831238, 45.3890228271, 6.53329372406, 62.1883010864], [-42.9772720337, -374.318786621, 247.406585693, 666.799194336, 59.2730674744, -132.198852539, -89.5553817749, -84.7688674927, 14.0264139175, 49.6756286621, 15.6698160172, 46.6054878235, 51.3244934082], [-661.623291016, 122.931243896, 129.411849976, 59.2730674744, 398.289916992, 80.8384780884, -33.338924408, -47.4081802368, 52.3036346436, 29.3059539795, 59.9064407349, -21.9198188782, 4.50245046616], [510.361328125, -242.421875, -181.420578003, -132.198852539, 80.8384780884, 330.556488037, 105.096542358, 74.2111053467, -32.8225669861, -1.21735537052, -16.7841014862, 20.8670883179, -72.1066970825], [-139.750747681, 105.298400879, -18.1530189514, -89.5553817749, -33.338924408, 105.096542358, 255.825683594, 58.8975524902, -12.0132923126, -38.0891151428, -7.67657375336, -0.237463787198, 0.361468136311], [337.699279785, -209.7603302, 6.17057085037, -84.7688674927, -47.4081802368, 74.2111053467, 58.8975524902, 254.026428223, 77.463760376, -31.3552360535, -66.5180740356, 9.1174659729, -42.1391563416], [-174.891677856, 59.8813362122, 84.0438537598, 14.0264139175, 52.3036346436, -32.8225669861, -12.0132923126, 77.463760376, 155.403457642, 47.395160675, 3.04957604408, -24.6804141998, 17.8780975342], [205.205245972, -67.6267242432, -106.209831238, 49.6756286621, 29.3059539795, -1.21735537052, -38.0891151428, -31.3552360535, 47.395160675, 148.327178955, 60.183971405, -7.39651298523, -4.33770275116], [-249.936218262, 117.157867432, 45.3890228271, 15.6698160172, 59.9064407349, -16.7841014862, -7.67657375336, -66.5180740356, 3.04957604408, 60.183971405, 144.3646698, 30.4503040314, 3.49310278893], [149.790603638, -133.146713257, 6.53329372406, 46.6054878235, -21.9198188782, 20.8670883179, -0.237463787198, 9.1174659729, -24.6804141998, -7.39651298523, 30.4503040314, 102.245132446, 9.52390861511], [-225.999633789, 147.827835083, 62.1883010864, 51.3244934082, 4.50245046616, -72.1066970825, 0.361468136311, -42.1391563416, 17.8780975342, -4.33770275116, 3.49310278893, 9.52390861511, 118.47403717]],
        "icov": [[0.000345403765095, -0.000369549990864, 0.000492519524414, -0.000553274760023, 0.00062886759406, -0.000816930376459, 0.00073887075996, -0.000820540473796, 0.000459175964352, -0.000558951986022, 0.00042481161654, -0.000466822093586, 0.000221189678996], [-0.000369549990864, 0.00529070245102, -0.00155182019807, 0.00459744827822, -0.00202038791031, 0.00445920554921, -0.00398351904005, 0.00551211414859, -0.00337256235071, 0.00345709268004, -0.00347100757062, 0.00437090732157, -0.00333363818936], [0.000492519524414, -0.00155182019807, 0.00201637879945, -0.00204059039243, 0.00088270555716, -0.00145682378206, 0.00163116015028, -0.00229772063904, 0.000549287593458, 0.000116803013952, 0.000384400074836, -0.00131003151182, 0.00097434129566], [-0.000553274760023, 0.00459744827822, -0.00204059039243, 0.00630165077746, -0.00264482339844, 0.00509361084551, -0.00380316795781, 0.00566913932562, -0.00282296794467, 0.00166967464611, -0.00164849637076, 0.00213103741407, -0.00285771838389], [0.00062886759406, -0.00202038791031, 0.00088270555716, -0.00264482339844, 0.00557173369452, -0.0050352960825, 0.00335101783276, -0.0015672367299, -0.00058694294421, -0.000494090374559, -0.000473351363325, -0.00013083020167, 0.000653941067867], [-0.000816930376459, 0.00445920554921, -0.00145682378206, 0.00509361084551, -0.0050352960825, 0.0109330611303, -0.00652844132856, 0.00401806551963, -0.00103535759263, 0.00153157347813, -0.00115235988051, 0.00130680529401, -0.000128477957333], [0.00073887075996, -0.00398351904005, 0.00163116015028, -0.00380316795781, 0.00335101783276, -0.00652844132856, 0.00916482694447, -0.0058748438023, 0.00303017906845, -0.0014137965627, 0.000922139035538, -0.00174196483567, 0.000556855811737], [-0.000820540473796, 0.00551211414859, -0.00229772063904, 0.00566913932562, -0.0015672367299, 0.00401806551963, -0.0058748438023, 0.0150956353173, -0.0104055823758, 0.00573108997196, -0.00050742685562, 0.00149272545241, -0.000125645266962], [0.000459175964352, -0.00337256235071, 0.000549287593458, -0.00282296794467, -0.00058694294421, -0.00103535759263, 0.00303017906845, -0.0104055823758, 0.0162138193846, -0.00830447487533, 0.00231572543271, -6.54290197417e-05, -0.00111325236503], [-0.000558951986022, 0.00345709268004, 0.000116803013952, 0.00166967464611, -0.000494090374559, 0.00153157347813, -0.0014137965627, 0.00573108997196, -0.00830447487533, 0.0159637760371, -0.00864251423627, 0.0054850904271, -0.00151929305866], [0.00042481161654, -0.00347100757062, 0.000384400074836, -0.00164849637076, -0.000473351363325, -0.00115235988051, 0.000922139035538, -0.00050742685562, 0.00231572543271, -0.00864251423627, 0.0158518683165, -0.00943260919303, 0.0044120894745], [-0.000466822093586, 0.00437090732157, -0.00131003151182, 0.00213103741407, -0.00013083020167, 0.00130680529401, -0.00174196483567, 0.00149272545241, -6.54290197417e-05, 0.0054850904271, -0.00943260919303, 0.0186090841889, -0.00625047087669], [0.000221189678996, -0.00333363818936, 0.00097434129566, -0.00285771838389, 0.000653941067867, -0.000128477957333, 0.000556855811737, -0.000125645266962, -0.00111325236503, -0.00151929305866, 0.0044120894745, -0.00625047087669, 0.0140840718523]]
    },
    "melbands": {
        "dmean": [0.00264364923351, 0.0012329230085, 0.000478021363961, 0.000673102040309, 0.000172190149897, 0.000106284140202, 0.000270026008366, 0.000341142877005, 0.000210325350054, 0.000121812998259, 0.000106749270344, 7.66378216213e-05, 5.50746117369e-05, 4.25619109592e-05, 5.65008849662e-05, 4.86281533085e-05, 3.01670006593e-05, 3.75984491257e-05, 2.50923276326e-05, 2.22867747652e-05, 1.40178362926e-05, 8.53353594721e-06, 8.06739626569e-06, 4.78597075926e-06, 5.33079810339e-06, 5.87643899053e-06, 4.76672084915e-06, 3.7025565689e-06, 3.47477157447e-06, 3.62823038813e-06, 3.50217919731e-06, 2.44905731961e-06, 2.21421782953e-06, 3.00238707496e-06, 2.42263490691e-06, 2.52613722296e-06, 1.330184773e-06, 8.35471155369e-07, 4.34496314483e-07, 3.08202572796e-07],
        "dmean2": [0.00410882616416, 0.00195903913118, 0.000760923139751, 0.00106729823165, 0.000280290376395, 0.000177498222911, 0.000427755934652, 0.000545690476429, 0.000336698401952, 0.000193362735445, 0.000162117721629, 0.000122731740703, 8.73680837685e-05, 6.48244676995e-05, 8.94184340723e-05, 7.84034345997e-05, 5.03994669998e-05, 6.3461578975e-05, 4.23250749009e-05, 3.67333377653e-05, 2.24978466576e-05, 1.31039269036e-05, 1.21806833704e-05, 7.21694414096e-06, 8.08871300251e-06, 9.43945815379e-06, 7.01280168869e-06, 6.07654192208e-06, 5.0079452194e-06, 5.16118916494e-06, 5.36293100595e-06, 3.82304187951e-06, 3.16697446578e-06, 3.98733482143e-06, 2.99389080283e-06, 3.62545733879e-06, 1.7015904632e-06, 1.13362648335e-06, 5.84666395298e-07, 4.56287807538e-07],
        "dvar": [1.47251821545e-05, 3.08137009597e-06, 5.9048750245e-07, 2.61130890067e-06, 1.80024116503e-07, 1.02708497707e-07, 7.63774266943e-07, 1.4080441133e-06, 4.1311417931e-07, 2.98781543506e-07, 7.58679732371e-08, 4.24734949434e-08, 4.14686596173e-08, 1.81868813343e-08, 2.43963000912e-08, 2.28085106357e-08, 1.45486760417e-08, 1.64408699987e-08, 1.37693296764e-08, 1.51238577217e-08, 2.33979791098e-09, 4.45220221801e-10, 5.11035491702e-10, 2.01231253882e-10, 3.38706090952e-10, 4.23079515866e-10, 3.27770838249e-10, 2.93496532633e-10, 2.27556237742e-10, 2.42108416648e-10, 2.83058188e-10, 1.33025770954e-10, 5.3574127773e-11, 1.06892633633e-10, 6.40914959993e-11, 7.18450923753e-11, 8.1412558986e-12, 3.84507313142e-12, 1.30295579014e-12, 8.04807121554e-13],
        "dvar2": [3.41144477716e-05, 7.31272575649e-06, 1.37861786698e-06, 6.22510970061e-06, 4.20391785383e-07, 2.47905973083e-07, 1.81678785793e-06, 3.25675296153e-06, 1.02883018371e-06, 7.72830844653e-07, 1.84367735301e-07, 1.05015068641e-07, 9.86366401889e-08, 3.86499792171e-08, 5.56905348503e-08, 5.88560773451e-08, 3.88803726992e-08, 4.53426167724e-08, 3.72543098592e-08, 3.98453856576e-08, 6.03813710143e-09, 1.08554010225e-09, 1.19683718491e-09, 5.27182075771e-10, 8.75025052416e-10, 1.00850361395e-09, 8.49916581558e-10, 8.51765324938e-10, 6.25939633458e-10, 6.48148479332e-10, 7.5442629921e-10, 3.54839407857e-10, 1.02057737261e-10, 2.05828284972e-10, 1.05329696354e-10, 1.59445331938e-10, 1.37129673936e-11, 6.82454830495e-12, 2.59647772033e-12, 1.82802102448e-12],
        "max": [0.0540773272514, 0.0247339271009, 0.0135204847902, 0.018225133419, 0.0119854584336, 0.00689655123278, 0.0140247587115, 0.0243512261659, 0.0107772713527, 0.014616058208, 0.00510765379295, 0.00426243012771, 0.00533348787576, 0.00344540225342, 0.00280454964377, 0.00339326378889, 0.00354733294807, 0.00229284842499, 0.00265365280211, 0.0028719722759, 0.000847351097036, 0.000404099992011, 0.000792451319285, 0.000331691233441, 0.000329584116116, 0.000604943197686, 0.000451430794783, 0.000469106249511, 0.000366286898497, 0.000387424835935, 0.000432535423897, 0.000277652958175, 7.79511028668e-05, 0.000107170249976, 8.46144830575e-05, 8.63835011842e-05, 3.82754733437e-05, 2.17642136704e-05, 1.76038756763e-05, 2.09015361179e-05],
        "mean": [0.00683259963989, 0.00285721290857, 0.00087100174278, 0.000750299834181, 0.00021314463811, 0.000118384297821, 0.000281657150481, 0.000368736044038, 0.000257224077359, 0.00012184309162, 0.000250067823799, 0.000134399640956, 6.35852120467e-05, 5.02861657878e-05, 5.94845878368e-05, 4.69909246021e-05, 3.02877961076e-05, 3.55212832801e-05, 2.25736839639e-05, 2.19182456931e-05, 1.50093392222e-05, 1.14225622383e-05, 1.20375370898e-05, 5.97353300691e-06, 5.89567844145e-06, 6.97488849255e-06, 5.84381632507e-06, 4.31280477642e-06, 4.52312087873e-06, 4.10137772633e-06, 4.09787571698e-06, 2.77252752312e-06, 2.93214384328e-06, 3.78640106646e-06, 3.21171319229e-06, 3.33133039021e-06, 2.55964937423e-06, 1.28946362565e-06, 6.39000006686e-07, 4.66466531179e-07],
        "median": [0.00263116438873, 0.00214588129893, 0.000591308693402, 0.000191522558453, 6.25165994279e-05, 3.99469354306e-05, 2.24513896683e-05, 6.80849771015e-05, 0.000109867716674, 1.07341766125e-05, 5.83558394283e-05, 4.71669191029e-05, 6.32641149423e-06, 4.77658704767e-06, 6.0717929955e-06, 4.18279887526e-06, 3.92431820728e-06, 4.35795209341e-06, 2.29552824749e-06, 3.46152182829e-06, 2.67809127763e-06, 2.4337632567e-06, 3.00962074107e-06, 1.37972369885e-06, 8.54589643495e-07, 7.8300632822e-07, 5.04451804773e-07, 3.68865073597e-07, 3.55306980282e-07, 3.9659283857e-07, 2.37037880879e-07, 1.43925035445e-07, 2.66604757826e-07, 2.98210864003e-07, 2.88899286716e-07, 5.64195374864e-07, 4.39438366584e-07, 3.01934790059e-07, 1.49511691916e-07, 1.31532829073e-07],
        "min": [9.45779380994e-24, 3.69560113738e-24, 2.24185710123e-24, 7.67936211938e-24, 6.81607849864e-24, 2.76078439861e-24, 8.46981494591e-24, 9.073777899e-24, 2.55223876312e-24, 1.59154391568e-23, 1.25345272563e-23, 6.9517854513e-24, 3.48517525192e-24, 4.98625567555e-24, 3.95790606583e-24, 1.03093510133e-23, 9.46160558583e-24, 6.4048019214e-24, 9.77939504605e-24, 1.4245542105e-23, 5.55137353994e-24, 7.25023361985e-24, 8.45831177619e-24, 9.55354653547e-24, 1.06107219115e-23, 8.99923054345e-24, 9.76765206262e-24, 1.12516366871e-23, 8.1684803353e-24, 5.21919525681e-24, 4.63508990485e-24, 8.49356123688e-24, 6.76713835694e-24, 1.00878317714e-23, 7.08111525241e-24, 8.96847522334e-24, 9.08176669338e-24, 8.80592964496e-24, 1.08541170552e-23, 8.78263852673e-24],
        "var": [7.04168414813e-05, 6.85073700879e-06, 9.07305832243e-07, 2.65689459411e-06, 2.67042054247e-07, 1.17420015044e-07, 9.10332346393e-07, 1.72735849446e-06, 4.33994529203e-07, 2.56475317428e-07, 2.4034522994e-07, 6.04181380481e-08, 5.20957001982e-08, 2.90601231967e-08, 3.03087546172e-08, 2.30563657055e-08, 1.22871925967e-08, 1.31855850682e-08, 9.76158265331e-09, 1.13211520159e-08, 1.98601113333e-09, 5.71944214212e-10, 6.77855271913e-10, 2.20603438295e-10, 3.29327259907e-10, 4.69263128355e-10, 3.23335525021e-10, 2.15358300637e-10, 2.07583852885e-10, 2.08660200229e-10, 2.41257791522e-10, 1.11726856933e-10, 8.9490762023e-11, 1.7222626103e-10, 1.20276677507e-10, 9.54217330151e-11, 2.31764885061e-11, 7.73945751237e-12, 2.25428009593e-12, 1.12298939679e-12]
    },
    "mfcc": {
        "mean": [-687.393432617, 128.320358276, 33.2251853943, 21.9501075745, 18.8749160767, 8.62863063812, 5.89884185791, 18.521068573, 9.63370037079, 14.1115140915, 0.0588494800031, 7.18868207932, -3.45996046066],
        "cov": [[8758.17382812, -1514.10144043, -1799.33764648, -687.631591797, -692.58795166, 10.9907064438, -71.1065597534, 71.1806411743, -43.4143943787, 116.16734314, -16.0285663605, 55.3312568665, -94.3756027222], [-1514.10144043, 1401.97583008, 167.399703979, -236.978302002, 1.8838840723, -71.1007843018, 46.5781364441, -88.8611679077, 39.669216156, -50.7183990479, 9.058634758, 0.318591117859, 24.433971405], [-1799.33764648, 167.399703979, 1018.15905762, 413.04901123, 123.645484924, -88.4001693726, -56.173828125, 38.6458892822, 5.95528125763, -26.3928356171, -47.0292854309, -47.2303657532, 26.7044811249], [-687.631591797, -236.978302002, 413.04901123, 646.331481934, 156.362304688, 11.2221803665, -97.315864563, -103.77191925, -16.1916065216, -35.9770622253, -46.6970901489, -44.5725479126, 69.517074585], [-692.58795166, 1.8838840723, 123.645484924, 156.362304688, 429.414123535, 69.5850067139, -37.317024231, -35.191860199, -17.6639080048, 52.4276275635, -11.4567270279, 35.8133621216, 22.0329494476], [10.9907064438, -71.1007843018, -88.4001693726, 11.2221803665, 69.5850067139, 248.792648315, 98.9987640381, -27.1627063751, -44.506362915, -21.4001522064, 38.1248168945, -7.30838632584, 7.67216444016], [-71.1065597534, 46.5781364441, -56.173828125, -97.315864563, -37.317024231, 98.9987640381, 189.159683228, 78.765625, -19.6716041565, -24.8303585052, 31.5865859985, 25.0728244781, -13.4426984787], [71.1806411743, -88.8611679077, 38.6458892822, -103.77191925, -35.191860199, -27.1627063751, 78.765625, 248.908996582, 65.2255325317, 32.704158783, 5.52780771255, 13.3689317703, -45.7770690918], [-43.4143943787, 39.669216156, 5.95528125763, -16.1916065216, -17.6639080048, -44.506362915, -19.6716041565, 65.2255325317, 162.795455933, 72.7524490356, 0.0467193499207, -18.1074352264, -17.5105571747], [116.16734314, -50.7183990479, -26.3928356171, -35.9770622253, 52.4276275635, -21.4001522064, -24.8303585052, 32.704158783, 72.7524490356, 169.713699341, 42.721157074, -4.09280157089, -33.3797683716], [-16.0285663605, 9.058634758, -47.0292854309, -46.6970901489, -11.4567270279, 38.1248168945, 31.5865859985, 5.52780771255, 0.0467193499207, 42.721157074, 124.46446228, 44.5669898987, -18.6114349365], [55.3312568665, 0.318591117859, -47.2303657532, -44.5725479126, 35.8133621216, -7.30838632584, 25.0728244781, 13.3689317703, -18.1074352264, -4.09280157089, 44.5669898987, 159.653259277, 58.6762542725], [-94.3756027222, 24.433971405, 26.7044811249, 69.517074585, 22.0329494476, 7.67216444016, -13.4426984787, -45.7770690918, -17.5105571747, -33.3797683716, -18.6114349365, 58.6762542725, 135.401580811]],
