{
"lowlevel": {
    "average_loudness": 0.974744200706,
    "barkbands_crest": {
        "dmean": 2.6438164711,
        "dmean2": 4.13458108902,
        "dvar": 8.29666423798,
        "dvar2": 21.4590091705,
        "max": 26.4424419403,
        "mean": 20.360376358,
        "median": 21.4008865356,
        "min": 4.40298938751,
        "var": 15.070022583
    },
    "barkbands_flatness_db": {
        "dmean": 0.0602333731949,
        "dmean2": 0.0819446519017,
        "dvar": 0.00316222500987,
        "dvar2": 0.00556681957096,
        "max": 0.844987928867,
        "mean": 0.335605949163,
        "median": 0.319712221622,
        "min": 0.0374727509916,
        "var": 0.0160193461925
    },
    "barkbands_kurtosis": {
        "dmean": 26.8427791595,
        "dmean2": 41.5401916504,
        "dvar": 1076.42358398,
        "dvar2": 2592.81860352,
        "max": 873.989746094,
        "mean": 43.2662696838,
        "median": 26.6034088135,
        "min": -1.85894536972,
        "var": 2696.34082031
    },
    "barkbands_skewness": {
        "dmean": 1.87601733208,
        "dmean2": 2.76733970642,
        "dvar": 3.07906556129,
        "dvar2": 7.00245571136,
        "max": 23.8969211578,
        "mean": 5.39341926575,
        "median": 5.03102493286,
        "min": -1.87881267071,
        "var": 9.1909828186
    },
    "barkbands_spread": {
        "dmean": 6.37143039703,
        "dmean2": 9.36540985107,
        "dvar": 78.4794998169,
        "dvar2": 148.850753784,
        "max": 110.26789856,
        "mean": 11.5502290726,
        "median": 6.10144805908,
        "min": 0.0677527710795,
        "var": 190.724914551
    },
    "dissonance": {
        "dmean": 0.0202262327075,
        "dmean2": 0.0332369990647,
        "dvar": 0.000519984343555,
        "dvar2": 0.00128646881785,
        "max": 0.499999880791,
        "mean": 0.464824765921,
        "median": 0.476046442986,
        "min": 0.212060675025,
        "var": 0.00141738494858
    },
    "dynamic_complexity": 3.13636660576,
    "erbbands_crest": {
        "dmean": 3.05241465569,
        "dmean2": 4.85261678696,
        "dvar": 8.54139041901,
        "dvar2": 22.5046081543,
        "max": 29.2486953735,
        "mean": 10.6388320923,
        "median": 9.65922927856,
        "min": 2.35399222374,
        "var": 18.1889705658
    },
    "erbbands_flatness_db": {
        "dmean": 0.0315846912563,
        "dmean2": 0.0466850101948,
        "dvar": 0.000983264762908,
        "dvar2": 0.00191020325292,
        "max": 0.560300886631,
        "mean": 0.212603494525,
        "median": 0.198433294892,
        "min": 0.0345493480563,
        "var": 0.00483262352645
    },
    "erbbands_kurtosis": {
        "dmean": 1.87283337116,
        "dmean2": 2.94742679596,
        "dvar": 21.375120163,
        "dvar2": 45.6966629028,
        "max": 317.651123047,
        "mean": 2.05677962303,
        "median": -0.629420518875,
        "min": -1.95023298264,
        "var": 234.082595825
    },
    "erbbands_skewness": {
        "dmean": 0.572172820568,
        "dmean2": 0.858935058117,
        "dvar": 0.340103596449,
        "dvar2": 0.766259670258,
        "max": 12.838766098,
        "mean": -0.503693878651,
        "median": -0.537118732929,
        "min": -5.18529176712,
        "var": 1.75850903988
    },
    "erbbands_spread": {
        "dmean": 14.7561120987,
        "dmean2": 22.1442813873,
        "dvar": 216.489318848,
        "dvar2": 519.940246582,
        "max": 161.355529785,
        "mean": 58.5893745422,
        "median": 58.8168563843,
        "min": 0.771035730839,
        "var": 660.074645996
    },
    "hfc": {
        "dmean": 9.28085327148,
        "dmean2": 13.4016532898,
        "dvar": 374.69619751,
        "dvar2": 799.232421875,
        "max": 176.436950684,
        "mean": 13.7543458939,
        "median": 6.27738046646,
        "min": 1.17323645255e-16,
        "var": 494.11038208
    },
    "melbands_crest": {
        "dmean": 3.15018630028,
        "dmean2": 5.20133161545,
        "dvar": 11.2109270096,
        "dvar2": 29.1169967651,
        "max": 35.8716125488,
        "mean": 24.9860858917,
        "median": 25.3241519928,
        "min": 3.61509466171,
        "var": 23.0978412628
    },
    "melbands_flatness_db": {
        "dmean": 0.0672695338726,
        "dmean2": 0.0891457498074,
        "dvar": 0.00385492411442,
        "dvar2": 0.00643195258453,
        "max": 1,
        "mean": 0.424177914858,
        "median": 0.403516680002,
        "min": 0.00730661861598,
        "var": 0.0213001742959
    },
    "melbands_kurtosis": {
        "dmean": 66.4483718872,
        "dmean2": 103.557769775,
        "dvar": 5683.73974609,
        "dvar2": 14436.0947266,
        "max": 664.629760742,
        "mean": 121.918457031,
        "median": 95.1927947998,
        "min": -1.29330980778,
        "var": 11302.2714844
    },
    "melbands_skewness": {
        "dmean": 2.58220434189,
        "dmean2": 3.85028886795,
        "dvar": 5.79724121094,
        "dvar2": 13.2547998428,
        "max": 21.2545795441,
        "mean": 8.70870304108,
        "median": 8.91268920898,
        "min": -0.0922289192677,
        "var": 17.1330127716
    },
    "melbands_spread": {
        "dmean": 4.57341718674,
        "dmean2": 6.55136203766,
        "dvar": 50.3439598083,
        "dvar2": 85.0762329102,
        "max": 154.55166626,
        "mean": 7.53371191025,
        "median": 3.46262860298,
        "min": 0.263336211443,
        "var": 115.200973511
    },
    "pitch_salience": {
        "dmean": 0.0804611369967,
        "dmean2": 0.12948602438,
        "dvar": 0.00653834361583,
        "dvar2": 0.0168918799609,
        "max": 0.969801068306,
        "mean": 0.281877577305,
        "median": 0.258564144373,
        "min": 0.0677952766418,
        "var": 0.0122142340988
    },
    "silence_rate_20dB": {
        "dmean": 0.0111898547038,
        "dmean2": 0.0223838835955,
        "dvar": 0.0110650314018,
        "dvar2": 0.0330761373043,
        "max": 1,
        "mean": 0.994406104088,
        "median": 1,
        "min": 0,
        "var": 0.00556232826784
    },
    "silence_rate_30dB": {
        "dmean": 0.0813129395247,
        "dmean2": 0.162656217813,
        "dvar": 0.0747037902474,
        "dvar2": 0.145892128348,
        "max": 1,
        "mean": 0.892224490643,
        "median": 1,
        "min": 0,
        "var": 0.0961624160409
    },
    "silence_rate_60dB": {
        "dmean": 0.000372995156795,
        "dmean2": 0.000746129429899,
        "dvar": 0.000372836133465,
        "dvar2": 0.000745604163967,
        "max": 1,
        "mean": 0.0124930078164,
        "median": 0,
        "min": 0,
        "var": 0.0123370187357
    },
    "spectral_centroid": {
        "dmean": 382.07119751,
        "dmean2": 556.489624023,
        "dvar": 205882.703125,
        "dvar2": 397114.75,
        "max": 11523.2988281,
        "mean": 1365.0838623,
        "median": 1191.87268066,
        "min": 80.5898132324,
        "var": 655790.875
    },
    "spectral_complexity": {
        "dmean": 3.53636693954,
        "dmean2": 4.76776742935,
        "dvar": 35.8845596313,
        "dvar2": 47.1322135925,
        "max": 59,
        "mean": 9.30169677734,
        "median": 6,
        "min": 0,
        "var": 90.4930038452
    },
    "spectral_decrease": {
        "dmean": 8.80961081862e-09,
        "dmean2": 1.45826568598e-08,
        "dvar": 2.85201949041e-16,
        "dvar2": 6.37399598468e-16,
        "max": -1.06572272364e-28,
        "mean": -1.496820623e-08,
        "median": -9.0493710303e-09,
        "min": -1.29694356588e-07,
        "var": 3.10110435163e-16
    },
    "spectral_energy": {
        "dmean": 0.0339125730097,
        "dmean2": 0.0560177341104,
        "dvar": 0.00415327074006,
        "dvar2": 0.00927071087062,
        "max": 0.493492275476,
        "mean": 0.0577409937978,
        "median": 0.034969072789,
        "min": 1.10438272987e-20,
        "var": 0.00453500123695
    },
    "spectral_energyband_high": {
        "dmean": 0.000477309979033,
        "dmean2": 0.000682711368427,
        "dvar": 1.39240546559e-06,
        "dvar2": 2.74845797321e-06,
        "max": 0.0189689975232,
        "mean": 0.000568831863347,
        "median": 5.24996466993e-05,
        "min": 8.11862180805e-21,
        "var": 2.23250867748e-06
    },
    "spectral_energyband_low": {
        "dmean": 0.0303513500839,
        "dmean2": 0.0507033020258,
        "dvar": 0.00368095794693,
        "dvar2": 0.0082244426012,
        "max": 0.489187866449,
        "mean": 0.0509880967438,
        "median": 0.0305473692715,
        "min": 1.99568821215e-22,
        "var": 0.00397583050653
    },
    "spectral_energyband_middle_high": {
        "dmean": 0.00194922939409,
        "dmean2": 0.00278977677226,
        "dvar": 2.98783597827e-05,
        "dvar2": 6.82500176481e-05,
        "max": 0.0542013794184,
        "mean": 0.00253744423389,
        "median": 0.000862478394993,
        "min": 1.53426312239e-21,
        "var": 3.3555788832e-05
    },
    "spectral_energyband_middle_low": {
        "dmean": 0.0041677756235,
        "dmean2": 0.00710184127092,
        "dvar": 8.22687798063e-05,
        "dvar2": 0.000220947025809,
        "max": 0.066607825458,
        "mean": 0.00425823265687,
        "median": 0.00182434101589,
        "min": 3.22297718256e-22,
        "var": 6.52643211652e-05
    },
    "spectral_entropy": {
        "dmean": 0.374605298042,
        "dmean2": 0.523650586605,
        "dvar": 0.164238393307,
        "dvar2": 0.282778769732,
        "max": 9.78391075134,
        "mean": 6.82430887222,
        "median": 7.07163286209,
        "min": 3.0767967701,
        "var": 0.927567780018
    },
    "spectral_flux": {
        "dmean": 0.0491405986249,
        "dmean2": 0.0801923647523,
        "dvar": 0.00542126689106,
        "dvar2": 0.0140455178916,
        "max": 0.5647752285,
        "mean": 0.104638248682,
        "median": 0.072804749012,
        "min": 1.05089617564e-10,
        "var": 0.0085933925584
    },
    "spectral_kurtosis": {
        "dmean": 3.77848052979,
        "dmean2": 6.32127285004,
        "dvar": 65.8835906982,
        "dvar2": 198.71635437,
        "max": 257.640014648,
        "mean": 8.11642742157,
        "median": 3.92669391632,
        "min": -1.22777450085,
        "var": 498.067779541
    },
    "spectral_rms": {
        "dmean": 0.00178431160748,
        "dmean2": 0.00290244002827,
        "dvar": 6.70368126521e-06,
        "dvar2": 1.48891385834e-05,
        "max": 0.0219421032816,
        "mean": 0.00685594649985,
        "median": 0.00584090454504,
        "min": 3.28244809805e-12,
        "var": 9.32865805225e-06
    },
    "spectral_rolloff": {
        "dmean": 269.749969482,
        "dmean2": 457.574371338,
        "dvar": 644010.375,
        "dvar2": 1346360.125,
        "max": 18626.2207031,
        "mean": 384.750579834,
        "median": 86.1328125,
        "min": 64.599609375,
        "var": 874465.5625
    },
    "spectral_skewness": {
        "dmean": 0.415543884039,
        "dmean2": 0.643721342087,
        "dvar": 0.193996414542,
        "dvar2": 0.477088391781,
        "max": 14.1218118668,
        "mean": 1.52839493752,
        "median": 1.313403368,
        "min": -0.535939276218,
        "var": 2.25655245781
    },
    "spectral_spread": {
        "dmean": 606837.5625,
        "dmean2": 873373.8125,
        "dvar": 556101402624,
        "dvar2": 1.00149480653e+12,
        "max": 40737252,
        "mean": 3806122.75,
        "median": 3617538.25,
        "min": 388694.46875,
        "var": 1.66842780877e+12
    },
    "spectral_strongpeak": {
        "dmean": 0.146803557873,
        "dmean2": 0.249888807535,
        "dvar": 0.0659286081791,
        "dvar2": 0.17240537703,
        "max": 4.81891584396,
        "mean": 0.429035931826,
        "median": 0.38788485527,
        "min": 0,
        "var": 0.0637199431658
    },
    "zerocrossingrate": {
        "dmean": 0.0081076361239,
        "dmean2": 0.00915320124477,
        "dvar": 0.000121389784908,
        "dvar2": 0.000175994908204,
        "max": 0.51953125,
        "mean": 0.023500777781,
        "median": 0.017578125,
        "min": 0.00244140625,
        "var": 0.000462365424028
    },
    "barkbands": {
        "dmean": [0.00214547431096, 0.0249997191131, 0.00526758469641, 0.00176504859701, 0.00150793557987, 0.000196427674382, 0.000590932788327, 0.000484115182189, 0.000285030313535, 0.000124253579997, 0.000150060877786, 0.00015795553918, 0.000134132409585, 0.00021581283363, 0.000275018275715, 0.000244188326178, 0.000349449692294, 0.000292475306196, 0.00031794453389, 0.000135784823215, 0.000125410078908, 0.000132738481625, 0.000120003489428, 4.14260575781e-05, 1.42884809975e-05, 7.76090382715e-06, 9.53642427248e-07],
        "dmean2": [0.00351109472103, 0.0420115031302, 0.00904105138034, 0.00333479535766, 0.00257798680104, 0.000332184805302, 0.000931786606088, 0.000811823585536, 0.000445175130153, 0.000196698281798, 0.00024613214191, 0.000272499863058, 0.00021375437791, 0.000355616153684, 0.000433524575783, 0.000369557965314, 0.00053217925597, 0.000416785798734, 0.000454444176285, 0.000191059996723, 0.000178214715561, 0.000192847015569, 0.000183499563718, 6.46966582281e-05, 2.24553477892e-05, 1.22041465147e-05, 1.73671071479e-06],
        "dvar": [9.96834660327e-06, 0.00225034332834, 0.000256576109678, 2.97908845823e-05, 1.58936836669e-05, 3.44170530298e-07, 2.70168084171e-06, 2.4645034955e-06, 7.52196342546e-07, 2.79439802853e-07, 3.49661974042e-07, 5.13501277055e-07, 1.28197910954e-07, 6.2688025082e-07, 8.00699524461e-07, 4.46433688239e-07, 9.89480099634e-07, 5.73828913275e-07, 9.20414095162e-07, 1.59699879987e-07, 1.03938255336e-07, 1.17730429849e-07, 1.54034367483e-07, 1.15831806369e-08, 2.8111630801e-09, 1.08741515792e-09, 4.15780153362e-11],
        "dvar2": [2.58833024418e-05, 0.00516276806593, 0.000665674626362, 8.64991452545e-05, 4.1563736886e-05, 8.36611206978e-07, 6.39519839751e-06, 5.64533866054e-06, 1.79535277312e-06, 7.2921386618e-07, 8.74176009802e-07, 1.29648333314e-06, 3.18165831459e-07, 1.63936397257e-06, 2.06477579923e-06, 1.04941921109e-06, 2.39938754021e-06, 1.16233229619e-06, 2.09128120332e-06, 2.89289147304e-07, 2.16040106693e-07, 2.55121477721e-07, 3.56395702283e-07, 2.75220255475e-08, 6.87501433561e-09, 2.69467004266e-09, 1.19785945052e-10],
        "max": [0.0256885159761, 0.393059700727, 0.12135361135, 0.0464234314859, 0.0316157788038, 0.0214326735586, 0.0337810590863, 0.0412710383534, 0.0221112687141, 0.0145900761709, 0.0142779136077, 0.0277752298862, 0.00605916790664, 0.00872415117919, 0.00919399410486, 0.00690130935982, 0.0112846689299, 0.00926756300032, 0.0117226513103, 0.00431761052459, 0.00605866266415, 0.00659666955471, 0.00863799825311, 0.00134975078981, 0.000542334688362, 0.000351910857717, 0.000119931952213],
        "mean": [0.00296188564971, 0.0420007258654, 0.00543515523896, 0.00152277410962, 0.00130102119874, 0.00015477942361, 0.000587510119658, 0.000393814494601, 0.000260147935478, 0.000113631256681, 0.000126298691612, 0.000134720510687, 0.000151023603394, 0.000180310758878, 0.000316988211125, 0.000299140083371, 0.000421546486905, 0.000349268491846, 0.000394384929677, 0.000150670661242, 0.000133509616717, 0.000153728717123, 0.000135584778036, 4.30988475273e-05, 1.2454120224e-05, 6.31840202914e-06, 6.20812784291e-07],
        "median": [0.0012429326307, 0.026951584965, 0.00171055435203, 0.000420847442001, 0.000233544575167, 8.98151756701e-06, 3.30412258336e-05, 8.46835973789e-06, 7.28236909708e-06, 2.63659330813e-06, 2.10564530789e-06, 2.2827709472e-05, 3.95467759517e-05, 7.58045234761e-06, 6.21024883003e-05, 6.02480431553e-05, 0.000137073395308, 3.0111426895e-05, 4.25073376391e-05, 1.2339017303e-05, 6.83630196363e-06, 1.22672354337e-05, 1.05318486021e-05, 4.67232712253e-06, 6.1277222585e-07, 9.74979954549e-08, 1.49521683923e-09],
        "min": [1.18920806706e-22, 6.99136055188e-23, 8.59884135111e-23, 1.9582525339e-23, 3.60990165522e-23, 1.22666633828e-22, 3.30307105069e-23, 5.92301127665e-23, 3.91215939085e-23, 9.41353650434e-23, 1.20204302331e-22, 5.60006929253e-23, 1.44773835919e-22, 2.13837144045e-22, 1.23891791612e-22, 1.10637325439e-22, 1.42520319059e-22, 2.63680506237e-22, 1.99107760415e-22, 2.37792918605e-22, 4.1156393087e-22, 6.11331709116e-22, 6.99906526168e-22, 1.18543463611e-21, 1.04878090521e-21, 1.6461429353e-21, 2.53099677736e-21],
        "var": [1.65813253261e-05, 0.00235238275491, 0.000206996977795, 1.78267837327e-05, 1.21766024677e-05, 2.99222421063e-07, 2.88347473543e-06, 2.61898298959e-06, 7.46615569369e-07, 2.86528347715e-07, 3.15605802825e-07, 4.19891904357e-07, 1.22692810578e-07, 5.10093400408e-07, 7.06525213445e-07, 5.0219040304e-07, 1.00328395547e-06, 8.54825771057e-07, 1.12878888103e-06, 2.31992700606e-07, 1.396517888e-07, 1.80830099339e-07, 2.17429914073e-07, 1.33985826878e-08, 2.46053422082e-09, 9.20182319231e-10, 2.43380454679e-11]
    },
    "erbbands": {
        "dmean": [0.926944196224, 5.02361106873, 6.88965368271, 5.05744552612, 5.83388900757, 4.80261993408, 2.20205974579, 1.57961475849, 5.25470352173, 12.8841505051, 8.84802532196, 6.39385032654, 4.81212329865, 3.77474856377, 6.03329706192, 6.80584526062, 6.47814035416, 12.0480890274, 10.3386039734, 17.4590129852, 12.2365179062, 19.3752574921, 16.3627815247, 18.587928772, 10.7548961639, 6.39127063751, 5.58139324188, 4.92612552643, 4.50007009506, 4.75674962997, 3.1936852932, 1.26042342186, 0.59377092123, 0.192743882537, 0.0869345664978, 0.0374909825623, 0.0157509557903, 0.00204715388827, 0.000149936022353, 4.16817783844e-05],
        "dmean2": [1.60465228558, 8.24266052246, 11.2463979721, 9.1283864975, 10.5724020004, 8.06383323669, 3.52855944633, 2.67477869987, 8.46776676178, 20.2954559326, 14.7460231781, 10.04388237, 7.51694822311, 5.6681394577, 10.0054693222, 11.7453603745, 10.528336525, 20.0870513916, 15.6676645279, 28.2895355225, 17.7147674561, 29.7631816864, 23.0468635559, 25.549489975, 16.552696228, 8.94519138336, 7.78735733032, 7.36194038391, 6.49640703201, 7.2687664032, 4.89084482193, 1.94837772846, 0.915233254433, 0.300348013639, 0.139514237642, 0.0588932856917, 0.0254331957549, 0.00330230640247, 0.000268344592769, 6.87853753334e-05],
        "dvar": [2.167075634, 121.037452698, 381.194244385, 242.071426392, 258.246917725, 139.386199951, 40.3802070618, 16.7911319733, 189.283004761, 1302.3581543, 922.381286621, 379.561950684, 368.183654785, 178.662567139, 666.359924316, 976.952453613, 393.43460083, 2130.53881836, 969.001220703, 3858.75244141, 1082.17358398, 3159.49560547, 1542.40307617, 2806.25024414, 1401.76391602, 361.862487793, 224.450622559, 150.858795166, 130.75730896, 228.118942261, 111.976341248, 11.4619417191, 2.7482380867, 0.394238710403, 0.137171193957, 0.0259018875659, 0.00483891973272, 9.9973010947e-05, 1.06274774225e-06, 6.26078566768e-09],
        "dvar2": [5.7037768364, 268.086730957, 908.866455078, 673.650268555, 708.326782227, 360.505340576, 94.8968811035, 41.0403823853, 447.548828125, 3122.76733398, 2024.4263916, 897.373718262, 936.126831055, 410.251525879, 1661.79187012, 2474.83349609, 1017.26086426, 5789.49951172, 2221.38378906, 10445.9707031, 2378.01367188, 7980.47216797, 2892.04614258, 5980.99658203, 3463.46362305, 680.836730957, 448.633422852, 319.176544189, 281.378173828, 524.091186523, 263.017700195, 26.6409568787, 6.55047655106, 0.944826126099, 0.347794532776, 0.0646537989378, 0.0124083058909, 0.000256558298133, 3.07402365252e-06, 1.44874485741e-08],
        "max": [10.9114093781, 88.8875198364, 158.78086853, 123.984046936, 111.41860199, 105.834976196, 230.319503784, 129.204483032, 426.053009033, 611.461120605, 1077.87084961, 403.701568604, 550.546203613, 340.899139404, 641.041137695, 1329.19226074, 289.464904785, 454.492279053, 472.88458252, 638.956848145, 326.382141113, 593.258178711, 524.305175781, 658.206848145, 422.582275391, 208.549484253, 280.902526855, 247.055633545, 282.908935547, 285.432952881, 231.972061157, 57.0860443115, 15.2667751312, 6.81322145462, 3.99056196213, 1.74553501606, 0.707181930542, 0.123914174736, 0.0233836118132, 0.000876947189681],
        "mean": [1.43140637875, 8.50087738037, 8.46075344086, 5.54051923752, 4.59543418884, 4.53384637833, 2.06397819519, 1.28560340405, 5.23119115829, 11.6488332748, 7.56947183609, 5.94629192352, 4.51461362839, 3.74916028976, 5.2183008194, 5.79943037033, 6.34457063675, 10.6738214493, 11.6625127792, 19.5480251312, 15.0655183792, 23.5554122925, 22.3800449371, 24.7238826752, 10.9350500107, 7.08719015121, 5.96963119507, 5.18707370758, 5.28125858307, 5.33587741852, 3.57121396065, 1.38952851295, 0.57082015276, 0.17696455121, 0.0716721788049, 0.0307248104364, 0.0122039439157, 0.00168207043316, 0.000114964459499, 6.73669492244e-05],
        "median": [1.01778614521, 5.41766309738, 2.91816210747, 2.3732521534, 1.07170796394, 0.709940671921, 0.187437355518, 0.158271104097, 0.406362086535, 0.61597687006, 0.300562858582, 0.211895480752, 0.122589573264, 0.113401353359, 0.305664122105, 0.885032057762, 1.69847726822, 0.639670610428, 1.3301987648, 6.37255144119, 3.52765989304, 7.89759492874, 4.25250005722, 3.47113347054, 1.64236187935, 0.70660340786, 0.308792412281, 0.322544306517, 0.450911730528, 0.370547115803, 0.290481775999, 0.142916887999, 0.0515924282372, 0.0125119006261, 0.00234948191792, 0.000554635073058, 0.000162315467605, 2.44138918788e-05, 1.8895156245e-05, 3.96831565013e-05],
        "min": [8.95101612223e-22, 2.12458690771e-20, 9.68882726091e-20, 7.91498367373e-20, 9.5210123479e-20, 1.31383526535e-19, 7.11978703354e-19, 8.63537475221e-19, 3.02973795255e-19, 8.87575033629e-19, 1.10875889013e-18, 1.03107598066e-18, 1.96477584601e-18, 5.66811121809e-18, 2.23223849323e-18, 3.22575582118e-18, 6.79690297509e-18, 9.55469294525e-18, 7.2320252063e-18, 7.85364812791e-18, 5.8938554247e-18, 8.16012516231e-18, 1.54927289136e-17, 8.63834391702e-18, 9.9167226024e-18, 1.23752812267e-17, 1.4705145437e-17, 2.11746722459e-17, 1.82979729948e-17, 1.96675227001e-17, 2.04317995358e-17, 2.022344432e-17, 2.24788548305e-17, 1.16642557973e-17, 6.99071097902e-18, 6.7723952679e-18, 2.73382055075e-18, 1.30967382308e-18, 4.08034340897e-19, 3.46983720026e-20],
        "var": [2.08347272873, 129.832824707, 360.551483154, 171.737442017, 167.24949646, 117.445655823, 41.9417495728, 14.6306886673, 205.77796936, 1285.52380371, 1111.53405762, 379.557312012, 354.574920654, 223.104675293, 588.559875488, 790.778381348, 325.637817383, 1546.8963623, 1057.39245605, 2938.18383789, 1308.10742188, 3032.12744141, 2635.17407227, 3855.07299805, 1308.10620117, 511.157012939, 311.859008789, 196.206619263, 195.370788574, 324.088653564, 152.399154663, 15.9789562225, 2.7346675396, 0.365927189589, 0.111279070377, 0.0217809677124, 0.00377166108228, 8.01117203082e-05, 6.03640614827e-07, 6.44395070637e-09]
    },
    "gfcc": {
        "mean": [-104.772621155, 110.892250061, -98.2414093018, 90.4236602783, -2.35502505302, 27.3664989471, -19.3890113831, 11.7912397385, 10.0145072937, -10.0319356918, 0.479783713818, -4.74618768692, -11.6077575684],
        "cov": [[14036.6611328, -1304.21704102, -2177.49536133, -533.858825684, -3182.25219727, -405.18548584, -621.975097656, 482.867340088, -153.517532349, 676.950927734, -299.269500732, 268.044494629, -78.9956893921], [-1304.21704102, 1437.17810059, -7.84101819992, -605.997802734, 428.238342285, -309.627288818, 41.0215301514, 31.0621299744, 193.976486206, -239.252120972, 176.667877197, -89.2153549194, 44.2017250061], [-2177.49536133, -7.84101819992, 1118.16577148, 307.26272583, 218.512619019, 39.2408218384, 58.9966850281, -160.751220703, -156.896148682, -123.376815796, -54.289806366, -2.98786735535, 18.989648819], [-533.858825684, -605.997802734, 307.26272583, 837.610595703, 109.301086426, 58.0739631653, 31.3319339752, -107.772109985, -100.095115662, -69.5428466797, 30.2875671387, 20.1196155548, -10.0634765625], [-3182.25219727, 428.238342285, 218.512619019, 109.301086426, 1565.17663574, 164.878463745, 94.0058670044, -171.963699341, 43.1863441467, -142.050567627, 145.743255615, -45.5599517822, -0.788295030594], [-405.18548584, -309.627288818, 39.2408218384, 58.0739631653, 164.878463745, 424.645233154, 73.137802124, -138.95690918, 50.6116065979, 49.5289306641, -83.2860336304, -0.914078772068, 24.8876094818], [-621.975097656, 41.0215301514, 58.9966850281, 31.3319339752, 94.0058670044, 73.137802124, 262.049530029, 38.0142707825, -53.4109573364, -113.590087891, -17.7321033478, -13.7824239731, -2.74105739594], [482.867340088, 31.0621299744, -160.751220703, -107.772109985, -171.963699341, -138.95690918, 38.0142707825, 234.558776855, -2.17016124725, -48.0387535095, 13.5930700302, -3.0564198494, -24.429265976], [-153.517532349, 193.976486206, -156.896148682, -100.095115662, 43.1863441467, 50.6116065979, -53.4109573364, -2.17016124725, 283.75213623, 44.9830818176, 30.2129249573, -51.8158340454, 20.0313396454], [676.950927734, -239.252120972, -123.376815796, -69.5428466797, -142.050567627, 49.5289306641, -113.590087891, -48.0387535095, 44.9830818176, 268.165771484, -29.3865242004, -36.4009208679, -29.432844162], [-299.269500732, 176.667877197, -54.289806366, 30.2875671387, 145.743255615, -83.2860336304, -17.7321033478, 13.5930700302, 30.2129249573, -29.3865242004, 155.714477539, -20.3783416748, -32.0572433472], [268.044494629, -89.2153549194, -2.98786735535, 20.1196155548, -45.5599517822, -0.914078772068, -13.7824239731, -3.0564198494, -51.8158340454, -36.4009208679, -20.3783416748, 131.801010132, 42.3845672607], [-78.9956893921, 44.2017250061, 18.989648819, -10.0634765625, -0.788295030594, 24.8876094818, -2.74105739594, -24.429265976, 20.0313396454, -29.432844162, -32.0572433472, 42.3845672607, 118.081420898]],
        "icov": [[0.00031806336483, -0.000449407176347, 0.000596665660851, -0.000437268667156, 0.000530038261786, -0.000401976780267, 0.000623240834102, -0.000456634617876, 0.000665034574922, -0.000592047173996, 0.000572236662265, -0.000562879140489, 0.000353053037543], [-0.000449407176347, 0.00943977944553, -0.00162952998653, 0.00806165672839, -0.00191304925829, 0.00823993887752, -0.00329503952526, 0.00817696936429, -0.00611272547394, 0.00925091188401, -0.0055968281813, 0.00559379486367, -0.00320389913395], [0.000596665660851, -0.00162952998653, 0.00249493517913, -0.00177185528446, 0.00100349332206, -0.00117092952132, 0.00143639359158, -0.000576211255975, 0.00222981907427, -0.00116715440527, 0.00227225525305, -0.000895623583347, 0.000893709715456], [-0.000437268667156, 0.00806165672839, -0.00177185528446, 0.00836692564189, -0.00161565793678, 0.00676488410681, -0.00286862207577, 0.00750968186185, -0.004902549088, 0.00825749523938, -0.00548247247934, 0.00471816118807, -0.0025538362097], [0.000530038261786, -0.00191304925829, 0.00100349332206, -0.00161565793678, 0.0019531887956, -0.00208803615533, 0.00122574879788, -0.00115454359911, 0.0017679274315, -0.00158258352894, 0.000528312753886, -0.00130095356144, 0.00093037087936], [-0.000401976780267, 0.00823993887752, -0.00117092952132, 0.00676488410681, -0.00208803615533, 0.0115546034649, -0.00487623177469, 0.00948405172676, -0.00663688732311, 0.00712181767449, -0.00241899304092, 0.00417341990396, -0.00244258530438], [0.000623240834102, -0.00329503952526, 0.00143639359158, -0.00286862207577, 0.00122574879788, -0.00487623177469, 0.0081489039585, -0.00461105629802, 0.00416048197076, -0.000702855642885, 0.002879220061, -0.000495966582093, 0.0015247517731], [-0.000456634617876, 0.00817696936429, -0.000576211255975, 0.00750968186185, -0.00115454359911, 0.00948405172676, -0.00461105629802, 0.0147695569322, -0.00586406746879, 0.00952132884413, -0.00415046233684, 0.004902924411, -0.00121038337238], [0.000665034574922, -0.00611272547394, 0.00222981907427, -0.004902549088, 0.0017679274315, -0.00663688732311, 0.00416048197076, -0.00586406746879, 0.00960680563003, -0.00598133215681, 0.00261984136887, -0.00140871840995, 0.000347005377989], [-0.000592047173996, 0.00925091188401, -0.00116715440527, 0.00825749523938, -0.00158258352894, 0.00712181767449, -0.000702855642885, 0.00952132884413, -0.00598133215681, 0.015715925023, -0.00446053640917, 0.00762344384566, -0.00154099543579], [0.000572236662265, -0.0055968281813, 0.00227225525305, -0.00548247247934, 0.000528312753886, -0.00241899304092, 0.002879220061, -0.00415046233684, 0.00261984136887, -0.00446053640917, 0.0138290217146, -0.00328216725029, 0.0047429879196], [-0.000562879140489, 0.00559379486367, -0.000895623583347, 0.00471816118807, -0.00130095356144, 0.00417341990396, -0.000495966582093, 0.004902924411, -0.00140871840995, 0.00762344384566, -0.00328216725029, 0.0142935570329, -0.00569228967652], [0.000353053037543, -0.00320389913395, 0.000893709715456, -0.0025538362097, 0.00093037087936, -0.00244258530438, 0.0015247517731, -0.00121038337238, 0.000347005377989, -0.00154099543579, 0.0047429879196, -0.00569228967652, 0.0127367665991]]
    },
    "melbands": {
        "dmean": [0.00751454476267, 0.00443658325821, 0.000910142087378, 0.000396867515519, 9.8315802461e-05, 3.75095623895e-05, 9.24345804378e-05, 0.000136692236993, 6.78290962242e-05, 3.95143179048e-05, 2.41709985858e-05, 1.48144636114e-05, 2.15964646486e-05, 1.5291143427e-05, 1.80530187208e-05, 1.49493898789e-05, 2.29990691878e-05, 1.48300232468e-05, 2.22947510338e-05, 2.09903428185e-05, 1.35775771923e-05, 2.04542957363e-05, 1.69532740983e-05, 1.45463009176e-05, 1.59474402608e-05, 9.61970454227e-06, 5.47837134945e-06, 4.12136205341e-06, 3.99776081395e-06, 2.73251248473e-06, 2.97711380881e-06, 2.51189317169e-06, 2.79294499705e-06, 2.59954799731e-06, 1.97317626771e-06, 1.28427609525e-06, 6.02946556683e-07, 5.00838325479e-07, 2.20688647801e-07, 1.36945246254e-07],
        "dmean2": [0.0127320410684, 0.00714010372758, 0.00163247180171, 0.000686709303409, 0.000158252878464, 6.39995923848e-05, 0.000147567363456, 0.000216897649807, 0.000113799687824, 6.19433412794e-05, 3.80743731512e-05, 2.2624812118e-05, 3.56611235475e-05, 2.55549384747e-05, 3.1442319596e-05, 2.38151278609e-05, 3.87927575503e-05, 2.27021500905e-05, 3.60349840776e-05, 3.31772534992e-05, 1.9910865376e-05, 3.23827152897e-05, 2.46405743383e-05, 2.10081416299e-05, 2.2213000193e-05, 1.45149369928e-05, 8.28974407341e-06, 5.8163882386e-06, 5.70694191993e-06, 3.94518292524e-06, 4.54184691989e-06, 3.62587070413e-06, 4.20166816184e-06, 4.04711090596e-06, 3.0494368275e-06, 2.01618036044e-06, 9.47992589317e-07, 7.81194614774e-07, 3.39391107218e-07, 2.17642622147e-07],
        "dvar": [0.000168265760294, 0.000131184759084, 7.17789089322e-06, 1.09419124783e-06, 6.3398488237e-08, 9.9569712475e-09, 5.90255524457e-08, 1.42353627552e-07, 5.605531328e-08, 1.39755229611e-08, 9.57488488496e-09, 3.05707392734e-09, 7.75451791668e-09, 6.1824714237e-09, 4.46507941732e-09, 1.97090477272e-09, 8.14123790605e-09, 2.05856132141e-09, 5.61302249125e-09, 4.39259606466e-09, 1.33731237195e-09, 4.08892120163e-09, 1.45459511103e-09, 1.65474622893e-09, 2.18012963238e-09, 9.7823116274e-10, 3.39495431767e-10, 1.47606760148e-10, 1.30534014153e-10, 4.91013028847e-11, 5.74469742609e-11, 4.41203913681e-11, 5.93984930686e-11, 8.07642980272e-11, 4.81604894853e-11, 1.54833593863e-11, 2.49047267184e-12, 2.13711123451e-12, 4.08394970402e-13, 2.3344558708e-13],
        "dvar2": [0.000400746852392, 0.000292452372378, 1.96949331439e-05, 2.87967145596e-06, 1.54474363967e-07, 2.45954314693e-08, 1.39053526027e-07, 3.40500008633e-07, 1.2819020867e-07, 3.24746949332e-08, 2.4517673225e-08, 7.07541003564e-09, 1.92847249281e-08, 1.45960745712e-08, 1.23012275921e-08, 4.96314322973e-09, 2.22944223083e-08, 4.63060567668e-09, 1.51149972538e-08, 1.11409503845e-08, 2.75857847676e-09, 1.07581605846e-08, 2.76973377566e-09, 3.39031935859e-09, 4.67008787197e-09, 2.373066188e-09, 7.87305776129e-10, 2.63950500345e-10, 2.71302591504e-10, 1.01067897107e-10, 1.28237920283e-10, 9.8624476641e-11, 1.3200801563e-10, 1.89377652449e-10, 1.15704425208e-10, 3.55786997086e-11, 6.07275818174e-12, 5.1427425686e-12, 9.66576103011e-13, 5.70894839649e-13],
        "max": [0.106189861894, 0.092565625906, 0.021357987076, 0.0087872473523, 0.00780407013372, 0.00322007457726, 0.00633160024881, 0.0055780201219, 0.00736607052386, 0.00206177239306, 0.00276796286926, 0.00136527244467, 0.00209975591861, 0.00358621333726, 0.00109944853466, 0.000801468908321, 0.000841057859361, 0.000903293199372, 0.000737013702746, 0.00067308411235, 0.000384255457902, 0.0006847709883, 0.000518856977578, 0.000481916009448, 0.000588260474615, 0.00034299667459, 0.000192998661078, 0.000156245485414, 0.000221367183258, 0.000125885228044, 0.000150169260451, 0.000197294619284, 0.000155365312821, 0.000179678288987, 0.000161704796483, 8.26568357297e-05, 2.48135420406e-05, 1.42143844641e-05, 7.35663752494e-06, 6.01029296377e-06],
        "mean": [0.012493246235, 0.00689515052363, 0.000952358415816, 0.00033892900683, 9.50392422965e-05, 2.91959349852e-05, 9.28290901356e-05, 0.000121385797684, 5.67450515518e-05, 3.64036459359e-05, 2.20078345592e-05, 1.45098329085e-05, 1.81776922545e-05, 1.33342300614e-05, 1.55598409037e-05, 1.58630246005e-05, 1.95454285858e-05, 1.57500635396e-05, 2.58486797975e-05, 2.51579385804e-05, 1.56853711815e-05, 2.26524261961e-05, 2.35574807448e-05, 1.83865013241e-05, 2.09410409298e-05, 1.05931203507e-05, 5.29777480551e-06, 4.58917929791e-06, 4.10453139921e-06, 2.9555249057e-06, 2.99944599647e-06, 2.86939575744e-06, 3.14856356454e-06, 2.86734484689e-06, 2.18313880396e-06, 1.39832411605e-06, 6.31538910056e-07, 4.60449712136e-07, 2.12836795299e-07, 1.20244280311e-07],
        "median": [0.00834918115288, 0.00358153530397, 0.00034837165731, 7.5296164141e-05, 9.30729220272e-06, 2.07071616387e-06, 6.34058460491e-06, 5.39225266039e-06, 1.49503443936e-06, 1.09148618321e-06, 5.2618332802e-07, 3.99720192945e-07, 7.94726645381e-07, 1.9683463961e-06, 3.17350122714e-06, 2.25527764997e-06, 9.42773567658e-07, 7.71858708504e-07, 5.53037216378e-06, 5.96327481617e-06, 1.86130910151e-06, 6.3972870521e-06, 7.95858159108e-06, 1.24982886973e-06, 1.90625894447e-06, 1.34998333579e-06, 4.12233589486e-07, 3.36123179068e-07, 1.69495933733e-07, 1.37125837796e-07, 1.79571955528e-07, 2.36471308313e-07, 2.30655118116e-07, 1.72869491166e-07, 1.68935500255e-07, 1.13343503472e-07, 6.89110564167e-08, 3.40596493231e-08, 1.79713772752e-08, 6.14969497548e-09],
        "min": [1.88124330125e-23, 4.45390772424e-23, 1.48770931017e-23, 7.79273089779e-24, 2.06271885923e-23, 2.01077505074e-23, 5.29900747003e-24, 1.15047553304e-23, 7.80577865716e-24, 6.86610963497e-24, 9.96225694819e-24, 2.27195206588e-23, 1.00902448969e-23, 7.02355364988e-24, 1.13214903203e-23, 1.35637532905e-23, 1.98875131645e-23, 1.311914734e-23, 9.994596301e-24, 1.04714658736e-23, 6.23572536358e-24, 8.23405045375e-24, 1.19916450142e-23, 1.279746564e-23, 5.92926986241e-24, 8.39271325875e-24, 5.69807011388e-24, 8.80485837185e-24, 8.29362207386e-24, 1.04836711296e-23, 1.36142261889e-23, 1.04326002746e-23, 1.09086920304e-23, 1.03265623806e-23, 1.050220305e-23, 1.31447671756e-23, 1.24235613482e-23, 1.48042891287e-23, 1.57231921765e-23, 7.68561857522e-24],
        "var": [0.00017442626995, 0.000137952927616, 5.14848852617e-06, 8.09740981822e-07, 6.49417373211e-08, 8.45663983284e-09, 6.50069225117e-08, 1.39823853829e-07, 6.23701197355e-08, 1.43789122831e-08, 9.09365116541e-09, 3.74753161836e-09, 6.89988377545e-09, 5.7309841317e-09, 3.02617331194e-09, 1.78009051943e-09, 5.79864378736e-09, 2.31893748648e-09, 4.57987026081e-09, 4.07308631267e-09, 1.71462055665e-09, 3.52608942045e-09, 2.17900342214e-09, 2.65180877257e-09, 3.03744851493e-09, 9.84656578495e-10, 3.56795731848e-10, 2.17878270981e-10, 1.68070404816e-10, 6.73722605482e-11, 6.85819109836e-11, 5.93820270733e-11, 8.94935583973e-11, 1.07789707715e-10, 6.15558229389e-11, 2.16511010509e-11, 3.0024281672e-12, 2.0027805369e-12, 4.07921607734e-13, 2.05255002448e-13]
    },
    "mfcc": {
        "mean": [-751.090270996, 114.162223816, 10.4780406952, 68.2584533691, 48.6972312927, 31.3354701996, 4.87136650085, 33.6242027283, 10.9975385666, 11.8468036652, 13.1066684723, 16.1196556091, 6.54791212082],
        "cov": [[13324.9335938, -955.397583008, -726.001403809, -859.308959961, -2417.03271484, -1042.83435059, -1005.4510498, -719.32989502, -546.926635742, 268.887084961, -167.675994873, -380.485626221, -304.33505249], [-955.397583008, 1898.61193848, -472.349639893, -398.81137085, 242.509536743, -368.708190918, -78.0796051025, 75.2916183472, -31.649723053, -14.8372783661, 103.156974792, -26.4198646545, 60.1618690491], [-726.001403809, -472.349639893, 849.825256348, 269.87878418, -46.0786895752, 154.405456543, 49.7810745239, 43.7580223083, 17.2857627869, -119.239952087, -136.189193726, 11.9986743927, 27.7340869904], [-859.308959961, -398.81137085, 269.87878418, 651.978393555, 239.413421631, 73.2684326172, 109.822113037, 68.2486724854, -36.4358406067, -133.709487915, -28.408826828, 27.4402542114, 34.4138717651], [-2417.03271484, 242.509536743, -46.0786895752, 239.413421631, 852.60333252, 250.28503418, 149.093765259, 60.9877433777, 78.7837371826, -70.6684799194, 84.6334381104, 123.161705017, 26.6256008148], [-1042.83435059, -368.708190918, 154.405456543, 73.2684326172, 250.28503418, 553.31817627, 131.820587158, -26.7789936066, 111.006469727, -17.127822876, 27.8502635956, 82.6761550903, -58.8203315735], [-1005.4510498, -78.0796051025, 49.7810745239, 109.822113037, 149.093765259, 131.820587158, 339.568908691, 122.168533325, 36.6415863037, -51.9285316467, -14.1253814697, -10.3647480011, 14.8262557983], [-719.32989502, 75.2916183472, 43.7580223083, 68.2486724854, 60.9877433777, -26.7789936066, 122.168533325, 344.929168701, 83.9663848877, -96.6796875, -89.3241882324, 27.3697338104, 136.931350708], [-546.926635742, -31.649723053, 17.2857627869, -36.4358406067, 78.7837371826, 111.006469727, 36.6415863037, 83.9663848877, 229.025497437, -24.0970573425, -92.1661376953, 64.9401397705, 85.3181152344], [268.887084961, -14.8372783661, -119.239952087, -133.709487915, -70.6684799194, -17.127822876, -51.9285316467, -96.6796875, -24.0970573425, 265.457794189, 141.611831665, -57.7368164062, -124.263870239], [-167.675994873, 103.156974792, -136.189193726, -28.408826828, 84.6334381104, 27.8502635956, -14.1253814697, -89.3241882324, -92.1661376953, 141.611831665, 284.178283691, -30.9889354706, -184.944702148], [-380.485626221, -26.4198646545, 11.9986743927, 27.4402542114, 123.161705017, 82.6761550903, -10.3647480011, 27.3697338104, 64.9401397705, -57.7368164062, -30.9889354706, 165.264663696, 105.746795654], [-304.33505249, 60.1618690491, 27.7340869904, 34.4138717651, 26.6256008148, -58.8203315735, 14.8262557983, 136.931350708, 85.3181152344, -124.263870239, -184.944702148, 105.746795654, 334.707397461]],
