{
"lowlevel": {
    "average_loudness": 0.9464802742,
    "barkbands_crest": {
        "dmean": 3.36633110046,
        "dmean2": 5.1944103241,
        "dvar": 10.7705135345,
        "dvar2": 23.6832447052,
        "max": 26.7892608643,
        "mean": 13.2999000549,
        "median": 13.0498809814,
        "min": 2.49974918365,
        "var": 33.4068908691
    },
    "barkbands_flatness_db": {
        "dmean": 0.0491405017674,
        "dmean2": 0.0689305588603,
        "dvar": 0.00270797335543,
        "dvar2": 0.00509045040235,
        "max": 0.616778194904,
        "mean": 0.241288751364,
        "median": 0.228086918592,
        "min": 0.0251603201032,
        "var": 0.0110624656081
    },
    "barkbands_kurtosis": {
        "dmean": 16.3286418915,
        "dmean2": 25.5284976959,
        "dvar": 1676.5892334,
        "dvar2": 3708.3737793,
        "max": 1291.68713379,
        "mean": 18.7421150208,
        "median": 4.22403764725,
        "min": -1.96447503567,
        "var": 2122.5703125
    },
    "barkbands_skewness": {
        "dmean": 1.35686004162,
        "dmean2": 1.98309123516,
        "dvar": 2.73520708084,
        "dvar2": 5.65447330475,
        "max": 24.1051139832,
        "mean": 2.3628013134,
        "median": 1.93540251255,
        "min": -5.81398057938,
        "var": 7.98407936096
    },
    "barkbands_spread": {
        "dmean": 7.2263212204,
        "dmean2": 11.1236782074,
        "dvar": 88.8953018188,
        "dvar2": 187.966140747,
        "max": 130.883666992,
        "mean": 16.2261943817,
        "median": 12.0177354813,
        "min": 0.102936796844,
        "var": 259.573364258
    },
    "dissonance": {
        "dmean": 0.0291453413665,
        "dmean2": 0.0481446161866,
        "dvar": 0.00115730729885,
        "dvar2": 0.00298487045802,
        "max": 0.500000119209,
        "mean": 0.451769083738,
        "median": 0.463811397552,
        "min": 0.069012068212,
        "var": 0.00203147507273
    },
    "dynamic_complexity": 4.50125646591,
    "erbbands_crest": {
        "dmean": 3.52252960205,
        "dmean2": 5.79752874374,
        "dvar": 11.5887031555,
        "dvar2": 28.1224880219,
        "max": 30.4575214386,
        "mean": 10.4790973663,
        "median": 9.43600845337,
        "min": 2.45385789871,
        "var": 23.2495574951
    },
    "erbbands_flatness_db": {
        "dmean": 0.030970716849,
        "dmean2": 0.046502545476,
        "dvar": 0.000973976391833,
        "dvar2": 0.00185221701395,
        "max": 0.518618524075,
        "mean": 0.225011691451,
        "median": 0.217717558146,
        "min": 0.0522016137838,
        "var": 0.00392058072612
    },
    "erbbands_kurtosis": {
        "dmean": 3.19659137726,
        "dmean2": 4.97754335403,
        "dvar": 68.8859329224,
        "dvar2": 130.396408081,
        "max": 219.285980225,
        "mean": 2.82053256035,
        "median": 0.0816352367401,
        "min": -1.92543613911,
        "var": 141.267349243
    },
    "erbbands_skewness": {
        "dmean": 0.776504397392,
        "dmean2": 1.17045986652,
        "dvar": 0.754495024681,
        "dvar2": 1.49541223049,
        "max": 12.2714633942,
        "mean": 0.0744501054287,
        "median": 0.0620122328401,
        "min": -7.77954292297,
        "var": 2.30611300468
    },
    "erbbands_spread": {
        "dmean": 12.4051218033,
        "dmean2": 19.4365196228,
        "dvar": 206.743545532,
        "dvar2": 487.142608643,
        "max": 162.868881226,
        "mean": 34.9481391907,
        "median": 31.3619232178,
        "min": 0.544660747051,
        "var": 506.135192871
    },
    "hfc": {
        "dmean": 5.92140483856,
        "dmean2": 7.58605575562,
        "dvar": 96.3339309692,
        "dvar2": 145.07208252,
        "max": 143.755432129,
        "mean": 11.665766716,
        "median": 4.58518648148,
        "min": 1.13941257408e-16,
        "var": 368.729248047
    },
    "melbands_crest": {
        "dmean": 3.63126087189,
        "dmean2": 5.69960784912,
        "dvar": 14.1249666214,
        "dvar2": 31.3505535126,
        "max": 39.5274581909,
        "mean": 17.2955303192,
        "median": 17.9616641998,
        "min": 1.5236594677,
        "var": 45.4392547607
    },
    "melbands_flatness_db": {
        "dmean": 0.0584473386407,
        "dmean2": 0.0792365372181,
        "dvar": 0.0039163986221,
        "dvar2": 0.00702795991674,
        "max": 0.752700150013,
        "mean": 0.304748952389,
        "median": 0.291195034981,
        "min": 0.0013436229201,
        "var": 0.0189006626606
    },
    "melbands_kurtosis": {
        "dmean": 27.0296783447,
        "dmean2": 42.8619346619,
        "dvar": 2889.5703125,
        "dvar2": 7019.70654297,
        "max": 1232.86462402,
        "mean": 36.2847633362,
        "median": 12.9502868652,
        "min": -1.93558216095,
        "var": 3984.49780273
    },
    "melbands_skewness": {
        "dmean": 1.58582532406,
        "dmean2": 2.38379192352,
        "dvar": 3.49766850471,
        "dvar2": 7.6960067749,
        "max": 30.0324993134,
        "mean": 3.59123301506,
        "median": 3.07161569595,
        "min": -6.21958589554,
        "var": 10.1002197266
    },
    "melbands_spread": {
        "dmean": 9.58044052124,
        "dmean2": 14.5467844009,
        "dvar": 255.641906738,
        "dvar2": 570.220275879,
        "max": 229.561813354,
        "mean": 21.2256546021,
        "median": 11.6394577026,
        "min": 0.273360848427,
        "var": 673.391967773
    },
    "pitch_salience": {
        "dmean": 0.10002605617,
        "dmean2": 0.158493056893,
        "dvar": 0.0110459802672,
        "dvar2": 0.0253738667816,
        "max": 0.954595029354,
        "mean": 0.453560948372,
        "median": 0.434563338757,
        "min": 0.0172256566584,
        "var": 0.0333646051586
    },
    "silence_rate_20dB": {
        "dmean": 0,
        "dmean2": 0,
        "dvar": 0,
        "dvar2": 0,
        "max": 1,
        "mean": 1,
        "median": 1,
        "min": 1,
        "var": 0
    },
    "silence_rate_30dB": {
        "dmean": 0.00543742114678,
        "dmean2": 0.0108758984134,
        "dvar": 0.00540850823745,
        "dvar2": 0.0156149892136,
        "max": 1,
        "mean": 0.996990263462,
        "median": 1,
        "min": 0,
        "var": 0.00300074880943
    },
    "silence_rate_60dB": {
        "dmean": 0.0885522887111,
        "dmean2": 0.177121773362,
        "dvar": 0.0807011201978,
        "dvar2": 0.161091685295,
        "max": 1,
        "mean": 0.201456308365,
        "median": 0,
        "min": 0,
        "var": 0.160859927535
    },
    "spectral_centroid": {
        "dmean": 365.089294434,
        "dmean2": 531.395019531,
        "dvar": 212749.078125,
        "dvar2": 371102.4375,
        "max": 11207.7851562,
        "mean": 1201.80273438,
        "median": 984.461608887,
        "min": 87.0540924072,
        "var": 869787
    },
    "spectral_complexity": {
        "dmean": 3.99728131294,
        "dmean2": 5.19265890121,
        "dvar": 26.8605232239,
        "dvar2": 36.593788147,
        "max": 60,
        "mean": 10.6922330856,
        "median": 6,
        "min": 0,
        "var": 154.922027588
    },
    "spectral_decrease": {
        "dmean": 2.64434607544e-09,
        "dmean2": 3.78259290557e-09,
        "dvar": 2.36133049165e-17,
        "dvar2": 5.41460219791e-17,
        "max": 9.28589249899e-23,
        "mean": -5.01427344091e-09,
        "median": -2.91245561002e-09,
        "min": -4.3549011508e-08,
        "var": 3.79192232114e-17
    },
    "spectral_energy": {
        "dmean": 0.0104572363198,
        "dmean2": 0.0148580437526,
        "dvar": 0.000349808076862,
        "dvar2": 0.000795702508185,
        "max": 0.169529527426,
        "mean": 0.0199831053615,
        "median": 0.0115515450016,
        "min": 1.05426228943e-20,
        "var": 0.000581179221626
    },
    "spectral_energyband_high": {
        "dmean": 0.00015228119446,
        "dmean2": 0.000201802293304,
        "dvar": 1.17212799466e-07,
        "dvar2": 2.12591544368e-07,
        "max": 0.00725498283282,
        "mean": 0.000231182391872,
        "median": 2.47063562711e-05,
        "min": 7.63364112971e-21,
        "var": 3.06115708781e-07
    },
    "spectral_energyband_low": {
        "dmean": 0.00655412767082,
        "dmean2": 0.0100577324629,
        "dvar": 0.000294713740004,
        "dvar2": 0.000701646669768,
        "max": 0.124325722456,
        "mean": 0.0112687367946,
        "median": 0.0040384111926,
        "min": 6.76847452954e-23,
        "var": 0.00038427094114
    },
    "spectral_energyband_middle_high": {
        "dmean": 0.00227219215594,
        "dmean2": 0.00292532565072,
        "dvar": 2.4215067242e-05,
        "dvar2": 3.93052723666e-05,
        "max": 0.0907163769007,
        "mean": 0.00433171074837,
        "median": 0.000685031642206,
        "min": 1.6303277509e-21,
        "var": 9.06656860025e-05
    },
    "spectral_energyband_middle_low": {
        "dmean": 0.00338375754654,
        "dmean2": 0.00511163426563,
        "dvar": 3.27814595948e-05,
        "dvar2": 7.60333277867e-05,
        "max": 0.106294326484,
        "mean": 0.00467972597107,
        "median": 0.00234325928614,
        "min": 2.68743529123e-22,
        "var": 4.45653568022e-05
    },
    "spectral_entropy": {
        "dmean": 0.348906129599,
        "dmean2": 0.505324006081,
        "dvar": 0.168222993612,
        "dvar2": 0.323120713234,
        "max": 9.80728530884,
        "mean": 7.01970338821,
        "median": 7.15432834625,
        "min": 4.07280397415,
        "var": 0.66664993763
    },
    "spectral_flux": {
        "dmean": 0.0316538326442,
        "dmean2": 0.0478611849248,
        "dvar": 0.0016546016559,
        "dvar2": 0.00338500156067,
        "max": 0.360824853182,
        "mean": 0.0744522511959,
        "median": 0.0551089718938,
        "min": 1.02677276403e-10,
        "var": 0.0040482650511
    },
    "spectral_kurtosis": {
        "dmean": 6.75487995148,
        "dmean2": 10.8137331009,
        "dvar": 119.262611389,
        "dvar2": 252.319885254,
        "max": 223.437667847,
        "mean": 11.1729249954,
        "median": 5.77711677551,
        "min": -1.24201536179,
        "var": 301.714447021
    },
    "spectral_rms": {
        "dmean": 0.00101062189788,
        "dmean2": 0.00135515769944,
        "dvar": 1.93725531972e-06,
        "dvar2": 3.87132058677e-06,
        "max": 0.0128605859354,
        "mean": 0.00371745578013,
        "median": 0.00335705233738,
        "min": 3.20709929967e-12,
        "var": 5.67620827496e-06
    },
    "spectral_rolloff": {
        "dmean": 488.497711182,
        "dmean2": 803.56817627,
        "dvar": 861012.0625,
        "dvar2": 1693689.375,
        "max": 18970.7519531,
        "mean": 1223.98059082,
        "median": 538.330078125,
        "min": 21.533203125,
        "var": 2603435.25
    },
    "spectral_skewness": {
        "dmean": 0.66750150919,
        "dmean2": 1.01500618458,
        "dvar": 0.666644573212,
        "dvar2": 1.37455499172,
        "max": 13.1067810059,
        "mean": 1.91401314735,
        "median": 1.49500966072,
        "min": -0.563484609127,
        "var": 2.14633727074
    },
    "spectral_spread": {
        "dmean": 563736.4375,
        "dmean2": 868458.875,
        "dvar": 588515115008,
        "dvar2": 1.04977852006e+12,
        "max": 42325312,
        "mean": 3115257.25,
        "median": 2886395.75,
        "min": 426654.53125,
        "var": 1.94411193958e+12
    },
    "spectral_strongpeak": {
        "dmean": 0.361995637417,
        "dmean2": 0.580496370792,
        "dvar": 0.470038890839,
        "dvar2": 1.05704843998,
        "max": 9.53736209869,
        "mean": 0.679329633713,
        "median": 0.350446283817,
        "min": 0,
        "var": 1.20022010803
    },
    "zerocrossingrate": {
        "dmean": 0.0115018943325,
        "dmean2": 0.0121559174731,
        "dvar": 0.000242287962465,
        "dvar2": 0.000271919328952,
        "max": 0.50927734375,
        "mean": 0.0447560958564,
        "median": 0.03173828125,
        "min": 0,
        "var": 0.00200867187232
    },
    "barkbands": {
        "dmean": [6.61375961499e-05, 0.00408976571634, 0.00310347252525, 0.000794158200733, 0.00103394198231, 0.000325116940076, 0.000709123152774, 0.00102676637471, 0.000453273416497, 0.00030495543615, 0.000215906140511, 0.000371075118892, 0.000533170008566, 0.000339451304171, 0.000448832201073, 0.000306970643578, 0.000294934056001, 0.000283357308945, 9.4625960628e-05, 8.430473099e-05, 4.62563984911e-05, 4.28945568274e-05, 3.07012778649e-05, 5.09502115165e-06, 4.89382387059e-07, 1.21683598309e-07, 9.22141030202e-09],
        "dmean2": [0.000103924307041, 0.00641290750355, 0.00542698521167, 0.0013403405901, 0.00160350382794, 0.000540078035556, 0.00114152499009, 0.00171411409974, 0.00071196508361, 0.000483652867842, 0.000336194381816, 0.000563793000765, 0.000842277309857, 0.000509984791279, 0.00064842402935, 0.000493696483318, 0.000445917743491, 0.000432446540799, 0.000136022572406, 0.000132256638608, 6.77846473991e-05, 6.12016447121e-05, 4.50829211331e-05, 7.54993061491e-06, 7.30980445951e-07, 1.60667781302e-07, 1.51167576234e-08],
        "dvar": [2.27636594019e-08, 0.000137624898343, 7.73592619225e-05, 3.87629688703e-06, 3.87938962376e-06, 7.27260953681e-07, 3.14708131555e-06, 1.39542671604e-05, 1.62088167599e-06, 1.79222593033e-06, 6.03446551395e-07, 1.76584057954e-06, 1.97286362891e-06, 8.67431538154e-07, 1.4720078525e-06, 5.50202969407e-07, 4.61788431494e-07, 4.25200312293e-07, 3.86310077261e-08, 3.50383970726e-08, 1.21924532692e-08, 1.70482401529e-08, 1.26814816426e-08, 2.65374472397e-10, 1.51551611972e-12, 7.46077258675e-14, 6.11141259466e-16],
        "dvar2": [4.92274345731e-08, 0.000291548320092, 0.000220908084884, 9.90827356873e-06, 8.92203115654e-06, 1.74975889422e-06, 7.36824495107e-06, 3.61443562724e-05, 3.88886564906e-06, 4.77061075799e-06, 1.43708325595e-06, 4.24354357165e-06, 4.37618382421e-06, 1.65721917256e-06, 3.30984994434e-06, 1.53604901243e-06, 1.09035204332e-06, 8.8938998033e-07, 6.99908184743e-08, 7.70853034737e-08, 2.48849953977e-08, 3.55839198107e-08, 2.61292996129e-08, 6.14213235828e-10, 3.35408979237e-12, 1.37158080032e-13, 1.48430898479e-15],
        "max": [0.00125194038264, 0.0895287320018, 0.0631302073598, 0.034330688417, 0.0317490361631, 0.0183820389211, 0.0348454862833, 0.0928242579103, 0.0241993609816, 0.0268080830574, 0.0277831796557, 0.0651003271341, 0.0254042670131, 0.0134068606421, 0.0230231955647, 0.0122889671475, 0.00989422015846, 0.00767816277221, 0.00378859881312, 0.00259141647257, 0.00152681884356, 0.00332994037308, 0.00273787300102, 0.000443551165517, 4.43747121608e-05, 7.09514279151e-06, 7.48407558149e-07],
        "mean": [6.60630976199e-05, 0.00574956880882, 0.00496250670403, 0.000917314027902, 0.00132719101384, 0.000330642709741, 0.000691121735144, 0.000888672540896, 0.000442000164185, 0.000359979225323, 0.00026205056929, 0.00052483426407, 0.000784366682637, 0.000448319799034, 0.000591148564126, 0.000421812088462, 0.000410345732234, 0.000381183286663, 0.00013935341849, 0.000112732821435, 6.36175900581e-05, 5.88374241488e-05, 4.16705952375e-05, 6.94732079864e-06, 6.4844903136e-07, 2.00586669052e-07, 9.94360505047e-09],
        "median": [5.62462355447e-06, 0.00103201600723, 0.000874267076142, 0.000195965563762, 0.000568420509808, 8.29656637507e-05, 8.79753206391e-05, 4.58309732494e-05, 2.83206391032e-05, 2.24683353736e-05, 2.25829535339e-05, 1.54619374371e-05, 4.43720127805e-05, 1.64335906447e-05, 1.94003387151e-05, 1.81152208825e-05, 2.98276245303e-05, 2.79722480627e-05, 1.54477311298e-05, 1.42979479278e-05, 4.27629538535e-06, 5.06716924065e-06, 3.04611467072e-06, 1.16013859497e-06, 1.28500388996e-07, 4.07189659768e-08, 1.72332947912e-09],
        "min": [1.16015816956e-23, 1.41344594455e-23, 2.43346218544e-23, 2.787823395e-23, 2.63316532126e-23, 5.1240747244e-23, 2.75881287744e-23, 2.81768367353e-23, 3.42983216291e-23, 1.12998629097e-23, 3.80853178244e-23, 9.18896105749e-23, 8.39486274695e-23, 1.07594935052e-22, 1.82978924917e-22, 1.25396067316e-22, 1.61268803851e-22, 2.1231856787e-22, 2.67710058228e-22, 2.54672219571e-22, 4.1124313585e-22, 5.46878213819e-22, 6.28906873752e-22, 9.08783009918e-22, 1.11286730882e-21, 1.55549324999e-21, 1.99703291076e-21],
        "var": [2.66841073682e-08, 0.00016503619554, 8.51325894473e-05, 4.3376476242e-06, 4.92614344694e-06, 7.43663633784e-07, 3.44471732205e-06, 1.12260941023e-05, 1.67240057181e-06, 2.06439585781e-06, 6.56774943764e-07, 3.21730794894e-06, 5.29564658791e-06, 1.64205516739e-06, 3.08904554913e-06, 1.14283227504e-06, 1.01583896139e-06, 8.73347005381e-07, 1.03918388561e-07, 6.78770391005e-08, 2.44181581621e-08, 3.44519008877e-08, 2.31973018572e-08, 3.87244430966e-10, 2.48081243048e-12, 1.91327856336e-13, 7.52911228491e-16]
    },
    "erbbands": {
        "dmean": [0.0973637700081, 1.09915649891, 3.65530562401, 2.90742111206, 2.85391235352, 4.12977313995, 2.96828126907, 2.77751755714, 6.6567530632, 17.7386493683, 19.387834549, 10.6860342026, 9.73068523407, 8.84748840332, 9.05192375183, 16.1018371582, 23.7556552887, 16.9064979553, 20.8155670166, 22.2618370056, 16.0288028717, 13.8653612137, 15.8861951828, 7.15463781357, 4.51409626007, 4.06024074554, 2.47997522354, 1.47760605812, 1.4640661478, 1.45543539524, 0.77692937851, 0.22477799654, 0.0443533323705, 0.00904760416597, 0.00216357642785, 0.000657776894514, 0.000200143607799, 4.35544243373e-05, 6.0354100242e-06, 1.20028944366e-05],
        "dmean2": [0.15248259902, 1.69431889057, 6.37350559235, 5.03614807129, 4.51475954056, 6.45338821411, 4.9391169548, 4.497382164, 10.6757717133, 28.4268455505, 32.0376167297, 16.8841743469, 14.9142017365, 13.2731990814, 14.4501523972, 24.1778678894, 37.2876472473, 25.6119422913, 30.58984375, 35.5031967163, 22.9236774445, 20.8809013367, 24.2965869904, 8.33268642426, 6.66571807861, 6.22135210037, 3.46344947815, 2.13321566582, 2.08119797707, 2.09608101845, 1.15308308601, 0.336893677711, 0.0644902512431, 0.0132393864915, 0.00320231984369, 0.000871745636687, 0.000273948855465, 6.18934718659e-05, 8.18405351311e-06, 1.68724618561e-05],
        "dvar": [0.0765334889293, 9.94341182709, 113.50617981, 53.3033103943, 38.1127700806, 69.8600158691, 50.6822052002, 64.2735824585, 282.939544678, 2371.09790039, 6018.97363281, 908.569641113, 879.14276123, 967.473632812, 2321.36621094, 2031.73498535, 3817.66455078, 2031.14245605, 3018.48852539, 4379.78173828, 1420.86376953, 814.833679199, 1319.71142578, 268.046203613, 84.9884796143, 90.6993942261, 31.8935031891, 12.774055481, 15.5280580521, 32.3902168274, 8.41278553009, 0.592088520527, 0.0156805440784, 0.000520829227753, 2.51625388046e-05, 2.41095949605e-06, 1.81049330195e-07, 1.0596496125e-08, 8.70085531401e-11, 4.24325824477e-10],
        "dvar2": [0.169431641698, 23.1701259613, 324.785430908, 144.811218262, 88.4691238403, 163.132537842, 128.917190552, 146.956344604, 681.189697266, 5760.234375, 15930.8544922, 2205.0625, 2056.03979492, 2475.89550781, 6296.68212891, 3922.19384766, 8643.69433594, 4382.03173828, 5822.81396484, 11052.7373047, 3120.42700195, 1750.69445801, 2750.22094727, 392.229736328, 168.344528198, 199.250930786, 64.7817153931, 24.4068870544, 32.3897819519, 67.2086334229, 18.0655117035, 1.32692039013, 0.0351652540267, 0.00110330758616, 5.65863520023e-05, 4.83412622998e-06, 3.29874495719e-07, 2.20660325567e-08, 1.80988224407e-10, 9.50580614223e-10],
        "max": [2.01991987228, 24.5685386658, 78.4055862427, 94.1222915649, 121.549606323, 151.93460083, 177.061157227, 215.23324585, 421.585662842, 1083.63024902, 2449.63427734, 578.361328125, 582.242675781, 581.27154541, 2707.43994141, 1239.40612793, 1007.30096436, 838.93371582, 844.720275879, 1351.52050781, 541.191162109, 399.694946289, 520.643066406, 295.168487549, 172.04864502, 134.779602051, 67.6335601807, 64.8318862915, 87.5056228638, 224.184249878, 85.4345626831, 20.3136558533, 4.27415513992, 0.899836421013, 0.164320766926, 0.0507843159139, 0.0107150711119, 0.00367139652371, 0.000108513391751, 0.0001947752462],
        "mean": [0.102335855365, 1.55282306671, 5.42002296448, 4.45242261887, 3.72347283363, 4.93757581711, 3.14874124527, 3.000477314, 6.69380474091, 16.4894390106, 17.2160110474, 10.5752677917, 10.4938192368, 11.2458753586, 11.3186197281, 25.751247406, 34.5799560547, 22.1974868774, 29.1362380981, 27.8850631714, 25.2601165771, 22.0638713837, 21.8103504181, 10.4699106216, 6.45392751694, 5.44505405426, 3.39623641968, 2.10742998123, 1.98702597618, 2.01161956787, 1.03371608257, 0.297366350889, 0.065601348877, 0.0126587627456, 0.00292603531852, 0.0010336561827, 0.000342454150086, 6.41061778879e-05, 1.20326776596e-05, 2.32713355217e-05],
        "median": [0.0140914134681, 0.3974609375, 1.3017642498, 1.07543945312, 1.24048495293, 1.84107875824, 0.981155514717, 0.820504784584, 1.24732685089, 1.6977057457, 1.24827075005, 0.83678072691, 0.868227243423, 0.916558504105, 1.23317098618, 1.18639087677, 2.17781925201, 1.25836157799, 1.26723027229, 1.13706016541, 1.21111011505, 1.84776711464, 1.76945447922, 0.956062614918, 0.805834591389, 0.68079417944, 0.295518100262, 0.155422568321, 0.189463973045, 0.12587121129, 0.0793918371201, 0.0384781658649, 0.0124331349507, 0.00259885052219, 0.000592673430219, 0.000182510601007, 8.14309096313e-05, 1.62148753589e-05, 7.00159534972e-06, 1.34434230858e-05],
        "min": [1.90596506606e-22, 4.91354613872e-21, 2.86136766531e-20, 7.21469385961e-20, 5.00503530331e-20, 1.14297232103e-19, 6.2235001337e-19, 5.63935293993e-19, 4.71469839797e-19, 5.34970841061e-19, 4.29352206999e-19, 7.90243069095e-19, 6.57867649608e-19, 7.77549052017e-19, 1.83787103721e-18, 3.53159261778e-18, 3.6110143643e-18, 6.14789168981e-18, 6.42244865154e-18, 8.87014225854e-18, 7.93971957937e-18, 8.96746915659e-18, 1.02819517942e-17, 1.43159536501e-17, 1.22242951224e-17, 1.36031059418e-17, 1.01777328272e-17, 1.80191585344e-17, 2.09684676998e-17, 1.12601168567e-17, 2.10685797149e-17, 2.16172850112e-17, 1.50678459376e-17, 1.24673274038e-17, 8.12931185731e-18, 4.40630220115e-18, 3.13212848842e-18, 1.17967639276e-18, 2.90691946766e-19, 2.96064807962e-20],
        "var": [0.0783299654722, 10.9868707657, 102.38710022, 67.6162414551, 51.0381126404, 84.8986282349, 50.8073921204, 70.1528396606, 299.107666016, 2283.9230957, 4649.52246094, 929.815795898, 1089.61425781, 1354.47338867, 1875.40307617, 6965.45849609, 9586.51464844, 3725.6003418, 6434.50976562, 7338.54980469, 4274.57958984, 2444.77026367, 2611.9621582, 744.423156738, 199.347183228, 167.415771484, 66.6545715332, 26.4160385132, 31.5279121399, 61.8194007874, 14.0905752182, 0.880273222923, 0.0272741429508, 0.000947312742937, 4.33610839536e-05, 5.25208270119e-06, 5.01314957546e-07, 2.00764098679e-08, 1.92628260565e-10, 7.50955631013e-10]
    },
    "gfcc": {
        "mean": [-136.642456055, 132.796401978, -124.370811462, 50.268283844, -41.4672660828, 7.57424688339, -25.2806606293, -4.54428672791, -8.85163593292, -12.2824907303, -6.1565618515, -8.35326290131, -13.3340320587],
        "cov": [[17502.6933594, 724.492492676, -3226.89941406, 279.978546143, -314.936950684, -529.883789062, 29.318780899, -184.155838013, 603.645080566, -120.597450256, -118.500389099, -232.946136475, -125.012962341], [724.492492676, 2272.49902344, 643.756164551, -657.874389648, 732.29473877, 30.9330844879, 185.01725769, -229.913772583, 24.4112644196, -143.828430176, 231.345367432, -131.782226562, -12.5263843536], [-3226.89941406, 643.756164551, 2238.41894531, 554.70098877, 315.103363037, 348.838684082, 243.460098267, -102.916984558, -52.8454055786, -49.8468666077, 172.422485352, -15.3443460464, 28.0810508728], [279.978546143, -657.874389648, 554.70098877, 1124.39172363, -133.548568726, 17.3927021027, 15.7364673615, 104.21396637, 125.619819641, 3.8799405098, -37.1163635254, 9.96668052673, 27.8276557922], [-314.936950684, 732.29473877, 315.103363037, -133.548568726, 801.352844238, 219.52104187, 182.700256348, -53.3121948242, -46.6704483032, 23.1992988586, 121.01599884, -13.6208305359, 21.5207881927], [-529.883789062, 30.9330844879, 348.838684082, 17.3927021027, 219.52104187, 469.984466553, 288.105987549, -42.1244239807, -95.2470779419, 66.4284133911, 68.6838912964, 42.8978538513, 19.8168182373], [29.318780899, 185.01725769, 243.460098267, 15.7364673615, 182.700256348, 288.105987549, 380.883880615, 23.934381485, -21.3882102966, 20.3132801056, 61.6978912354, 13.369884491, 25.9260120392], [-184.155838013, -229.913772583, -102.916984558, 104.21396637, -53.3121948242, -42.1244239807, 23.934381485, 302.37789917, 154.949050903, 30.6134395599, -65.5954208374, 5.77376127243, 52.3296508789], [603.645080566, 24.4112644196, -52.8454055786, 125.619819641, -46.6704483032, -95.2470779419, -21.3882102966, 154.949050903, 267.364257812, 27.9881687164, -49.0909156799, -47.5473670959, 7.7649512291], [-120.597450256, -143.828430176, -49.8468666077, 3.8799405098, 23.1992988586, 66.4284133911, 20.3132801056, 30.6134395599, 27.9881687164, 165.994491577, 9.80657672882, -9.55399608612, -8.89336967468], [-118.500389099, 231.345367432, 172.422485352, -37.1163635254, 121.01599884, 68.6838912964, 61.6978912354, -65.5954208374, -49.0909156799, 9.80657672882, 162.911239624, 37.2158889771, -15.0668954849], [-232.946136475, -131.782226562, -15.3443460464, 9.96668052673, -13.6208305359, 42.8978538513, 13.369884491, 5.77376127243, -47.5473670959, -9.55399608612, 37.2158889771, 126.569908142, 41.3803482056], [-125.012962341, -12.5263843536, 28.0810508728, 27.8276557922, 21.5207881927, 19.8168182373, 25.9260120392, 52.3296508789, 7.7649512291, -8.89336967468, -15.0668954849, 41.3803482056, 115.720153809]],
        "icov": [[0.000189262413187, -0.000340414291713, 0.000514646235388, -0.000472423154861, 0.000191357903532, -0.000147600469063, -0.00018795383221, 0.000379277014872, -0.000325200962834, 5.17132175446e-05, 5.99056056672e-06, 3.68192377209e-05, 3.00268620776e-05], [-0.000340414291713, 0.00244441442192, -0.00146764062811, 0.00207245280035, -0.00145126553252, 0.00116166833322, -0.000398760021199, 0.000567054376006, -0.00105330906808, 0.00137110112701, -0.00155307492241, 0.00150433951057, -0.000905601424165], [0.000514646235388, -0.00146764062811, 0.00226734671742, -0.00203453213908, 0.000749605707824, -0.00117157294881, -0.000213332896237, 0.000781441631261, -0.000401346536819, 0.000174940330908, -0.000261553184828, 0.000256011233432, 6.57330065224e-06], [-0.000472423154861, 0.00207245280035, -0.00203453213908, 0.00319076189771, -0.000974043563474, 0.000968801032286, -8.07389187685e-06, -0.000260498665739, -0.000785979384091, 0.000733170367312, -0.000644362648018, 0.000509758712724, -0.000581857399084], [0.000191357903532, -0.00145126553252, 0.000749605707824, -0.000974043563474, 0.0025705085136, -0.00123217550572, 8.17352629383e-05, -0.000345798325725, 0.000571275944822, -0.000779506983235, -0.000157926697284, -4.53073917015e-05, -0.000129617852508], [-0.000147600469063, 0.00116166833322, -0.00117157294881, 0.000968801032286, -0.00123217550572, 0.00619283132255, -0.00388678302988, 0.000933701987378, 0.000744765624404, -0.00169599521905, 0.000420044205384, -0.00108175806236, -0.00010396775906], [-0.00018795383221, -0.000398760021199, -0.000213332896237, -8.07389187685e-06, 8.17352629383e-05, -0.00388678302988, 0.00615728832781, -0.00203325692564, 0.000612697389442, 0.000591057993006, -0.000952103815507, 0.000653034716379, -0.00035529807792], [0.000379277014872, 0.000567054376006, 0.000781441631261, -0.000260498665739, -0.000345798325725, 0.000933701987378, -0.00203325692564, 0.00750247528777, -0.00476467609406, 0.000176005953108, 0.0006743168924, -0.000352143222699, -0.00214164354838], [-0.000325200962834, -0.00105330906808, -0.000401346536819, -0.000785979384091, 0.000571275944822, 0.000744765624404, 0.000612697389442, -0.00476467609406, 0.00861074496061, -0.00226856628433, 0.00125067809131, 0.000728694431018, 0.000754773849621], [5.17132175446e-05, 0.00137110112701, 0.000174940330908, 0.000733170367312, -0.000779506983235, -0.00169599521905, 0.000591057993006, 0.000176005953108, -0.00226856628433, 0.00863808952272, -0.00259080249816, 0.00254047312774, -0.000220777568757], [5.99056056672e-06, -0.00155307492241, -0.000261553184828, -0.000644362648018, -0.000157926697284, 0.000420044205384, -0.000952103815507, 0.0006743168924, 0.00125067809131, -0.00259080249816, 0.0111792972311, -0.00571559229866, 0.00313895731233], [3.68192377209e-05, 0.00150433951057, 0.000256011233432, 0.000509758712724, -4.53073917015e-05, -0.00108175806236, 0.000653034716379, -0.000352143222699, 0.000728694431018, 0.00254047312774, -0.00571559229866, 0.0137049350888, -0.00527405785397], [3.00268620776e-05, -0.000905601424165, 6.57330065224e-06, -0.000581857399084, -0.000129617852508, -0.00010396775906, -0.00035529807792, -0.00214164354838, 0.000754773849621, -0.000220777568757, 0.00313895731233, -0.00527405785397, 0.0120312850922]]
    },
    "melbands": {
        "dmean": [0.000981195247732, 0.00173439830542, 0.000493179133628, 0.000243966816925, 0.000120222641272, 6.23708983767e-05, 0.000113288224384, 0.000210226571653, 0.000142201111885, 6.57788768876e-05, 4.9548689276e-05, 3.76095158572e-05, 3.13634373015e-05, 2.92810182145e-05, 7.20756142982e-05, 4.23297024099e-05, 3.08352973661e-05, 3.60586927854e-05, 3.26763438352e-05, 2.38302691287e-05, 2.06149725273e-05, 1.65637338796e-05, 1.82951207535e-05, 1.26760514831e-05, 5.17512944498e-06, 3.79057132704e-06, 3.29149133904e-06, 2.67162795353e-06, 1.62870730946e-06, 1.163148454e-06, 8.16007229787e-07, 8.39969743538e-07, 8.93447861472e-07, 7.86035684541e-07, 5.0787713235e-07, 2.62774420889e-07, 9.26205814267e-08, 3.20178514812e-08, 1.57998041317e-08, 5.04517538857e-09],
        "dmean2": [0.00152146583423, 0.00292559457012, 0.00084655394312, 0.000379899487598, 0.00019548223645, 0.000101365505543, 0.000181576804607, 0.0003413297527, 0.000234935068875, 0.000104157741589, 7.70243932493e-05, 5.84908702876e-05, 4.99544694321e-05, 4.65774865006e-05, 0.000107029256469, 7.15421192581e-05, 4.68684338557e-05, 5.36592815479e-05, 4.90502134198e-05, 4.03405610996e-05, 3.03296910715e-05, 2.64815807896e-05, 2.8046359148e-05, 1.77815509232e-05, 6.34781963527e-06, 5.87274053032e-06, 5.21828724231e-06, 3.90510103898e-06, 2.32354409491e-06, 1.74314664037e-06, 1.20808806514e-06, 1.22713049677e-06, 1.3041976672e-06, 1.15502723474e-06, 7.63835259932e-07, 4.06966307764e-07, 1.40943626548e-07, 4.73508556809e-08, 2.37879014264e-08, 7.62337837301e-09],
        "dvar": [7.66183711676e-06, 2.46780673478e-05, 1.49451000198e-06, 2.33766627389e-07, 6.74350530971e-08, 2.97058626586e-08, 7.74659483227e-08, 3.53741654635e-07, 3.03709953187e-07, 3.69889683327e-08, 2.5982224372e-08, 2.29004353258e-08, 1.8691642012e-08, 2.23057714521e-08, 5.49433636365e-08, 1.27082229184e-08, 6.95989976762e-09, 9.48501455156e-09, 8.81885586779e-09, 4.68965177802e-09, 2.74833844571e-09, 1.44585976525e-09, 1.66682356806e-09, 1.00481700738e-09, 1.5313272872e-10, 6.43789674348e-11, 5.28065750849e-11, 3.88891314984e-11, 1.25526845862e-11, 8.14945593647e-12, 4.19001855781e-12, 4.45387043219e-12, 1.12817324927e-11, 9.87949218961e-12, 4.0192961806e-12, 9.31460095686e-13, 9.48474358406e-14, 8.09699292478e-15, 1.8501217624e-15, 1.4689282429e-16],
        "dvar2": [1.51894737428e-05, 6.78247452015e-05, 3.95817505705e-06, 5.33678701231e-07, 1.66817272884e-07, 6.84033452103e-08, 1.84245408263e-07, 8.7823349304e-07, 8.0537535041e-07, 8.87854625375e-08, 6.19448314865e-08, 6.118647633e-08, 4.84592064254e-08, 5.92223656781e-08, 8.90963391953e-08, 3.45611965713e-08, 1.52040886547e-08, 1.83120185682e-08, 2.13520028325e-08, 1.26950068235e-08, 6.39314912121e-09, 3.70934305494e-09, 4.08855793665e-09, 1.93832394579e-09, 2.22658752547e-10, 1.43082559689e-10, 1.28109176045e-10, 8.04175268043e-11, 2.49084936704e-11, 1.75274118136e-11, 8.35946589728e-12, 9.65347246584e-12, 2.47792706493e-11, 2.0796636982e-11, 8.96353304081e-12, 2.13809222063e-12, 2.2203449474e-13, 1.87869180255e-14, 4.00273720148e-15, 3.23338813398e-16],
        "max": [0.0198670774698, 0.0363591611385, 0.0169006306678, 0.0076813949272, 0.00561410188675, 0.00436393823475, 0.00691764801741, 0.0139838568866, 0.0175836235285, 0.00338933779858, 0.00290083419532, 0.00296698580496, 0.00602505775169, 0.00898826308548, 0.00571314943954, 0.00227789999917, 0.0014106251765, 0.00142308860086, 0.00183509592898, 0.00120437156875, 0.000722530821804, 0.000511139689479, 0.000590928888414, 0.000373487477191, 0.000243768736254, 0.000169765931787, 0.000126769562485, 8.71151714819e-05, 4.71681996714e-05, 4.76331115351e-05, 3.99676828238e-05, 4.73382824566e-05, 8.74147808645e-05, 0.000124104131828, 7.1744347224e-05, 3.0048086046e-05, 8.38603500597e-06, 3.07279719891e-06, 1.67618884461e-06, 4.56572763596e-07],
        "mean": [0.00129690568428, 0.00266453204677, 0.000791743863374, 0.000314827804687, 0.000134084839374, 6.55997137073e-05, 0.000113477137347, 0.00019100488862, 0.000125970502268, 6.44879037281e-05, 5.30951219844e-05, 4.66718520329e-05, 3.79985758627e-05, 3.58454490197e-05, 0.000121434328321, 5.12514052389e-05, 3.86559986509e-05, 4.6339842811e-05, 4.19889729528e-05, 3.05284083879e-05, 3.0503166272e-05, 2.27644686674e-05, 2.28620283451e-05, 1.64278590091e-05, 7.5994830695e-06, 5.08092534801e-06, 4.01769329983e-06, 3.55061069968e-06, 2.23183542403e-06, 1.54884219228e-06, 1.10704013423e-06, 1.08979327251e-06, 1.18961725093e-06, 1.06193567717e-06, 6.53737856737e-07, 3.30433607587e-07, 1.19738388094e-07, 4.64134330969e-08, 2.14469242366e-08, 6.42809894202e-09],
        "median": [0.000220410554903, 0.000854336132761, 0.000214036583202, 0.000126151920995, 4.61214440293e-05, 1.70252424141e-05, 1.82496369234e-05, 1.68431470229e-05, 7.44878525438e-06, 4.10889788327e-06, 3.97169560529e-06, 3.36150310432e-06, 3.34767810273e-06, 2.16902276406e-06, 3.98309384764e-06, 3.96180985263e-06, 1.27180101117e-06, 1.76102412297e-06, 1.37548863677e-06, 1.20627339584e-06, 1.28040892378e-06, 1.64632933775e-06, 1.92986522052e-06, 1.10324094749e-06, 6.07529500485e-07, 5.54378971174e-07, 4.84241468257e-07, 3.86920135043e-07, 1.81362253215e-07, 8.78715979979e-08, 8.08012572406e-08, 1.11833159622e-07, 8.0293276028e-08, 6.12779160747e-08, 4.62895179965e-08, 3.10369330236e-08, 1.82447976727e-08, 8.30285351583e-09, 4.04656308461e-09, 1.16148357598e-09],
        "min": [2.91281524999e-24, 1.2515977981e-23, 1.10410905004e-23, 3.85014687732e-24, 1.88136825681e-23, 1.15348235526e-23, 6.66148306046e-24, 6.36575527874e-24, 3.05129406266e-24, 5.58790253302e-24, 3.04681195221e-24, 2.70040005454e-24, 5.12511609968e-24, 1.20196543095e-23, 7.61429687192e-24, 5.46812149874e-24, 1.25012799246e-23, 8.67867770348e-24, 1.36273938551e-23, 9.08863136098e-24, 9.34702827251e-24, 9.76600018788e-24, 6.96158231488e-24, 1.19772096485e-23, 1.16654036983e-23, 9.51992843914e-24, 8.01214466997e-24, 7.77741910762e-24, 4.99877489811e-24, 8.21182429774e-24, 9.32942405255e-24, 1.32688881281e-23, 7.30167997265e-24, 5.6059201161e-24, 1.11333288506e-23, 1.38082417954e-23, 1.2180452561e-23, 1.19633935386e-23, 8.32256143617e-24, 1.10804680702e-23],
        "var": [9.39390884014e-06, 2.3300293833e-05, 2.06573122341e-06, 3.024282762e-07, 7.25987590044e-08, 3.24157127807e-08, 8.46634549134e-08, 3.23969260307e-07, 2.38981755274e-07, 3.77749280744e-08, 3.15475539026e-08, 2.87111205921e-08, 1.69738729738e-08, 2.00750740476e-08, 2.26936592185e-07, 1.71524323633e-08, 1.19750538374e-08, 1.75376673184e-08, 1.65183067224e-08, 7.35014893394e-09, 6.80542289189e-09, 3.01802050018e-09, 2.7014448456e-09, 1.92565430268e-09, 4.17132939301e-10, 1.32593130919e-10, 8.59397344954e-11, 7.54331389019e-11, 2.7725793883e-11, 1.5323046651e-11, 7.71846562359e-12, 8.23298547392e-12, 2.02767490298e-11, 1.79592625493e-11, 6.15184856181e-12, 1.32573411884e-12, 1.2881147158e-13, 1.32504159148e-14, 3.14886192208e-15, 2.44214130602e-16]
    },
    "mfcc": {
        "mean": [-767.54486084, 142.384277344, -5.56261825562, 40.9411125183, 10.8162631989, 14.8215265274, -2.96284389496, 13.1367912292, -5.33010292053, 2.80794095993, 1.11728727818, 4.71100330353, -1.62191808224],
        "cov": [[14970.5751953, 221.539978027, -3196.81079102, 342.217071533, -883.950500488, -51.1908569336, -904.008056641, 59.1630058289, -48.6165122986, 570.370239258, -133.478744507, -23.1469478607, -252.684875488], [221.539978027, 2790.86376953, 39.1710205078, -400.665893555, 457.91595459, 68.6044311523, 297.081604004, -6.21928834915, -55.2260856628, -150.561889648, 127.435829163, 83.2351913452, 78.8282623291], [-3196.81079102, 39.1710205078, 2098.29272461, 486.583892822, 257.86517334, 327.867370605, 299.850219727, 120.987472534, 10.3076496124, -141.999206543, 93.2716369629, 75.3971557617, 107.672576904], [342.217071533, -400.665893555, 486.583892822, 784.354553223, 190.491989136, 64.8962249756, -60.1230659485, 68.8120040894, 44.8857307434, 71.2428741455, 9.97198867798, 17.0517082214, 12.7471208572], [-883.950500488, 457.91595459, 257.86517334, 190.491989136, 517.820617676, 117.940628052, 145.743743896, 22.195898056, 41.1544189453, -21.1194972992, 45.1779403687, 59.514705658, 35.2020988464], [-51.1908569336, 68.6044311523, 327.867370605, 64.8962249756, 117.940628052, 479.899200439, 331.661651611, 56.3831939697, 28.7477245331, -31.2721347809, 38.9193382263, 106.589363098, 36.7768745422], [-904.008056641, 297.081604004, 299.850219727, -60.1230659485, 145.743743896, 331.661651611, 526.863220215, 99.4638519287, 16.1626377106, -80.3926925659, 25.7176189423, 107.569725037, 96.7344741821], [59.1630058289, -6.21928834915, 120.987472534, 68.8120040894, 22.195898056, 56.3831939697, 99.4638519287, 226.053497314, 73.5843582153, 25.6655750275, 5.71651697159, 9.71888828278, 56.7421340942], [-48.6165122986, -55.2260856628, 10.3076496124, 44.8857307434, 41.1544189453, 28.7477245331, 16.1626377106, 73.5843582153, 233.094711304, 142.694396973, 28.8958911896, -19.9317989349, -13.2550506592], [570.370239258, -150.561889648, -141.999206543, 71.2428741455, -21.1194972992, -31.2721347809, -80.3926925659, 25.6655750275, 142.694396973, 275.081115723, 67.8991928101, -36.36353302, -42.0624961853], [-133.478744507, 127.435829163, 93.2716369629, 9.97198867798, 45.1779403687, 38.9193382263, 25.7176189423, 5.71651697159, 28.8958911896, 67.8991928101, 149.984863281, 45.7317695618, -10.465388298], [-23.1469478607, 83.2351913452, 75.3971557617, 17.0517082214, 59.514705658, 106.589363098, 107.569725037, 9.71888828278, -19.9317989349, -36.36353302, 45.7317695618, 147.625045776, 55.1253623962], [-252.684875488, 78.8282623291, 107.672576904, 12.7471208572, 35.2020988464, 36.7768745422, 96.7344741821, 56.7421340942, -13.2550506592, -42.0624961853, -10.465388298, 55.1253623962, 141.25668335]],
