{
"lowlevel": {
    "average_loudness": 0.89734262228,
    "barkbands_crest": {
        "dmean": 3.17794108391,
        "dmean2": 5.26374006271,
        "dvar": 10.6614341736,
        "dvar2": 26.2300205231,
        "max": 25.0224742889,
        "mean": 8.9483795166,
        "median": 7.62045574188,
        "min": 2.41696500778,
        "var": 20.3166790009
    },
    "barkbands_flatness_db": {
        "dmean": 0.0278190225363,
        "dmean2": 0.0418907552958,
        "dvar": 0.000766433950048,
        "dvar2": 0.00164071575273,
        "max": 0.412936061621,
        "mean": 0.140132322907,
        "median": 0.136357575655,
        "min": 0.0157666970044,
        "var": 0.00231332960539
    },
    "barkbands_kurtosis": {
        "dmean": 3.19007325172,
        "dmean2": 5.19560146332,
        "dvar": 106.305389404,
        "dvar2": 266.074005127,
        "max": 247.054855347,
        "mean": 2.32172656059,
        "median": 0.0280159711838,
        "min": -1.87593019009,
        "var": 106.808296204
    },
    "barkbands_skewness": {
        "dmean": 0.725255906582,
        "dmean2": 1.0594547987,
        "dvar": 0.869465649128,
        "dvar2": 1.71076011658,
        "max": 13.7967653275,
        "mean": 0.526317477226,
        "median": 0.10715700686,
        "min": -3.3529510498,
        "var": 2.39231562614
    },
    "barkbands_spread": {
        "dmean": 6.54126024246,
        "dmean2": 10.1144075394,
        "dvar": 57.2449760437,
        "dvar2": 136.206069946,
        "max": 103.775398254,
        "mean": 20.7868404388,
        "median": 18.2604961395,
        "min": 0.619811058044,
        "var": 119.431015015
    },
    "dissonance": {
        "dmean": 0.0146123841405,
        "dmean2": 0.0244644843042,
        "dvar": 0.000278609717498,
        "dvar2": 0.00072351162089,
        "max": 0.500000119209,
        "mean": 0.47830671072,
        "median": 0.484328329563,
        "min": 0.309189200401,
        "var": 0.000432949978858
    },
    "dynamic_complexity": 3.6763241291,
    "erbbands_crest": {
        "dmean": 2.48890328407,
        "dmean2": 4.11558485031,
        "dvar": 4.72037887573,
        "dvar2": 12.2354202271,
        "max": 25.4536457062,
        "mean": 7.94329738617,
        "median": 7.35182094574,
        "min": 2.79129862785,
        "var": 8.34908771515
    },
    "erbbands_flatness_db": {
        "dmean": 0.0250082798302,
        "dmean2": 0.03518435359,
        "dvar": 0.000574967241846,
        "dvar2": 0.0010306929471,
        "max": 0.353623718023,
        "mean": 0.20793068409,
        "median": 0.205688789487,
        "min": 0.0687348917127,
        "var": 0.00279732071795
    },
    "erbbands_kurtosis": {
        "dmean": 0.966228544712,
        "dmean2": 1.56922328472,
        "dvar": 1.09797799587,
        "dvar2": 2.67779374123,
        "max": 16.2813892365,
        "mean": 0.295816540718,
        "median": 0.000367522239685,
        "min": -1.78626704216,
        "var": 1.89043414593
    },
    "erbbands_skewness": {
        "dmean": 0.455104678869,
        "dmean2": 0.689262628555,
        "dvar": 0.159566432238,
        "dvar2": 0.357425928116,
        "max": 3.62446928024,
        "mean": -0.335077643394,
        "median": -0.360379338264,
        "min": -3.03342247009,
        "var": 0.448838859797
    },
    "erbbands_spread": {
        "dmean": 8.72805976868,
        "dmean2": 12.9772605896,
        "dvar": 105.210350037,
        "dvar2": 224.620315552,
        "max": 119.858314514,
        "mean": 28.0477237701,
        "median": 24.1061954498,
        "min": 5.93444061279,
        "var": 237.159729004
    },
    "hfc": {
        "dmean": 9.45311546326,
        "dmean2": 13.8166780472,
        "dvar": 195.999160767,
        "dvar2": 360.607299805,
        "max": 264.925231934,
        "mean": 23.1308631897,
        "median": 17.6173553467,
        "min": 1.13219069176e-16,
        "var": 517.877807617
    },
    "melbands_crest": {
        "dmean": 3.74941778183,
        "dmean2": 6.14889192581,
        "dvar": 14.4706783295,
        "dvar2": 33.9145278931,
        "max": 31.3969917297,
        "mean": 11.2158222198,
        "median": 9.2563457489,
        "min": 1.94634926319,
        "var": 34.7740440369
    },
    "melbands_flatness_db": {
        "dmean": 0.0345029570162,
        "dmean2": 0.0495322719216,
        "dvar": 0.0014643809991,
        "dvar2": 0.00267183897085,
        "max": 0.52758616209,
        "mean": 0.16305680573,
        "median": 0.151785999537,
        "min": 0.00431610457599,
        "var": 0.00565704843029
    },
    "melbands_kurtosis": {
        "dmean": 7.63407945633,
        "dmean2": 12.1377315521,
        "dvar": 395.501678467,
        "dvar2": 877.255371094,
        "max": 321.216674805,
        "mean": 7.84772109985,
        "median": 0.400097846985,
        "min": -1.72287499905,
        "var": 508.582885742
    },
    "melbands_skewness": {
        "dmean": 0.932798683643,
        "dmean2": 1.35324001312,
        "dvar": 1.58376574516,
        "dvar2": 3.0345261097,
        "max": 13.6628065109,
        "mean": 1.50348341465,
        "median": 0.816224813461,
        "min": -2.31453514099,
        "var": 4.30159568787
    },
    "melbands_spread": {
        "dmean": 12.4526996613,
        "dmean2": 19.263174057,
        "dvar": 237.203063965,
        "dvar2": 521.07019043,
        "max": 232.329269409,
        "mean": 36.378944397,
        "median": 34.1012954712,
        "min": 0.542067170143,
        "var": 515.918395996
    },
    "pitch_salience": {
        "dmean": 0.0900379046798,
        "dmean2": 0.145203694701,
        "dvar": 0.00901343394071,
        "dvar2": 0.020277608186,
        "max": 0.940013766289,
        "mean": 0.589051246643,
        "median": 0.628772258759,
        "min": 0.0785439312458,
        "var": 0.0205799415708
    },
    "silence_rate_20dB": {
        "dmean": 0,
        "dmean2": 0,
        "dvar": 0,
        "dvar2": 0,
        "max": 1,
        "mean": 1,
        "median": 1,
        "min": 1,
        "var": 0
    },
    "silence_rate_30dB": {
        "dmean": 0.00501915207133,
        "dmean2": 0.010039630346,
        "dvar": 0.00499404175207,
        "dvar2": 0.0146936494857,
        "max": 1,
        "mean": 0.997358679771,
        "median": 1,
        "min": 0,
        "var": 0.00263439118862
    },
    "silence_rate_60dB": {
        "dmean": 0.0324924066663,
        "dmean2": 0.0649933964014,
        "dvar": 0.0314346291125,
        "dvar2": 0.0734441280365,
        "max": 1,
        "mean": 0.120047546923,
        "median": 0,
        "min": 0,
        "var": 0.105630926788
    },
    "spectral_centroid": {
        "dmean": 359.047515869,
        "dmean2": 535.49987793,
        "dvar": 155668.375,
        "dvar2": 292936.5625,
        "max": 11707.3388672,
        "mean": 2067.07177734,
        "median": 2146.11035156,
        "min": 214.733947754,
        "var": 604407.75
    },
    "spectral_complexity": {
        "dmean": 4.21080446243,
        "dmean2": 6.13447809219,
        "dvar": 18.7557125092,
        "dvar2": 32.7925872803,
        "max": 61,
        "mean": 22.3737449646,
        "median": 23,
        "min": 0,
        "var": 111.439460754
    },
    "spectral_decrease": {
        "dmean": 2.9700388815e-09,
        "dmean2": 4.65282390394e-09,
        "dvar": 2.61866555304e-17,
        "dvar2": 5.59310942846e-17,
        "max": 1.96934690535e-28,
        "mean": -5.77063596907e-09,
        "median": -2.86074097744e-09,
        "min": -3.48627082758e-08,
        "var": 4.75717327456e-17
    },
    "spectral_energy": {
        "dmean": 0.0118279531598,
        "dmean2": 0.0184078849852,
        "dvar": 0.000383921229513,
        "dvar2": 0.000816262851004,
        "max": 0.132936179638,
        "mean": 0.0238777175546,
        "median": 0.0130724813789,
        "min": 1.03172105229e-20,
        "var": 0.000717147893738
    },
    "spectral_energyband_high": {
        "dmean": 0.000705547980033,
        "dmean2": 0.000947126885876,
        "dvar": 3.15023112307e-06,
        "dvar2": 5.24757115272e-06,
        "max": 0.0310212578624,
        "mean": 0.00100853678305,
        "median": 0.000203941541258,
        "min": 7.15098608904e-21,
        "var": 6.95280778018e-06
    },
    "spectral_energyband_low": {
        "dmean": 0.00643411325291,
        "dmean2": 0.0106325792149,
        "dvar": 0.000295929203276,
        "dvar2": 0.000674524460919,
        "max": 0.12103509903,
        "mean": 0.00926045048982,
        "median": 0.000190747348825,
        "min": 2.05883087937e-23,
        "var": 0.000458821537904
    },
    "spectral_energyband_middle_high": {
        "dmean": 0.00231891963631,
        "dmean2": 0.00352629553527,
        "dvar": 8.01117039373e-06,
        "dvar2": 1.65989422385e-05,
        "max": 0.056486941874,
        "mean": 0.00667520193383,
        "median": 0.005958837457,
        "min": 1.09760869419e-21,
        "var": 2.39649270952e-05
    },
    "spectral_energyband_middle_low": {
        "dmean": 0.00664653815329,
        "dmean2": 0.0110962605104,
        "dvar": 0.000192331790458,
        "dvar2": 0.000507858640049,
        "max": 0.0949952527881,
        "mean": 0.00758329126984,
        "median": 0.00214786548167,
        "min": 2.68311334321e-22,
        "var": 0.000169499311596
    },
    "spectral_entropy": {
        "dmean": 0.183358922601,
        "dmean2": 0.270024359226,
        "dvar": 0.0353882946074,
        "dvar2": 0.0705363973975,
        "max": 9.81198215485,
        "mean": 7.56654644012,
        "median": 7.51576423645,
        "min": 6.45793581009,
        "var": 0.123011164367
    },
    "spectral_flux": {
        "dmean": 0.0352387167513,
        "dmean2": 0.0563627444208,
        "dvar": 0.00227354560047,
        "dvar2": 0.00528656737879,
        "max": 0.380931943655,
        "mean": 0.0942104384303,
        "median": 0.0750128179789,
        "min": 6.47728815029e-11,
        "var": 0.00481555890292
    },
    "spectral_kurtosis": {
        "dmean": 3.0256819725,
        "dmean2": 5.08111858368,
        "dvar": 11.3637485504,
        "dvar2": 32.2959899902,
        "max": 45.491771698,
        "mean": 5.93626976013,
        "median": 5.11351203918,
        "min": -1.21661603451,
        "var": 16.335226059
    },
    "spectral_rms": {
        "dmean": 0.00104735651985,
        "dmean2": 0.00157331477385,
        "dvar": 2.01168995773e-06,
        "dvar2": 3.83545739169e-06,
        "max": 0.0113883195445,
        "mean": 0.00415672874078,
        "median": 0.00357122393325,
        "min": 3.17262839264e-12,
        "var": 6.01684041612e-06
    },
    "spectral_rolloff": {
        "dmean": 738.355529785,
        "dmean2": 1190.17138672,
        "dvar": 1267607.625,
        "dvar2": 2596432.25,
        "max": 19552.1484375,
        "mean": 2551.7097168,
        "median": 2691.65039062,
        "min": 64.599609375,
        "var": 2984899.5
    },
    "spectral_skewness": {
        "dmean": 0.336637526751,
        "dmean2": 0.545819461346,
        "dvar": 0.0932694748044,
        "dvar2": 0.253549546003,
        "max": 4.16479301453,
        "mean": 1.39374983311,
        "median": 1.40953123569,
        "min": -0.0676295608282,
        "var": 0.208351150155
    },
    "spectral_spread": {
        "dmean": 668280.4375,
        "dmean2": 941953.25,
        "dvar": 962402123776,
        "dvar2": 1.72455821312e+12,
        "max": 42693980,
        "mean": 3306195.25,
        "median": 2932429.5,
        "min": 1201001.75,
        "var": 3.94566303744e+12
    },
    "spectral_strongpeak": {
        "dmean": 0.82844877243,
        "dmean2": 1.4146682024,
        "dvar": 0.973463892937,
        "dvar2": 2.55425524712,
        "max": 13.5034914017,
        "mean": 1.3765720129,
        "median": 0.968019425869,
        "min": 0,
        "var": 1.60241186619
    },
    "zerocrossingrate": {
        "dmean": 0.0155907543376,
        "dmean2": 0.0174640212208,
        "dvar": 0.000376490235794,
        "dvar2": 0.000419715943281,
        "max": 0.517578125,
        "mean": 0.083634480834,
        "median": 0.08154296875,
        "min": 0.0048828125,
        "var": 0.00205544289201
    },
    "barkbands": {
        "dmean": [6.16628385615e-05, 0.00514950370416, 0.00214811507612, 0.00162304006517, 0.00237598107196, 0.00111975031905, 0.0015920130536, 0.000906364875846, 0.000584898283705, 0.000339009944582, 0.000367777742213, 0.000491753220558, 0.000376906857127, 0.00046093162382, 0.000445696932729, 0.0004190383479, 0.000309690338327, 0.000610258197412, 0.000240162800765, 0.000307584094116, 0.000176615954842, 0.000185001947102, 0.000142353543197, 0.00011185585754, 4.90618040203e-05, 1.33287167046e-05, 4.21533826511e-07],
        "dmean2": [9.47225344134e-05, 0.00904990918934, 0.0033283943776, 0.00306491344236, 0.00396599946544, 0.00183397298679, 0.0026469277218, 0.00150507187936, 0.00098804559093, 0.000541439745575, 0.000603242369834, 0.000770035549067, 0.000608313886914, 0.000767342979088, 0.000711381726433, 0.000693718553521, 0.00049746024888, 0.00103129888885, 0.000351900496753, 0.000455424160464, 0.000238396954956, 0.000249582226388, 0.000206601529499, 0.000169808947248, 7.3492716183e-05, 1.91211947822e-05, 6.84660506067e-07],
        "dvar": [4.07696454374e-08, 0.000210848418646, 4.09909807786e-05, 3.18251586577e-05, 6.02872569289e-05, 6.00841985943e-06, 1.157598399e-05, 3.89621527574e-06, 2.44895318247e-06, 6.00941632456e-07, 1.24573057292e-06, 1.07713503894e-06, 5.1222428965e-07, 5.20289404449e-07, 6.31936359241e-07, 4.7230358291e-07, 2.61594720996e-07, 6.12654787346e-07, 1.87082918046e-07, 4.3501151481e-07, 2.78887142713e-07, 2.83777410459e-07, 2.72329828022e-07, 1.63377151807e-07, 2.29250716188e-08, 2.07207828673e-09, 1.95845661737e-12],
        "dvar2": [8.81853310375e-08, 0.000550492201, 0.000101901925518, 9.30332025746e-05, 0.000155410001753, 1.38721416079e-05, 2.75275087915e-05, 9.38491848501e-06, 6.03619764661e-06, 1.32434979605e-06, 3.25141854773e-06, 2.63222182184e-06, 1.15399359402e-06, 1.21551192933e-06, 1.48939693645e-06, 1.23038319089e-06, 6.86777241299e-07, 1.68679264334e-06, 3.771786794e-07, 8.71796260071e-07, 5.10763186412e-07, 5.04112222188e-07, 5.20101139045e-07, 3.470266563e-07, 5.06998496519e-08, 3.85538267977e-09, 4.50022180978e-12],
        "max": [0.00435651373118, 0.105220906436, 0.0677475333214, 0.0437569096684, 0.0767935439944, 0.0330655500293, 0.0469968952239, 0.0290433261544, 0.0282814688981, 0.0270012114197, 0.0386574193835, 0.0248353276402, 0.0182195864618, 0.0197288841009, 0.0157264377922, 0.0120875593275, 0.00863404199481, 0.0083330841735, 0.00934501923621, 0.0144604081288, 0.00907782558352, 0.00968616362661, 0.0126573266461, 0.0146892787889, 0.00481438264251, 0.00106147816405, 3.64476727555e-05],
        "mean": [0.000139333191328, 0.00604569772258, 0.00248520821333, 0.00109911139589, 0.00200385320932, 0.00120448856615, 0.00160383502953, 0.000966568302829, 0.000619464437477, 0.000451788684586, 0.000436022877693, 0.000846759881824, 0.000595783931203, 0.000718334689736, 0.000717880786397, 0.000618134043179, 0.000519046094269, 0.00106875097845, 0.000392848713091, 0.000509004690684, 0.000225564494031, 0.000240759647568, 0.000167551872437, 0.00012757339573, 5.73346260353e-05, 1.65527671925e-05, 4.06030807198e-07],
        "median": [5.10026166012e-06, 2.95813879347e-05, 6.9669491495e-05, 7.37041846151e-05, 0.000230585734244, 0.000140807649586, 0.000221474765567, 0.000238922861172, 0.000220742891543, 0.000200433540158, 0.000180372502655, 0.000461791758426, 0.000344822939951, 0.000434622983448, 0.000331981369527, 0.000361023237929, 0.000306509755319, 0.000776088214479, 0.000192825013073, 0.000223548733629, 4.57651767647e-05, 2.54483893514e-05, 1.20098811749e-05, 1.02563117252e-05, 5.10811196364e-06, 1.31039791995e-06, 2.41918627353e-08],
        "min": [1.12107044697e-24, 5.58074756461e-24, 8.38562218807e-24, 1.21332644794e-24, 1.09112936936e-23, 2.9381821768e-23, 2.66931187457e-23, 1.04892105109e-23, 1.55700190545e-23, 2.46726992393e-23, 1.95491628336e-23, 2.87335895186e-23, 4.29147179753e-23, 2.35967876279e-23, 4.8096114173e-23, 8.53080872446e-23, 1.48132742545e-22, 1.49067044157e-22, 2.18296517944e-22, 1.849611746e-22, 2.5736388871e-22, 4.00030027129e-22, 4.63797907636e-22, 6.26618596526e-22, 9.91186132657e-22, 1.30497455348e-21, 2.17731708682e-21],
        "var": [1.79242093168e-07, 0.000239925429923, 4.40634248662e-05, 1.773043914e-05, 4.54298824479e-05, 7.81581820775e-06, 1.38041959872e-05, 4.40415988123e-06, 2.40938743445e-06, 8.18527098545e-07, 1.15512193588e-06, 1.4896884295e-06, 8.30961539577e-07, 8.23288075935e-07, 1.12889517823e-06, 6.0809537672e-07, 4.44153499757e-07, 1.04730520434e-06, 3.68251875216e-07, 8.00303212145e-07, 4.55938049981e-07, 5.53807865344e-07, 4.73136253731e-07, 2.39891562615e-07, 3.36186189998e-08, 3.88852683386e-09, 2.56755445897e-12]
    },
    "erbbands": {
        "dmean": [0.0763978660107, 1.38416624069, 2.64155387878, 4.21352529526, 8.11262989044, 6.69434547424, 5.57125711441, 10.5369405746, 19.9966621399, 23.7976531982, 17.5450992584, 12.9485673904, 9.3835849762, 13.2657833099, 20.0906352997, 13.3583173752, 14.8827171326, 19.6891174316, 21.4124717712, 21.0211315155, 23.115644455, 18.3536701202, 27.1712036133, 16.0944881439, 15.3453083038, 12.9855804443, 8.20625019073, 6.49751424789, 6.70245742798, 5.33703947067, 4.12385320663, 2.5655605793, 1.73318338394, 0.734300792217, 0.260646283627, 0.0927966237068, 0.0179556198418, 0.00197661737911, 5.38166968909e-05, 1.5797197193e-05],
        "dmean2": [0.123233027756, 2.44600272179, 4.16681861877, 7.74780654907, 14.5272026062, 10.8611116409, 8.6463508606, 17.4648571014, 32.7234687805, 39.5039863586, 28.9801063538, 21.5768184662, 15.3327293396, 20.749622345, 32.0256195068, 21.0579338074, 23.8445796967, 32.0046806335, 34.2843208313, 33.4623641968, 38.0410346985, 29.516664505, 44.9041519165, 26.1899414062, 22.1497173309, 19.4266834259, 10.9197950363, 8.72181892395, 8.96166324615, 7.77117586136, 6.09440279007, 3.88819336891, 2.64430236816, 1.1031447649, 0.397769361734, 0.136603951454, 0.0261002294719, 0.00298523064703, 8.02347421995e-05, 2.39330074692e-05],
        "dvar": [0.0469262748957, 15.5151720047, 56.5255470276, 201.802337646, 740.079040527, 403.18157959, 151.791748047, 652.914428711, 1861.56030273, 2695.97412109, 1620.91894531, 1283.42407227, 485.77734375, 1497.97692871, 1720.94421387, 1269.53161621, 869.47467041, 1091.04125977, 1139.87756348, 1640.12524414, 1319.24658203, 836.229187012, 1187.49084473, 569.303588867, 875.562561035, 967.817138672, 657.29284668, 298.625274658, 390.145111084, 308.216400146, 205.642684937, 81.2827148438, 47.0192947388, 5.58840084076, 0.703325748444, 0.094669058919, 0.00326386769302, 3.83500700991e-05, 2.32058621208e-08, 5.60822555062e-10],
        "dvar2": [0.0995352193713, 41.3636054993, 135.008972168, 585.536437988, 1989.66271973, 995.884033203, 317.290466309, 1540.00292969, 4448.93457031, 6562.71630859, 3857.22045898, 3087.38134766, 1164.7409668, 3703.74829102, 4233.41992188, 2965.50756836, 1861.99389648, 2384.8125, 2788.06079102, 3933.61010742, 3498.17431641, 2203.89746094, 3146.41357422, 1469.41711426, 1627.15539551, 2136.17700195, 1287.06970215, 526.775085449, 700.907470703, 588.268188477, 398.305175781, 156.402297974, 109.906997681, 12.489233017, 1.54883563519, 0.177720561624, 0.00609804596752, 7.50403560232e-05, 4.4646263575e-08, 1.14816489649e-09],
        "max": [2.17016148567, 27.1178913116, 66.96509552, 104.379981995, 247.224731445, 215.197052002, 275.110717773, 392.153503418, 635.351806641, 642.930541992, 677.894958496, 870.261352539, 600.552246094, 1684.5423584, 1446.17126465, 857.673217773, 777.017944336, 1142.71765137, 517.691467285, 795.047485352, 612.994873047, 521.921569824, 352.034667969, 370.160980225, 552.484130859, 658.978820801, 568.429443359, 310.354156494, 370.627685547, 388.121398926, 338.816711426, 227.903305054, 305.166931152, 86.1032714844, 29.4751205444, 7.30492401123, 1.50883173943, 0.184712037444, 0.00394886359572, 0.000296201818855],
        "mean": [0.123430877924, 1.5085786581, 3.26929092407, 3.35960769653, 5.70967912674, 6.1386551857, 6.70183753967, 11.1633853912, 20.7486248016, 24.0280914307, 19.2025356293, 14.2848615646, 11.5397424698, 18.182477951, 31.8406791687, 23.0475101471, 24.0920963287, 33.2697639465, 36.8319473267, 37.138874054, 36.0230751038, 34.187587738, 51.2539291382, 28.7725849152, 25.4436302185, 20.9622364044, 11.2596254349, 8.69020366669, 8.77002239227, 6.47039842606, 4.66578912735, 2.95299530029, 1.95985841751, 0.845168173313, 0.303873956203, 0.114438250661, 0.0216534044594, 0.00226383702829, 7.21715987311e-05, 3.2879630453e-05],
        "median": [0.000972859968897, 0.00724379718304, 0.0640889406204, 0.216698542237, 0.429536640644, 0.764982879162, 0.946910858154, 1.58039665222, 2.98579835892, 5.38478660583, 5.28399896622, 5.26356744766, 5.06101799011, 8.49572849274, 17.4208259583, 14.8268089294, 15.185426712, 22.0204315186, 24.3490371704, 20.0694770813, 23.6410865784, 24.2332363129, 38.7492141724, 20.1261863708, 12.1316404343, 8.88168334961, 2.92502832413, 1.71215677261, 0.956224918365, 0.567766010761, 0.311532974243, 0.227247104049, 0.153760820627, 0.0701446309686, 0.0274571366608, 0.00902339071035, 0.00173732242547, 0.000198625493795, 1.96362288989e-05, 1.96492765099e-05],
        "min": [1.45539889278e-22, 1.22562428458e-21, 8.35672623205e-21, 8.66848608128e-21, 1.58125849224e-20, 4.21769022271e-20, 1.08923866844e-19, 2.61203630013e-19, 2.90051140286e-19, 2.80462772818e-19, 6.60500100208e-19, 3.16309006554e-19, 9.14608536819e-19, 1.0395305937e-18, 1.2659236201e-18, 1.50367042419e-18, 2.05234821669e-18, 1.52641303135e-18, 2.17317428197e-18, 3.0640302241e-18, 5.25931649142e-18, 9.31347797964e-18, 7.90037473353e-18, 9.22038790068e-18, 1.15206994292e-17, 9.20282272038e-18, 1.21202879137e-17, 9.89333076186e-18, 1.29068465135e-17, 1.12054592434e-17, 1.36420074188e-17, 1.26424919975e-17, 9.16204685208e-18, 8.26247139232e-18, 7.59654302274e-18, 4.18592515595e-18, 2.1902778955e-18, 1.06460192108e-18, 2.7604462022e-19, 2.87730737109e-20],
        "var": [0.0833422020078, 16.1318130493, 68.877822876, 123.330223083, 494.74887085, 339.456054688, 258.554107666, 767.75012207, 2237.91088867, 2896.63647461, 1870.2557373, 1302.07861328, 552.969055176, 1558.39196777, 2184.97363281, 1540.47595215, 1384.88244629, 1824.42456055, 1840.99194336, 2937.2800293, 1736.08984375, 1451.26489258, 2309.82324219, 955.189025879, 1687.79626465, 1585.59838867, 1052.44335938, 562.039428711, 741.646606445, 542.848937988, 354.744659424, 138.27734375, 58.3463783264, 7.76680183411, 1.04281687737, 0.178959563375, 0.00603016512468, 6.56048723613e-05, 4.19106349625e-08, 1.19782095354e-09]
    },
    "gfcc": {
        "mean": [-42.0808906555, 85.3364181519, -173.837387085, 27.377166748, -51.4190139771, 2.16614031792, -37.5754089355, 6.78492307663, -22.965719223, -1.46800410748, -9.91027164459, -4.1864323616, -11.6653385162],
        "cov": [[12858.8994141, -1237.61401367, 1697.45336914, 452.366363525, -1055.26159668, 610.752563477, -923.782104492, 399.886657715, -318.47479248, 369.381896973, -168.515579224, 200.580200195, -186.259552002], [-1237.61401367, 2051.24291992, -209.83972168, 79.3469772339, 730.133178711, -327.451141357, 503.483459473, -122.940666199, 214.131027222, -123.700874329, 180.208450317, -98.0522232056, 139.860107422], [1697.45336914, -209.83972168, 1649.40612793, 413.107055664, -63.3632698059, 511.055236816, -192.407058716, 225.529067993, -34.5067596436, 140.866577148, -33.7705154419, 90.4322433472, -46.8012809753], [452.366363525, 79.3469772339, 413.107055664, 569.708190918, 229.344772339, 212.138763428, 176.230407715, 32.6702041626, 92.5737686157, 18.8452110291, 22.0466327667, 16.5929641724, 34.6550216675], [-1055.26159668, 730.133178711, -63.3632698059, 229.344772339, 658.859741211, 32.6363601685, 388.547576904, 32.4820709229, 139.44631958, -30.3960361481, 79.213470459, -16.421913147, 71.765586853], [610.752563477, -327.451141357, 511.055236816, 212.138763428, 32.6363601685, 421.772674561, 41.7170257568, 160.388534546, 28.5014953613, 69.3506546021, -20.0702514648, 50.7094039917, -21.3932418823], [-923.782104492, 503.483459473, -192.407058716, 176.230407715, 388.547576904, 41.7170257568, 486.592987061, 1.50259828568, 164.346450806, -39.7588157654, 44.0507888794, -12.798037529, 41.9452590942], [399.886657715, -122.940666199, 225.529067993, 32.6702041626, 32.4820709229, 160.388534546, 1.50259828568, 188.428924561, 33.8364830017, 64.0877914429, 9.87398338318, 17.2469463348, -16.1025886536], [-318.47479248, 214.131027222, -34.5067596436, 92.5737686157, 139.44631958, 28.5014953613, 164.346450806, 33.8364830017, 164.466384888, 23.9759159088, 51.0972938538, -7.46157932281, 21.4188766479], [369.381896973, -123.700874329, 140.866577148, 18.8452110291, -30.3960361481, 69.3506546021, -39.7588157654, 64.0877914429, 23.9759159088, 111.961669922, 20.8063774109, 28.5321369171, -1.63140177727], [-168.515579224, 180.208450317, -33.7705154419, 22.0466327667, 79.213470459, -20.0702514648, 44.0507888794, 9.87398338318, 51.0972938538, 20.8063774109, 93.8866195679, 15.7788333893, 29.2350120544], [200.580200195, -98.0522232056, 90.4322433472, 16.5929641724, -16.421913147, 50.7094039917, -12.798037529, 17.2469463348, -7.46157932281, 28.5321369171, 15.7788333893, 81.2078933716, 15.8330802917], [-186.259552002, 139.860107422, -46.8012809753, 34.6550216675, 71.765586853, -21.3932418823, 41.9452590942, -16.1025886536, 21.4188766479, -1.63140177727, 29.2350120544, 15.8330802917, 78.3272628784]],
        "icov": [[0.000153755099745, -0.000260216591414, 0.000139125346323, -0.000392005749745, 0.00038693746319, -0.000174377360963, 0.000264720612904, -0.000384651735658, 0.000281951215584, -0.000391973066144, 0.00037438061554, -0.000430913205491, 0.000325948465616], [-0.000260216591414, 0.00243809772655, -0.0014071444748, 0.00162011873908, -0.00205636047758, 0.00218578660861, -0.00168228324037, 0.001371888211, -0.00113267847337, 0.00180308928248, -0.00279157818295, 0.00268375501037, -0.00201906869188], [0.000139125346323, -0.0014071444748, 0.0021813698113, -0.00175762199797, 0.00098332518246, -0.00226818351075, 0.00188781681936, -0.00121442659292, 0.000816148647573, -0.00138332834467, 0.00176953570917, -0.00204546097666, 0.00164439354558], [-0.000392005749745, 0.00162011873908, -0.00175762199797, 0.00480695161968, -0.00229790853336, 0.000106613457319, -0.00175964646041, 0.00295598804951, -0.00202785339206, 0.00158657471184, -0.00200152327307, 0.00259721488692, -0.00250786240213], [0.00038693746319, -0.00205636047758, 0.00098332518246, -0.00229790853336, 0.00553089380264, -0.00120167562272, -0.00110583158676, -0.00269037298858, 0.00193881895393, -0.00120336504187, 0.000773488543928, -0.00140190194361, 0.000278937106486], [-0.000174377360963, 0.00218578660861, -0.00226818351075, 0.000106613457319, -0.00120167562272, 0.00807882472873, -0.00281017017551, -0.00250151893124, -0.00057958700927, 0.00109484558925, -0.000674676906783, 0.000271201977739, -0.00104354892392], [0.000264720612904, -0.00168228324037, 0.00188781681936, -0.00175964646041, -0.00110583158676, -0.00281017017551, 0.00738852843642, -0.000332171854097, -0.00328740780242, 0.000365800020518, 0.00328601850197, -0.00313518755138, 0.00207444443367], [-0.000384651735658, 0.001371888211, -0.00121442659292, 0.00295598804951, -0.00269037298858, -0.00250151893124, -0.000332171854097, 0.0114962002262, -0.00264061172493, -0.00174953578971, -0.00239093927667, 0.00272488524206, -4.7509194701e-05], [0.000281951215584, -0.00113267847337, 0.000816148647573, -0.00202785339206, 0.00193881895393, -0.00057958700927, -0.00328740780242, -0.00264061172493, 0.013313524425, -0.00426241708919, -0.00320385373197, 0.00147856853437, 0.000528238422703], [-0.000391973066144, 0.00180308928248, -0.00138332834467, 0.00158657471184, -0.00120336504187, 0.00109484558925, 0.000365800020518, -0.00174953578971, -0.00426241708919, 0.0157416462898, -0.00430492684245, -0.0009204413509, -0.00154788128566], [0.00037438061554, -0.00279157818295, 0.00176953570917, -0.00200152327307, 0.000773488543928, -0.000674676906783, 0.00328601850197, -0.00239093927667, -0.00320385373197, -0.00430492684245, 0.0196982417256, -0.00676028942689, -0.000525705632754], [-0.000430913205491, 0.00268375501037, -0.00204546097666, 0.00259721488692, -0.00140190194361, 0.000271201977739, -0.00313518755138, 0.00272488524206, 0.00147856853437, -0.0009204413509, -0.00676028942689, 0.0198822896928, -0.00650968961418], [0.000325948465616, -0.00201906869188, 0.00164439354558, -0.00250786240213, 0.000278937106486, -0.00104354892392, 0.00207444443367, -4.7509194701e-05, 0.000528238422703, -0.00154788128566, -0.000525705632754, -0.00650968961418, 0.018913526088]]
    },
    "melbands": {
        "dmean": [0.00107324274722, 0.00154750631191, 0.000824789516628, 0.000596096389927, 0.000190615741303, 0.000235411527683, 0.000314296950819, 0.000249094533501, 0.000137661147164, 7.87747485447e-05, 4.75368178741e-05, 5.41283043276e-05, 6.01689134783e-05, 5.82270076848e-05, 3.17343183269e-05, 3.64376064681e-05, 4.11082946812e-05, 4.020900451e-05, 3.39103462466e-05, 2.88998926408e-05, 2.4691267754e-05, 1.89369711734e-05, 2.93434713967e-05, 2.90188581857e-05, 1.22777964862e-05, 1.02128060462e-05, 1.48873996295e-05, 7.43839927964e-06, 5.82405755267e-06, 4.21973027187e-06, 3.71911050934e-06, 4.0059735511e-06, 3.42450289281e-06, 2.86990689347e-06, 2.52972927228e-06, 1.89173840681e-06, 1.50600465076e-06, 1.30427770273e-06, 9.50674007072e-07, 5.38741062428e-07],
        "dmean2": [0.00183746416587, 0.00263182632625, 0.00150476035196, 0.00101781031117, 0.000295023608487, 0.000387626932934, 0.000514766376, 0.000412503723055, 0.000228252552915, 0.000131958790007, 7.79294859967e-05, 8.43320085551e-05, 9.6862007922e-05, 9.17782381293e-05, 5.19666100445e-05, 5.81940330449e-05, 6.75290211802e-05, 6.54210016364e-05, 5.46249648323e-05, 4.68422622362e-05, 4.08269588661e-05, 3.05488356389e-05, 4.86642311444e-05, 4.95101921842e-05, 2.00696376851e-05, 1.49127736222e-05, 2.2797505153e-05, 1.11433373604e-05, 8.08462118584e-06, 5.71086548007e-06, 5.15102237841e-06, 5.47378522242e-06, 4.77352250527e-06, 4.27192344432e-06, 3.74683349946e-06, 2.90099251288e-06, 2.30019554692e-06, 2.01347370421e-06, 1.43366128214e-06, 8.26063910608e-07],
        "dvar": [9.00542818272e-06, 1.88733847608e-05, 6.69664495945e-06, 4.35804213339e-06, 1.48453352722e-07, 2.90571364303e-07, 4.42086985686e-07, 2.72189424777e-07, 1.07506828328e-07, 4.73231267506e-08, 1.22282113324e-08, 2.34768453566e-08, 2.15752127275e-08, 1.63850248924e-08, 7.59318030674e-09, 5.61399371435e-09, 4.76518335901e-09, 3.84711773549e-09, 4.56688908912e-09, 2.30958563385e-09, 1.42026423955e-09, 9.5564878233e-10, 1.71601355348e-09, 1.96788896289e-09, 3.57823298769e-10, 3.69338587491e-10, 8.4034862402e-10, 4.0645431465e-10, 3.39061778654e-10, 1.50458354109e-10, 1.07669546889e-10, 1.4606733878e-10, 1.11207126841e-10, 1.13217712983e-10, 8.26249901831e-11, 5.39812396172e-11, 2.7632446678e-11, 2.80699751637e-11, 1.13368559332e-11, 2.8830655311e-12],
        "dvar2": [2.15241434489e-05, 4.69483093184e-05, 1.92248025996e-05, 1.13201322165e-05, 3.04257895323e-07, 6.82037750721e-07, 1.05428910047e-06, 6.59780141632e-07, 2.60410104147e-07, 1.11724069995e-07, 2.93680315622e-08, 5.6660098835e-08, 5.48263834332e-08, 3.93684800315e-08, 1.89171061038e-08, 1.29570469909e-08, 1.08020792311e-08, 9.67881064184e-09, 1.11146425397e-08, 5.76074432601e-09, 3.74569752992e-09, 2.47958786836e-09, 4.80308504081e-09, 5.44268718983e-09, 9.0572144229e-10, 7.37333083478e-10, 1.69800651317e-09, 9.22921516988e-10, 7.02988722789e-10, 2.67204258719e-10, 2.09995631995e-10, 2.79579609463e-10, 2.03839889412e-10, 2.36097669193e-10, 1.6723740448e-10, 1.06231537456e-10, 5.65127111773e-11, 6.59515844714e-11, 2.66220916839e-11, 6.61045610612e-12],
        "max": [0.0238965563476, 0.0322803817689, 0.0186248570681, 0.0203706193715, 0.00745161203668, 0.00760904606432, 0.0101833017543, 0.00623420346528, 0.00600337190554, 0.00521227670833, 0.00294162542559, 0.00638330448419, 0.00620880629867, 0.00350043503568, 0.00330364145339, 0.00207001552917, 0.00247188331559, 0.000788703269791, 0.00155995378736, 0.000804766372312, 0.00062924210215, 0.000479769456433, 0.000464409327833, 0.000534820195753, 0.000316166289849, 0.000358156044967, 0.000530280696694, 0.000506777781993, 0.000373530783691, 0.000236050487729, 0.000202832554351, 0.000213347462704, 0.000255097664194, 0.00027380103711, 0.000215439271415, 0.000253597390838, 0.000158199720317, 0.000222537666559, 0.000149706072989, 5.23254821019e-05],
        "mean": [0.00142220244743, 0.00190702802502, 0.000648027518764, 0.000462203490315, 0.000233885119087, 0.000251124758506, 0.000326274719555, 0.000257853564108, 0.000147122933413, 8.56838960317e-05, 5.73913130211e-05, 7.27797596483e-05, 8.75089099281e-05, 0.000100112993096, 4.57833666587e-05, 5.68177456444e-05, 6.45165710011e-05, 6.42637751298e-05, 5.3598658269e-05, 4.64761724288e-05, 3.78598160751e-05, 3.09176357405e-05, 4.82036157337e-05, 4.77127177874e-05, 2.01464790734e-05, 1.60844210768e-05, 2.30161585932e-05, 1.13586047519e-05, 7.49315950088e-06, 5.47412037122e-06, 4.81097322336e-06, 5.17427861269e-06, 4.23621304435e-06, 3.33656021212e-06, 2.79978326034e-06, 2.11754741031e-06, 1.67394603068e-06, 1.44291618653e-06, 1.05645494841e-06, 6.03838486768e-07],
        "median": [8.6439322331e-06, 2.66202951025e-05, 4.79075606563e-05, 4.09104541177e-05, 3.56375458068e-05, 3.22915984725e-05, 4.56680754723e-05, 6.17773548584e-05, 4.05975370086e-05, 3.18148013321e-05, 2.4910299544e-05, 3.31058472511e-05, 4.84243282699e-05, 5.40330511285e-05, 2.42157693719e-05, 3.24495704263e-05, 4.02846635552e-05, 4.01515353587e-05, 2.50304074143e-05, 2.94539931929e-05, 2.42838286795e-05, 1.77882538992e-05, 2.70703530987e-05, 3.27587440552e-05, 1.32792010845e-05, 6.64447907184e-06, 9.84221696854e-06, 3.97009898734e-06, 1.86564625437e-06, 1.21445395962e-06, 7.82947438438e-07, 5.44378849554e-07, 3.85077271403e-07, 2.59618246901e-07, 1.76884228154e-07, 1.33640583044e-07, 1.29990070263e-07, 1.10332983638e-07, 7.57987876909e-08, 4.68897169981e-08],
        "min": [1.23835434205e-24, 3.23035030257e-24, 1.97606382985e-24, 1.84137411332e-24, 4.04472020845e-24, 5.55890637273e-24, 5.01826489007e-24, 3.34740858343e-24, 5.51720757971e-24, 1.74648499326e-24, 4.63851947764e-24, 3.67536212199e-24, 2.86357553836e-24, 4.41878858338e-24, 3.58758359692e-24, 4.02273071072e-24, 2.64445364472e-24, 2.90814203798e-24, 3.64910646448e-24, 4.35122777444e-24, 6.44550280537e-24, 9.13460223023e-24, 6.20431607778e-24, 6.4018488206e-24, 7.08410345752e-24, 8.76889262546e-24, 6.38151198646e-24, 6.19888082614e-24, 8.39713245754e-24, 5.69926168828e-24, 5.48408212701e-24, 7.18581208289e-24, 5.58583058985e-24, 6.04293209708e-24, 7.40470520687e-24, 8.85494315072e-24, 6.69301698628e-24, 6.24272058766e-24, 6.34467612649e-24, 6.32188080734e-24],
        "var": [1.22995461425e-05, 2.27197269851e-05, 4.15091881223e-06, 3.16794830724e-06, 2.58015404597e-07, 3.55466681867e-07, 5.37239657206e-07, 2.98686813949e-07, 1.1868812777e-07, 4.92097456117e-08, 1.39987701431e-08, 2.54917722486e-08, 2.27141949694e-08, 2.22499689784e-08, 8.80884254428e-09, 8.24798984667e-09, 7.40929495535e-09, 5.90632875941e-09, 7.57571694265e-09, 3.18792281462e-09, 1.90306814751e-09, 1.61745394855e-09, 3.2906184444e-09, 2.69636446504e-09, 5.72149383427e-10, 7.24903914673e-10, 1.43579115264e-09, 6.45840880775e-10, 4.92583696055e-10, 2.55423487916e-10, 1.85958096144e-10, 2.57885018895e-10, 2.05391509356e-10, 1.75292239057e-10, 1.35841615734e-10, 8.69962157868e-11, 4.33264188415e-11, 3.42056036273e-11, 1.39548849906e-11, 3.88283806149e-12]
    },
    "mfcc": {
        "mean": [-662.409790039, 109.04725647, -52.6832008362, 17.4485664368, -0.306774765253, -3.86236548424, -1.87382483482, 0.392581045628, -5.89029741287, -0.411399543285, -0.079482704401, 0.00256803329103, -1.45442152023],
        "cov": [[8561.67285156, -372.503631592, 1101.40515137, 241.123641968, -96.8524551392, 11.838599205, -306.747741699, -116.872802734, -173.859695435, -11.0480899811, -42.7587089539, -19.3309001923, 108.826225281], [-372.503631592, 1882.36755371, -517.42401123, 370.217407227, 99.2119903564, 7.92468500137, 153.630172729, 57.1760826111, 61.2371406555, 18.7418289185, 31.138053894, 57.6697883606, 11.1261987686], [1101.40515137, -517.42401123, 1543.40991211, -0.86555570364, 288.982757568, 155.06829834, 4.61400175095, 57.6370925903, 14.7207794189, 40.5082855225, 27.8868160248, 12.9577569962, 66.6821975708], [241.123641968, 370.217407227, -0.86555570364, 509.087310791, 132.174224854, 206.921905518, 129.219528198, 100.83026886, 93.4281692505, 46.6570205688, 26.4092655182, 32.0223045349, 33.9814186096], [-96.8524551392, 99.2119903564, 288.982757568, 132.174224854, 335.824462891, 100.708198547, 120.210784912, 76.4272460938, 65.176651001, 56.5319671631, 33.7200737, 38.3441925049, 27.9585666656], [11.838599205, 7.92468500137, 155.06829834, 206.921905518, 100.708198547, 303.552581787, 144.998703003, 145.939666748, 118.34236908, 56.1259269714, 44.5795249939, 55.6085853577, 22.9351787567], [-306.747741699, 153.630172729, 4.61400175095, 129.219528198, 120.210784912, 144.998703003, 211.139877319, 132.167037964, 106.861625671, 57.6471481323, 44.9798545837, 49.7804107666, 10.3275690079], [-116.872802734, 57.1760826111, 57.6370925903, 100.83026886, 76.4272460938, 145.939666748, 132.167037964, 195.330169678, 105.684303284, 68.4511947632, 56.1553611755, 45.0672454834, 11.1895112991], [-173.859695435, 61.2371406555, 14.7207794189, 93.4281692505, 65.176651001, 118.34236908, 106.861625671, 105.684303284, 159.694671631, 69.8133163452, 50.0178337097, 52.0061607361, 23.3085098267], [-11.0480899811, 18.7418289185, 40.5082855225, 46.6570205688, 56.5319671631, 56.1259269714, 57.6471481323, 68.4511947632, 69.8133163452, 110.105003357, 55.3590507507, 39.3579177856, 23.0161552429], [-42.7587089539, 31.138053894, 27.8868160248, 26.4092655182, 33.7200737, 44.5795249939, 44.9798545837, 56.1553611755, 50.0178337097, 55.3590507507, 106.27280426, 42.1842765808, 16.3855209351], [-19.3309001923, 57.6697883606, 12.9577569962, 32.0223045349, 38.3441925049, 55.6085853577, 49.7804107666, 45.0672454834, 52.0061607361, 39.3579177856, 42.1842765808, 81.6845779419, 36.3579216003], [108.826225281, 11.1261987686, 66.6821975708, 33.9814186096, 27.9585666656, 22.9351787567, 10.3275690079, 11.1895112991, 23.3085098267, 23.0161552429, 16.3855209351, 36.3579216003, 90.907043457]],
