{
"lowlevel": {
    "average_loudness": 0.919291257858,
    "barkbands_crest": {
        "dmean": 3.51537561417,
        "dmean2": 5.41294574738,
        "dvar": 11.4663190842,
        "dvar2": 25.7534923553,
        "max": 26.0616073608,
        "mean": 16.0351276398,
        "median": 16.2331981659,
        "min": 2.70576810837,
        "var": 39.0863456726
    },
    "barkbands_flatness_db": {
        "dmean": 0.036049105227,
        "dmean2": 0.0514249056578,
        "dvar": 0.00143749034032,
        "dvar2": 0.00275266892277,
        "max": 0.469814419746,
        "mean": 0.214055016637,
        "median": 0.209119081497,
        "min": 0.0371704623103,
        "var": 0.0070435302332
    },
    "barkbands_kurtosis": {
        "dmean": 25.9110145569,
        "dmean2": 39.7168731689,
        "dvar": 3653.46240234,
        "dvar2": 8046.4453125,
        "max": 779.172973633,
        "mean": 37.8924751282,
        "median": 9.29388618469,
        "min": -1.98208379745,
        "var": 6484.95703125
    },
    "barkbands_skewness": {
        "dmean": 1.66944563389,
        "dmean2": 2.40505099297,
        "dvar": 5.08136224747,
        "dvar2": 10.1129627228,
        "max": 23.5747051239,
        "mean": 3.81940865517,
        "median": 2.80728292465,
        "min": -5.86096715927,
        "var": 17.7486038208
    },
    "barkbands_spread": {
        "dmean": 10.098947525,
        "dmean2": 13.835185051,
        "dvar": 167.481811523,
        "dvar2": 308.181396484,
        "max": 117.860229492,
        "mean": 22.7664871216,
        "median": 14.8362474442,
        "min": 0.243989348412,
        "var": 495.925201416
    },
    "dissonance": {
        "dmean": 0.0182252936065,
        "dmean2": 0.0279482919723,
        "dvar": 0.000685980019625,
        "dvar2": 0.00140411697794,
        "max": 0.500000059605,
        "mean": 0.466714352369,
        "median": 0.488825291395,
        "min": 0.184611022472,
        "var": 0.00233932468109
    },
    "dynamic_complexity": 4.1937046051,
    "erbbands_crest": {
        "dmean": 2.95055246353,
        "dmean2": 4.81330537796,
        "dvar": 7.3447432518,
        "dvar2": 17.3865680695,
        "max": 30.464761734,
        "mean": 9.11257171631,
        "median": 8.26324081421,
        "min": 2.64985513687,
        "var": 16.0399570465
    },
    "erbbands_flatness_db": {
        "dmean": 0.0246031731367,
        "dmean2": 0.0366746596992,
        "dvar": 0.000549776712433,
        "dvar2": 0.0012132715201,
        "max": 0.350010663271,
        "mean": 0.149993672967,
        "median": 0.142952218652,
        "min": 0.0367965102196,
        "var": 0.00152832712047
    },
    "erbbands_kurtosis": {
        "dmean": 2.62911009789,
        "dmean2": 4.02512073517,
        "dvar": 13.6903905869,
        "dvar2": 30.8101596832,
        "max": 73.2887039185,
        "mean": 2.47052311897,
        "median": 0.830879688263,
        "min": -1.93023622036,
        "var": 24.0713577271
    },
    "erbbands_skewness": {
        "dmean": 0.75795519352,
        "dmean2": 1.07922315598,
        "dvar": 0.581827759743,
        "dvar2": 1.11795115471,
        "max": 5.20975255966,
        "mean": -0.203935131431,
        "median": -0.148358881474,
        "min": -7.73230075836,
        "var": 2.33846783638
    },
    "erbbands_spread": {
        "dmean": 21.628490448,
        "dmean2": 32.108581543,
        "dvar": 525.484558105,
        "dvar2": 1149.66650391,
        "max": 189.574996948,
        "mean": 57.6183280945,
        "median": 45.9632949829,
        "min": 2.67773008347,
        "var": 1574.87280273
    },
    "hfc": {
        "dmean": 10.1402053833,
        "dmean2": 14.0247449875,
        "dvar": 187.570236206,
        "dvar2": 359.167877197,
        "max": 182.958786011,
        "mean": 19.4338531494,
        "median": 12.1858501434,
        "min": 1.18919071516e-16,
        "var": 439.110534668
    },
    "melbands_crest": {
        "dmean": 4.09527492523,
        "dmean2": 6.31296777725,
        "dvar": 18.1197032928,
        "dvar2": 38.1484489441,
        "max": 35.7555160522,
        "mean": 23.0242214203,
        "median": 23.5557231903,
        "min": 2.15814471245,
        "var": 75.2440490723
    },
    "melbands_flatness_db": {
        "dmean": 0.0422606058419,
        "dmean2": 0.0577533654869,
        "dvar": 0.00203455425799,
        "dvar2": 0.00358589482494,
        "max": 0.598283946514,
        "mean": 0.28630527854,
        "median": 0.290236651897,
        "min": 0.00351665192284,
        "var": 0.0128659307957
    },
    "melbands_kurtosis": {
        "dmean": 75.1382446289,
        "dmean2": 113.423690796,
        "dvar": 20777.6972656,
        "dvar2": 39462.3242188,
        "max": 1397.11022949,
        "mean": 128.580917358,
        "median": 39.1618537903,
        "min": -1.91472303867,
        "var": 52500.0898438
    },
    "melbands_skewness": {
        "dmean": 2.67681288719,
        "dmean2": 3.86420226097,
        "dvar": 10.4466104507,
        "dvar2": 20.792514801,
        "max": 30.8742179871,
        "mean": 7.06140232086,
        "median": 5.29352521896,
        "min": -3.52264690399,
        "var": 39.3730392456
    },
    "melbands_spread": {
        "dmean": 10.699968338,
        "dmean2": 15.1314249039,
        "dvar": 360.398620605,
        "dvar2": 706.922607422,
        "max": 286.286315918,
        "mean": 21.6344947815,
        "median": 9.3767824173,
        "min": 0.231590792537,
        "var": 1019.78082275
    },
    "pitch_salience": {
        "dmean": 0.109984442592,
        "dmean2": 0.169452935457,
        "dvar": 0.0120100155473,
        "dvar2": 0.0283644068986,
        "max": 0.916681349277,
        "mean": 0.38779681921,
        "median": 0.397712528706,
        "min": 0.0265225786716,
        "var": 0.0379260852933
    },
    "silence_rate_20dB": {
        "dmean": 0.00041382163181,
        "dmean2": 0.000827728945296,
        "dvar": 0.000413684232626,
        "dvar2": 0.00124104367569,
        "max": 1,
        "mean": 0.999793112278,
        "median": 1,
        "min": 0,
        "var": 0.000206822820473
    },
    "silence_rate_30dB": {
        "dmean": 0.0984895527363,
        "dmean2": 0.19699947536,
        "dvar": 0.0887931361794,
        "dvar2": 0.166266188025,
        "max": 1,
        "mean": 0.866659760475,
        "median": 1,
        "min": 0,
        "var": 0.115559846163
    },
    "silence_rate_60dB": {
        "dmean": 0.0223463680595,
        "dmean2": 0.0446973629296,
        "dvar": 0.0218474213034,
        "dvar2": 0.0462144613266,
        "max": 1,
        "mean": 0.0536878034472,
        "median": 0,
        "min": 0,
        "var": 0.0508059449494
    },
    "spectral_centroid": {
        "dmean": 521.716430664,
        "dmean2": 740.418029785,
        "dvar": 367819.625,
        "dvar2": 633785.5625,
        "max": 10524.8583984,
        "mean": 1930.61462402,
        "median": 1640.05480957,
        "min": 162.640197754,
        "var": 1799014.75
    },
    "spectral_complexity": {
        "dmean": 4.89095783234,
        "dmean2": 6.71639919281,
        "dvar": 49.0414161682,
        "dvar2": 77.0704498291,
        "max": 61,
        "mean": 10.3926763535,
        "median": 7,
        "min": 0,
        "var": 133.655883789
    },
    "spectral_decrease": {
        "dmean": 6.13519324233e-09,
        "dmean2": 8.88633699958e-09,
        "dvar": 1.11607615464e-16,
        "dvar2": 2.39131509402e-16,
        "max": 8.37796092874e-23,
        "mean": -1.1955184398e-08,
        "median": -6.99321045516e-09,
        "min": -1.31358746103e-07,
        "var": 1.96371565689e-16
    },
    "spectral_energy": {
        "dmean": 0.023844268173,
        "dmean2": 0.0344393104315,
        "dvar": 0.00162662193179,
        "dvar2": 0.00348439184017,
        "max": 0.500051796436,
        "mean": 0.0468843430281,
        "median": 0.0279798880219,
        "min": 1.07441754672e-20,
        "var": 0.00287334644236
    },
    "spectral_energyband_high": {
        "dmean": 0.00085848744493,
        "dmean2": 0.00122676650062,
        "dvar": 1.81081850315e-06,
        "dvar2": 3.48965954799e-06,
        "max": 0.0232800506055,
        "mean": 0.00141888472717,
        "median": 0.000553176854737,
        "min": 7.99077635918e-21,
        "var": 4.34625872003e-06
    },
    "spectral_energyband_low": {
        "dmean": 0.0191223286092,
        "dmean2": 0.0279693808407,
        "dvar": 0.00133329350501,
        "dvar2": 0.0027799399104,
        "max": 0.488376647234,
        "mean": 0.0347996689379,
        "median": 0.0160959791392,
        "min": 3.25321693474e-23,
        "var": 0.00222865235992
    },
    "spectral_energyband_middle_high": {
        "dmean": 0.00191245228052,
        "dmean2": 0.00273495656438,
        "dvar": 1.51208541865e-05,
        "dvar2": 2.94329147437e-05,
        "max": 0.0618040710688,
        "mean": 0.00288149900734,
        "median": 0.000660188612528,
        "min": 1.58995140115e-21,
        "var": 3.17032026942e-05
    },
    "spectral_energyband_middle_low": {
        "dmean": 0.00687654549256,
        "dmean2": 0.0112426048145,
        "dvar": 0.0001535830379,
        "dvar2": 0.000383245176636,
        "max": 0.195412516594,
        "mean": 0.00920979119837,
        "median": 0.00200285459869,
        "min": 1.9423743416e-22,
        "var": 0.000264937465545
    },
    "spectral_entropy": {
        "dmean": 0.252487957478,
        "dmean2": 0.373741537333,
        "dvar": 0.0853004083037,
        "dvar2": 0.16753000021,
        "max": 9.77665519714,
        "mean": 7.76601696014,
        "median": 7.91846609116,
        "min": 5.73687362671,
        "var": 0.263793110847
    },
    "spectral_flux": {
        "dmean": 0.0459505058825,
        "dmean2": 0.0682463943958,
        "dvar": 0.00392819475383,
        "dvar2": 0.0078722666949,
        "max": 0.521918177605,
        "mean": 0.107687518001,
        "median": 0.0815200358629,
        "min": 1.03654113071e-10,
        "var": 0.00765844481066
    },
    "spectral_kurtosis": {
        "dmean": 1.40327131748,
        "dmean2": 2.18509984016,
        "dvar": 3.63611292839,
        "dvar2": 8.37629318237,
        "max": 25.2143363953,
        "mean": 2.55359721184,
        "median": 1.87276077271,
        "min": -1.40887236595,
        "var": 5.6648273468
    },
    "spectral_rms": {
        "dmean": 0.00149997288827,
        "dmean2": 0.00206669932231,
        "dvar": 4.02242449127e-06,
        "dvar2": 7.79090532887e-06,
        "max": 0.0220874492079,
        "mean": 0.0058720279485,
        "median": 0.00522469636053,
        "min": 3.23761070037e-12,
        "var": 1.1260132851e-05
    },
    "spectral_rolloff": {
        "dmean": 680.479187012,
        "dmean2": 1108.44750977,
        "dvar": 1864499.5,
        "dvar2": 3595312,
        "max": 19293.75,
        "mean": 1355.55749512,
        "median": 236.865234375,
        "min": 64.599609375,
        "var": 4511685.5
    },
    "spectral_skewness": {
        "dmean": 0.306189507246,
        "dmean2": 0.440479457378,
        "dvar": 0.108384914696,
        "dvar2": 0.21440321207,
        "max": 3.94418692589,
        "mean": 1.10414028168,
        "median": 0.971991598606,
        "min": -0.617697775364,
        "var": 0.309818416834
    },
    "spectral_spread": {
        "dmean": 868777.3125,
        "dmean2": 1246581.625,
        "dvar": 851106529280,
        "dvar2": 1.75935678054e+12,
        "max": 42567804,
        "mean": 5558787,
        "median": 5465996.5,
        "min": 1642469.625,
        "var": 2.2461129687e+12
    },
    "spectral_strongpeak": {
        "dmean": 0.345458626747,
        "dmean2": 0.568887650967,
        "dvar": 0.608944058418,
        "dvar2": 1.48737871647,
        "max": 14.6175260544,
        "mean": 0.699441075325,
        "median": 0.34656855464,
        "min": 0,
        "var": 1.36311542988
    },
    "zerocrossingrate": {
        "dmean": 0.016070343554,
        "dmean2": 0.0171729493886,
        "dvar": 0.000353156239726,
        "dvar2": 0.000385204271879,
        "max": 0.5263671875,
        "mean": 0.0579999014735,
        "median": 0.03955078125,
        "min": 0.001953125,
        "var": 0.00322463153861
    },
    "barkbands": {
        "dmean": [0.000410967360949, 0.014396100305, 0.0067184837535, 0.00253419880755, 0.00216365931556, 0.00121561891865, 0.00118247640785, 0.000782555551268, 0.000663636950776, 0.000499018409755, 0.000243049464189, 0.000322342704749, 0.000378907803679, 0.000290106312605, 0.000209596662899, 0.000159751885803, 0.000166573023307, 0.00013397980365, 0.000175938563189, 0.0002041416883, 0.00024265947286, 0.000279239669908, 0.000220500980504, 8.91012678039e-05, 5.79144907533e-05, 1.49577399498e-05, 2.48481427434e-07],
        "dmean2": [0.000558542145882, 0.0205984450877, 0.0117113664746, 0.00456392206252, 0.0037088713143, 0.00188033212908, 0.00180795334745, 0.00118850392755, 0.00100973807275, 0.000805907649919, 0.000400436692871, 0.000517376989592, 0.000598415033892, 0.000468912447104, 0.000340347382007, 0.000259371678112, 0.000263046676992, 0.000207431818126, 0.000262753339484, 0.000303196284221, 0.000373322865926, 0.000403073383495, 0.000326877518091, 0.000126021594042, 8.7139349489e-05, 2.19674311666e-05, 4.25511785807e-07],
        "dvar": [3.30704352791e-07, 0.000743240176234, 0.000265131122433, 3.52555980498e-05, 2.05449287023e-05, 1.35134941956e-05, 1.75437671714e-05, 8.06285152066e-06, 5.89106502957e-06, 3.48064395439e-06, 7.46884040836e-07, 9.62764602264e-07, 1.26759687191e-06, 8.02967861091e-07, 4.87199201871e-07, 2.70096421673e-07, 2.83638286191e-07, 2.54373986763e-07, 2.8742326208e-07, 1.86573743122e-07, 1.47872540879e-07, 1.76888946157e-07, 2.18656367679e-07, 1.45436587218e-07, 6.90890633592e-09, 6.93950508168e-10, 1.42756629001e-12],
        "dvar2": [6.408258173e-07, 0.00151529500727, 0.000714154390153, 9.95377995423e-05, 5.52806232008e-05, 2.91802753054e-05, 3.6098594137e-05, 1.70955372596e-05, 1.23536065075e-05, 7.94088919065e-06, 1.76829803422e-06, 2.25427152145e-06, 2.82203995994e-06, 1.98670090867e-06, 1.2039770354e-06, 6.24791823611e-07, 6.83852817929e-07, 6.26768667189e-07, 6.82619202053e-07, 4.25692860517e-07, 3.43389700674e-07, 3.88362991544e-07, 4.86917429043e-07, 2.60433182575e-07, 1.51842343143e-08, 1.56714496935e-09, 3.72815667227e-12],
        "max": [0.0127999158576, 0.463525980711, 0.174847409129, 0.0745516195893, 0.0472371838987, 0.119525268674, 0.126270994544, 0.0756935849786, 0.0727518424392, 0.077200114727, 0.0321178138256, 0.019579462707, 0.0261513907462, 0.0232999362051, 0.0163992084563, 0.0150913801044, 0.0178282316774, 0.0190503466874, 0.00968311540782, 0.0130904605612, 0.00442097196355, 0.00575414672494, 0.0126495724544, 0.0127418432385, 0.00181803922169, 0.000442120595835, 6.80041703163e-05],
        "mean": [0.000993519555777, 0.0267216525972, 0.00578137859702, 0.00224613840692, 0.00224802223966, 0.00157516135368, 0.00135685794521, 0.000831970188301, 0.000739042123314, 0.000551206117962, 0.000251014891546, 0.000336849712767, 0.000422540673753, 0.000294192723231, 0.000215678155655, 0.000183912838111, 0.000194729407667, 0.000153042463353, 0.000200409209356, 0.000272292381851, 0.00035324410419, 0.00042386201676, 0.000310925446684, 0.000125101680169, 8.15803578007e-05, 1.97885274247e-05, 2.09270339724e-07],
        "median": [0.000790496531408, 0.0121972691268, 0.000787621829659, 0.000364991137758, 0.000315147306537, 6.82740137563e-05, 3.63182152796e-05, 2.68873627647e-05, 2.50679877354e-05, 1.82546737051e-05, 1.45008561958e-05, 1.39598523674e-05, 2.30793939409e-05, 2.36416326516e-05, 2.80481071968e-05, 2.86252852675e-05, 4.00111603085e-05, 3.65834202967e-05, 3.64209117834e-05, 7.7134143794e-05, 0.000116505070764, 0.000134077228722, 0.000108278924017, 2.68551975751e-05, 4.44828838226e-05, 6.67512040309e-06, 2.12403499233e-08],
        "min": [4.88454113372e-24, 1.33989539365e-23, 6.40532966934e-24, 1.88207507618e-23, 3.57958005083e-23, 3.94983223224e-23, 1.68493479167e-23, 4.83268307442e-23, 2.17842724131e-23, 8.81181738721e-23, 6.56539522681e-23, 1.91228895373e-22, 6.50760643234e-23, 1.3080724923e-22, 1.64187021221e-22, 1.5312527282e-22, 1.53677298749e-22, 2.4077198555e-22, 2.38538411093e-22, 2.85532483426e-22, 5.97373642125e-22, 4.53554277414e-22, 8.48305928942e-22, 9.8025991687e-22, 1.08544130358e-21, 1.445527201e-21, 2.53429701798e-21],
        "var": [8.17508464479e-07, 0.0013051549904, 0.000201118338737, 2.51350102189e-05, 2.01416460186e-05, 2.82428663922e-05, 3.1191175367e-05, 1.18798106996e-05, 8.08906042948e-06, 5.47485205971e-06, 9.21272260257e-07, 1.2167145087e-06, 1.87955015463e-06, 8.64412413648e-07, 4.90724062274e-07, 3.20466767789e-07, 3.07170694214e-07, 2.3919966452e-07, 3.18526758747e-07, 2.49841889399e-07, 2.75542333839e-07, 4.34266070215e-07, 3.49056932691e-07, 2.70187967999e-07, 1.16530376459e-08, 1.070311062e-09, 1.21040959374e-12]
    },
    "erbbands": {
        "dmean": [0.514610290527, 3.17223024368, 7.66309976578, 7.79195022583, 7.57724952698, 7.06369543076, 8.46798229218, 10.7148399353, 15.0420541763, 18.4659309387, 15.8247709274, 14.7270107269, 16.392206192, 11.7543067932, 9.84449005127, 13.3036384583, 16.7737350464, 14.9284477234, 12.8073768616, 9.23990726471, 8.59220123291, 8.92283248901, 7.63311815262, 7.38781785965, 10.3987503052, 8.65403556824, 7.46149110794, 11.2217674255, 11.3575382233, 6.96305274963, 5.62286233902, 2.54708790779, 1.13489770889, 0.462783932686, 0.605856716633, 0.110607966781, 0.0228684712201, 0.00167821953073, 5.34318751306e-05, 2.88174214802e-05],
        "dmean2": [0.6839671731, 4.87388896942, 13.1622047424, 13.581246376, 13.3416948318, 12.0963039398, 13.5302610397, 16.550983429, 22.5923099518, 27.9614048004, 23.9620895386, 22.3134346008, 25.8475666046, 18.7063999176, 15.8272809982, 21.0413551331, 26.004322052, 23.6719741821, 20.8487949371, 14.4319705963, 13.5390310287, 13.9421815872, 11.6354150772, 11.1595726013, 15.4967002869, 12.793888092, 11.1535015106, 17.4371337891, 16.8101711273, 10.1579227448, 8.14890956879, 3.65932416916, 1.65172111988, 0.686372756958, 0.930473983288, 0.161622792482, 0.0347371995449, 0.00264734239317, 8.04134469945e-05, 4.11370601796e-05],
        "dvar": [0.761301875114, 43.2670516968, 332.479278564, 315.398742676, 305.018188477, 216.616882324, 440.77722168, 1399.5213623, 3037.07543945, 4564.73974609, 3424.80712891, 3068.33227539, 3999.30932617, 1533.32324219, 945.982116699, 1666.88317871, 2468.19091797, 1896.93029785, 1898.35839844, 848.718933105, 719.828430176, 786.55871582, 754.646484375, 541.453491211, 777.28137207, 378.860656738, 249.602493286, 275.374725342, 313.978424072, 149.332077026, 168.067718506, 121.194496155, 22.47615242, 1.29188191891, 0.554489433765, 0.0286232978106, 0.00204618205316, 2.13928997255e-05, 1.82089685552e-08, 1.96508742611e-09],
        "dvar2": [1.42337870598, 96.1619186401, 870.816772461, 858.420043945, 839.007507324, 576.35168457, 981.852539062, 2970.49462891, 6225.82177734, 9280.47753906, 7462.86523438, 6807.72412109, 9007.671875, 3300.23828125, 2282.14868164, 3849.4453125, 5468.76123047, 4569.91601562, 4769.78027344, 2007.32873535, 1610.79296875, 1873.2364502, 1843.56750488, 1236.64733887, 1808.59448242, 864.292541504, 514.969726562, 679.404663086, 695.817321777, 314.666137695, 362.85836792, 233.381561279, 40.1031684875, 2.613063097, 1.26570153236, 0.0629359185696, 0.0050544240512, 5.07570875925e-05, 4.47097825429e-08, 4.17402157282e-09],
        "max": [12.7823429108, 105.267539978, 197.105270386, 217.067657471, 322.696105957, 161.143005371, 493.605072021, 1255.94592285, 1823.52148438, 1821.36474609, 1676.45031738, 1697.42150879, 2901.2199707, 1306.02954102, 654.109558105, 1014.50878906, 1216.12963867, 973.952880859, 889.638000488, 698.296630859, 871.302612305, 865.137023926, 917.517272949, 529.037963867, 567.628417969, 664.085693359, 202.405914307, 222.921539307, 196.152999878, 283.616027832, 400.608581543, 368.925415039, 170.600158691, 37.5793304443, 10.7361917496, 3.04064512253, 0.71949160099, 0.174844279885, 0.00698123406619, 0.000545926450286],
        "mean": [1.05919528008, 4.87002468109, 6.91520452499, 7.54060125351, 6.98205709457, 7.23734092712, 10.5016422272, 13.9262018204, 17.7426528931, 20.8586654663, 17.1445178986, 16.87474823, 18.7675323486, 12.9595556259, 10.9361906052, 14.452829361, 19.2459869385, 16.2701816559, 13.2877197266, 10.5468835831, 10.2920122147, 10.7554988861, 8.91764259338, 8.83792495728, 12.4756803513, 11.94962883, 10.4717760086, 16.9155902863, 16.8676605225, 11.0613451004, 7.95536375046, 3.5574119091, 1.58674180508, 0.64737868309, 0.815221309662, 0.156048357487, 0.0278514269739, 0.00201975763775, 7.9970988736e-05, 5.79679872317e-05],
        "median": [0.570982575417, 1.74981987476, 1.17475700378, 1.72805702686, 1.12058627605, 0.826526463032, 0.682924747467, 0.534817457199, 0.513423681259, 0.662695407867, 0.631234049797, 0.594422578812, 0.592685997486, 0.6342009902, 0.615785777569, 0.647491276264, 1.12965762615, 1.42944717407, 1.66291546822, 1.64066278934, 1.66509962082, 2.19546866417, 2.3100259304, 1.7148758173, 3.24611353874, 3.34127426147, 3.27261090279, 5.62570238113, 4.82766580582, 4.31295824051, 2.93891263008, 0.80602568388, 0.350539058447, 0.247352570295, 0.48456159234, 0.0690523535013, 0.00939681939781, 0.000521873240359, 4.17443625338e-05, 3.73374423361e-05],
        "min": [1.75905215491e-22, 3.56990594032e-21, 7.73411530136e-21, 3.87724271587e-20, 3.59674027715e-20, 1.50531865911e-19, 3.33901742316e-19, 3.27988409063e-19, 3.14786373842e-19, 7.1865860039e-19, 6.25782812912e-19, 4.68162306419e-19, 1.38611141214e-18, 3.23368434735e-18, 3.71612792705e-18, 7.85315512827e-18, 3.9232043216e-18, 5.61489455338e-18, 7.17871341582e-18, 8.79696820719e-18, 7.64065821917e-18, 9.5376075297e-18, 1.36674647294e-17, 1.33059446155e-17, 9.20184995598e-18, 1.54785593098e-17, 2.15881368208e-17, 2.17329447132e-17, 1.7682211475e-17, 2.40693858365e-17, 2.32080459734e-17, 2.0472281755e-17, 1.47124974183e-17, 9.26692673631e-18, 9.21915540157e-18, 5.2413592275e-18, 2.95339109486e-18, 1.18589048372e-18, 3.29360288108e-19, 4.09514470743e-20],
        "var": [1.62542545795, 59.9264717102, 267.240936279, 249.065429688, 249.522781372, 222.866043091, 789.487365723, 2832.31103516, 5473.3984375, 6900.58544922, 4523.2109375, 3978.08007812, 6466.73828125, 2314.59277344, 1187.01916504, 2223.23193359, 3759.48681641, 2293.62060547, 1874.86828613, 960.262023926, 924.39453125, 873.449768066, 728.753295898, 623.882446289, 889.238037109, 511.453552246, 360.987792969, 601.202880859, 775.678039551, 282.389892578, 271.011993408, 210.030944824, 40.1966209412, 2.11405777931, 0.867619156837, 0.049215387553, 0.00249863113277, 2.60015749518e-05, 2.07887307369e-08, 3.54656015666e-09]
    },
    "gfcc": {
        "mean": [-42.5475463867, 59.7019577026, -84.2975997925, 77.433921814, -50.289440155, 33.3286514282, -24.7846927643, 15.4237289429, -14.1501140594, 14.6636381149, -15.203037262, 7.32707595825, -6.88839912415],
        "cov": [[8027.66503906, 1087.09106445, -1129.31738281, -1060.80078125, -786.864990234, -252.319030762, -276.630737305, -185.130401611, -69.5786361694, -37.1302871704, -123.316589355, -120.21282196, -154.220611572], [1087.09106445, 2506.65087891, 252.989944458, -766.919433594, 13.524307251, -423.487030029, -90.4698181152, -206.241409302, 54.6429481506, -270.115356445, 73.0902252197, -146.327301025, 56.1752586365], [-1129.31738281, 252.989944458, 1360.38696289, 683.056274414, 140.345672607, -113.000144958, -108.807312012, -99.7148132324, 3.96632409096, -131.443023682, -42.836391449, -45.6124458313, 23.2096843719], [-1060.80078125, -766.919433594, 683.056274414, 986.688781738, 277.805755615, 64.3603744507, -73.6753158569, -16.0390987396, -1.67642223835, 9.19324493408, -57.0884857178, -0.526872873306, 17.3423748016], [-786.864990234, 13.524307251, 140.345672607, 277.805755615, 494.153015137, 175.8019104, 96.9059066772, 2.81635165215, 24.2877159119, -23.107213974, 27.1641864777, -28.2368679047, 30.2259521484], [-252.319030762, -423.487030029, -113.000144958, 64.3603744507, 175.8019104, 397.19317627, 235.152801514, 79.3262405396, -22.982629776, 51.96326828, 24.2697525024, 12.9987039566, -7.16152620316], [-276.630737305, -90.4698181152, -108.807312012, -73.6753158569, 96.9059066772, 235.152801514, 302.949523926, 106.073471069, -13.0090818405, 4.82593679428, 32.0155563354, 10.8719987869, 5.14267206192], [-185.130401611, -206.241409302, -99.7148132324, -16.0390987396, 2.81635165215, 79.3262405396, 106.073471069, 147.676010132, 54.7726554871, 48.2680664062, 14.2869272232, 34.5562362671, 10.4916391373], [-69.5786361694, 54.6429481506, 3.96632409096, -1.67642223835, 24.2877159119, -22.982629776, -13.0090818405, 54.7726554871, 144.556381226, 58.8106689453, 26.5734901428, -6.24946689606, 18.4530239105], [-37.1302871704, -270.115356445, -131.443023682, 9.19324493408, -23.107213974, 51.96326828, 4.82593679428, 48.2680664062, 58.8106689453, 140.456176758, 28.6683483124, 29.6098823547, -7.36315774918], [-123.316589355, 73.0902252197, -42.836391449, -57.0884857178, 27.1641864777, 24.2697525024, 32.0155563354, 14.2869272232, 26.5734901428, 28.6683483124, 96.0339126587, 33.2247810364, 13.585144043], [-120.21282196, -146.327301025, -45.6124458313, -0.526872873306, -28.2368679047, 12.9987039566, 10.8719987869, 34.5562362671, -6.24946689606, 29.6098823547, 33.2247810364, 93.6689529419, 35.2565765381], [-154.220611572, 56.1752586365, 23.2096843719, 17.3423748016, 30.2259521484, -7.16152620316, 5.14267206192, 10.4916391373, 18.4530239105, -7.36315774918, 13.585144043, 35.2565765381, 70.8147888184]],
        "icov": [[0.000243648231844, -0.000379878300009, 0.000393369788071, -0.000388646614738, 0.000569536932744, -0.000556106446311, 0.000330619252054, 6.44621686661e-05, -0.000117957635666, 4.31988555647e-05, 0.000449040002422, -0.000297134363791, 0.000562338507734], [-0.000379878300009, 0.0028041433543, -0.00178360787686, 0.00328436377458, -0.00225771893747, 0.0029467351269, -0.00133615056984, 0.00154530571308, -0.000725099176634, 0.00146101403516, -0.00218332605436, 0.00285852071829, -0.00280520110391], [0.000393369788071, -0.00178360787686, 0.00279745575972, -0.00331879849546, 0.00206916104071, -0.00171276542824, 0.000491079932544, 0.000193201005459, -0.000826792092994, 0.00100042123813, 0.0010252611246, -0.00169827206992, 0.00201507797465], [-0.000388646614738, 0.00328436377458, -0.00331879849546, 0.00636620400473, -0.00394123885781, 0.00292506022379, -0.000250487646554, 0.000817681138869, 0.000232086676988, 2.21230002353e-05, -0.000916227523703, 0.00276291253977, -0.00330598652363], [0.000569536932744, -0.00225771893747, 0.00206916104071, -0.00394123885781, 0.00596954254434, -0.00415421603248, 0.000787444296293, 0.000211962775211, -0.00121514697094, 0.00102672923822, 0.000137446448207, -0.000377156946342, 0.000846465234645], [-0.000556106446311, 0.0029467351269, -0.00171276542824, 0.00292506022379, -0.00415421603248, 0.00978496205062, -0.00614143768325, 0.00162502482999, 0.00125691224821, -0.0017528248718, -0.00193001399748, 0.00274072634056, -0.0022397309076], [0.000330619252054, -0.00133615056984, 0.000491079932544, -0.000250487646554, 0.000787444296293, -0.00614143768325, 0.0105190891773, -0.00711165228859, 0.0029991841875, 0.0011844933033, -0.00125302979723, 0.00137001182884, -8.72029049788e-05], [6.44621686661e-05, 0.00154530571308, 0.000193201005459, 0.000817681138869, 0.000211962775211, 0.00162502482999, -0.00711165228859, 0.0173170287162, -0.00898096337914, 0.0013287976617, 0.00263347453438, -0.00562895508483, 0.00145139428787], [-0.000117957635666, -0.000725099176634, -0.000826792092994, 0.000232086676988, -0.00121514697094, 0.00125691224821, 0.0029991841875, -0.00898096337914, 0.0161955989897, -0.00793331582099, -0.00343250366859, 0.0077942837961, -0.00597620010376], [4.31988555647e-05, 0.00146101403516, 0.00100042123813, 2.21230002353e-05, 0.00102672923822, -0.0017528248718, 0.0011844933033, 0.0013287976617, -0.00793331582099, 0.0159759316593, -0.00304592447355, -0.00308614224195, 0.00355264474638], [0.000449040002422, -0.00218332605436, 0.0010252611246, -0.000916227523703, 0.000137446448207, -0.00193001399748, -0.00125302979723, 0.00263347453438, -0.00343250366859, -0.00304592447355, 0.0177654419094, -0.0100039932877, 0.00419551925734], [-0.000297134363791, 0.00285852071829, -0.00169827206992, 0.00276291253977, -0.000377156946342, 0.00274072634056, 0.00137001182884, -0.00562895508483, 0.0077942837961, -0.00308614224195, -0.0100039932877, 0.026187453419, -0.0153327928856], [0.000562338507734, -0.00280520110391, 0.00201507797465, -0.00330598652363, 0.000846465234645, -0.0022397309076, -8.72029049788e-05, 0.00145139428787, -0.00597620010376, 0.00355264474638, 0.00419551925734, -0.0153327928856, 0.0256795231253]]
    },
    "melbands": {
        "dmean": [0.00421674968675, 0.00390330702066, 0.0013562963577, 0.000511074031238, 0.000293648132356, 0.000236730164033, 0.00023088681337, 0.000196811335627, 0.000126996732433, 9.29914967855e-05, 8.29915079521e-05, 5.04638919665e-05, 3.26469307765e-05, 3.48990979546e-05, 3.75006056856e-05, 3.85244638892e-05, 2.76344053418e-05, 2.231736471e-05, 1.47895043483e-05, 1.14837066576e-05, 1.03291640698e-05, 9.86539453152e-06, 8.19821525511e-06, 6.29464602753e-06, 6.00248586125e-06, 7.53513631935e-06, 9.32800776354e-06, 5.02795455759e-06, 4.71936300528e-06, 6.03968328505e-06, 6.77793104842e-06, 8.08211370895e-06, 4.48865375802e-06, 4.52785343441e-06, 3.89383103538e-06, 2.01339048544e-06, 1.44868317875e-06, 9.21745424876e-07, 4.79309221646e-07, 3.6340284737e-07],
        "dmean2": [0.00575972441584, 0.00629356596619, 0.00235569826327, 0.000888057169504, 0.000475635577459, 0.00036549300421, 0.000348813511664, 0.000296032172628, 0.000192216786672, 0.000141163298395, 0.000131804001285, 8.08008117019e-05, 5.33401689609e-05, 5.55771730433e-05, 6.01071806159e-05, 6.08971604379e-05, 4.44444813184e-05, 3.68320797861e-05, 2.41626603383e-05, 1.83353877219e-05, 1.65020155691e-05, 1.56709975272e-05, 1.31655024234e-05, 9.79791366262e-06, 9.15514101507e-06, 1.18600373753e-05, 1.43195684359e-05, 7.61355886425e-06, 7.25513564248e-06, 9.13160238269e-06, 1.07791966002e-05, 1.2425458408e-05, 6.46934950055e-06, 6.94025538905e-06, 5.70089423491e-06, 2.93215043712e-06, 2.10869552575e-06, 1.35063180551e-06, 7.15419446351e-07, 5.57426403702e-07],
        "dvar": [5.62437271583e-05, 7.50209874241e-05, 9.43170198298e-06, 1.20495667488e-06, 4.36590113395e-07, 6.02336001521e-07, 6.63785840516e-07, 4.77733408388e-07, 2.30411359325e-07, 1.18190264686e-07, 1.03598289058e-07, 2.90831358996e-08, 1.19438210433e-08, 1.13522364842e-08, 1.38444962161e-08, 1.44142786596e-08, 7.12052417029e-09, 6.3182645782e-09, 2.43304287828e-09, 1.49869638921e-09, 1.06127184818e-09, 1.00026964489e-09, 8.63008553509e-10, 5.93935178816e-10, 3.7715433554e-10, 6.26803164927e-10, 3.34239719235e-10, 1.62133376169e-10, 1.39112457664e-10, 8.96840518516e-11, 1.17231474528e-10, 1.83277309995e-10, 4.83584283728e-11, 7.64850197066e-11, 5.40569637664e-11, 8.61071769442e-11, 4.87381177083e-11, 1.5930874675e-11, 3.84876288825e-12, 6.74982585016e-13],
        "dvar2": [0.000108790656668, 0.000185351906111, 2.56114926742e-05, 3.27627662955e-06, 1.00846159512e-06, 1.26611882934e-06, 1.33731282403e-06, 9.55474206421e-07, 4.9238929023e-07, 2.65662379206e-07, 2.34422273593e-07, 6.32431493841e-08, 2.82984142785e-08, 2.70090900756e-08, 3.25347144781e-08, 3.30558584949e-08, 1.74622503124e-08, 1.61756457118e-08, 6.0459743878e-09, 3.54178775197e-09, 2.40829822751e-09, 2.43500863917e-09, 2.16452478163e-09, 1.47696577191e-09, 8.74021022224e-10, 1.59197821592e-09, 7.74049435659e-10, 3.92344129407e-10, 3.08286729478e-10, 1.96644825423e-10, 3.06760561397e-10, 4.30502050675e-10, 1.05958047891e-10, 1.79807238543e-10, 1.15490332575e-10, 1.9820420305e-10, 9.52254941566e-11, 3.03080859021e-11, 7.99365088011e-12, 1.48239157494e-12],
        "max": [0.129153683782, 0.0905473455787, 0.0337970033288, 0.013838108629, 0.0137378210202, 0.0250778850168, 0.0247716903687, 0.0169580783695, 0.0159316211939, 0.0111027369276, 0.0146050387993, 0.00588957825676, 0.00375314429402, 0.0019735454116, 0.00339345401153, 0.00333686289378, 0.00216650380753, 0.0017014995683, 0.00116331153549, 0.00122906523757, 0.00111412303522, 0.00105900189374, 0.000996471964754, 0.00103736924939, 0.000424614816438, 0.000487458630232, 0.000346125452779, 0.000465830467874, 0.000162222000654, 0.000122416429804, 0.00016706000315, 0.00014915925567, 0.000152480133693, 0.000213394509046, 0.000212077764445, 0.000357332435669, 0.000244044014835, 0.000175231529283, 8.62255401444e-05, 2.28880853683e-05],
        "mean": [0.00822544191033, 0.00455262931064, 0.00132800894789, 0.000488205696456, 0.000368732697098, 0.000310647068545, 0.000274763006018, 0.000221830938244, 0.000135302587296, 0.000104126680526, 9.32544571697e-05, 5.37998275831e-05, 3.52184360963e-05, 3.6272322177e-05, 4.03187987104e-05, 4.20411670348e-05, 2.85333117063e-05, 2.22947383008e-05, 1.53297532961e-05, 1.29719055622e-05, 1.19254818856e-05, 1.13858404802e-05, 9.36938795348e-06, 7.04765443515e-06, 6.99102065482e-06, 7.89756177255e-06, 1.13465430331e-05, 6.73407703289e-06, 5.73898068978e-06, 8.78042192198e-06, 9.77164836513e-06, 1.12574334707e-05, 6.39083009446e-06, 6.27885174254e-06, 5.22638219991e-06, 2.71406383945e-06, 1.95430015992e-06, 1.24020436942e-06, 6.1984195554e-07, 4.72688583386e-07],
        "median": [0.00401668762788, 0.00131252093706, 0.000320824794471, 7.4069488619e-05, 2.55623162957e-05, 1.17911340567e-05, 7.76661363489e-06, 6.87519741405e-06, 4.60317642137e-06, 3.58088209396e-06, 2.81101006294e-06, 2.45479350269e-06, 2.02837100005e-06, 1.62767855727e-06, 1.78323796263e-06, 2.37608651332e-06, 2.34246363107e-06, 2.38474717662e-06, 2.02885712497e-06, 1.98016346076e-06, 1.859915983e-06, 2.06746176445e-06, 2.43916292675e-06, 1.55916507083e-06, 1.25718327126e-06, 1.3951226947e-06, 3.13697023557e-06, 1.83363067663e-06, 1.52317397806e-06, 2.90877096631e-06, 3.29161684931e-06, 2.67994960268e-06, 2.37457584262e-06, 2.20657648242e-06, 2.0566656076e-06, 6.00810324158e-07, 4.18633305799e-07, 2.6060834557e-07, 1.47843593368e-07, 1.54303947397e-07],
        "min": [3.11951869805e-24, 4.78487684139e-24, 6.76222138692e-24, 5.32508563384e-24, 1.12755975483e-23, 7.59658457801e-24, 3.93800349962e-24, 9.34019042619e-24, 4.53364673118e-24, 3.0736087683e-24, 7.35877220294e-24, 1.33003557897e-23, 9.90177734917e-24, 2.13684575191e-23, 1.48238276356e-23, 6.02085700794e-24, 1.13721738446e-23, 1.07253418233e-23, 1.35975086486e-23, 1.27118639766e-23, 7.82384988278e-24, 7.81263859159e-24, 1.71519549599e-23, 8.53169871734e-24, 1.1684001883e-23, 5.61376652109e-24, 6.57725835376e-24, 1.13823919599e-23, 1.10604767571e-23, 1.46076197942e-23, 1.28830333824e-23, 1.00244452199e-23, 9.11172210854e-24, 1.51160374922e-23, 1.20237374536e-23, 1.49147706762e-23, 1.16126241705e-23, 1.13651577157e-23, 7.91255729157e-24, 7.91238847534e-24],
        "var": [0.000110721368401, 7.6187607192e-05, 7.48911543269e-06, 1.0329493989e-06, 7.79066738232e-07, 1.27561827412e-06, 1.27668408823e-06, 7.47984756799e-07, 3.00626112448e-07, 1.52494195049e-07, 1.6583491913e-07, 4.30864375289e-08, 1.57010013879e-08, 1.35212072649e-08, 1.82359727319e-08, 1.97857126238e-08, 7.89940735046e-09, 5.90610049755e-09, 2.45541809107e-09, 1.65496005788e-09, 1.31238941936e-09, 1.05978703591e-09, 8.01206212486e-10, 5.43765144023e-10, 4.20196794026e-10, 5.84389203695e-10, 4.36118197111e-10, 1.93198734788e-10, 1.61629973294e-10, 1.72894448758e-10, 2.15508194623e-10, 4.18338169661e-10, 9.00157587358e-11, 1.1315863524e-10, 8.99442811897e-11, 1.13665715729e-10, 8.20702603099e-11, 2.7154081067e-11, 5.31701158796e-12, 1.00089847434e-12]
    },
    "mfcc": {
        "mean": [-689.506225586, 79.221786499, 29.5025539398, 52.4412002563, 10.0417985916, 31.2812652588, 3.51539254189, 15.1828899384, 8.49436759949, 9.35166072845, 7.44722223282, 4.79493427277, 5.03446531296],
        "cov": [[7815.86669922, 921.270507812, -889.676879883, -1014.79412842, -761.705505371, -424.708251953, -402.873840332, -344.537780762, -186.035964966, -117.473693848, -71.0851516724, 20.3391036987, -113.096313477], [921.270507812, 2763.4609375, -19.6553096771, -360.83505249, -151.960296631, -323.786895752, -170.25328064, -75.6281967163, -142.998001099, -135.794631958, -89.8653640747, -24.7882232666, -40.6382141113], [-889.676879883, -19.6553096771, 1117.56188965, 564.706481934, 210.891845703, 30.1396007538, -96.6340179443, -13.8631868362, -21.8396587372, -55.4370613098, -106.382827759, -43.8172607422, -17.5337257385], [-1014.79412842, -360.83505249, 564.706481934, 762.581054688, 394.291046143, 105.131340027, -58.0563201904, -4.2610707283, 13.7658948898, -8.21760463715, -64.2777099609, -70.1948852539, -3.34576058388], [-761.705505371, -151.960296631, 210.891845703, 394.291046143, 436.657409668, 171.022644043, 25.288772583, 22.320148468, 12.1539497375, 40.2171363831, -14.659529686, -40.2675247192, -10.3178100586], [-424.708251953, -323.786895752, 30.1396007538, 105.131340027, 171.022644043, 299.91494751, 196.199783325, 89.7914123535, 54.7843360901, 57.6941719055, 43.1426696777, -2.04670190811, -4.23712968826], [-402.873840332, -170.25328064, -96.6340179443, -58.0563201904, 25.288772583, 196.199783325, 316.620635986, 163.153457642, 54.2021942139, 36.9678421021, 48.5543060303, 12.1301298141, -0.0742620155215], [-344.537780762, -75.6281967163, -13.8631868362, -4.2610707283, 22.320148468, 89.7914123535, 163.153457642, 172.244888306, 72.2523727417, 32.7421035767, 22.8377742767, 9.00407600403, 24.2870578766], [-186.035964966, -142.998001099, -21.8396587372, 13.7658948898, 12.1539497375, 54.7843360901, 54.2021942139, 72.2523727417, 120.066856384, 64.0387573242, 29.9615955353, 7.64131116867, 9.64469528198], [-117.473693848, -135.794631958, -55.4370613098, -8.21760463715, 40.2171363831, 57.6941719055, 36.9678421021, 32.7421035767, 64.0387573242, 115.869934082, 69.7752838135, 17.3656711578, 4.04348802567], [-71.0851516724, -89.8653640747, -106.382827759, -64.2777099609, -14.659529686, 43.1426696777, 48.5543060303, 22.8377742767, 29.9615955353, 69.7752838135, 112.647216797, 44.6639556885, 12.358291626], [20.3391036987, -24.7882232666, -43.8172607422, -70.1948852539, -40.2675247192, -2.04670190811, 12.1301298141, 9.00407600403, 7.64131116867, 17.3656711578, 44.6639556885, 83.5319137573, 35.1185302734], [-113.096313477, -40.6382141113, -17.5337257385, -3.34576058388, -10.3178100586, -4.23712968826, -0.0742620155215, 24.2870578766, 9.64469528198, 4.04348802567, 12.358291626, 35.1185302734, 80.7053070068]],
