{
"lowlevel": {
    "average_loudness": 0.9124532938,
    "barkbands_crest": {
        "dmean": 3.49017953873,
        "dmean2": 5.68101501465,
        "dvar": 9.38190746307,
        "dvar2": 23.345085144,
        "max": 26.912733078,
        "mean": 10.570558548,
        "median": 9.73564720154,
        "min": 1.83283543587,
        "var": 24.7161865234
    },
    "barkbands_flatness_db": {
        "dmean": 0.0387181304395,
        "dmean2": 0.0567553564906,
        "dvar": 0.00136228941847,
        "dvar2": 0.00263262051158,
        "max": 0.708159804344,
        "mean": 0.141330644488,
        "median": 0.131508097053,
        "min": 0.0191123783588,
        "var": 0.00560457352549
    },
    "barkbands_kurtosis": {
        "dmean": 17.5470714569,
        "dmean2": 23.8022270203,
        "dvar": 84855.3359375,
        "dvar2": 108575.75,
        "max": 26886.890625,
        "mean": 23.9645767212,
        "median": 2.71506881714,
        "min": -1.95941269398,
        "var": 207266.34375
    },
    "barkbands_skewness": {
        "dmean": 1.14357364178,
        "dmean2": 1.68689453602,
        "dvar": 3.25940847397,
        "dvar2": 5.07975673676,
        "max": 142.630630493,
        "mean": 2.06232762337,
        "median": 1.52314889431,
        "min": -6.51906013489,
        "var": 14.4868326187
    },
    "barkbands_spread": {
        "dmean": 11.1867179871,
        "dmean2": 17.1698608398,
        "dvar": 177.924957275,
        "dvar2": 383.410736084,
        "max": 122.075935364,
        "mean": 24.3035030365,
        "median": 19.1013431549,
        "min": 0.0138584133238,
        "var": 398.632446289
    },
    "dissonance": {
        "dmean": 0.0242387093604,
        "dmean2": 0.0389774553478,
        "dvar": 0.00089874927653,
        "dvar2": 0.00217193551362,
        "max": 0.5,
        "mean": 0.461531221867,
        "median": 0.477125257254,
        "min": 0.0758859962225,
        "var": 0.00192700349726
    },
    "dynamic_complexity": 5.8929848671,
    "erbbands_crest": {
        "dmean": 3.44302344322,
        "dmean2": 5.58222198486,
        "dvar": 10.891204834,
        "dvar2": 25.5518112183,
        "max": 30.0663890839,
        "mean": 9.23689651489,
        "median": 7.84967947006,
        "min": 2.33842086792,
        "var": 24.1895828247
    },
    "erbbands_flatness_db": {
        "dmean": 0.0277173817158,
        "dmean2": 0.040884360671,
        "dvar": 0.000741495576221,
        "dvar2": 0.00146261020564,
        "max": 0.399155199528,
        "mean": 0.149552509189,
        "median": 0.137293949723,
        "min": 0.030069751665,
        "var": 0.00263816863298
    },
    "erbbands_kurtosis": {
        "dmean": 2.02041554451,
        "dmean2": 3.27600765228,
        "dvar": 14.1223726273,
        "dvar2": 34.9522705078,
        "max": 122.018486023,
        "mean": 1.35180640221,
        "median": -0.0362048149109,
        "min": -1.88670063019,
        "var": 19.1771297455
    },
    "erbbands_skewness": {
        "dmean": 0.648576915264,
        "dmean2": 1.00344777107,
        "dvar": 0.440951615572,
        "dvar2": 0.91421097517,
        "max": 8.05013561249,
        "mean": 0.385591506958,
        "median": 0.315488725901,
        "min": -4.21953296661,
        "var": 1.19704127312
    },
    "erbbands_spread": {
        "dmean": 13.9602441788,
        "dmean2": 21.8585987091,
        "dvar": 222.253723145,
        "dvar2": 532.239562988,
        "max": 172.98626709,
        "mean": 41.8395881653,
        "median": 38.7003746033,
        "min": 1.3854367733,
        "var": 526.248168945
    },
    "hfc": {
        "dmean": 10.3427505493,
        "dmean2": 15.4141283035,
        "dvar": 218.104949951,
        "dvar2": 464.217926025,
        "max": 141.138824463,
        "mean": 18.5168323517,
        "median": 11.0568380356,
        "min": 1.10802894459e-16,
        "var": 464.511230469
    },
    "melbands_crest": {
        "dmean": 4.69699859619,
        "dmean2": 7.56920671463,
        "dvar": 15.5338096619,
        "dvar2": 36.9106292725,
        "max": 39.9808082581,
        "mean": 16.2415657043,
        "median": 15.6516656876,
        "min": 1.68281817436,
        "var": 46.7517738342
    },
    "melbands_flatness_db": {
        "dmean": 0.049871083349,
        "dmean2": 0.0711433589458,
        "dvar": 0.00215164083056,
        "dvar2": 0.0040607531555,
        "max": 0.697569549084,
        "mean": 0.206673964858,
        "median": 0.204586178064,
        "min": 0.00294978544116,
        "var": 0.00955152604729
    },
    "melbands_kurtosis": {
        "dmean": 32.2766685486,
        "dmean2": 46.101600647,
        "dvar": 186670.109375,
        "dvar2": 219306.296875,
        "max": 39151.2070312,
        "mean": 49.1214942932,
        "median": 9.12073326111,
        "min": -1.8987622261,
        "var": 512752.3125
    },
    "melbands_skewness": {
        "dmean": 1.48537838459,
        "dmean2": 2.23752808571,
        "dvar": 6.11608743668,
        "dvar2": 9.66944789886,
        "max": 184.608444214,
        "mean": 3.44905757904,
        "median": 2.52305841446,
        "min": -3.98638033867,
        "var": 24.8929672241
    },
    "melbands_spread": {
        "dmean": 15.3401670456,
        "dmean2": 24.011838913,
        "dvar": 575.784057617,
        "dvar2": 1219.09521484,
        "max": 267.704711914,
        "mean": 27.6953411102,
        "median": 16.5501861572,
        "min": 0.0195997860283,
        "var": 1112.0970459
    },
    "pitch_salience": {
        "dmean": 0.106589950621,
        "dmean2": 0.172107741237,
        "dvar": 0.00873486697674,
        "dvar2": 0.0211675595492,
        "max": 0.987275004387,
        "mean": 0.556845188141,
        "median": 0.569204568863,
        "min": 0.00370051409118,
        "var": 0.0240930095315
    },
    "silence_rate_20dB": {
        "dmean": 0,
        "dmean2": 0,
        "dvar": 0,
        "dvar2": 0,
        "max": 1,
        "mean": 1,
        "median": 1,
        "min": 1,
        "var": 0
    },
    "silence_rate_30dB": {
        "dmean": 0.0156841538846,
        "dmean2": 0.0313725508749,
        "dvar": 0.0154369017109,
        "dvar2": 0.0344489626586,
        "max": 1,
        "mean": 0.983642041683,
        "median": 1,
        "min": 0,
        "var": 0.0160899888724
    },
    "silence_rate_60dB": {
        "dmean": 0.0659816116095,
        "dmean2": 0.13198107481,
        "dvar": 0.0616308897734,
        "dvar2": 0.140250459313,
        "max": 1,
        "mean": 0.203731238842,
        "median": 0,
        "min": 0,
        "var": 0.162221193314
    },
    "spectral_centroid": {
        "dmean": 488.439880371,
        "dmean2": 741.85345459,
        "dvar": 334598.875,
        "dvar2": 611641.0625,
        "max": 11446.9726562,
        "mean": 1551.86401367,
        "median": 1317.35913086,
        "min": 141.856170654,
        "var": 1243519.5
    },
    "spectral_complexity": {
        "dmean": 6.11898326874,
        "dmean2": 9.05179214478,
        "dvar": 64.665184021,
        "dvar2": 120.020141602,
        "max": 60,
        "mean": 14.0769233704,
        "median": 11,
        "min": 0,
        "var": 166.513092041
    },
    "spectral_decrease": {
        "dmean": 2.87894330597e-09,
        "dmean2": 4.38315161944e-09,
        "dvar": 1.89522629331e-17,
        "dvar2": 3.78421895353e-17,
        "max": 1.80538343893e-23,
        "mean": -5.93478199917e-09,
        "median": -3.93384835817e-09,
        "min": -6.03900289775e-08,
        "var": 4.91070295934e-17
    },
    "spectral_energy": {
        "dmean": 0.0115073993802,
        "dmean2": 0.0175507236272,
        "dvar": 0.000285264424747,
        "dvar2": 0.000571248179767,
        "max": 0.232551708817,
        "mean": 0.0240787640214,
        "median": 0.0164978224784,
        "min": 1.02063974014e-20,
        "var": 0.000748813676182
    },
    "spectral_energyband_high": {
        "dmean": 0.000763890973758,
        "dmean2": 0.00110980425961,
        "dvar": 1.7557404135e-06,
        "dvar2": 3.30525404024e-06,
        "max": 0.0157894454896,
        "mean": 0.00100573559757,
        "median": 0.000220230285777,
        "min": 7.34760385103e-21,
        "var": 3.28530495608e-06
    },
    "spectral_energyband_low": {
        "dmean": 0.0051601100713,
        "dmean2": 0.00797038059682,
        "dvar": 0.000212275001104,
        "dvar2": 0.000428100989666,
        "max": 0.212158426642,
        "mean": 0.00935572851449,
        "median": 0.00172979640774,
        "min": 2.20560570831e-23,
        "var": 0.000430046318797
    },
    "spectral_energyband_middle_high": {
        "dmean": 0.00246436358429,
        "dmean2": 0.00379919190891,
        "dvar": 1.52790998982e-05,
        "dvar2": 3.33548450726e-05,
        "max": 0.0703512132168,
        "mean": 0.00383311533369,
        "median": 0.0014557079412,
        "min": 1.03937091795e-21,
        "var": 3.38912395819e-05
    },
    "spectral_energyband_middle_low": {
        "dmean": 0.00694452878088,
        "dmean2": 0.0109812077135,
        "dvar": 0.000118637814012,
        "dvar2": 0.000290933909127,
        "max": 0.117848217487,
        "mean": 0.0106446864083,
        "median": 0.00451893638819,
        "min": 1.61272716601e-22,
        "var": 0.000203508971026
    },
    "spectral_entropy": {
        "dmean": 0.292036682367,
        "dmean2": 0.42339861393,
        "dvar": 0.102073304355,
        "dvar2": 0.193904876709,
        "max": 9.81707382202,
        "mean": 7.68688774109,
        "median": 7.75943183899,
        "min": 4.58899784088,
        "var": 0.343629062176
    },
    "spectral_flux": {
        "dmean": 0.030555035919,
        "dmean2": 0.0476421862841,
        "dvar": 0.00119091651868,
        "dvar2": 0.0024835660588,
        "max": 0.439342588186,
        "mean": 0.0889631658792,
        "median": 0.0841640457511,
        "min": 6.47178630131e-11,
        "var": 0.00376732484438
    },
    "spectral_kurtosis": {
        "dmean": 1.86909651756,
        "dmean2": 2.96920180321,
        "dvar": 5.86652994156,
        "dvar2": 13.880944252,
        "max": 51.9497032166,
        "mean": 4.39601373672,
        "median": 3.6051659584,
        "min": -1.2668710947,
        "var": 11.5754232407
    },
    "spectral_rms": {
        "dmean": 0.00109473371413,
        "dmean2": 0.0016264928272,
        "dvar": 1.43630279581e-06,
        "dvar2": 2.75693400908e-06,
        "max": 0.0150625267997,
        "mean": 0.00407520588487,
        "median": 0.00401191180572,
        "min": 3.15554440217e-12,
        "var": 6.88419731887e-06
    },
    "spectral_rolloff": {
        "dmean": 1135.62524414,
        "dmean2": 1829.83288574,
        "dvar": 3390117.5,
        "dvar2": 6786072,
        "max": 19789.0136719,
        "mean": 2113.0871582,
        "median": 990.52734375,
        "min": 21.533203125,
        "var": 8251668.5
    },
    "spectral_skewness": {
        "dmean": 0.309667676687,
        "dmean2": 0.468990832567,
        "dvar": 0.108741611242,
        "dvar2": 0.224742382765,
        "max": 5.83115816116,
        "mean": 1.53625226021,
        "median": 1.45400774479,
        "min": -0.054228939116,
        "var": 0.318278998137
    },
    "spectral_spread": {
        "dmean": 897945,
        "dmean2": 1355991.125,
        "dvar": 1.56981133312e+12,
        "dvar2": 3.16983161651e+12,
        "max": 42114500,
        "mean": 5206176,
        "median": 4726585,
        "min": 1581354.875,
        "var": 8.38871338189e+12
    },
    "spectral_strongpeak": {
        "dmean": 0.484002441168,
        "dmean2": 0.787145555019,
        "dvar": 0.53992241621,
        "dvar2": 1.28657281399,
        "max": 8.60180664062,
        "mean": 0.740299940109,
        "median": 0.362288475037,
        "min": 0,
        "var": 0.957936108112
    },
    "zerocrossingrate": {
        "dmean": 0.0223675854504,
        "dmean2": 0.0240934938192,
        "dvar": 0.000825910188723,
        "dvar2": 0.000925772008486,
        "max": 0.525390625,
        "mean": 0.0759812369943,
        "median": 0.05078125,
        "min": 0,
        "var": 0.00548490788788
    },
    "barkbands": {
        "dmean": [0.000310121948132, 0.00313171721064, 0.00263366755098, 0.00138894841075, 0.00165196391754, 0.00216841418296, 0.00146286818199, 0.00210938649252, 0.000921293918509, 0.00056847993983, 0.000435637077317, 0.000602960935794, 0.000453987973742, 0.000287631963147, 0.000234438412008, 0.000180945309694, 0.000185421202332, 0.000204954791116, 0.000195791071746, 0.000236251828028, 0.000170851810253, 0.000136966409627, 0.000139693685924, 9.09085720195e-05, 8.67978160386e-05, 8.00828274805e-05, 1.3570926285e-06],
        "dmean2": [0.000482576200739, 0.00486277323216, 0.00426112301648, 0.00240427395329, 0.00276026618667, 0.00346841756254, 0.00243159593083, 0.00331957451999, 0.00152266712394, 0.000935336982366, 0.000691762834322, 0.000999982119538, 0.000744963705074, 0.000475596520118, 0.000380170269636, 0.000284172099782, 0.000293480436085, 0.000324262829963, 0.000316325924359, 0.000384470185963, 0.000259655091213, 0.000206612457987, 0.000205640943022, 0.000134259098559, 0.000125445221784, 0.000106895451609, 2.19897628995e-06],
        "dvar": [2.5679682949e-06, 8.47376140882e-05, 9.51853435254e-05, 1.5486150005e-05, 1.7217687855e-05, 2.47241550824e-05, 1.82188923645e-05, 3.58039615094e-05, 8.33040303405e-06, 2.86055660581e-06, 1.93436835616e-06, 2.23727511184e-06, 1.44420039305e-06, 4.72286018294e-07, 2.36057360326e-07, 1.0581553056e-07, 1.12130940977e-07, 1.56083132197e-07, 1.6717815754e-07, 1.6848782991e-07, 1.25455613897e-07, 6.88739731913e-08, 7.70433956632e-08, 3.57247103011e-08, 3.58172478343e-08, 4.76454928844e-08, 1.7470434821e-11],
        "dvar2": [5.34045057066e-06, 0.000190482111066, 0.000235343381064, 4.38458628196e-05, 4.53890497738e-05, 5.85760135436e-05, 4.35334768554e-05, 8.4902967501e-05, 2.17626075028e-05, 6.71856423651e-06, 4.35785523223e-06, 5.47267518414e-06, 3.29291106027e-06, 1.12376756078e-06, 5.56439886168e-07, 2.47391483299e-07, 2.66434426521e-07, 3.69216735407e-07, 3.97029992882e-07, 3.990434152e-07, 2.72194228046e-07, 1.44708423022e-07, 1.44552174675e-07, 6.55831087215e-08, 7.33651148721e-08, 8.75725163496e-08, 4.11105316456e-11],
        "max": [0.1088475734, 0.157501518726, 0.149800956249, 0.0822889059782, 0.0543646104634, 0.0938795283437, 0.0994018912315, 0.0931621417403, 0.0601606369019, 0.0364349931479, 0.0565222576261, 0.0420987531543, 0.0243082717061, 0.0117642674595, 0.0108384937048, 0.00440017133951, 0.00633326731622, 0.00462215906009, 0.0050423075445, 0.0052850516513, 0.00325701083057, 0.0037018340081, 0.00444937031716, 0.00333918049, 0.00197057332844, 0.00271299155429, 8.72545570019e-05],
        "mean": [0.000489604950417, 0.00489758700132, 0.00331513700075, 0.00147220410872, 0.00171136308927, 0.00256678368896, 0.0014184131287, 0.00227645831183, 0.000989178894088, 0.000682235579006, 0.000510434794705, 0.000615890021436, 0.000480739719933, 0.000302356493194, 0.000280165637378, 0.000240812762058, 0.000255781575106, 0.000243608024903, 0.000206242300919, 0.000263172987616, 0.000192965337192, 0.000161921052495, 0.000179644106538, 0.000114019574539, 0.000106419276563, 0.000104163220385, 1.43200134062e-06],
        "median": [5.21218244103e-05, 0.000513437553309, 0.000386316329241, 0.000404261343647, 0.000368683977285, 0.000311381008942, 0.000135224647238, 0.000145064477692, 8.35142200231e-05, 0.000108420361357, 6.63750906824e-05, 9.15321797947e-05, 5.71836899326e-05, 5.02028706251e-05, 4.84684969706e-05, 4.21596741944e-05, 6.18717094767e-05, 7.69891266827e-05, 4.88036093884e-05, 6.49076828267e-05, 2.71323351626e-05, 2.86288741336e-05, 2.91928208753e-05, 1.92635452549e-05, 1.30416692627e-05, 8.81994037627e-06, 1.14404095086e-07],
        "min": [5.1374857345e-25, 6.20570683955e-24, 3.01004570921e-24, 2.18135768208e-25, 6.81793232176e-24, 1.10416024711e-23, 1.2801356302e-23, 1.23565247373e-23, 1.69214813578e-23, 1.20093162874e-23, 1.31009498966e-23, 2.31457169623e-23, 3.68999975163e-23, 4.63485001225e-23, 5.89045088501e-23, 6.0170460209e-23, 1.05729645042e-22, 1.12113101177e-22, 1.45315701319e-22, 1.53478127147e-22, 2.61049446859e-22, 3.06926189227e-22, 3.62042550145e-22, 5.4799004069e-22, 8.54230185987e-22, 1.29917510054e-21, 1.95386280695e-21],
        "var": [4.65671473648e-06, 0.000148382823681, 9.45886713453e-05, 1.21873163152e-05, 1.63971835718e-05, 3.4172910091e-05, 2.03293238883e-05, 4.33748718933e-05, 9.71977624431e-06, 4.57339274362e-06, 3.01093496091e-06, 2.46623926614e-06, 2.16463081415e-06, 5.47920933514e-07, 3.34324710138e-07, 1.96094532612e-07, 2.00089800728e-07, 1.82452481567e-07, 1.7433782773e-07, 2.10349796248e-07, 1.55779403599e-07, 1.10335150794e-07, 1.56076495728e-07, 7.48525508243e-08, 5.89635256176e-08, 8.18476593167e-08, 2.16536667069e-11]
    },
    "erbbands": {
        "dmean": [0.0966722667217, 0.728370964527, 2.92971849442, 3.52686023712, 5.70574188232, 5.30767726898, 6.41435813904, 22.7303581238, 19.5396595001, 37.9866371155, 32.5875740051, 20.4221496582, 20.1746349335, 17.2735881805, 17.8250274658, 23.9846878052, 20.9890460968, 13.836356163, 12.5803632736, 11.3131666183, 10.2748565674, 9.95731735229, 9.90086936951, 12.6466722488, 8.33407211304, 11.5679893494, 8.1391544342, 6.35100603104, 5.37537622452, 3.65507912636, 4.1284828186, 2.52812671661, 1.31789433956, 0.821776509285, 0.669615805149, 0.487278193235, 0.129358023405, 0.0104856276885, 0.000226013347856, 2.16624011955e-05],
        "dmean2": [0.144501581788, 1.17082393169, 4.68339157104, 5.99603700638, 9.37648582458, 9.18212509155, 10.6273231506, 35.9076538086, 31.7346897125, 60.4813423157, 51.1168518066, 33.7151794434, 33.21352005, 27.6546230316, 28.1627578735, 39.72631073, 33.9420433044, 22.1129302979, 20.6004772186, 17.8007888794, 16.2113113403, 15.3983926773, 15.1202926636, 20.9123058319, 13.0518608093, 18.9479541779, 12.5482902527, 9.76525688171, 8.1886882782, 5.45473241806, 6.12178659439, 3.71659612656, 1.99715518951, 1.22550678253, 0.944454073906, 0.664433836937, 0.174827769399, 0.0146204018965, 0.000312914635288, 3.10224058921e-05],
        "dvar": [0.099782563746, 4.75157499313, 111.014083862, 111.058815002, 200.005508423, 228.910964966, 297.800323486, 2858.26586914, 3846.65991211, 11097.9726562, 8628.28515625, 4660.56982422, 3579.0703125, 2662.0859375, 2585.51293945, 3150.90649414, 2913.60839844, 1161.73083496, 793.439331055, 433.886169434, 349.786437988, 291.158966064, 284.909118652, 841.319458008, 238.713699341, 417.710723877, 278.952392578, 170.439849854, 110.547035217, 52.2266349792, 73.601600647, 26.1758823395, 7.83153057098, 2.52553582191, 2.4043405056, 1.79704403877, 0.137905061245, 0.000718098424841, 3.24188789591e-07, 1.13549569747e-09],
        "dvar2": [0.20584332943, 10.9388828278, 267.969604492, 301.227355957, 527.75982666, 624.767700195, 721.776611328, 6721.69287109, 8990.27539062, 27351.3457031, 20394.7636719, 12201.9765625, 8502.66113281, 6060.71386719, 6055.94628906, 7578.70703125, 6625.578125, 2547.89306641, 1804.54406738, 1024.64123535, 830.481384277, 658.718688965, 641.287475586, 2086.66455078, 524.00994873, 1014.30554199, 591.711364746, 377.405914307, 242.541152954, 107.419403076, 139.760299683, 47.3589897156, 15.4494495392, 5.05297851562, 4.55337429047, 3.6406481266, 0.273027658463, 0.00133852486033, 6.17944976966e-07, 2.2895443319e-09],
        "max": [5.27288770676, 37.0077095032, 167.330535889, 195.634246826, 215.266036987, 216.00289917, 377.608459473, 1101.79309082, 1673.13452148, 1867.57641602, 1659.0546875, 1659.50415039, 1825.59179688, 2044.47094727, 1283.25598145, 1570.80981445, 976.314575195, 706.905456543, 584.68927002, 370.670043945, 285.760437012, 285.633514404, 217.352935791, 312.405853271, 211.14831543, 321.312042236, 159.358474731, 146.394195557, 156.802932739, 106.320152283, 124.050727844, 87.4600067139, 47.0225257874, 19.8965911865, 16.8345680237, 17.1304702759, 4.70050477982, 0.411024987698, 0.0080951154232, 0.000399404350901],
        "mean": [0.167364522815, 1.00722813606, 3.81982374191, 4.22288751602, 6.30170059204, 4.96734285355, 7.33067846298, 26.6742210388, 20.2773532867, 41.7379646301, 35.26329422, 22.8850574493, 23.7044372559, 21.8269996643, 21.5748462677, 25.4464664459, 22.8496723175, 16.0461978912, 14.3967189789, 15.0164937973, 13.9927806854, 14.4954109192, 13.2090578079, 12.5442276001, 9.92262840271, 12.6453342438, 9.11785793304, 7.22367620468, 6.15930604935, 4.48177289963, 5.26057004929, 3.20058250427, 1.61509656906, 0.970674097538, 0.845362961292, 0.592968344688, 0.167202219367, 0.0143008222803, 0.00031448941445, 4.28095700045e-05],
        "median": [0.0100822011009, 0.128657236695, 0.502526164055, 1.29634273052, 1.63497519493, 0.904312670231, 1.36158072948, 2.75145530701, 2.39131045341, 3.01307487488, 3.4390912056, 2.04320049286, 3.83654999733, 3.06008648872, 3.22583127022, 3.94476866722, 3.03032588959, 2.72611618042, 2.96130681038, 2.69329452515, 2.65377664566, 3.87077879906, 4.68373155594, 3.02223658562, 2.66853237152, 3.14125728607, 1.60879361629, 0.985119998455, 0.958365321159, 0.902016580105, 0.797335624695, 0.503783583641, 0.278033435345, 0.138039559126, 0.0869856104255, 0.0455990731716, 0.0137803098187, 0.00163704867009, 5.09323872393e-05, 2.79300438706e-05],
        "min": [1.48106350414e-22, 1.08600847564e-21, 2.05395489225e-21, 6.41002936183e-21, 4.86732782589e-21, 1.40784670072e-20, 6.13626941446e-20, 7.60687246649e-20, 1.91625875626e-19, 2.69576197077e-19, 3.45001575558e-19, 4.2405605388e-19, 7.40919685035e-19, 7.24217822793e-19, 9.41624669215e-19, 1.10538058111e-18, 2.07678106404e-18, 2.35830392051e-18, 3.28143541617e-18, 3.04978886229e-18, 4.37314756143e-18, 5.35962165327e-18, 6.89690828397e-18, 8.1600953838e-18, 8.08322300794e-18, 7.90188681969e-18, 1.06107982739e-17, 1.17543465194e-17, 1.03520512152e-17, 1.18222415041e-17, 1.15202279363e-17, 1.24720257896e-17, 9.24518925699e-18, 8.73724990287e-18, 6.3724290399e-18, 4.05001938131e-18, 2.54813132454e-18, 1.03333180558e-18, 2.52785671413e-19, 2.75715227853e-20],
        "var": [0.249150454998, 6.32942724228, 115.881134033, 100.972969055, 195.5259552, 186.560882568, 367.201080322, 4046.95361328, 4283.33154297, 13375.1660156, 10033.3447266, 5098.65087891, 5516.82861328, 4974.61132812, 3481.93261719, 3691.74267578, 4345.42578125, 1667.16503906, 1045.53186035, 731.810791016, 649.47833252, 573.41986084, 430.04296875, 756.934570312, 327.677276611, 497.132720947, 339.772613525, 216.938140869, 163.26651001, 88.8495330811, 147.020874023, 56.508644104, 14.8184785843, 4.46452713013, 4.1550822258, 2.76401257515, 0.222597762942, 0.00132813991513, 5.87881800129e-07, 2.51830978293e-09]
    },
    "gfcc": {
        "mean": [-67.1220016479, 71.2211914062, -105.569633484, 34.9792556763, -55.2455444336, 16.5119438171, -32.9032058716, 15.7893857956, -26.9143695831, 3.6420006752, -18.7817611694, 1.49879550934, -18.8343505859],
        "cov": [[33429.7226562, 713.34967041, -1559.66906738, -334.148376465, -1498.97412109, -318.598083496, -1204.57019043, -29.48969841, -420.711029053, 471.180633545, -317.567810059, 351.353393555, -269.775665283], [713.34967041, 2158.54296875, 47.6913146973, -82.2570953369, 108.456558228, -372.356842041, 106.177085876, 34.9662818909, 143.88822937, -206.243026733, 154.087692261, -106.196029663, 74.2775344849], [-1559.66906738, 47.6913146973, 986.174987793, 349.745849609, 171.501464844, 24.9262294769, 76.3537521362, 18.7548236847, 47.7010421753, -69.6198806763, 38.3191604614, 21.342206955, 31.7353897095], [-334.148376465, -82.2570953369, 349.745849609, 847.873779297, 330.750610352, 146.630325317, 68.2245178223, -11.6513719559, 61.353515625, -32.4089126587, -37.9604644775, -8.28773880005, 96.1729431152], [-1498.97412109, 108.456558228, 171.501464844, 330.750610352, 477.933288574, 224.598953247, 185.399124146, 25.6524486542, 72.326965332, -30.9270095825, -17.7845649719, -21.6377792358, 73.3431777954], [-318.598083496, -372.356842041, 24.9262294769, 146.630325317, 224.598953247, 458.266845703, 208.888839722, 43.888710022, -42.4918746948, 30.3212909698, -51.0174407959, -5.84674453735, -11.9888448715], [-1204.57019043, 106.177085876, 76.3537521362, 68.2245178223, 185.399124146, 208.888839722, 344.065948486, 107.119880676, 28.6299991608, -54.3081283569, 6.00700902939, -27.7261447906, -1.2245029211], [-29.48969841, 34.9662818909, 18.7548236847, -11.6513719559, 25.6524486542, 43.888710022, 107.119880676, 160.636978149, 53.509059906, 7.49828720093, -8.20882987976, -12.9974794388, -22.6759796143], [-420.711029053, 143.88822937, 47.7010421753, 61.353515625, 72.326965332, -42.4918746948, 28.6299991608, 53.509059906, 160.566467285, 33.8066253662, 22.7006378174, -25.3250484467, 28.3622245789], [471.180633545, -206.243026733, -69.6198806763, -32.4089126587, -30.9270095825, 30.3212909698, -54.3081283569, 7.49828720093, 33.8066253662, 138.809616089, 14.1735010147, 4.64044237137, -13.9744606018], [-317.567810059, 154.087692261, 38.3191604614, -37.9604644775, -17.7845649719, -51.0174407959, 6.00700902939, -8.20882987976, 22.7006378174, 14.1735010147, 116.730400085, 9.79803752899, 5.70602560043], [351.353393555, -106.196029663, 21.342206955, -8.28773880005, -21.6377792358, -5.84674453735, -27.7261447906, -12.9974794388, -25.3250484467, 4.64044237137, 9.79803752899, 113.114402771, 23.9341583252], [-269.775665283, 74.2775344849, 31.7353897095, 96.1729431152, 73.3431777954, -11.9888448715, -1.2245029211, -22.6759796143, 28.3622245789, -13.9744606018, 5.70602560043, 23.9341583252, 98.8097991943]],
        "icov": [[6.65909610689e-05, -0.000166595753399, 6.71532034175e-05, -0.000132559260237, 0.000264557311311, -0.000207474760828, 0.000228985998547, -0.000125173784909, 0.000127166786115, -0.000305960827973, 0.00029702289612, -0.000319948332617, 0.000147637430928], [-0.000166595753399, 0.0013156455243, -5.57783714612e-05, 0.000501327565871, -0.00112968834583, 0.00131154013798, -0.000785973737948, 0.000124155514641, -0.000627977540717, 0.00196681567468, -0.00177073595114, 0.00155634130351, -0.000713780522346], [6.71532034175e-05, -5.57783714612e-05, 0.00139522633981, -0.000647767796181, 4.87629113195e-05, -7.06244027242e-05, 0.000232519465499, -0.000277437065961, -0.000205141230254, 0.000555249222089, -0.000466832396341, -0.000703921366949, 0.00063696707366], [-0.000132559260237, 0.000501327565871, -0.000647767796181, 0.002262044698, -0.00156143575441, 0.000210478392546, -3.29082540702e-05, 0.000339600257576, -0.00056823057821, 0.000955510884523, -0.000220177913434, 0.00106613326352, -0.00141763349529], [0.000264557311311, -0.00112968834583, 4.87629113195e-05, -0.00156143575441, 0.00612091552466, -0.00317521952093, -8.14301311038e-05, 0.000480287621031, -0.00150000106078, -0.000825211463962, 0.00182039954234, -0.00115820067003, -0.0012544967467], [-0.000207474760828, 0.00131154013798, -7.06244027242e-05, 0.000210478392546, -0.00317521952093, 0.00684833759442, -0.00415784493089, 0.000470923114335, 0.00258945580572, -0.00186043360736, 0.00015747937141, 0.0012900326401, 0.00018181737687], [0.000228985998547, -0.000785973737948, 0.000232519465499, -3.29082540702e-05, -8.14301311038e-05, -0.00415784493089, 0.00823701731861, -0.00413619959727, -0.000503587594721, 0.00282101053745, -0.0012085159542, -0.000433026812971, 0.000600387866143], [-0.000125173784909, 0.000124155514641, -0.000277437065961, 0.000339600257576, 0.000480287621031, 0.000470923114335, -0.00413619959727, 0.0105467885733, -0.0040362495929, -0.000548514595721, 0.00171432131901, -0.000669717730489, 0.00253746472299], [0.000127166786115, -0.000627977540717, -0.000205141230254, -0.00056823057821, -0.00150000106078, 0.00258945580572, -0.000503587594721, -0.0040362495929, 0.0122090941295, -0.00580174708739, 1.69676841324e-05, 0.00184294360224, -0.00283911963925], [-0.000305960827973, 0.00196681567468, 0.000555249222089, 0.000955510884523, -0.000825211463962, -0.00186043360736, 0.00282101053745, -0.000548514595721, -0.00580174708739, 0.0149806840345, -0.00527265900746, 0.00155592092779, 0.000585293804761], [0.00029702289612, -0.00177073595114, -0.000466832396341, -0.000220177913434, 0.00182039954234, 0.00015747937141, -0.0012085159542, 0.00171432131901, 1.69676841324e-05, -0.00527265900746, 0.0132000027224, -0.00335987121798, 0.000853622157592], [-0.000319948332617, 0.00155634130351, -0.000703921366949, 0.00106613326352, -0.00115820067003, 0.0012900326401, -0.000433026812971, -0.000669717730489, 0.00184294360224, 0.00155592092779, -0.00335987121798, 0.0129174711183, -0.00524176936597], [0.000147637430928, -0.000713780522346, 0.00063696707366, -0.00141763349529, -0.0012544967467, 0.00018181737687, 0.000600387866143, 0.00253746472299, -0.00283911963925, 0.000585293804761, 0.000853622157592, -0.00524176936597, 0.0158964302391]]
    },
    "melbands": {
        "dmean": [0.00083434098633, 0.00126066966914, 0.000661731988657, 0.000409081578255, 0.000217132925172, 0.000481215771288, 0.000298221391859, 0.000455120229162, 0.000231596815865, 0.0001349880622, 0.000102133097243, 7.16616923455e-05, 5.7772409491e-05, 6.57264972688e-05, 6.04075539741e-05, 3.97372132284e-05, 2.59811822616e-05, 2.20363417611e-05, 1.85045973922e-05, 1.20630920719e-05, 1.30323342091e-05, 1.07378937173e-05, 1.0530147847e-05, 9.44818202697e-06, 1.08688800537e-05, 6.34966181678e-06, 6.59075021758e-06, 8.17564887257e-06, 5.89818682784e-06, 3.59524437954e-06, 3.7545428313e-06, 3.47655827682e-06, 2.12830741475e-06, 2.04361845135e-06, 2.31963895203e-06, 2.34287062995e-06, 1.41011730648e-06, 9.98708173938e-07, 7.20645402907e-07, 6.93623121606e-07],
        "dmean2": [0.00127637013793, 0.00199933047406, 0.0010966619011, 0.000682456244249, 0.000365443294868, 0.000761607720051, 0.00048599060392, 0.000718112511095, 0.000367602042388, 0.000222833245061, 0.000168675440364, 0.000115261827887, 9.06023706193e-05, 0.000108775420813, 9.9526005215e-05, 6.48421555525e-05, 4.21188779001e-05, 3.68225773855e-05, 3.00305055134e-05, 1.82710336958e-05, 2.10868220165e-05, 1.69640861714e-05, 1.61525822477e-05, 1.53216460603e-05, 1.81471859833e-05, 1.01610812635e-05, 1.06155348476e-05, 1.35309574034e-05, 9.16374301596e-06, 5.54121015739e-06, 5.80313735554e-06, 5.39975872016e-06, 3.23878043673e-06, 3.08856351694e-06, 3.47138961843e-06, 3.47861168848e-06, 2.13371185964e-06, 1.52770974182e-06, 1.10889618554e-06, 1.050313017e-06],
        "dvar": [6.65380457576e-06, 1.77436068043e-05, 3.27553220814e-06, 1.12544978492e-06, 2.84165935227e-07, 1.24677342228e-06, 8.13131521227e-07, 1.58981424647e-06, 4.35003329358e-07, 2.0602762163e-07, 9.2118867201e-08, 4.79410253718e-08, 2.82545116193e-08, 2.72811337965e-08, 2.7926189361e-08, 1.17325162918e-08, 4.17376000428e-09, 2.77323652931e-09, 1.48239331921e-09, 4.88753371108e-10, 6.17277118309e-10, 3.94156179917e-10, 3.62853164182e-10, 3.52324169839e-10, 6.52682630164e-10, 1.63816113452e-10, 1.4345977184e-10, 2.26514640378e-10, 1.57447416216e-10, 4.94082726121e-11, 6.17676465531e-11, 4.83387080363e-11, 1.82326480302e-11, 1.76663596946e-11, 2.57594119646e-11, 2.34235599667e-11, 8.71854064638e-12, 5.10228274561e-12, 2.06951339746e-12, 1.90473114711e-12],
        "dvar2": [1.45838021126e-05, 4.05359460274e-05, 8.71786232892e-06, 2.95568406727e-06, 7.09933146936e-07, 2.93391235573e-06, 1.8953082872e-06, 3.86441070077e-06, 1.04118578292e-06, 5.36495122105e-07, 2.18845414679e-07, 1.11538703607e-07, 6.43008348788e-08, 6.71604141189e-08, 6.67329302928e-08, 2.6482222637e-08, 9.46063316576e-09, 6.4597331928e-09, 3.62855612224e-09, 1.11191034158e-09, 1.52486989702e-09, 9.32158017442e-10, 8.57162008039e-10, 8.45140291084e-10, 1.64024960281e-09, 3.71665004328e-10, 3.31732252778e-10, 5.62100865853e-10, 3.38771455333e-10, 1.06224522234e-10, 1.37129307909e-10, 1.10409223431e-10, 3.95973392964e-11, 3.66928605555e-11, 5.01120846208e-11, 4.49996394314e-11, 1.66075625474e-11, 1.04248241983e-11, 4.30008242555e-12, 3.92725131929e-12],
        "max": [0.0455578491092, 0.0652944147587, 0.031921043992, 0.0151548571885, 0.00977648142725, 0.0222765114158, 0.0238443892449, 0.0228140130639, 0.0110835451633, 0.0101286824793, 0.00892577692866, 0.00750637846068, 0.00582261616364, 0.00378785491921, 0.00518350163475, 0.00222409656271, 0.0012712366879, 0.00118085416034, 0.000782602524851, 0.000357227720087, 0.000334935612045, 0.000397721014451, 0.000353838870069, 0.000223380891839, 0.000276920880424, 0.000204841853702, 0.000205586053198, 0.000242372931098, 0.00012855589739, 7.76825108915e-05, 9.47632070165e-05, 8.08682161733e-05, 7.90708945715e-05, 5.72328608541e-05, 8.31450888654e-05, 8.22106521809e-05, 5.28281998413e-05, 4.02719524573e-05, 2.47051411861e-05, 2.01141338039e-05],
        "mean": [0.001368266996, 0.00177423795685, 0.000828760035802, 0.000420765136369, 0.00024219568877, 0.000566053553484, 0.000307100242935, 0.000502641720232, 0.000244931725319, 0.000145999481902, 0.000117885247164, 8.80728694028e-05, 6.99730226188e-05, 6.81632300257e-05, 6.24488675385e-05, 4.33806671936e-05, 2.82240580418e-05, 2.33626360568e-05, 2.17529213842e-05, 1.69791510416e-05, 1.6461874111e-05, 1.47479431689e-05, 1.40383399412e-05, 1.08549411379e-05, 1.02232443169e-05, 7.09505729901e-06, 7.74183081376e-06, 8.52892117109e-06, 6.28865836916e-06, 4.12935696659e-06, 4.19129219154e-06, 3.78052754968e-06, 2.57205738308e-06, 2.45046726377e-06, 2.90326624963e-06, 2.891466238e-06, 1.71128510829e-06, 1.18952732464e-06, 8.57784016262e-07, 7.91904142261e-07],
        "median": [0.000125328369904, 0.000265360198682, 0.000292939046631, 9.72340494627e-05, 4.40107978648e-05, 6.26884939265e-05, 3.6093264498e-05, 3.02184598695e-05, 2.52731133514e-05, 1.16277196867e-05, 1.84736054507e-05, 1.14482627396e-05, 9.92416607914e-06, 1.05464296212e-05, 7.94513380242e-06, 5.26628264197e-06, 4.68915595775e-06, 4.38551751358e-06, 3.64265724784e-06, 2.86799831883e-06, 2.92994582196e-06, 3.35859954248e-06, 4.41890188085e-06, 3.30800298798e-06, 2.139594244e-06, 1.71916781255e-06, 1.99392002287e-06, 1.91690583051e-06, 9.79298533821e-07, 6.14481962202e-07, 4.95600090744e-07, 5.23332857938e-07, 5.43034673228e-07, 4.45690716333e-07, 4.4101730623e-07, 3.42365297001e-07, 2.68818808991e-07, 1.93133558923e-07, 1.31392440039e-07, 1.0339929446e-07],
        "min": [2.63607377254e-24, 1.36381596371e-24, 8.6824328786e-25, 7.51576380612e-25, 2.11167789414e-24, 1.71578686557e-24, 3.08658848842e-24, 3.09813287612e-24, 2.68373714286e-24, 2.63093552703e-24, 3.08056573262e-24, 3.15903530459e-24, 2.39681699315e-24, 3.0843163718e-24, 3.13351230164e-24, 4.02887120401e-24, 3.77794638297e-24, 3.96224440638e-24, 4.33670326745e-24, 4.02491703872e-24, 3.8545633151e-24, 4.18017945879e-24, 4.33020936448e-24, 5.85175007898e-24, 5.9863853641e-24, 5.5017553723e-24, 5.3145432967e-24, 5.24242602717e-24, 6.02075366716e-24, 6.3489375531e-24, 5.27889270024e-24, 5.05104166625e-24, 4.42189038446e-24, 5.17736314629e-24, 5.34578455513e-24, 6.56891299424e-24, 6.6646361375e-24, 6.41512298305e-24, 5.88965405661e-24, 6.70869559677e-24],
        "var": [1.35200316436e-05, 2.14316605707e-05, 3.15859324473e-06, 1.04964806269e-06, 3.47533557488e-07, 1.74280353349e-06, 9.16350586522e-07, 1.95556503968e-06, 4.88827140543e-07, 2.31781484672e-07, 1.41079894433e-07, 8.36698248463e-08, 4.22968220448e-08, 2.93686124309e-08, 3.30826637196e-08, 1.85593442836e-08, 5.31206101329e-09, 3.30947380611e-09, 2.02254613058e-09, 9.42562694561e-10, 1.01078534431e-09, 7.08236080893e-10, 5.63794844144e-10, 3.88541948615e-10, 5.63225799333e-10, 1.93448812524e-10, 2.01551608736e-10, 2.48097237199e-10, 1.81788029074e-10, 6.53762946556e-11, 7.89321524808e-11, 6.45878767136e-11, 3.0099919085e-11, 2.85459017535e-11, 4.91642629386e-11, 4.65912690373e-11, 1.69894810026e-11, 9.16024894826e-12, 3.55122290081e-12, 3.15088103178e-12]
    },
    "mfcc": {
        "mean": [-701.242736816, 102.666381836, 5.71614646912, 23.6811885834, 2.75721478462, 4.32001686096, 4.45179271698, 8.99395465851, -0.923515081406, 3.60262107849, -0.484092444181, 3.20255255699, 0.553290128708],
        "cov": [[17771.0761719, 1326.25622559, -528.271362305, -123.204650879, -464.875488281, -249.607757568, -600.69708252, -456.859680176, -331.003448486, -139.573181152, -165.853179932, 25.5911407471, 72.6540374756], [1326.25622559, 2225.24707031, -31.2165699005, 90.7461776733, -96.6521072388, -340.283050537, -49.1870422363, 62.2435493469, -64.3584518433, -39.2429847717, 27.8256626129, 19.9184741974, 28.8560352325], [-528.271362305, -31.2165699005, 714.068237305, 282.263153076, 122.00831604, 19.534532547, 27.3271961212, 59.3073692322, -21.2195625305, -6.63178253174, -6.4221367836, 3.54766011238, -17.9273147583], [-123.204650879, 90.7461776733, 282.263153076, 639.895080566, 276.902984619, 102.243492126, 7.475877285, 70.6018600464, 89.4462890625, -1.15489888191, -28.9080448151, -8.68419075012, 10.4506444931], [-464.875488281, -96.6521072388, 122.00831604, 276.902984619, 350.625427246, 196.674438477, 53.2955551147, 38.0272789001, 91.1222305298, 40.3057746887, -14.5438022614, -0.567562997341, -1.47799682617], [-249.607757568, -340.283050537, 19.534532547, 102.243492126, 196.674438477, 389.838897705, 201.436416626, 95.6870803833, 114.120124817, 42.9121017456, 12.9835977554, -5.22979545593, -22.7699432373], [-600.69708252, -49.1870422363, 27.3271961212, 7.475877285, 53.2955551147, 201.436416626, 306.463592529, 173.873382568, 87.0579376221, 49.3313407898, 47.8290596008, 5.4327673912, -20.6582202911], [-456.859680176, 62.2435493469, 59.3073692322, 70.6018600464, 38.0272789001, 95.6870803833, 173.873382568, 230.893539429, 107.569915771, 21.4412612915, 38.2878799438, -2.78398609161, -3.92204117775], [-331.003448486, -64.3584518433, -21.2195625305, 89.4462890625, 91.1222305298, 114.120124817, 87.0579376221, 107.569915771, 188.493347168, 74.8682937622, 28.3107795715, -5.63430309296, -4.08185577393], [-139.573181152, -39.2429847717, -6.63178253174, -1.15489888191, 40.3057746887, 42.9121017456, 49.3313407898, 21.4412612915, 74.8682937622, 158.788467407, 61.7302246094, 22.6857013702, -6.35920667648], [-165.853179932, 27.8256626129, -6.4221367836, -28.9080448151, -14.5438022614, 12.9835977554, 47.8290596008, 38.2878799438, 28.3107795715, 61.7302246094, 100.141029358, 33.9149589539, 3.79264473915], [25.5911407471, 19.9184741974, 3.54766011238, -8.68419075012, -0.567562997341, -5.22979545593, 5.4327673912, -2.78398609161, -5.63430309296, 22.6857013702, 33.9149589539, 77.0428085327, 27.859046936], [72.6540374756, 28.8560352325, -17.9273147583, 10.4506444931, -1.47799682617, -22.7699432373, -20.6582202911, -3.92204117775, -4.08185577393, -6.35920667648, 3.79264473915, 27.859046936, 72.5884933472]],
