{
"lowlevel": {
    "average_loudness": 0.961985230446,
    "barkbands_crest": {
        "dmean": 2.96628403664,
        "dmean2": 4.6639585495,
        "dvar": 8.57692718506,
        "dvar2": 18.9146080017,
        "max": 26.8311729431,
        "mean": 15.8237638474,
        "median": 16.1085319519,
        "min": 2.53822994232,
        "var": 32.6499671936
    },
    "barkbands_flatness_db": {
        "dmean": 0.0296871289611,
        "dmean2": 0.0425592921674,
        "dvar": 0.00081691367086,
        "dvar2": 0.00162648351397,
        "max": 0.542615354061,
        "mean": 0.202157258987,
        "median": 0.200833514333,
        "min": 0.0398694239557,
        "var": 0.00489382026717
    },
    "barkbands_kurtosis": {
        "dmean": 12.6825399399,
        "dmean2": 18.9293327332,
        "dvar": 1218.40869141,
        "dvar2": 2567.42041016,
        "max": 1421.92419434,
        "mean": 22.2773704529,
        "median": 6.99719238281,
        "min": -1.89645767212,
        "var": 4007.53759766
    },
    "barkbands_skewness": {
        "dmean": 1.10108423233,
        "dmean2": 1.5881049633,
        "dvar": 1.7266395092,
        "dvar2": 3.51630711555,
        "max": 36.6159477234,
        "mean": 3.07834982872,
        "median": 2.38727903366,
        "min": -2.72052812576,
        "var": 9.121134758
    },
    "barkbands_spread": {
        "dmean": 5.55162143707,
        "dmean2": 7.98841667175,
        "dvar": 61.9437026978,
        "dvar2": 117.534690857,
        "max": 112.3540802,
        "mean": 14.5984792709,
        "median": 10.6512126923,
        "min": 0.15991538763,
        "var": 176.864929199
    },
    "dissonance": {
        "dmean": 0.0293374117464,
        "dmean2": 0.0481102392077,
        "dvar": 0.000800191890448,
        "dvar2": 0.00205195182934,
        "max": 0.5,
        "mean": 0.442445963621,
        "median": 0.451187252998,
        "min": 0.193731546402,
        "var": 0.00176496757194
    },
    "dynamic_complexity": 2.63468551636,
    "erbbands_crest": {
        "dmean": 3.58571457863,
        "dmean2": 5.76402139664,
        "dvar": 11.014998436,
        "dvar2": 26.1867103577,
        "max": 32.066619873,
        "mean": 11.1491966248,
        "median": 10.0858745575,
        "min": 2.18714189529,
        "var": 25.6517753601
    },
    "erbbands_flatness_db": {
        "dmean": 0.0219146870077,
        "dmean2": 0.0315854921937,
        "dvar": 0.000438728719018,
        "dvar2": 0.000842502573505,
        "max": 0.336909294128,
        "mean": 0.16080391407,
        "median": 0.154089659452,
        "min": 0.0533580668271,
        "var": 0.00184190808795
    },
    "erbbands_kurtosis": {
        "dmean": 1.91426980495,
        "dmean2": 2.98201417923,
        "dvar": 7.75709915161,
        "dvar2": 18.3146419525,
        "max": 57.645740509,
        "mean": 1.9847638607,
        "median": 0.779544591904,
        "min": -1.87110888958,
        "var": 15.1669130325
    },
    "erbbands_skewness": {
        "dmean": 0.528628587723,
        "dmean2": 0.799320220947,
        "dvar": 0.246173471212,
        "dvar2": 0.568179190159,
        "max": 5.69705867767,
        "mean": 0.703131556511,
        "median": 0.727693974972,
        "min": -3.40521144867,
        "var": 0.893431544304
    },
    "erbbands_spread": {
        "dmean": 11.8169145584,
        "dmean2": 17.582698822,
        "dvar": 174.816574097,
        "dvar2": 361.704284668,
        "max": 185.859237671,
        "mean": 40.4453353882,
        "median": 36.2157821655,
        "min": 2.24190306664,
        "var": 655.651489258
    },
    "hfc": {
        "dmean": 7.89425897598,
        "dmean2": 10.8769874573,
        "dvar": 274.416992188,
        "dvar2": 490.782501221,
        "max": 185.352310181,
        "mean": 17.1151008606,
        "median": 11.0298376083,
        "min": 1.11415762501e-16,
        "var": 504.172790527
    },
    "melbands_crest": {
        "dmean": 3.73802399635,
        "dmean2": 5.91475343704,
        "dvar": 13.8978061676,
        "dvar2": 31.3595066071,
        "max": 37.4471473694,
        "mean": 20.9255027771,
        "median": 21.9425754547,
        "min": 1.74706411362,
        "var": 43.6836242676
    },
    "melbands_flatness_db": {
        "dmean": 0.0360793396831,
        "dmean2": 0.0507989898324,
        "dvar": 0.00130367244128,
        "dvar2": 0.00255101197399,
        "max": 0.632522761822,
        "mean": 0.285407841206,
        "median": 0.289784669876,
        "min": 0.0049704243429,
        "var": 0.00763845117763
    },
    "melbands_kurtosis": {
        "dmean": 26.5698108673,
        "dmean2": 39.9147186279,
        "dvar": 2590.26831055,
        "dvar2": 5456.28271484,
        "max": 1401.6328125,
        "mean": 50.2626533508,
        "median": 16.2252216339,
        "min": -1.74012207985,
        "var": 10971.5078125
    },
    "melbands_skewness": {
        "dmean": 1.4221612215,
        "dmean2": 2.0748295784,
        "dvar": 2.67631554604,
        "dvar2": 5.24493312836,
        "max": 30.3900508881,
        "mean": 4.34490299225,
        "median": 3.31721305847,
        "min": -1.21431088448,
        "var": 13.5494394302
    },
    "melbands_spread": {
        "dmean": 5.90756797791,
        "dmean2": 8.27853107452,
        "dvar": 90.3031463623,
        "dvar2": 164.988723755,
        "max": 226.045425415,
        "mean": 13.9937295914,
        "median": 8.98904514313,
        "min": 0.198136270046,
        "var": 248.466522217
    },
    "pitch_salience": {
        "dmean": 0.0848584324121,
        "dmean2": 0.132882237434,
        "dvar": 0.00650147814304,
        "dvar2": 0.0151377087459,
        "max": 0.934953033924,
        "mean": 0.393606454134,
        "median": 0.387161016464,
        "min": 0.0295285992324,
        "var": 0.0224426928908
    },
    "silence_rate_20dB": {
        "dmean": 0,
        "dmean2": 0,
        "dvar": 0,
        "dvar2": 0,
        "max": 1,
        "mean": 1,
        "median": 1,
        "min": 1,
        "var": 0
    },
    "silence_rate_30dB": {
        "dmean": 0.0474872812629,
        "dmean2": 0.0949830412865,
        "dvar": 0.0452351048589,
        "dvar2": 0.0904312878847,
        "max": 1,
        "mean": 0.941003203392,
        "median": 1,
        "min": 0,
        "var": 0.0555151253939
    },
    "silence_rate_60dB": {
        "dmean": 0.00678389705718,
        "dmean2": 0.013569005765,
        "dvar": 0.00673763779923,
        "dvar2": 0.0160620249808,
        "max": 1,
        "mean": 0.0155301680788,
        "median": 0,
        "min": 0,
        "var": 0.0152900638059
    },
    "spectral_centroid": {
        "dmean": 277.707855225,
        "dmean2": 398.639984131,
        "dvar": 120513.992188,
        "dvar2": 233974.859375,
        "max": 11314.9160156,
        "mean": 1065.31420898,
        "median": 880.671813965,
        "min": 159.555206299,
        "var": 429315.03125
    },
    "spectral_complexity": {
        "dmean": 3.31518340111,
        "dmean2": 4.76486349106,
        "dvar": 29.1697559357,
        "dvar2": 47.7406272888,
        "max": 64,
        "mean": 12.3666543961,
        "median": 10,
        "min": 0,
        "var": 98.7318496704
    },
    "spectral_decrease": {
        "dmean": 4.47725678754e-09,
        "dmean2": 6.53943033058e-09,
        "dvar": 3.9806495336e-17,
        "dvar2": 7.42450186304e-17,
        "max": 1.11268555527e-21,
        "mean": -1.17593161875e-08,
        "median": -9.97184201879e-09,
        "min": -6.79045868424e-08,
        "var": 8.60971469971e-17
    },
    "spectral_energy": {
        "dmean": 0.0174117814749,
        "dmean2": 0.0254427865148,
        "dvar": 0.000587950227782,
        "dvar2": 0.00109793408774,
        "max": 0.259261012077,
        "mean": 0.0459348708391,
        "median": 0.0390382893384,
        "min": 1.01777748519e-20,
        "var": 0.0012687924318
    },
    "spectral_energyband_high": {
        "dmean": 0.000604116357863,
        "dmean2": 0.00079913449008,
        "dvar": 3.85969860872e-06,
        "dvar2": 6.60994646751e-06,
        "max": 0.0200362578034,
        "mean": 0.000821652472951,
        "median": 0.000176094326889,
        "min": 7.54844798896e-21,
        "var": 6.25419670541e-06
    },
    "spectral_energyband_low": {
        "dmean": 0.0140945408493,
        "dmean2": 0.0201982427388,
        "dvar": 0.000554227968678,
        "dvar2": 0.0010316867847,
        "max": 0.249757960439,
        "mean": 0.0327395386994,
        "median": 0.0253610834479,
        "min": 2.7606086404e-23,
        "var": 0.00113156775478
    },
    "spectral_energyband_middle_high": {
        "dmean": 0.00179502158426,
        "dmean2": 0.00260376418009,
        "dvar": 1.2501490346e-05,
        "dvar2": 2.54448568739e-05,
        "max": 0.0614256076515,
        "mean": 0.00347791262902,
        "median": 0.00125529523939,
        "min": 1.48823888196e-21,
        "var": 2.84590551018e-05
    },
    "spectral_energyband_middle_low": {
        "dmean": 0.0052864109166,
        "dmean2": 0.00831226352602,
        "dvar": 5.51783159608e-05,
        "dvar2": 0.000130968095618,
        "max": 0.123104691505,
        "mean": 0.0104486281052,
        "median": 0.00777902454138,
        "min": 3.11744551637e-22,
        "var": 0.000101475074189
    },
    "spectral_entropy": {
        "dmean": 0.222599551082,
        "dmean2": 0.33049800992,
        "dvar": 0.0499186851084,
        "dvar2": 0.1043356359,
        "max": 9.8047876358,
        "mean": 7.43690729141,
        "median": 7.4277639389,
        "min": 5.86552000046,
        "var": 0.171568408608
    },
    "spectral_flux": {
        "dmean": 0.0369065850973,
        "dmean2": 0.061290178448,
        "dvar": 0.00177021243144,
        "dvar2": 0.00496376445517,
        "max": 0.386921405792,
        "mean": 0.0953688174486,
        "median": 0.0810794457793,
        "min": 1.00884960108e-10,
        "var": 0.00323854014277
    },
    "spectral_kurtosis": {
        "dmean": 1.53115808964,
        "dmean2": 2.51277279854,
        "dvar": 2.78366994858,
        "dvar2": 7.02030611038,
        "max": 27.1390628815,
        "mean": 3.75230526924,
        "median": 3.27688479424,
        "min": -1.20957267284,
        "var": 6.58345460892
    },
    "spectral_rms": {
        "dmean": 0.0011974478839,
        "dmean2": 0.00172856950667,
        "dvar": 1.89406353002e-06,
        "dvar2": 3.5026448586e-06,
        "max": 0.0159040112048,
        "mean": 0.00624303380027,
        "median": 0.00617139646783,
        "min": 3.15111673733e-12,
        "var": 5.83918517805e-06
    },
    "spectral_rolloff": {
        "dmean": 367.350830078,
        "dmean2": 579.89263916,
        "dvar": 692899.6875,
        "dvar2": 1317886.125,
        "max": 19789.0136719,
        "mean": 786.879394531,
        "median": 430.6640625,
        "min": 43.06640625,
        "var": 1365492.125
    },
    "spectral_skewness": {
        "dmean": 0.267535507679,
        "dmean2": 0.413036733866,
        "dvar": 0.0759683027864,
        "dvar2": 0.16725808382,
        "max": 4.12257003784,
        "mean": 1.47797298431,
        "median": 1.47113966942,
        "min": -0.0508767478168,
        "var": 0.256558924913
    },
    "spectral_spread": {
        "dmean": 607836.0625,
        "dmean2": 858100.1875,
        "dvar": 728802983936,
        "dvar2": 1.17045434778e+12,
        "max": 41486736,
        "mean": 4773437,
        "median": 4404753,
        "min": 2102116.75,
        "var": 2.50620778906e+12
    },
    "spectral_strongpeak": {
        "dmean": 0.331919759512,
        "dmean2": 0.559860765934,
        "dvar": 0.467382788658,
        "dvar2": 1.16235494614,
        "max": 8.64126491547,
        "mean": 0.645101308823,
        "median": 0.406931400299,
        "min": 3.44725936685e-09,
        "var": 0.636422753334
    },
    "zerocrossingrate": {
        "dmean": 0.00978563074023,
        "dmean2": 0.0110575519502,
        "dvar": 0.000179015667527,
        "dvar2": 0.000203775372938,
        "max": 0.515625,
        "mean": 0.0336709246039,
        "median": 0.025390625,
        "min": 0.001953125,
        "var": 0.000862422457431
    },
    "barkbands": {
        "dmean": [0.00025371144875, 0.00936768576503, 0.00540289515629, 0.00126869010273, 0.00127350457478, 0.00115791347343, 0.00107888609637, 0.00116943998728, 0.00154813937843, 0.000606968940701, 0.000442443124484, 0.000302509142784, 0.000286444439553, 0.000297903316095, 0.000166000594618, 0.000108855703729, 0.000118022348033, 0.000185407378012, 0.000194425898371, 0.000146940190461, 0.000220055138925, 0.000181113486178, 8.23236769065e-05, 3.65905107174e-05, 2.05378782994e-05, 8.89523744263e-06, 7.31185252789e-07],
        "dmean2": [0.000352631381247, 0.0138472057879, 0.0075971763581, 0.00208470970392, 0.00204343930818, 0.00185902183875, 0.00174655008595, 0.00188838341273, 0.00247126654722, 0.000970888999291, 0.000681747158524, 0.000468761863885, 0.000438733142801, 0.000477607623907, 0.000269631593255, 0.000170171188074, 0.000190653241589, 0.000289868388791, 0.000285583751975, 0.000216240820009, 0.000326909852447, 0.000266554532573, 0.00011721582996, 5.16762629559e-05, 2.82945202343e-05, 1.22730607472e-05, 1.08000165255e-06],
        "dvar": [1.92788050413e-07, 0.000184599382919, 0.000240159250097, 6.90133401804e-06, 5.84318786423e-06, 4.3687514335e-06, 9.07877529244e-06, 1.10113433038e-05, 1.68483002199e-05, 4.02193700211e-06, 2.95297581943e-06, 8.36713923036e-07, 6.20136802354e-07, 8.44869362027e-07, 2.58985210166e-07, 9.39336004535e-08, 9.42333429066e-08, 3.8275649672e-07, 3.99388454753e-07, 2.37718239759e-07, 6.94506354648e-07, 4.7633997724e-07, 4.65469476296e-08, 1.04580628602e-08, 4.33859037585e-09, 1.1610147288e-09, 4.24667852966e-12],
        "dvar2": [2.98191025649e-07, 0.000390193570638, 0.000407259358326, 1.62514661497e-05, 1.44632194861e-05, 1.04439404822e-05, 2.1961859602e-05, 2.62741759798e-05, 4.14742462453e-05, 9.76737828751e-06, 6.79600361764e-06, 1.88197191164e-06, 1.36837400078e-06, 1.94737776837e-06, 6.3219039248e-07, 2.16356340843e-07, 2.40033415366e-07, 8.78044374986e-07, 7.62643423968e-07, 3.8876129338e-07, 1.47063849454e-06, 7.377655038e-07, 9.99187648176e-08, 2.01683718615e-08, 8.96022189778e-09, 2.30956964664e-09, 8.57187411329e-12],
        "max": [0.00772670516744, 0.15204039216, 0.153411611915, 0.0288736112416, 0.0332203060389, 0.0501107908785, 0.0775283500552, 0.0627708733082, 0.10182069242, 0.0627863928676, 0.0508308187127, 0.0241655688733, 0.0235899500549, 0.0228434465826, 0.014734627679, 0.00779660185799, 0.00484008714557, 0.00994922034442, 0.00643850117922, 0.00584825128317, 0.00791805237532, 0.00646630302072, 0.00425735162571, 0.00298598106019, 0.00169233593624, 0.000858930405229, 8.01287969807e-05],
        "mean": [0.000705533078872, 0.0244775824249, 0.00619924534112, 0.00171158614103, 0.00171850819606, 0.00173984654248, 0.00141174776945, 0.00141711300239, 0.00210533896461, 0.000767891004216, 0.00051464990247, 0.000406076840591, 0.000390857458115, 0.000457322079455, 0.000205439035199, 0.000139139432576, 0.000162360069226, 0.000238900189288, 0.000257393810898, 0.000200924027013, 0.000257067877101, 0.000239098983002, 0.000113457113912, 5.47042909602e-05, 2.95288773486e-05, 1.26439108499e-05, 9.59487579166e-07],
        "median": [0.000126407423522, 0.0210240334272, 0.000641479797196, 0.000257244129898, 0.000603877590038, 0.000737921218388, 0.00048887624871, 0.000360815320164, 0.000664308900014, 0.000182516785571, 5.6112454331e-05, 6.3819999923e-05, 5.05551870447e-05, 5.55899532628e-05, 5.12017104484e-05, 3.56129530701e-05, 4.86838325742e-05, 5.15209139849e-05, 5.78220569878e-05, 3.98560950998e-05, 4.05391510867e-05, 3.0530289223e-05, 3.10954201268e-05, 1.47973487401e-05, 7.12519704393e-06, 2.72663373835e-06, 1.69086263213e-07],
        "min": [7.63753908077e-24, 8.69495979256e-24, 1.00212250897e-23, 1.52693778526e-23, 5.60647358091e-23, 4.85984229321e-23, 7.21887497892e-23, 3.07899605719e-23, 4.99857736734e-23, 1.19389970685e-22, 6.88400983554e-23, 9.6515049161e-23, 6.34691357268e-23, 1.34545377069e-22, 1.73480648343e-22, 1.5370775509e-22, 2.22333971166e-22, 1.40756501806e-22, 2.16344232354e-22, 3.20999467777e-22, 4.21999058655e-22, 3.49189469023e-22, 6.32314954811e-22, 1.07648761871e-21, 1.19360667973e-21, 1.61360501043e-21, 2.24682731936e-21],
        "var": [1.29989427933e-06, 0.000458364113001, 0.000364160165191, 1.31440119731e-05, 8.58943167259e-06, 7.09916639607e-06, 1.06423831312e-05, 1.27802286443e-05, 1.95099728444e-05, 4.647399237e-06, 3.81305835617e-06, 1.42578142004e-06, 1.2332558299e-06, 2.14762212636e-06, 2.95869426736e-07, 1.21058349123e-07, 1.18959910367e-07, 4.53726130445e-07, 5.73128090764e-07, 3.85010480386e-07, 8.72802445429e-07, 7.80575646786e-07, 7.11494081429e-08, 1.89801063755e-08, 7.85937626091e-09, 2.00183847276e-09, 6.9969130316e-12]
    },
    "erbbands": {
        "dmean": [0.320621937513, 2.00544714928, 6.04224443436, 5.34294366837, 2.82164502144, 4.46681880951, 6.81412410736, 9.95702075958, 17.5900821686, 16.7086372375, 29.4022502899, 33.0461807251, 21.4646587372, 15.9020242691, 14.2568788528, 11.7987995148, 12.4468097687, 13.8335447311, 10.4999580383, 6.97177362442, 5.39121389389, 6.39405870438, 9.67133998871, 8.07832050323, 10.61769104, 6.55379343033, 8.32385826111, 9.08421993256, 7.26417589188, 3.72519493103, 2.53789782524, 1.13904118538, 0.477992862463, 0.26640060544, 0.128984212875, 0.0498161613941, 0.0141965337098, 0.00291706412099, 7.24383207853e-05, 2.06996774068e-05],
        "dmean2": [0.462071627378, 2.99405455589, 8.49518108368, 8.3996591568, 4.66748905182, 7.20534276962, 10.9688215256, 16.0817985535, 28.4336605072, 26.8098506927, 47.5602531433, 52.438129425, 33.6694564819, 24.4184150696, 21.6738090515, 17.9308662415, 18.9767684937, 21.6402282715, 16.5557575226, 11.0093193054, 8.30085754395, 10.1191530228, 15.2842540741, 11.9082632065, 15.5545768738, 9.33525943756, 12.207406044, 13.1412363052, 10.945104599, 5.23935508728, 3.66570043564, 1.62635409832, 0.658298075199, 0.375367671251, 0.181400641799, 0.0700804740191, 0.0195535048842, 0.00390631053597, 9.63782003964e-05, 2.99760740745e-05],
        "dvar": [0.255138993263, 9.52430343628, 283.957702637, 172.218017578, 29.2412910461, 82.0241928101, 237.472122192, 395.047546387, 2026.99291992, 2436.36865234, 6955.94677734, 9402.41894531, 3911.68334961, 3570.15966797, 2674.94946289, 1119.74169922, 1115.16577148, 1314.78417969, 1457.89758301, 253.829330444, 190.159805298, 279.413635254, 1023.39013672, 665.934204102, 1257.83789062, 439.28805542, 951.305969238, 1197.07519531, 821.936889648, 143.480804443, 45.7030982971, 10.1140289307, 1.74014472961, 0.663007557392, 0.209597140551, 0.0416907966137, 0.00290644075722, 8.48584459163e-05, 4.22959551827e-08, 7.83555276218e-10],
        "dvar2": [0.509954214096, 20.3267650604, 488.047637939, 356.848388672, 72.5695266724, 203.237167358, 598.978759766, 930.303344727, 4900.25488281, 5770.59521484, 16420.3574219, 23440.2714844, 9768.42675781, 7822.15234375, 5829.74169922, 2380.16503906, 2490.50927734, 2915.57519531, 3420.44873047, 574.259399414, 434.764373779, 683.560974121, 2429.71850586, 1412.99951172, 2258.5769043, 710.699279785, 1850.32385254, 2592.60766602, 1343.56030273, 222.64743042, 100.2134552, 20.4872894287, 3.49083685875, 1.34909713268, 0.456649452448, 0.0880093798041, 0.00584906199947, 0.000167403195519, 8.19190262291e-08, 1.44217837672e-09],
        "max": [5.09302997589, 41.7215881348, 155.978363037, 130.761825562, 146.005722046, 150.242080688, 332.07901001, 597.48059082, 1302.52429199, 1384.87841797, 2420.21728516, 3220.75244141, 2430.79956055, 1962.48986816, 1260.66955566, 1064.42102051, 831.161621094, 995.60736084, 974.96307373, 400.828674316, 291.845214844, 262.470458984, 567.384094238, 317.424865723, 376.205078125, 264.692077637, 359.844299316, 345.795257568, 293.05380249, 126.667945862, 117.880348206, 100.58139801, 40.2508163452, 22.9045734406, 12.6877193451, 6.16061782837, 1.4598274231, 0.325943499804, 0.00731492368504, 0.000320363848004],
        "mean": [0.851260304451, 4.98998451233, 7.54430007935, 7.06127643585, 3.64309096336, 6.06531620026, 9.1297712326, 15.0209980011, 25.2275981903, 21.6166343689, 37.4874000549, 46.0642242432, 29.8655776978, 20.1435680389, 18.1550445557, 17.7363796234, 17.9499588013, 21.7856521606, 15.7097005844, 10.2312355042, 7.86734724045, 9.24293994904, 12.7149276733, 11.1974449158, 13.7338056564, 9.11801242828, 10.2023429871, 10.1535768509, 9.47217750549, 5.08230924606, 3.32912278175, 1.61724448204, 0.736239314079, 0.388047486544, 0.174420014024, 0.067001491785, 0.020226251334, 0.00418482441455, 0.000120381082525, 5.52174460609e-05],
        "median": [0.732466936111, 3.44819736481, 2.020632267, 1.09457886219, 0.908156991005, 2.01011252403, 2.7129535675, 6.20446681976, 8.26978683472, 6.82271575928, 12.0068531036, 14.4872817993, 10.7937011719, 3.87637257576, 2.6789855957, 2.96157121658, 2.69818496704, 3.36585760117, 2.52703619003, 3.08596944809, 2.46718621254, 2.89987850189, 2.77757310867, 2.90208148956, 3.0204706192, 1.85797250271, 1.67618465424, 1.53750920296, 1.12425386906, 0.955235123634, 0.850626349449, 0.444572895765, 0.197000175714, 0.0940861776471, 0.0394553467631, 0.0136255491525, 0.00461075734347, 0.000869463721756, 4.34685061919e-05, 4.67890276923e-05],
        "min": [4.28314313031e-22, 1.14094560736e-21, 7.05171552981e-21, 3.95504486859e-20, 1.48821980188e-19, 1.41138441649e-19, 1.91964580237e-19, 5.28082287715e-19, 8.63365214859e-19, 9.76202783374e-19, 9.30807628345e-19, 1.2375849293e-18, 2.15346360195e-18, 3.98726160182e-18, 3.99404034694e-18, 3.18618970453e-18, 2.67861637783e-18, 6.68058483735e-18, 7.82203080336e-18, 6.62602524492e-18, 1.07291860175e-17, 1.21532394806e-17, 1.08629948893e-17, 6.78050660099e-18, 1.3071893034e-17, 1.70081304133e-17, 1.60741458944e-17, 1.64215055034e-17, 1.04910117678e-17, 1.93295929501e-17, 1.73145594712e-17, 2.04129745594e-17, 1.8421634842e-17, 1.03020638636e-17, 8.82304590318e-18, 6.41826808073e-18, 3.08043156129e-18, 1.13094945762e-18, 3.36624665796e-19, 3.38862551245e-20],
        "var": [0.642915308475, 23.2139186859, 420.689880371, 289.061126709, 40.949180603, 123.857307434, 342.855377197, 605.321044922, 2654.265625, 2974.79370117, 7912.62402344, 10449.7060547, 4462.09765625, 4781.61376953, 4025.46411133, 2407.51904297, 2052.85302734, 3312.1784668, 2862.77197266, 401.806274414, 288.796936035, 367.115631104, 1197.4934082, 893.880371094, 1823.2487793, 750.251159668, 1308.02441406, 1438.16564941, 1290.71801758, 248.835632324, 65.4028167725, 16.7491016388, 3.17356586456, 1.23439705372, 0.328369915485, 0.0640873685479, 0.00511614838615, 0.000146928694448, 7.62446461522e-08, 1.72271785726e-09]
    },
    "gfcc": {
        "mean": [-19.8131904602, 103.224517822, -96.930770874, 44.4192352295, -56.0206222534, 20.0818328857, -19.3635177612, 18.9191455841, -5.00055217743, 8.31151199341, -7.66065120697, 1.19583773613, -9.66749191284],
        "cov": [[3852.70776367, -331.979858398, -470.43939209, -189.952850342, -473.15057373, -210.018585205, -192.017288208, -40.0521392822, -235.914672852, 116.68939209, -116.096679688, 43.1040496826, -93.3282012939], [-331.979858398, 869.341796875, -6.02319145203, -216.878005981, 41.2087173462, -115.687988281, 116.534790039, -38.9733085632, 111.093101501, -34.8572425842, 108.852714539, -27.5788707733, 66.0848236084], [-470.43939209, -6.02319145203, 936.59197998, 242.063217163, 58.3850021362, -11.0382013321, -45.2242965698, 70.2256317139, 1.57306373119, -2.03666615486, -42.7665557861, -4.06244564056, 4.45101499557], [-189.952850342, -216.878005981, 242.063217163, 570.50390625, 188.34992981, 11.4961481094, -14.4844799042, -36.7697143555, 40.1824493408, -54.7311477661, -17.9821109772, -25.8930644989, 12.9893836975], [-473.15057373, 41.2087173462, 58.3850021362, 188.34992981, 418.24810791, 207.71762085, 82.1893768311, -5.74087667465, 73.0736694336, 4.22505331039, 64.4894714355, -12.2891607285, 19.1258335114], [-210.018585205, -115.687988281, -11.0382013321, 11.4961481094, 207.71762085, 349.591766357, 160.360931396, 4.06932830811, 1.95739531517, 7.43830823898, 42.3797569275, -14.9755506516, -17.1897163391], [-192.017288208, 116.534790039, -45.2242965698, -14.4844799042, 82.1893768311, 160.360931396, 276.230529785, 48.0655517578, 49.5481567383, -22.9544830322, 32.2807197571, -18.3650913239, 11.7966070175], [-40.0521392822, -38.9733085632, 70.2256317139, -36.7697143555, -5.74087667465, 4.06932830811, 48.0655517578, 183.774353027, 83.6369628906, 32.119556427, -2.44259905815, 18.9623241425, 36.0044975281], [-235.914672852, 111.093101501, 1.57306373119, 40.1824493408, 73.0736694336, 1.95739531517, 49.5481567383, 83.6369628906, 211.026824951, 61.2559700012, 62.2220001221, 10.47265625, 59.1250572205], [116.68939209, -34.8572425842, -2.03666615486, -54.7311477661, 4.22505331039, 7.43830823898, -22.9544830322, 32.119556427, 61.2559700012, 134.044448853, 54.1070632935, 22.398235321, 3.78454399109], [-116.096679688, 108.852714539, -42.7665557861, -17.9821109772, 64.4894714355, 42.3797569275, 32.2807197571, -2.44259905815, 62.2220001221, 54.1070632935, 158.438278198, 64.9670562744, 38.2007293701], [43.1040496826, -27.5788707733, -4.06244564056, -25.8930644989, -12.2891607285, -14.9755506516, -18.3650913239, 18.9623241425, 10.47265625, 22.398235321, 64.9670562744, 112.967720032, 49.819278717], [-93.3282012939, 66.0848236084, 4.45101499557, 12.9893836975, 19.1258335114, -17.1897163391, 11.7966070175, 36.0044975281, 59.1250572205, 3.78454399109, 38.2007293701, 49.819278717, 104.170135498]],
        "icov": [[0.000406651524827, -0.000286367780063, 0.000337104283972, -0.000448085716926, 0.000519559718668, -0.000282206077827, 0.000195197964786, -0.000343292107573, 0.000668772263452, -0.000947461463511, 0.000567978364415, -0.000510651152581, 0.000232825332205], [-0.000286367780063, 0.00462725851685, -0.0014374993043, 0.00386115908623, -0.00266768084839, 0.0046297381632, -0.00296985101886, 0.00329368165694, -0.00260094273835, 0.00381659017876, -0.00434972345829, 0.0043675978668, -0.00231652124785], [0.000337104283972, -0.0014374993043, 0.00192218797747, -0.00197890680283, 0.00102246680763, -0.0014716949081, 0.00116942985915, -0.00195305747911, 0.00156018685084, -0.00189962680452, 0.00171218230389, -0.00152451649774, 0.000775309512392], [-0.000448085716926, 0.00386115908623, -0.00197890680283, 0.00604711379856, -0.00374695495702, 0.00436424231157, -0.00230278563686, 0.00375578529201, -0.00339837302454, 0.00472248950973, -0.00327452132478, 0.00372703326866, -0.00197400199249], [0.000519559718668, -0.00266768084839, 0.00102246680763, -0.00374695495702, 0.0066892853938, -0.00563577050343, 0.0024158146698, -0.00175285502337, 0.000693565991241, -0.00232987571508, 0.00138062890619, -0.00174121640157, 0.000772915489506], [-0.000282206077827, 0.0046297381632, -0.0014716949081, 0.00436424231157, -0.00563577050343, 0.010744586587, -0.0060563464649, 0.00320625561289, -0.000814311613794, 0.00252623762935, -0.00455744285136, 0.00422772066668, -0.0012660092907], [0.000195197964786, -0.00296985101886, 0.00116942985915, -0.00230278563686, 0.0024158146698, -0.0060563464649, 0.00824491120875, -0.00372633012012, 0.000309432012727, 0.000265217910055, 0.00108929316048, -0.00106680043973, 0.0011328967521], [-0.000343292107573, 0.00329368165694, -0.00195305747911, 0.00375578529201, -0.00175285502337, 0.00320625561289, -0.00372633012012, 0.0110959354788, -0.00558207230642, 0.00169309345074, 0.000102520803921, 0.000782983319368, -0.00264942389913], [0.000668772263452, -0.00260094273835, 0.00156018685084, -0.00339837302454, 0.000693565991241, -0.000814311613794, 0.000309432012727, -0.00558207230642, 0.0121011957526, -0.00679612532258, 1.43917895912e-05, 0.000775906140916, -0.0027589998208], [-0.000947461463511, 0.00381659017876, -0.00189962680452, 0.00472248950973, -0.00232987571508, 0.00252623762935, 0.000265217910055, 0.00169309345074, -0.00679612532258, 0.0163061097264, -0.00760239595547, 0.00356401619501, 0.000800022156909], [0.000567978364415, -0.00434972345829, 0.00171218230389, -0.00327452132478, 0.00138062890619, -0.00455744285136, 0.00108929316048, 0.000102520803921, 1.43917895912e-05, -0.00760239595547, 0.017049415037, -0.0114021003246, 0.00190792873036], [-0.000510651152581, 0.0043675978668, -0.00152451649774, 0.00372703326866, -0.00174121640157, 0.00422772066668, -0.00106680043973, 0.000782983319368, 0.000775906140916, 0.00356401619501, -0.0114021003246, 0.0207608547062, -0.0090777752921], [0.000232825332205, -0.00231652124785, 0.000775309512392, -0.00197400199249, 0.000772915489506, -0.0012660092907, 0.0011328967521, -0.00264942389913, -0.0027589998208, 0.000800022156909, 0.00190792873036, -0.0090777752921, 0.0171061530709]]
    },
    "melbands": {
        "dmean": [0.00268435501494, 0.00280637713149, 0.000836019869894, 0.000241218775045, 0.000238644424826, 0.000238582259044, 0.000250327575486, 0.000194608452148, 0.000272308418062, 0.000203332718229, 0.000107649779238, 6.60439327476e-05, 5.48308235011e-05, 3.17747835652e-05, 3.35665354214e-05, 2.7086778573e-05, 2.84792968159e-05, 2.00222875719e-05, 1.2017582776e-05, 8.36473191157e-06, 6.46351418254e-06, 6.63074524709e-06, 8.44172609504e-06, 9.69041320786e-06, 6.10012284596e-06, 9.07959019969e-06, 5.696714652e-06, 4.24362406193e-06, 5.4030224419e-06, 5.3394223869e-06, 5.25660789208e-06, 4.41095335191e-06, 3.27507063957e-06, 1.70993996562e-06, 1.51448841734e-06, 1.11755787202e-06, 5.81369590691e-07, 3.83533262038e-07, 2.50723218187e-07, 2.21566750724e-07],
        "dmean2": [0.00391395203769, 0.00397858396173, 0.00131189601962, 0.00038846328971, 0.000382667523809, 0.000385744031519, 0.000406181148719, 0.000310762581648, 0.000440633040853, 0.000320644350722, 0.000169504899532, 0.000102470432466, 8.3149272541e-05, 4.84043448523e-05, 5.15652282047e-05, 4.13620546169e-05, 4.50300904049e-05, 3.15677316394e-05, 1.93089126697e-05, 1.31977167257e-05, 1.00723154901e-05, 1.03935326479e-05, 1.39458588819e-05, 1.52455013449e-05, 9.20517595659e-06, 1.34425727083e-05, 8.46280727274e-06, 6.07363472227e-06, 7.88429315435e-06, 8.19796514406e-06, 7.85438805906e-06, 6.6268298724e-06, 4.59338889414e-06, 2.40520512307e-06, 2.22469179789e-06, 1.66087568232e-06, 8.43927807637e-07, 5.42846180451e-07, 3.47334491835e-07, 3.26187119981e-07],
        "dvar": [1.60689942277e-05, 4.40822950623e-05, 4.03155900131e-06, 2.08042550298e-07, 2.68382564172e-07, 1.98305727395e-07, 4.21697393449e-07, 3.21066181641e-07, 5.88548573432e-07, 3.52033566742e-07, 1.03302660648e-07, 6.15473894072e-08, 4.41986252042e-08, 1.16905578551e-08, 8.84633877263e-09, 6.96541890832e-09, 6.39448849427e-09, 6.24916873804e-09, 9.9549302135e-10, 5.82681347616e-10, 2.77506767565e-10, 2.52566773051e-10, 8.47815095906e-10, 1.01824249032e-09, 3.65421248816e-10, 9.48080058905e-10, 3.20129311948e-10, 1.87389645467e-10, 4.12088529966e-10, 4.10067813039e-10, 4.16765288946e-10, 2.99344493637e-10, 1.41813769061e-10, 2.50672555629e-11, 1.4597555803e-11, 1.08723152009e-11, 2.80153222669e-12, 1.16299721589e-12, 5.24515272795e-13, 5.18626808166e-13],
        "dvar2": [3.28659152729e-05, 7.88954712334e-05, 8.25950519356e-06, 5.13981206041e-07, 6.78457752201e-07, 4.75488548091e-07, 1.01200919289e-06, 7.46194473322e-07, 1.36832488806e-06, 8.77303023117e-07, 2.58633235717e-07, 1.34813376462e-07, 9.85800525655e-08, 2.54971279645e-08, 1.96288318932e-08, 1.52207011439e-08, 1.42707428097e-08, 1.47866101585e-08, 2.29580243705e-09, 1.32688349197e-09, 6.28228691291e-10, 5.80978321008e-10, 2.2326140936e-09, 2.3332016319e-09, 8.16844480944e-10, 1.77211134655e-09, 5.52145329458e-10, 3.18453818871e-10, 7.96922361435e-10, 9.41211331096e-10, 9.16800302342e-10, 5.06372721532e-10, 2.29449667599e-10, 4.73682031099e-11, 3.21054849373e-11, 2.47311598284e-11, 5.62952115479e-12, 2.40413483392e-12, 1.08970135432e-12, 1.10063379851e-12],
        "max": [0.0432131439447, 0.0651172623038, 0.0201639011502, 0.00821685418487, 0.00979579146951, 0.011968110688, 0.0181876383722, 0.0159893985838, 0.0238187126815, 0.0196353942156, 0.0123950941488, 0.00741360057145, 0.00603562127799, 0.00314124859869, 0.00271265325136, 0.00312691833824, 0.00218916474842, 0.00224175606854, 0.000922674662434, 0.000811886624433, 0.000464945449494, 0.00029769045068, 0.000576512829866, 0.000466743367724, 0.00024600274628, 0.000322826730553, 0.000225650714128, 0.000174603686901, 0.000272219564067, 0.000213239618461, 0.000210137717659, 0.000169654318597, 0.000129300911794, 5.44790746062e-05, 7.35005305614e-05, 9.57572701736e-05, 5.98834449193e-05, 3.8199537812e-05, 2.61567038251e-05, 2.25204257731e-05],
        "mean": [0.00725763430819, 0.00483015645295, 0.00110725057311, 0.00031892809784, 0.00032653400558, 0.000368918117601, 0.000356306962203, 0.000245172646828, 0.000341710023349, 0.00028225427377, 0.000144158795592, 8.00671405159e-05, 6.5617110522e-05, 4.25221987825e-05, 4.63252326881e-05, 3.82705475204e-05, 4.25432881457e-05, 2.87887050945e-05, 1.57030644914e-05, 1.08385220301e-05, 8.96497931535e-06, 9.42526276049e-06, 1.01465529951e-05, 1.21979946925e-05, 8.23535901873e-06, 1.12153929877e-05, 7.49511445974e-06, 5.75314606976e-06, 6.43199837214e-06, 6.17078922005e-06, 5.62636614632e-06, 5.65733489566e-06, 4.04454794989e-06, 2.25816461352e-06, 1.9775295641e-06, 1.45922797401e-06, 8.16532519821e-07, 5.69642679693e-07, 3.5878287008e-07, 3.08578052e-07],
        "median": [0.00645237509161, 0.00246867164969, 0.000192428968148, 0.000107759449747, 9.96521412162e-05, 0.000155790650751, 0.000121280281746, 6.13733500359e-05, 0.000101509431261, 8.09643752291e-05, 4.67724057671e-05, 1.25473934531e-05, 8.14951090433e-06, 6.47620254313e-06, 7.12103428668e-06, 4.81963616039e-06, 5.78192248213e-06, 3.20623576044e-06, 4.13581983594e-06, 2.93956554742e-06, 2.63616971097e-06, 2.94257006317e-06, 2.1800678951e-06, 2.62136927631e-06, 1.98814768737e-06, 2.17675597014e-06, 1.67305279319e-06, 1.0213374253e-06, 9.77754211817e-07, 9.74846670942e-07, 7.93060394244e-07, 6.38221649751e-07, 5.27118913851e-07, 5.00467763231e-07, 4.98121039527e-07, 3.85133660075e-07, 2.11276471873e-07, 1.45916004612e-07, 8.92621443427e-08, 7.12762755484e-08],
        "min": [2.78833043535e-24, 3.31943675903e-24, 9.26292781141e-24, 1.23765278833e-23, 6.8322943234e-24, 1.09120431115e-23, 1.38989418668e-23, 9.07577766139e-24, 8.4628595593e-24, 7.53826093584e-24, 1.02983677029e-23, 1.60010116323e-23, 1.17624178124e-23, 1.15433503501e-23, 5.74154699938e-24, 7.95107500299e-24, 1.24909024594e-23, 1.14627137773e-23, 1.39996462722e-23, 5.32874003198e-24, 1.33354033019e-23, 9.03357754727e-24, 1.70572837627e-23, 6.0316612469e-24, 4.90268414568e-24, 9.20206719257e-24, 8.70889580931e-24, 1.2369003728e-23, 9.79469894762e-24, 8.88924755605e-24, 1.0403611214e-23, 5.56868035934e-24, 7.06357493018e-24, 1.23444212445e-23, 9.57380842782e-24, 8.93709118109e-24, 1.40823078511e-23, 1.49742129232e-23, 8.65334422437e-24, 8.5631916224e-24],
        "var": [4.09101739933e-05, 6.90955494065e-05, 6.74819511914e-06, 2.92811790814e-07, 4.07485430287e-07, 3.18668384125e-07, 5.44945919501e-07, 4.13217946971e-07, 6.82185941514e-07, 4.03598789944e-07, 1.16000656192e-07, 8.12934146666e-08, 6.03287659828e-08, 1.92213605033e-08, 1.57166795134e-08, 1.55911124011e-08, 1.58229589431e-08, 1.29299326801e-08, 1.40105371749e-09, 7.36199767815e-10, 4.40421060732e-10, 3.81088965939e-10, 8.29637858413e-10, 1.1979253145e-09, 4.68838690093e-10, 1.30842148227e-09, 4.89304929907e-10, 3.13970988097e-10, 5.52189738379e-10, 4.8362824856e-10, 4.72376804339e-10, 4.6395204345e-10, 2.24583560082e-10, 3.92626452184e-11, 2.1648070489e-11, 1.44077952693e-11, 4.76142129197e-12, 1.9929886734e-12, 9.1431929302e-13, 9.08129474397e-13]
    },
    "mfcc": {
        "mean": [-666.682861328, 126.56452179, 20.2657718658, 32.8282661438, 0.888647913933, 10.5687417984, 1.63330221176, 14.0508451462, 6.46766901016, 15.3640451431, 9.98059177399, 7.82963323593, 1.52905583382],
        "cov": [[4063.23242188, -374.154724121, -462.512054443, -159.940948486, -444.546447754, -249.635192871, -187.566970825, -233.206619263, -182.84727478, -86.3952560425, -37.529296875, -197.190689087, -97.7119064331], [-374.154724121, 973.576293945, -39.8329696655, -167.603637695, -100.842773438, -95.1201477051, -19.3378391266, -9.65974903107, -15.3174962997, 14.6335277557, 36.7166786194, 6.88973999023, 34.3612594604], [-462.512054443, -39.8329696655, 726.940307617, 206.530532837, 100.924934387, -54.5287246704, -0.204832956195, -11.2642316818, 54.9049873352, -31.461763382, -16.3840122223, 5.27922964096, 1.3192602396], [-159.940948486, -167.603637695, 206.530532837, 446.387268066, 155.900390625, 16.4063167572, -45.9795265198, 1.54318165779, 40.2879371643, -22.00207901, -25.4630737305, 9.97685337067, -1.04273819923], [-444.546447754, -100.842773438, 100.924934387, 155.900390625, 368.00958252, 127.65587616, 42.8454627991, 18.1339912415, 38.6375541687, 16.8394680023, 2.63168025017, 64.1921920776, 45.7165145874], [-249.635192871, -95.1201477051, -54.5287246704, 16.4063167572, 127.65587616, 332.970153809, 165.446640015, 76.0519561768, -1.33624124527, 33.741558075, 31.3950958252, 36.3562011719, -2.96206521988], [-187.566970825, -19.3378391266, -0.204832956195, -45.9795265198, 42.8454627991, 165.446640015, 232.497650146, 104.716697693, 18.9802761078, 16.3486461639, 18.2915496826, 16.3188285828, -3.10709905624], [-233.206619263, -9.65974903107, -11.2642316818, 1.54318165779, 18.1339912415, 76.0519561768, 104.716697693, 170.365768433, 69.838394165, 26.1676902771, 6.45198488235, 31.9074726105, 11.9103040695], [-182.84727478, -15.3174962997, 54.9049873352, 40.2879371643, 38.6375541687, -1.33624124527, 18.9802761078, 69.838394165, 162.639373779, 72.9732894897, 18.2029094696, 22.6908912659, 11.4964647293], [-86.3952560425, 14.6335277557, -31.461763382, -22.00207901, 16.8394680023, 33.741558075, 16.3486461639, 26.1676902771, 72.9732894897, 141.306808472, 57.9519729614, 15.0317697525, 5.44452238083], [-37.529296875, 36.7166786194, -16.3840122223, -25.4630737305, 2.63168025017, 31.3950958252, 18.2915496826, 6.45198488235, 18.2029094696, 57.9519729614, 103.33026886, 50.0821037292, 14.7888174057], [-197.190689087, 6.88973999023, 5.27922964096, 9.97685337067, 64.1921920776, 36.3562011719, 16.3188285828, 31.9074726105, 22.6908912659, 15.0317697525, 50.0821037292, 125.274391174, 68.955871582], [-97.7119064331, 34.3612594604, 1.3192602396, -1.04273819923, 45.7165145874, -2.96206521988, -3.10709905624, 11.9103040695, 11.4964647293, 5.44452238083, 14.7888174057, 68.955871582, 113.32686615]],
