{
"lowlevel": {
    "average_loudness": 0.917144715786,
    "barkbands_crest": {
        "dmean": 3.25888681412,
        "dmean2": 5.25368118286,
        "dvar": 8.17185878754,
        "dvar2": 20.3589286804,
        "max": 26.1451854706,
        "mean": 14.3949565887,
        "median": 14.6962337494,
        "min": 2.18556594849,
        "var": 24.1510429382
    },
    "barkbands_flatness_db": {
        "dmean": 0.0329031981528,
        "dmean2": 0.0478330105543,
        "dvar": 0.000969025713857,
        "dvar2": 0.00186122010928,
        "max": 0.732905626297,
        "mean": 0.188575908542,
        "median": 0.174180552363,
        "min": 0.0123814390972,
        "var": 0.00798576977104
    },
    "barkbands_kurtosis": {
        "dmean": 14.1856174469,
        "dmean2": 21.6850223541,
        "dvar": 870.268310547,
        "dvar2": 1757.54553223,
        "max": 536.348999023,
        "mean": 22.6480331421,
        "median": 7.38725280762,
        "min": -1.94963264465,
        "var": 2015.43273926
    },
    "barkbands_skewness": {
        "dmean": 1.21798098087,
        "dmean2": 1.78998363018,
        "dvar": 1.69431567192,
        "dvar2": 3.3975019455,
        "max": 19.4784297943,
        "mean": 3.12091207504,
        "median": 2.56095790863,
        "min": -4.39483642578,
        "var": 7.54101657867
    },
    "barkbands_spread": {
        "dmean": 9.44488143921,
        "dmean2": 14.4083375931,
        "dvar": 156.262710571,
        "dvar2": 330.614349365,
        "max": 122.011268616,
        "mean": 21.1394329071,
        "median": 15.1062498093,
        "min": 0.184563294053,
        "var": 385.182373047
    },
    "dissonance": {
        "dmean": 0.0256331451237,
        "dmean2": 0.0424758680165,
        "dvar": 0.000653221271932,
        "dvar2": 0.00171542039607,
        "max": 0.500000059605,
        "mean": 0.454668819904,
        "median": 0.46439614892,
        "min": 0.216531634331,
        "var": 0.00139873893932
    },
    "dynamic_complexity": 4.20157241821,
    "erbbands_crest": {
        "dmean": 3.56103157997,
        "dmean2": 5.61713552475,
        "dvar": 10.9185962677,
        "dvar2": 25.1121234894,
        "max": 33.6233253479,
        "mean": 10.8653001785,
        "median": 9.52475643158,
        "min": 2.00867199898,
        "var": 30.8189620972
    },
    "erbbands_flatness_db": {
        "dmean": 0.024644061923,
        "dmean2": 0.0349039360881,
        "dvar": 0.000557669205591,
        "dvar2": 0.00103739660699,
        "max": 0.460661888123,
        "mean": 0.137126252055,
        "median": 0.130644455552,
        "min": 0.0261413864791,
        "var": 0.00266007566825
    },
    "erbbands_kurtosis": {
        "dmean": 1.67433321476,
        "dmean2": 2.66909456253,
        "dvar": 8.80304718018,
        "dvar2": 21.0519218445,
        "max": 116.84539032,
        "mean": 1.13106060028,
        "median": 0.0124158859253,
        "min": -1.90239179134,
        "var": 15.2557487488
    },
    "erbbands_skewness": {
        "dmean": 0.570967137814,
        "dmean2": 0.865162074566,
        "dvar": 0.351524651051,
        "dvar2": 0.783924937248,
        "max": 8.55352973938,
        "mean": 0.295175284147,
        "median": 0.291140347719,
        "min": -4.66025495529,
        "var": 1.08330905437
    },
    "erbbands_spread": {
        "dmean": 18.0855751038,
        "dmean2": 26.7008857727,
        "dvar": 437.124023438,
        "dvar2": 925.517578125,
        "max": 190.910430908,
        "mean": 52.2076873779,
        "median": 44.9991912842,
        "min": 1.42301499844,
        "var": 1068.56518555
    },
    "hfc": {
        "dmean": 15.1534929276,
        "dmean2": 23.1084079742,
        "dvar": 601.444335938,
        "dvar2": 1285.52111816,
        "max": 250.665924072,
        "mean": 26.8894901276,
        "median": 16.458158493,
        "min": 1.10065744185e-16,
        "var": 982.720581055
    },
    "melbands_crest": {
        "dmean": 4.08640813828,
        "dmean2": 6.59858560562,
        "dvar": 16.0063991547,
        "dvar2": 40.5168418884,
        "max": 39.380947113,
        "mean": 22.9086818695,
        "median": 22.8672389984,
        "min": 1.77414798737,
        "var": 72.8374557495
    },
    "melbands_flatness_db": {
        "dmean": 0.0397111736238,
        "dmean2": 0.0565929114819,
        "dvar": 0.00140904984437,
        "dvar2": 0.00264186435379,
        "max": 0.921919703484,
        "mean": 0.272606015205,
        "median": 0.267112106085,
        "min": 0.00424147117883,
        "var": 0.0122350556776
    },
    "melbands_kurtosis": {
        "dmean": 55.7203636169,
        "dmean2": 82.9345321655,
        "dvar": 25316.8417969,
        "dvar2": 53593.4921875,
        "max": 6760.21240234,
        "mean": 88.550453186,
        "median": 22.3012294769,
        "min": -1.91663837433,
        "var": 59029.4140625
    },
    "melbands_skewness": {
        "dmean": 2.08548426628,
        "dmean2": 3.05606150627,
        "dvar": 7.08348464966,
        "dvar2": 13.8198432922,
        "max": 53.9769134521,
        "mean": 5.70105981827,
        "median": 4.07185697556,
        "min": -3.14463376999,
        "var": 29.2028427124
    },
    "melbands_spread": {
        "dmean": 10.8547687531,
        "dmean2": 16.9796237946,
        "dvar": 532.947387695,
        "dvar2": 1252.6184082,
        "max": 276.2706604,
        "mean": 19.8578262329,
        "median": 10.4978981018,
        "min": 0.0349415913224,
        "var": 886.428344727
    },
    "pitch_salience": {
        "dmean": 0.0881773605943,
        "dmean2": 0.138807907701,
        "dvar": 0.00710163684562,
        "dvar2": 0.0164698082954,
        "max": 0.900398731232,
        "mean": 0.386076420546,
        "median": 0.37705513835,
        "min": 0.0126519603655,
        "var": 0.0291474666446
    },
    "silence_rate_20dB": {
        "dmean": 0.0186278969049,
        "dmean2": 0.0372586138546,
        "dvar": 0.0182821881026,
        "dvar2": 0.0437440685928,
        "max": 1,
        "mean": 0.984326481819,
        "median": 1,
        "min": 0,
        "var": 0.0154266180471
    },
    "silence_rate_30dB": {
        "dmean": 0.0784491896629,
        "dmean2": 0.156910255551,
        "dvar": 0.0723007172346,
        "dvar2": 0.151538953185,
        "max": 1,
        "mean": 0.761944413185,
        "median": 1,
        "min": 0,
        "var": 0.181369259953
    },
    "silence_rate_60dB": {
        "dmean": 0.0422535203397,
        "dmean2": 0.0845134407282,
        "dvar": 0.0404748171568,
        "dvar2": 0.0875230953097,
        "max": 1,
        "mean": 0.107973046601,
        "median": 0,
        "min": 0,
        "var": 0.096313662827
    },
    "spectral_centroid": {
        "dmean": 405.780731201,
        "dmean2": 609.675048828,
        "dvar": 281047.78125,
        "dvar2": 594910.4375,
        "max": 10850.3847656,
        "mean": 1386.81018066,
        "median": 1210.27404785,
        "min": 101.236122131,
        "var": 716130.5
    },
    "spectral_complexity": {
        "dmean": 3.67908525467,
        "dmean2": 5.18379402161,
        "dvar": 28.8449897766,
        "dvar2": 42.984916687,
        "max": 65,
        "mean": 12.0772314072,
        "median": 10,
        "min": 0,
        "var": 98.7585906982
    },
    "spectral_decrease": {
        "dmean": 7.6753972067e-09,
        "dmean2": 1.23952288433e-08,
        "dvar": 1.417272468e-16,
        "dvar2": 3.31595240581e-16,
        "max": 2.92196524021e-29,
        "mean": -1.81512955777e-08,
        "median": -9.67967572763e-09,
        "min": -1.33482785714e-07,
        "var": 4.98728870058e-16
    },
    "spectral_energy": {
        "dmean": 0.0298429392278,
        "dmean2": 0.0481072477996,
        "dvar": 0.00208679586649,
        "dvar2": 0.00485926959664,
        "max": 0.506603300571,
        "mean": 0.0709460526705,
        "median": 0.038767054677,
        "min": 9.87300726379e-21,
        "var": 0.00728462869301
    },
    "spectral_energyband_high": {
        "dmean": 0.00124178430997,
        "dmean2": 0.00188726128545,
        "dvar": 5.01273734699e-06,
        "dvar2": 1.0686449059e-05,
        "max": 0.0227811019868,
        "mean": 0.00157139089424,
        "median": 0.000427683989983,
        "min": 6.91158838754e-21,
        "var": 7.21089554645e-06
    },
    "spectral_energyband_low": {
        "dmean": 0.0249727219343,
        "dmean2": 0.040607765317,
        "dvar": 0.00200649467297,
        "dvar2": 0.00467111682519,
        "max": 0.495316386223,
        "mean": 0.056329075247,
        "median": 0.0220034848899,
        "min": 4.07351236932e-23,
        "var": 0.00669735018164
    },
    "spectral_energyband_middle_high": {
        "dmean": 0.0021950553637,
        "dmean2": 0.0032578650862,
        "dvar": 1.72276868398e-05,
        "dvar2": 4.04174934374e-05,
        "max": 0.0918987989426,
        "mean": 0.00399510143325,
        "median": 0.00149270507973,
        "min": 1.507041186e-21,
        "var": 3.494727207e-05
    },
    "spectral_energyband_middle_low": {
        "dmean": 0.00646395795047,
        "dmean2": 0.0105235334486,
        "dvar": 0.000165526274941,
        "dvar2": 0.000434909277828,
        "max": 0.201939851046,
        "mean": 0.00879094563425,
        "median": 0.00444859173149,
        "min": 2.47197756183e-22,
        "var": 0.000172413085238
    },
    "spectral_entropy": {
        "dmean": 0.260267466307,
        "dmean2": 0.362701117992,
        "dvar": 0.0721998512745,
        "dvar2": 0.136046200991,
        "max": 9.7960691452,
        "mean": 7.64266109467,
        "median": 7.639544487,
        "min": 3.72565746307,
        "var": 0.330897182226
    },
    "spectral_flux": {
        "dmean": 0.0459543317556,
        "dmean2": 0.0719574764371,
        "dvar": 0.00346514978446,
        "dvar2": 0.00773921003565,
        "max": 0.531350135803,
        "mean": 0.118151038885,
        "median": 0.0967287570238,
        "min": 6.88852377917e-11,
        "var": 0.00808244850487
    },
    "spectral_kurtosis": {
        "dmean": 1.5808532238,
        "dmean2": 2.36786174774,
        "dvar": 7.49275016785,
        "dvar2": 15.8642635345,
        "max": 198.770874023,
        "mean": 3.68557810783,
        "median": 3.0251250267,
        "min": -1.2924053669,
        "var": 36.5632705688
    },
    "spectral_rms": {
        "dmean": 0.00160359835718,
        "dmean2": 0.00249158963561,
        "dvar": 3.96620316678e-06,
        "dvar2": 8.47094361234e-06,
        "max": 0.0222316700965,
        "mean": 0.00692472141236,
        "median": 0.00614992016926,
        "min": 3.10357902572e-12,
        "var": 2.12643190025e-05
    },
    "spectral_rolloff": {
        "dmean": 847.149536133,
        "dmean2": 1404.06835938,
        "dvar": 3495146.25,
        "dvar2": 7374908,
        "max": 19121.484375,
        "mean": 1394.62963867,
        "median": 452.197265625,
        "min": 43.06640625,
        "var": 6240328
    },
    "spectral_skewness": {
        "dmean": 0.282551467419,
        "dmean2": 0.411541074514,
        "dvar": 0.0939308702946,
        "dvar2": 0.194628939033,
        "max": 12.7258453369,
        "mean": 1.49881327152,
        "median": 1.4970331192,
        "min": -0.222961515188,
        "var": 0.394777566195
    },
    "spectral_spread": {
        "dmean": 1288218.5,
        "dmean2": 1757097,
        "dvar": 2.36550016205e+12,
        "dvar2": 4.48591927706e+12,
        "max": 41127256,
        "mean": 6629758,
        "median": 6145875,
        "min": 714108.4375,
        "var": 7.38151104512e+12
    },
    "spectral_strongpeak": {
        "dmean": 0.437212020159,
        "dmean2": 0.734091997147,
        "dvar": 0.781214237213,
        "dvar2": 1.91520476341,
        "max": 15.6248121262,
        "mean": 0.740650236607,
        "median": 0.411623984575,
        "min": 0,
        "var": 1.10949039459
    },
    "zerocrossingrate": {
        "dmean": 0.0187021773309,
        "dmean2": 0.0213404968381,
        "dvar": 0.000649256340694,
        "dvar2": 0.000745264580473,
        "max": 0.5,
        "mean": 0.0606189705431,
        "median": 0.04296875,
        "min": 0.00146484375,
        "var": 0.0036300139036
    },
    "barkbands": {
        "dmean": [0.00408761063591, 0.0200228616595, 0.00672506121919, 0.00131147028878, 0.00206490233541, 0.000907615176402, 0.00132110004779, 0.00143854762428, 0.00114091625437, 0.000389933557017, 0.000444539211458, 0.000447588070529, 0.000449172977824, 0.000334757380188, 0.000366587133612, 0.000251766963629, 0.000234206876485, 0.000174978471478, 0.000200717608095, 0.000100995443063, 0.000124315454741, 0.000159867093316, 0.000289920106297, 0.00024170098186, 0.000222757676966, 0.000245973002166, 1.07736468635e-05],
        "dmean2": [0.00624074786901, 0.0325825177133, 0.0112001430243, 0.00243665301241, 0.00341991591267, 0.00145076890476, 0.00216322927736, 0.0023234016262, 0.00178442813922, 0.000601691193879, 0.000725438992959, 0.000717630377039, 0.000718317867722, 0.000533216865733, 0.000563870882615, 0.000395543844206, 0.00035814254079, 0.000268247182248, 0.000309070543153, 0.000150522813783, 0.000182692674571, 0.00023875660554, 0.000456629961263, 0.000372468726709, 0.000346953602275, 0.000396752526285, 1.71151150425e-05],
        "dvar": [8.14301820355e-05, 0.0013269368792, 0.000488762860186, 2.13433850149e-05, 4.19496464019e-05, 8.68088864081e-06, 1.20539061754e-05, 1.35105929076e-05, 1.26959866975e-05, 1.51655422087e-06, 2.01878083317e-06, 2.49007325692e-06, 3.02787066175e-06, 1.27741020606e-06, 1.17552144729e-06, 3.03084931375e-07, 2.71071257885e-07, 2.63847482529e-07, 2.61577270066e-07, 7.45522115153e-08, 8.14642149294e-08, 1.06388753807e-07, 3.3436913327e-07, 2.28401873414e-07, 1.73870716935e-07, 2.51357477055e-07, 5.28742327699e-10],
        "dvar2": [0.000164796190802, 0.0033503214363, 0.0011900170939, 6.14441159996e-05, 0.000107308158476, 1.9896966478e-05, 3.12385673169e-05, 3.36511220667e-05, 2.8586398912e-05, 3.22537061948e-06, 5.0047269724e-06, 5.91701791564e-06, 7.76675460656e-06, 3.21480843013e-06, 2.58901945926e-06, 7.39017764317e-07, 5.87412671393e-07, 5.23440235156e-07, 6.02227544277e-07, 1.436399657e-07, 1.58788324711e-07, 2.21514738996e-07, 8.20735522211e-07, 5.21714241586e-07, 3.99514732408e-07, 6.07157176091e-07, 1.25991639344e-09],
        "max": [0.121705174446, 0.389235407114, 0.190426424146, 0.0533011034131, 0.118752807379, 0.0655145272613, 0.0627302676439, 0.0781868994236, 0.0663916319609, 0.0431470014155, 0.0314090847969, 0.0508059374988, 0.0846421867609, 0.0320210978389, 0.0256467051804, 0.00886428169906, 0.0142815159634, 0.0141205769032, 0.00997638422996, 0.00376964407042, 0.00400039600208, 0.00625819619745, 0.00482951011509, 0.00610809354112, 0.00728701474145, 0.00582053977996, 0.000327297777403],
        "mean": [0.0122137088329, 0.0379215590656, 0.0065609109588, 0.000946936837863, 0.00216047628783, 0.000995096168481, 0.00147509202361, 0.00168454600498, 0.00127614638768, 0.000506762706209, 0.000505357515067, 0.000548500334844, 0.000511440157425, 0.000419045769377, 0.000434072047938, 0.000349504873157, 0.000313497788738, 0.000223924958846, 0.000275693484582, 0.000134904243168, 0.000172318163095, 0.000201681687031, 0.000301415129798, 0.000274180580163, 0.000274185731541, 0.000253504258581, 1.16170003821e-05],
        "median": [0.00064982654294, 0.0164749454707, 0.000644709216431, 9.21448154259e-05, 0.000348913890775, 0.000140449716127, 0.000158844020916, 0.000281508284388, 0.00012299788068, 8.46574548632e-05, 3.97623989556e-05, 7.88559918874e-05, 6.52523813187e-05, 7.28104350856e-05, 6.75425399095e-05, 7.34451750759e-05, 7.76994493208e-05, 4.63450560346e-05, 6.63093815092e-05, 3.45836779161e-05, 4.87809302285e-05, 5.57855746592e-05, 5.82312095503e-05, 4.78659276268e-05, 4.79414920846e-05, 3.2635180105e-05, 1.76379751338e-06],
        "min": [1.00789965292e-23, 6.61582142468e-24, 8.20111945526e-24, 1.57300126679e-24, 3.38080571983e-23, 1.91570106113e-23, 9.12314244786e-24, 9.84795968049e-24, 4.74313347772e-23, 4.99339991545e-23, 4.46417017353e-23, 5.52992946064e-23, 5.52089984317e-23, 5.7953331925e-23, 1.13574311387e-22, 7.11661714859e-23, 1.29843374799e-22, 2.31108628787e-22, 2.36602306618e-22, 3.15574578617e-22, 2.27866246384e-22, 5.01483194096e-22, 6.21909210518e-22, 6.79313747688e-22, 1.21585846425e-21, 1.4477623658e-21, 1.99380537156e-21],
        "var": [0.000576804799493, 0.00339283258654, 0.000409757660236, 1.24473062897e-05, 3.90045315726e-05, 1.09996599349e-05, 1.34921219797e-05, 1.53256660269e-05, 1.80300285137e-05, 2.58236627815e-06, 2.55575582742e-06, 3.17568378705e-06, 4.21185177402e-06, 1.65141352682e-06, 1.70699320279e-06, 4.88190323722e-07, 4.44141903699e-07, 4.81891902382e-07, 4.15756062466e-07, 1.07048087727e-07, 1.32722846047e-07, 1.66100150523e-07, 3.57059917633e-07, 3.03871644292e-07, 2.65884580131e-07, 2.62505722048e-07, 5.90252346999e-10]
    },
    "erbbands": {
        "dmean": [1.06885302067, 2.8786418438, 6.64437627792, 6.4746556282, 3.63481116295, 9.7557144165, 7.06071281433, 7.93784093857, 16.9867115021, 21.2188415527, 32.885093689, 24.4918270111, 18.5753231049, 11.9483032227, 18.0974674225, 17.5137481689, 18.8357887268, 18.2955932617, 19.16888237, 13.3568124771, 14.0712709427, 12.4212465286, 9.2219209671, 9.8894443512, 8.58212947845, 4.90462446213, 5.1489071846, 4.76584672928, 5.77020549774, 7.63339090347, 8.69100189209, 6.03121852875, 3.49031758308, 2.30957055092, 1.72843706608, 1.16834235191, 0.416177213192, 0.0671803429723, 0.00140983809251, 7.18111841707e-05],
        "dmean2": [1.75799047947, 4.48369646072, 10.4603319168, 11.4985485077, 6.30689096451, 16.333322525, 11.361041069, 12.6185417175, 27.7159767151, 33.7225646973, 53.3277626038, 37.9041786194, 28.8621292114, 19.0851268768, 28.2770328522, 27.9134292603, 29.5739440918, 28.5619487762, 29.7850761414, 20.4963855743, 21.5567302704, 18.6694335938, 13.7912654877, 14.947306633, 13.3068628311, 7.31409740448, 7.50559329987, 7.17421770096, 8.64710235596, 11.8306760788, 13.7910690308, 9.55955982208, 5.26310014725, 3.59774971008, 2.72092962265, 1.89536142349, 0.664555549622, 0.107323758304, 0.00223658280447, 0.000113806214358],
        "dvar": [4.45973587036, 27.2679824829, 398.433868408, 508.244598389, 77.8430480957, 1228.50976562, 460.10256958, 851.265625, 2232.31738281, 2762.54785156, 7950.21777344, 5772.55712891, 3867.63330078, 1222.19494629, 3420.72509766, 3508.67236328, 4160.921875, 4621.82421875, 3356.72729492, 1394.23596191, 833.31427002, 838.365539551, 788.576843262, 577.546813965, 598.226257324, 175.011459351, 184.441390991, 94.4606704712, 132.431518555, 255.136566162, 303.754852295, 159.66734314, 47.1991195679, 18.7743453979, 10.5578155518, 5.55816507339, 0.739714682102, 0.0182361658663, 7.94847255747e-06, 1.31011503868e-08],
        "dvar2": [11.1933631897, 63.5953483582, 867.561767578, 1383.37915039, 210.297653198, 3193.89111328, 1105.46533203, 1981.55761719, 5810.56835938, 6651.30859375, 19655.3125, 12749.4902344, 8385.82910156, 3006.45849609, 8097.94726562, 8524.4375, 10143.5869141, 11742.0859375, 7444.08447266, 3228.29833984, 1942.37011719, 1791.18322754, 1488.00183105, 1255.43798828, 1450.9777832, 342.081787109, 349.071899414, 184.30267334, 273.046813965, 595.120727539, 756.778930664, 398.737487793, 99.6609725952, 42.2733383179, 24.7974243164, 13.6003446579, 1.77272546291, 0.0430368930101, 1.85790140677e-05, 2.97123285975e-08],
        "max": [24.368938446, 50.9090957642, 171.942642212, 215.570526123, 126.200584412, 656.796691895, 587.298522949, 826.637512207, 937.945861816, 969.354309082, 1998.06396484, 1843.27868652, 1678.39465332, 731.286560059, 1416.5378418, 1911.99609375, 1665.67419434, 2910.81835938, 1647.44873047, 1138.66894531, 544.975036621, 843.532958984, 900.127563477, 527.625, 301.200317383, 197.961502075, 177.006622314, 199.142166138, 198.487442017, 212.05657959, 157.810531616, 106.081260681, 118.593299866, 89.0243606567, 60.6637153625, 27.4769058228, 10.9543247223, 1.42533218861, 0.0292340125889, 0.00112853257451],
        "mean": [2.10042738914, 4.65921068192, 7.63828420639, 5.33660364151, 3.58289051056, 9.57841682434, 7.46569776535, 8.94797134399, 19.1642570496, 24.9706287384, 38.9525260925, 29.0191040039, 23.2075042725, 13.814078331, 24.0427284241, 23.2045173645, 23.1736373901, 24.3456306458, 23.8722724915, 17.2885742188, 21.3023471832, 17.5153560638, 12.8251447678, 14.1507501602, 11.1271390915, 6.68114089966, 6.95946979523, 6.91883802414, 7.2644944191, 8.19558238983, 8.92014980316, 6.38304519653, 4.20153903961, 2.80225086212, 2.07768082619, 1.22669029236, 0.426425665617, 0.0685488656163, 0.00150838971604, 0.000128381245304],
        "median": [0.658038437366, 2.10598254204, 0.972518444061, 0.73551350832, 0.772489786148, 1.10849153996, 1.2724313736, 1.45039880276, 2.2964925766, 4.79503583908, 7.07513189316, 3.81974124908, 3.60921669006, 2.21148395538, 2.56411004066, 4.55797243118, 4.25290822983, 4.27659273148, 4.15165948868, 3.28548765182, 5.21156835556, 4.25487995148, 2.96674346924, 3.41565513611, 2.93655204773, 1.79609036446, 1.66113340855, 2.28285288811, 2.07246899605, 1.70341300964, 1.6390184164, 1.13981318474, 0.702175617218, 0.478563755751, 0.355247229338, 0.174813702703, 0.0519878454506, 0.00889266934246, 0.000229216297157, 6.82848549332e-05],
        "min": [3.23046366188e-22, 1.79012567626e-21, 1.40655568504e-20, 1.24569530919e-20, 2.43070722693e-20, 8.31283234521e-20, 9.73162093291e-20, 2.3541229361e-19, 1.40619334116e-19, 2.98301801607e-19, 4.01168302373e-19, 9.77708045293e-19, 9.93461493264e-19, 2.09696054867e-18, 3.29657261458e-18, 2.38247041569e-18, 2.42702898093e-18, 2.74061976859e-18, 5.87951376724e-18, 4.9783162063e-18, 4.59227845905e-18, 8.60942402845e-18, 1.2218806779e-17, 8.15152744702e-18, 1.46148537101e-17, 1.54020451031e-17, 1.02375098614e-17, 1.14179114848e-17, 1.62058165043e-17, 1.60441043489e-17, 1.7991649816e-17, 1.47568045206e-17, 1.18606309563e-17, 1.2299966432e-17, 8.84341439858e-18, 4.33933448594e-18, 2.47129948052e-18, 1.03650156169e-18, 2.40121587934e-19, 2.89986290618e-20],
        "var": [13.4324645996, 49.9169692993, 420.919067383, 339.433288574, 68.3999557495, 1061.95544434, 510.55569458, 1049.46508789, 2459.61889648, 3491.49365234, 9020.58691406, 8825.74609375, 5795.98339844, 1504.86950684, 5359.52490234, 4487.23388672, 5491.69628906, 7026.16650391, 4823.73388672, 2014.29846191, 1562.9876709, 1423.98168945, 1608.30175781, 1056.77062988, 744.16418457, 254.285415649, 282.294586182, 170.26776123, 209.902816772, 302.96887207, 311.852325439, 167.661056519, 75.1370849609, 29.6264591217, 15.0844297409, 5.91859531403, 0.782484173775, 0.0194616653025, 8.79395702214e-06, 2.27060503732e-08]
    },
    "gfcc": {
        "mean": [-18.4277248383, 63.4752159119, -84.2549438477, 34.8372344971, -45.0641479492, 27.2438392639, -28.4442863464, 23.7589740753, -10.8413047791, 16.4608192444, -12.8503856659, 7.56810474396, -15.3587360382],
        "cov": [[11575.8017578, -1297.68237305, -207.90914917, -300.917297363, -437.379943848, 276.790374756, -608.577331543, 133.487701416, -302.688812256, -46.4985580444, -385.78125, 296.484832764, -84.5283203125], [-1297.68237305, 1881.43908691, -339.207946777, -16.7533397675, 474.974884033, -164.518783569, 364.966461182, -8.41778373718, 233.450515747, -49.8101654053, 188.264602661, -133.537506104, 127.933456421], [-207.90914917, -339.207946777, 1212.90759277, 394.112304688, 95.1149978638, 180.941452026, -50.1137542725, 16.6822814941, -73.6590194702, 6.13107395172, -34.1131629944, 14.263261795, -79.4094314575], [-300.917297363, -16.7533397675, 394.112304688, 537.792053223, 203.149795532, 18.2355175018, 13.1125173569, -13.2954435349, 23.5514297485, -3.27744531631, 17.7104549408, -33.8437919617, 17.4608955383], [-437.379943848, 474.974884033, 95.1149978638, 203.149795532, 514.562988281, 108.987167358, 171.776611328, 52.1627159119, 120.994873047, 18.0129947662, 56.3256492615, -70.4141235352, 57.4437789917], [276.790374756, -164.518783569, 180.941452026, 18.2355175018, 108.987167358, 312.129638672, 114.100128174, 57.301235199, 9.77705764771, 26.4554462433, -11.3982400894, 14.6509304047, -0.436057150364], [-608.577331543, 364.966461182, -50.1137542725, 13.1125173569, 171.776611328, 114.100128174, 443.16583252, 122.089691162, 79.8180541992, 13.3499145508, 75.7756576538, -50.0140151978, 25.107006073], [133.487701416, -8.41778373718, 16.6822814941, -13.2954435349, 52.1627159119, 57.301235199, 122.089691162, 183.78855896, 51.6503448486, 25.092382431, 15.8561897278, -9.35314083099, -9.32571029663], [-302.688812256, 233.450515747, -73.6590194702, 23.5514297485, 120.994873047, 9.77705764771, 79.8180541992, 51.6503448486, 211.862579346, 65.9416275024, 47.9143867493, -23.9724140167, 39.4056129456], [-46.4985580444, -49.8101654053, 6.13107395172, -3.27744531631, 18.0129947662, 26.4554462433, 13.3499145508, 25.092382431, 65.9416275024, 142.523223877, 40.3885536194, 1.84332895279, 11.6397285461], [-385.78125, 188.264602661, -34.1131629944, 17.7104549408, 56.3256492615, -11.3982400894, 75.7756576538, 15.8561897278, 47.9143867493, 40.3885536194, 147.11227417, 34.0262985229, 31.7654247284], [296.484832764, -133.537506104, 14.263261795, -33.8437919617, -70.4141235352, 14.6509304047, -50.0140151978, -9.35314083099, -23.9724140167, 1.84332895279, 34.0262985229, 148.6534729, 44.2647666931], [-84.5283203125, 127.933456421, -79.4094314575, 17.4608955383, 57.4437789917, -0.436057150364, 25.107006073, -9.32571029663, 39.4056129456, 11.6397285461, 31.7654247284, 44.2647666931, 148.919937134]],
        "icov": [[0.000124400918139, -4.69116857857e-05, 9.44519561017e-05, -5.84413319302e-05, 3.41636114172e-05, -0.000198895315407, 0.000213232939132, -0.000262544519501, 0.000143246201333, -8.62178494572e-05, 0.000332344381604, -0.000300052459352, 8.91086747288e-05], [-4.69116857857e-05, 0.00146984937601, -0.000140356249176, 0.000751012878027, -0.0011999856215, 0.00127526873257, -0.000944947474636, 0.000965734536294, -0.000921989849303, 0.00118893384933, -0.0013010968687, 0.000967602827586, -0.000624876702204], [9.44519561017e-05, -0.000140356249176, 0.00147535919677, -0.00118970917538, 0.000130269821966, -0.00101234705653, 0.00048288225662, -0.000485359109007, 0.000604828994256, -0.000373170158127, 0.000459418457467, -0.000709662795998, 0.000917443656363], [-5.84413319302e-05, 0.000751012878027, -0.00118970917538, 0.00349863339216, -0.00164884270635, 0.00136690679938, -0.000475270935567, 0.000948801462073, -0.000621396466158, 0.000843873247504, -0.00100702990312, 0.00108986790292, -0.000954071758315], [3.41636114172e-05, -0.0011999856215, 0.000130269821966, -0.00164884270635, 0.00446112081409, -0.00221248809248, 0.000438721297542, -0.000897359335795, -0.000470812228741, -0.000218087661779, -2.81785178231e-05, 0.00103097525425, -0.000703200057615], [-0.000198895315407, 0.00127526873257, -0.00101234705653, 0.00136690679938, -0.00221248809248, 0.00613162526861, -0.00242007058114, 0.000811326492112, -0.000527055060957, -0.000134257774334, 0.000331889663357, -0.000521725800354, -0.000344088912243], [0.000213232939132, -0.000944947474636, 0.00048288225662, -0.000475270935567, 0.000438721297542, -0.00242007058114, 0.00480216136202, -0.00291198422201, 0.000617449579295, 0.000156736117788, -0.000981213059276, 0.000810925848782, -0.000129631866002], [-0.000262544519501, 0.000965734536294, -0.000485359109007, 0.000948801462073, -0.000897359335795, 0.000811326492112, -0.00291198422201, 0.00841911323369, -0.00217817840166, 0.000200450871489, -0.00070853770012, 0.000317990285112, 0.000635282194708], [0.000143246201333, -0.000921989849303, 0.000604828994256, -0.000621396466158, -0.000470812228741, -0.000527055060957, 0.000617449579295, -0.00217817840166, 0.00798135064542, -0.00356680294499, 0.000349071517121, 5.0293867389e-05, -0.00071425648639], [-8.62178494572e-05, 0.00118893384933, -0.000373170158127, 0.000843873247504, -0.000218087661779, -0.000134257774334, 0.000156736117788, 0.000200450871489, -0.00356680294499, 0.0102335680276, -0.00385704124346, 0.00189003150444, -0.000893513846677], [0.000332344381604, -0.0013010968687, 0.000459418457467, -0.00100702990312, -2.81785178231e-05, 0.000331889663357, -0.000981213059276, -0.00070853770012, 0.000349071517121, -0.00385704124346, 0.0121747627854, -0.00552288116887, 0.00105610641185], [-0.000300052459352, 0.000967602827586, -0.000709662795998, 0.00108986790292, 0.00103097525425, -0.000521725800354, 0.000810925848782, 0.000317990285112, 5.0293867389e-05, 0.00189003150444, -0.00552288116887, 0.0119498418644, -0.00455870712176], [8.91086747288e-05, -0.000624876702204, 0.000917443656363, -0.000954071758315, -0.000703200057615, -0.000344088912243, -0.000129631866002, 0.000635282194708, -0.00071425648639, -0.000893513846677, 0.00105610641185, -0.00455870712176, 0.00962395966053]]
    },
    "melbands": {
        "dmean": [0.00703317765146, 0.00314134312794, 0.00103203672916, 0.000468586542411, 0.00029169084155, 0.0001802273473, 0.000263857160462, 0.000244064824074, 0.000265247916104, 0.000155094428919, 9.15981509024e-05, 4.69201659143e-05, 6.12797302892e-05, 5.3042651416e-05, 4.62780153612e-05, 4.12199624407e-05, 3.52532333636e-05, 3.14537937811e-05, 2.45616247412e-05, 1.66373465618e-05, 1.70859711943e-05, 1.42484377648e-05, 1.03339025372e-05, 8.19731030788e-06, 8.27921576274e-06, 8.43160069053e-06, 3.57684166374e-06, 3.42324301528e-06, 3.18728575621e-06, 3.42096791428e-06, 2.75625188806e-06, 3.04252512251e-06, 3.75302147404e-06, 4.51199730378e-06, 5.5063005675e-06, 3.54047142537e-06, 3.93879781768e-06, 2.53012490248e-06, 1.97619283426e-06, 2.01724355975e-06],
        "dmean2": [0.0114671522751, 0.00460568862036, 0.00180660851765, 0.000789887330029, 0.000468314799946, 0.000288794894004, 0.000430256506661, 0.000388869637391, 0.000428310362622, 0.000239844652242, 0.000142341305036, 7.457708125e-05, 9.80024706223e-05, 8.38595660753e-05, 7.35542562325e-05, 6.54812174616e-05, 5.55108490516e-05, 4.95120148116e-05, 3.77747710445e-05, 2.6436864573e-05, 2.64020527538e-05, 2.17656161112e-05, 1.60149866133e-05, 1.23567533592e-05, 1.26482173073e-05, 1.34487963805e-05, 5.38783069715e-06, 5.13164013682e-06, 4.703103059e-06, 5.11513690071e-06, 4.24735526394e-06, 4.58702788819e-06, 5.77924311074e-06, 7.14940279067e-06, 8.84727433004e-06, 5.51593575437e-06, 6.36115692032e-06, 3.78528625333e-06, 3.01756972476e-06, 3.18035813507e-06],
        "dvar": [0.000178683083504, 5.55493606953e-05, 1.17581648738e-05, 2.2169190288e-06, 7.67403832924e-07, 3.82961530931e-07, 4.99432132983e-07, 3.53784059826e-07, 5.32173544343e-07, 2.50362489851e-07, 9.70609406181e-08, 2.030181534e-08, 3.89521304101e-08, 3.97865917989e-08, 1.96111447082e-08, 3.38676926503e-08, 1.70152443246e-08, 9.59660440003e-09, 5.736775055e-09, 1.7063478408e-09, 1.31573396622e-09, 1.24137311541e-09, 7.43150985194e-10, 7.91773535624e-10, 4.30971619503e-10, 5.94951199417e-10, 9.30306109925e-11, 8.67758503942e-11, 7.33351990245e-11, 5.97350016673e-11, 3.24885569836e-11, 3.67855121364e-11, 7.12575484729e-11, 9.2846078048e-11, 1.35357725028e-10, 4.1194578998e-11, 8.42201586249e-11, 2.72579164101e-11, 1.46428077996e-11, 1.45164383986e-11],
        "dvar2": [0.000446703779744, 0.000107949716039, 3.15158431476e-05, 5.80030246056e-06, 1.86708291494e-06, 8.8754245553e-07, 1.29362047119e-06, 8.6087783302e-07, 1.30194086978e-06, 5.46075796137e-07, 2.10691013081e-07, 4.84044058169e-08, 9.44992919472e-08, 9.42913445101e-08, 4.69667220671e-08, 8.85380586624e-08, 4.3060850885e-08, 2.17260591739e-08, 1.29058408405e-08, 4.1266221551e-09, 3.081454647e-09, 2.75912692693e-09, 1.6315001572e-09, 1.38857381149e-09, 9.27910970283e-10, 1.49308998498e-09, 1.93964830308e-10, 1.76444789335e-10, 1.41117201258e-10, 1.14295337084e-10, 6.97208402123e-11, 7.4552100604e-11, 1.6266177294e-10, 2.22734164446e-10, 3.42538081233e-10, 9.35458030482e-11, 2.19481099961e-10, 5.74668784781e-11, 3.18042467362e-11, 3.38758326945e-11],
        "max": [0.155213370919, 0.0664469599724, 0.0327502265573, 0.0270107220858, 0.0187602099031, 0.0161125380546, 0.0138835832477, 0.0102228857577, 0.0149403242394, 0.0106916632503, 0.00838692579418, 0.00392923643813, 0.0050666150637, 0.00766350142658, 0.00446391338482, 0.00866703689098, 0.00457397568971, 0.0032175083179, 0.00287127750926, 0.000880596460775, 0.000725929567125, 0.00122418394312, 0.00113451841753, 0.00103182299063, 0.000514053099323, 0.000415972666815, 0.000159983945196, 0.000148924926179, 0.000130803513457, 0.000114026195661, 0.000151240470586, 0.000123824545881, 0.000117019073514, 0.000131047185278, 0.000104689715954, 8.11956633697e-05, 8.25945098768e-05, 8.45046597533e-05, 9.52551272349e-05, 7.53688509576e-05],
        "mean": [0.0145139815286, 0.00455779395998, 0.000889416027348, 0.000471658626338, 0.000310632109176, 0.000198555688257, 0.000298981904052, 0.000286213296931, 0.000307508831611, 0.000179415132152, 0.000112169254862, 5.14559797011e-05, 7.38380695111e-05, 6.63509053993e-05, 5.71508135181e-05, 4.7185101721e-05, 4.50228071713e-05, 3.71458299924e-05, 2.90815733024e-05, 2.11436436075e-05, 2.49389122473e-05, 1.86374436453e-05, 1.3256715647e-05, 1.08749154606e-05, 1.15058992378e-05, 1.01524001366e-05, 4.81486495119e-06, 4.33975037595e-06, 4.16326929553e-06, 4.4332455218e-06, 3.89250817534e-06, 3.96643463318e-06, 4.1051594053e-06, 4.72262581752e-06, 5.49614333067e-06, 3.84942131859e-06, 4.00080625695e-06, 3.01318050333e-06, 2.44410102823e-06, 2.33586411014e-06],
        "median": [0.00548179913312, 0.00112947938032, 0.000147531784023, 7.08346924512e-05, 5.01101276313e-05, 2.88225510303e-05, 3.23290914821e-05, 5.64205147384e-05, 4.78122274217e-05, 1.88274661923e-05, 1.6160773157e-05, 6.54486029816e-06, 6.04015349381e-06, 9.68817221292e-06, 1.12492771223e-05, 5.5257164604e-06, 7.19565696272e-06, 6.11443010712e-06, 4.41370866611e-06, 4.44084389528e-06, 6.02813315709e-06, 4.08955111197e-06, 2.79615915133e-06, 2.18147783926e-06, 2.48846799877e-06, 2.2314332e-06, 1.30415730837e-06, 1.00672696135e-06, 8.53808955981e-07, 1.17939146094e-06, 1.25447866139e-06, 1.15350349006e-06, 8.85588065103e-07, 9.1153970061e-07, 9.51620620526e-07, 6.79628669786e-07, 6.53303345644e-07, 4.63241491389e-07, 4.27851631457e-07, 3.69259623767e-07],
        "min": [4.39495591214e-24, 6.53437074736e-24, 3.24023019376e-24, 5.37170179131e-24, 3.16313698686e-24, 4.63181731539e-24, 2.20216852301e-24, 4.78989281345e-24, 3.98119560634e-24, 6.39272564423e-24, 4.70645854538e-24, 8.08568307241e-24, 9.75085169192e-24, 6.29730700128e-24, 6.88917040581e-24, 5.03501871797e-24, 4.23088704335e-24, 7.07595294664e-24, 8.11720910963e-24, 5.11712888302e-24, 4.59632804098e-24, 8.39684373445e-24, 8.70200905361e-24, 1.25891298416e-23, 5.11118166065e-24, 9.55162487031e-24, 1.23467846717e-23, 1.07003925195e-23, 6.58094667292e-24, 5.80860057075e-24, 7.12166191408e-24, 7.23178926303e-24, 7.65757772548e-24, 6.97154878356e-24, 9.77729273174e-24, 1.25671300886e-23, 7.14989761246e-24, 7.45987340541e-24, 8.7802743106e-24, 1.09219015062e-23],
        "var": [0.00055628985865, 8.39563945192e-05, 8.1888265413e-06, 1.93147889149e-06, 8.25206257105e-07, 4.79746745441e-07, 5.67175050037e-07, 4.3763117219e-07, 6.14170119206e-07, 3.84159875466e-07, 1.45051998857e-07, 2.65713033798e-08, 5.32926058838e-08, 5.06274737688e-08, 2.5241259749e-08, 4.61126745677e-08, 2.46576483676e-08, 1.29975346042e-08, 8.16594347697e-09, 2.37109554213e-09, 2.28379337663e-09, 1.83322768077e-09, 1.33278277303e-09, 1.65478353242e-09, 8.00436661397e-10, 6.91690982269e-10, 1.38299066643e-10, 1.17734891281e-10, 1.0924652849e-10, 9.40343358735e-11, 5.58878499035e-11, 6.40680009045e-11, 8.60775825617e-11, 1.0355060559e-10, 1.30181324054e-10, 5.35733853113e-11, 7.71962008206e-11, 4.26457202884e-11, 2.47711712253e-11, 2.10642892018e-11]
    },
    "mfcc": {
        "mean": [-675.940917969, 101.860198975, 21.5812454224, 22.9066333771, 14.4638595581, 12.2547369003, 3.01123166084, 11.855843544, 7.88723373413, 12.2964506149, 12.0357532501, 9.24073505402, 6.33388233185],
        "cov": [[10111.4980469, -656.602355957, -358.416259766, -571.191162109, -63.0370483398, -162.441558838, -289.773040771, 4.11865186691, -38.999835968, -300.975830078, -195.898345947, -26.241394043, -197.861724854], [-656.602355957, 1603.87097168, -445.167449951, 144.187988281, 43.0536155701, 35.7107429504, 117.295349121, 86.6281967163, 115.847923279, 70.328086853, 123.923919678, 73.4561691284, 40.0325088501], [-358.416259766, -445.167449951, 981.869995117, 153.585449219, 148.311843872, 95.8919525146, 62.3446540833, 17.7624225616, -44.4746742249, -20.8762397766, -43.5778236389, -14.9990320206, 61.199344635], [-571.191162109, 144.187988281, 153.585449219, 514.082763672, 189.997116089, 66.3125686646, 65.8987808228, 13.973449707, 38.25938797, 48.0954742432, 13.6042919159, -1.89180004597, 51.0918426514], [-63.0370483398, 43.0536155701, 148.311843872, 189.997116089, 421.603057861, 131.070739746, 6.17719697952, 11.148481369, 33.5101699829, 46.0123672485, 2.28708672523, -10.8812952042, 30.8863887787], [-162.441558838, 35.7107429504, 95.8919525146, 66.3125686646, 131.070739746, 255.480834961, 95.8370132446, 41.2866821289, 69.8610076904, 29.5911121368, 32.3524932861, 18.6125049591, 23.3436775208], [-289.773040771, 117.295349121, 62.3446540833, 65.8987808228, 6.17719697952, 95.8370132446, 307.60748291, 112.660766602, 79.6906967163, 60.6445808411, 38.9743080139, 51.6444358826, 43.6564903259], [4.11865186691, 86.6281967163, 17.7624225616, 13.973449707, 11.148481369, 41.2866821289, 112.660766602, 203.87789917, 62.6603927612, 17.2001628876, 32.787651062, 26.3327503204, 22.1602783203], [-38.999835968, 115.847923279, -44.4746742249, 38.25938797, 33.5101699829, 69.8610076904, 79.6906967163, 62.6603927612, 194.057128906, 78.4316940308, 56.170627594, 34.6649780273, -1.24365794659], [-300.975830078, 70.328086853, -20.8762397766, 48.0954742432, 46.0123672485, 29.5911121368, 60.6445808411, 17.2001628876, 78.4316940308, 184.559082031, 78.7199707031, 12.9522094727, 6.42511940002], [-195.898345947, 123.923919678, -43.5778236389, 13.6042919159, 2.28708672523, 32.3524932861, 38.9743080139, 32.787651062, 56.170627594, 78.7199707031, 152.440490723, 61.8432350159, 2.24516415596], [-26.241394043, 73.4561691284, -14.9990320206, -1.89180004597, -10.8812952042, 18.6125049591, 51.6444358826, 26.3327503204, 34.6649780273, 12.9522094727, 61.8432350159, 133.044036865, 53.9999580383], [-197.861724854, 40.0325088501, 61.199344635, 51.0918426514, 30.8863887787, 23.3436775208, 43.6564903259, 22.1602783203, -1.24365794659, 6.42511940002, 2.24516415596, 53.9999580383, 142.182037354]],
