{
"lowlevel": {
    "average_loudness": 0.912401735783,
    "barkbands_crest": {
        "dmean": 3.63059878349,
        "dmean2": 5.63652610779,
        "dvar": 11.5769786835,
        "dvar2": 22.4575920105,
        "max": 26.7381916046,
        "mean": 9.80021953583,
        "median": 8.12685012817,
        "min": 2.05037045479,
        "var": 33.510509491
    },
    "barkbands_flatness_db": {
        "dmean": 0.03262591362,
        "dmean2": 0.0470947213471,
        "dvar": 0.00114844180644,
        "dvar2": 0.00214476394467,
        "max": 0.575202047825,
        "mean": 0.116563156247,
        "median": 0.0988860577345,
        "min": 0.0151793342084,
        "var": 0.00469589279965
    },
    "barkbands_kurtosis": {
        "dmean": 10.2787666321,
        "dmean2": 16.340719223,
        "dvar": 3800.99633789,
        "dvar2": 10146.5791016,
        "max": 2691.44702148,
        "mean": 9.21723461151,
        "median": 0.119077801704,
        "min": -1.96158444881,
        "var": 3711.9206543
    },
    "barkbands_skewness": {
        "dmean": 1.09271669388,
        "dmean2": 1.51679801941,
        "dvar": 2.94977831841,
        "dvar2": 6.06294775009,
        "max": 48.5727043152,
        "mean": 1.02370345592,
        "median": 0.583838701248,
        "min": -8.44410896301,
        "var": 7.94249725342
    },
    "barkbands_spread": {
        "dmean": 13.1204299927,
        "dmean2": 20.4655361176,
        "dvar": 184.188339233,
        "dvar2": 408.522613525,
        "max": 125.263336182,
        "mean": 36.8405990601,
        "median": 34.6615600586,
        "min": 0.142062246799,
        "var": 410.823577881
    },
    "dissonance": {
        "dmean": 0.0155701143667,
        "dmean2": 0.0250619854778,
        "dvar": 0.000406000122894,
        "dvar2": 0.000978335156105,
        "max": 0.500000059605,
        "mean": 0.474981129169,
        "median": 0.485375881195,
        "min": 0.257359206676,
        "var": 0.000853561039548
    },
    "dynamic_complexity": 4.36849308014,
    "erbbands_crest": {
        "dmean": 2.76527881622,
        "dmean2": 4.56120157242,
        "dvar": 7.65803146362,
        "dvar2": 19.6654396057,
        "max": 31.2913818359,
        "mean": 7.88743305206,
        "median": 6.86143684387,
        "min": 2.23968482018,
        "var": 15.0363140106
    },
    "erbbands_flatness_db": {
        "dmean": 0.0247176252306,
        "dmean2": 0.0360041148961,
        "dvar": 0.000607336754911,
        "dvar2": 0.00126298062969,
        "max": 0.397344738245,
        "mean": 0.140169680119,
        "median": 0.134127706289,
        "min": 0.0331328399479,
        "var": 0.00212001311593
    },
    "erbbands_kurtosis": {
        "dmean": 1.71781349182,
        "dmean2": 2.7721529007,
        "dvar": 9.95085430145,
        "dvar2": 22.8409099579,
        "max": 72.1005477905,
        "mean": 1.05059421062,
        "median": 0.0767487287521,
        "min": -1.91158878803,
        "var": 13.8880252838
    },
    "erbbands_skewness": {
        "dmean": 0.546456336975,
        "dmean2": 0.813213050365,
        "dvar": 0.340326577425,
        "dvar2": 0.70750015974,
        "max": 7.54041671753,
        "mean": -0.227073058486,
        "median": -0.294156610966,
        "min": -5.63463497162,
        "var": 1.02591395378
    },
    "erbbands_spread": {
        "dmean": 16.1921024323,
        "dmean2": 24.855846405,
        "dvar": 335.465942383,
        "dvar2": 746.375183105,
        "max": 232.430404663,
        "mean": 48.3472747803,
        "median": 40.0833053589,
        "min": 2.01069164276,
        "var": 899.451721191
    },
    "hfc": {
        "dmean": 16.8167037964,
        "dmean2": 23.3961868286,
        "dvar": 795.718688965,
        "dvar2": 1658.54980469,
        "max": 413.861206055,
        "mean": 28.9671554565,
        "median": 14.8876476288,
        "min": 1.10609810652e-16,
        "var": 1482.87768555
    },
    "melbands_crest": {
        "dmean": 5.08593273163,
        "dmean2": 8.12075519562,
        "dvar": 20.6192760468,
        "dvar2": 48.4381980896,
        "max": 38.6761856079,
        "mean": 14.9027261734,
        "median": 13.5776662827,
        "min": 1.56719362736,
        "var": 63.0831794739
    },
    "melbands_flatness_db": {
        "dmean": 0.0426265671849,
        "dmean2": 0.0596345327795,
        "dvar": 0.0019201845862,
        "dvar2": 0.00342308520339,
        "max": 0.685372889042,
        "mean": 0.149385735393,
        "median": 0.124490752816,
        "min": 0.00340878986754,
        "var": 0.0100135095417
    },
    "melbands_kurtosis": {
        "dmean": 27.1876468658,
        "dmean2": 40.5406494141,
        "dvar": 10276.4931641,
        "dvar2": 20726.6503906,
        "max": 5512.328125,
        "mean": 35.3502044678,
        "median": 3.75136494637,
        "min": -1.92768537998,
        "var": 19988.0566406
    },
    "melbands_skewness": {
        "dmean": 1.56563413143,
        "dmean2": 2.23948860168,
        "dvar": 5.3763422966,
        "dvar2": 10.8771381378,
        "max": 60.1030464172,
        "mean": 2.94803905487,
        "median": 1.82143235207,
        "min": -5.73917484283,
        "var": 16.5476264954
    },
    "melbands_spread": {
        "dmean": 23.0317821503,
        "dmean2": 35.932144165,
        "dvar": 839.633728027,
        "dvar2": 1932.95849609,
        "max": 302.68258667,
        "mean": 52.4243164062,
        "median": 43.8423843384,
        "min": 0.125849917531,
        "var": 1780.87402344
    },
    "pitch_salience": {
        "dmean": 0.10977101326,
        "dmean2": 0.168930783868,
        "dvar": 0.0111994594336,
        "dvar2": 0.0236318502575,
        "max": 0.933158040047,
        "mean": 0.568069159985,
        "median": 0.606358170509,
        "min": 0.0174009874463,
        "var": 0.0328187793493
    },
    "silence_rate_20dB": {
        "dmean": 0,
        "dmean2": 0,
        "dvar": 0,
        "dvar2": 0,
        "max": 1,
        "mean": 1,
        "median": 1,
        "min": 1,
        "var": 0
    },
    "silence_rate_30dB": {
        "dmean": 0,
        "dmean2": 0,
        "dvar": 0,
        "dvar2": 0,
        "max": 1,
        "mean": 1,
        "median": 1,
        "min": 1,
        "var": 0
    },
    "silence_rate_60dB": {
        "dmean": 0.103536099195,
        "dmean2": 0.207084462047,
        "dvar": 0.0928276255727,
        "dvar2": 0.19193841517,
        "max": 1,
        "mean": 0.232172474265,
        "median": 0,
        "min": 0,
        "var": 0.178299844265
    },
    "spectral_centroid": {
        "dmean": 524.701477051,
        "dmean2": 770.048278809,
        "dvar": 324309.3125,
        "dvar2": 615358,
        "max": 11305.3417969,
        "mean": 2353.13427734,
        "median": 2317.14648438,
        "min": 117.016845703,
        "var": 1167258.375
    },
    "spectral_complexity": {
        "dmean": 6.53355455399,
        "dmean2": 9.32353973389,
        "dvar": 70.9068832397,
        "dvar2": 129.01234436,
        "max": 63,
        "mean": 13.8974180222,
        "median": 10,
        "min": 0,
        "var": 190.543838501
    },
    "spectral_decrease": {
        "dmean": 2.05094652372e-09,
        "dmean2": 2.74449973858e-09,
        "dvar": 8.27355395816e-18,
        "dvar2": 1.48617456162e-17,
        "max": 1.58674238482e-28,
        "mean": -3.50764040036e-09,
        "median": -1.98154004316e-09,
        "min": -2.67352007199e-08,
        "var": 1.73486839802e-17
    },
    "spectral_energy": {
        "dmean": 0.00876673404127,
        "dmean2": 0.0117555949837,
        "dvar": 0.000136651506182,
        "dvar2": 0.000245094241109,
        "max": 0.101725548506,
        "mean": 0.0158660747111,
        "median": 0.00972316600382,
        "min": 1.00922472846e-20,
        "var": 0.000304642278934
    },
    "spectral_energyband_high": {
        "dmean": 0.00172143895179,
        "dmean2": 0.00249365298077,
        "dvar": 1.28657866298e-05,
        "dvar2": 2.8385378755e-05,
        "max": 0.0591601505876,
        "mean": 0.00259510264732,
        "median": 0.00104421912692,
        "min": 7.3138930099e-21,
        "var": 1.96133314603e-05
    },
    "spectral_energyband_low": {
        "dmean": 0.00453804060817,
        "dmean2": 0.00619699712843,
        "dvar": 9.90404005279e-05,
        "dvar2": 0.000170172948856,
        "max": 0.101389035583,
        "mean": 0.00562768103555,
        "median": 0.000476368295494,
        "min": 1.76311942707e-23,
        "var": 0.000163423261256
    },
    "spectral_energyband_middle_high": {
        "dmean": 0.00248948088847,
        "dmean2": 0.00354926870205,
        "dvar": 1.54514145834e-05,
        "dvar2": 2.92286258627e-05,
        "max": 0.0494832731783,
        "mean": 0.0039508161135,
        "median": 0.00142402609345,
        "min": 1.31997013033e-21,
        "var": 3.58608267561e-05
    },
    "spectral_energyband_middle_low": {
        "dmean": 0.00299324234948,
        "dmean2": 0.00456365803257,
        "dvar": 3.0751380109e-05,
        "dvar2": 6.79111617501e-05,
        "max": 0.0654570609331,
        "mean": 0.00415485817939,
        "median": 0.00161715375725,
        "min": 2.16034191086e-22,
        "var": 4.21344047936e-05
    },
    "spectral_entropy": {
        "dmean": 0.187927931547,
        "dmean2": 0.27438467741,
        "dvar": 0.0354049056768,
        "dvar2": 0.0702950954437,
        "max": 9.81802749634,
        "mean": 8.03221988678,
        "median": 8.08344078064,
        "min": 5.72097873688,
        "var": 0.128484562039
    },
    "spectral_flux": {
        "dmean": 0.0306016970426,
        "dmean2": 0.0460164807737,
        "dvar": 0.00107035203837,
        "dvar2": 0.0025083667133,
        "max": 0.280218422413,
        "mean": 0.0831893980503,
        "median": 0.0735275149345,
        "min": 6.48343392862e-11,
        "var": 0.00296215992421
    },
    "spectral_kurtosis": {
        "dmean": 0.950778663158,
        "dmean2": 1.48809731007,
        "dvar": 0.959734976292,
        "dvar2": 2.40801072121,
        "max": 18.2589874268,
        "mean": 2.30597901344,
        "median": 2.21862769127,
        "min": -1.46516263485,
        "var": 2.58586478233
    },
    "spectral_rms": {
        "dmean": 0.00102746242192,
        "dmean2": 0.0013152534375,
        "dvar": 1.20607717236e-06,
        "dvar2": 1.91491881196e-06,
        "max": 0.00996215082705,
        "mean": 0.00333507545292,
        "median": 0.00307993777096,
        "min": 3.13784870483e-12,
        "var": 4.35635365648e-06
    },
    "spectral_rolloff": {
        "dmean": 1532.45043945,
        "dmean2": 2444.74951172,
        "dvar": 3753196.25,
        "dvar2": 7823767.5,
        "max": 19487.5488281,
        "mean": 4065.23583984,
        "median": 3639.11132812,
        "min": 43.06640625,
        "var": 10071897
    },
    "spectral_skewness": {
        "dmean": 0.21616089344,
        "dmean2": 0.326470702887,
        "dvar": 0.0405362918973,
        "dvar2": 0.0890566259623,
        "max": 3.35528898239,
        "mean": 1.18590939045,
        "median": 1.21270227432,
        "min": -0.350331068039,
        "var": 0.137289121747
    },
    "spectral_spread": {
        "dmean": 1026029.4375,
        "dmean2": 1528694.875,
        "dvar": 1.23574930637e+12,
        "dvar2": 2.7877006377e+12,
        "max": 42748176,
        "mean": 6517482.5,
        "median": 6119162,
        "min": 2057076.125,
        "var": 5.73400992973e+12
    },
    "spectral_strongpeak": {
        "dmean": 0.616025745869,
        "dmean2": 1.0249042511,
        "dvar": 1.23940765858,
        "dvar2": 3.17729568481,
        "max": 23.2885150909,
        "mean": 0.801886200905,
        "median": 0.355500757694,
        "min": 0,
        "var": 1.73051130772
    },
    "zerocrossingrate": {
        "dmean": 0.0274969190359,
        "dmean2": 0.0305018443614,
        "dvar": 0.000718566821888,
        "dvar2": 0.000825866183732,
        "max": 0.52197265625,
        "mean": 0.133912369609,
        "median": 0.12109375,
        "min": 0.00390625,
        "var": 0.00544602051377
    },
    "barkbands": {
        "dmean": [8.08334298199e-05, 0.00409105559811, 0.000862227578182, 0.00106824794784, 0.000860326865222, 0.000446163845481, 0.000646761094686, 0.000634336494841, 0.000408639258239, 0.000337637262419, 0.000300633138977, 0.000336404540576, 0.00031136450707, 0.000299893523334, 0.000336461438565, 0.000365981308278, 0.000374894210836, 0.000348476780346, 0.00038078421494, 0.000307999434881, 0.000312619842589, 0.00041603538557, 0.000450398365501, 0.000318808713928, 0.000170325874933, 0.000149055791553, 1.60539057106e-05],
        "dmean2": [0.000116184171929, 0.00604093214497, 0.00148890959099, 0.00176914397161, 0.00140946370084, 0.000711542321369, 0.00104475894477, 0.00101895735133, 0.000644725980237, 0.000535251107067, 0.000470420229249, 0.000528356875293, 0.000492947991006, 0.000487298384542, 0.000528111064341, 0.000576062710024, 0.000595008139499, 0.000531695433892, 0.000577303289901, 0.000498412118759, 0.000475045206258, 0.000639284146018, 0.000693929265253, 0.000482891482534, 0.00025477228337, 0.000210442289244, 2.53249727393e-05],
        "dvar": [3.04175564736e-08, 0.000113355468784, 6.52704102322e-06, 9.73619444267e-06, 3.98178372052e-06, 1.43364741234e-06, 4.05842865803e-06, 3.76172101824e-06, 2.02493561119e-06, 1.07948437744e-06, 1.18231082524e-06, 7.60635202823e-07, 8.96267863482e-07, 6.8635927164e-07, 7.13029123744e-07, 7.5172704328e-07, 6.09780101968e-07, 5.09553956363e-07, 6.45771876862e-07, 3.91648455889e-07, 5.16961222274e-07, 1.2310766806e-06, 1.57371084697e-06, 6.25752988981e-07, 1.1050891402e-07, 9.18615725709e-08, 2.28374164024e-09],
        "dvar2": [7.28110194359e-08, 0.000216504049604, 1.76133216883e-05, 2.44000239036e-05, 1.01461582744e-05, 3.35138156515e-06, 9.67729920376e-06, 8.74870238476e-06, 4.81524557472e-06, 2.59951366388e-06, 2.66983988695e-06, 1.80097720204e-06, 2.13357225221e-06, 1.70553403223e-06, 1.69344127698e-06, 1.72021418621e-06, 1.52318034452e-06, 1.15262309919e-06, 1.42472470088e-06, 9.80944378171e-07, 1.17163551749e-06, 2.83220288111e-06, 3.68858081856e-06, 1.46631214193e-06, 2.53234532011e-07, 1.90935878663e-07, 5.22839860295e-09],
        "max": [0.00218694494106, 0.0989060625434, 0.0296613276005, 0.0359214618802, 0.0345507673919, 0.0325408726931, 0.0504184253514, 0.0464800074697, 0.0463046357036, 0.0305912643671, 0.0326992273331, 0.0212000627071, 0.0294162854552, 0.0199149139225, 0.0267024934292, 0.0223687198013, 0.0156997572631, 0.0160689651966, 0.0217362400144, 0.0136638171971, 0.0219276566058, 0.0234255306423, 0.0256949998438, 0.0170877780765, 0.00832600425929, 0.00418861024082, 0.000808539509308],
        "mean": [0.000120508775581, 0.00440975045785, 0.000701033510268, 0.000916122808121, 0.000914522213861, 0.00048486419837, 0.000643191277049, 0.000637853634544, 0.00045429560123, 0.00036302319495, 0.000336627475917, 0.000398387055611, 0.000332701252773, 0.000315739685902, 0.000392320944229, 0.000400992459618, 0.000420803495217, 0.000413847767049, 0.000458294001874, 0.000352443923475, 0.000400613935199, 0.000542381836567, 0.000565348076634, 0.00042772013694, 0.000247506570304, 0.0001993180922, 1.58293387358e-05],
        "median": [5.30956822331e-06, 6.10831193626e-05, 2.58053551079e-05, 0.000111299224955, 0.000205034157261, 9.26973225432e-05, 8.04301089374e-05, 7.32383923605e-05, 5.58864121558e-05, 4.13791021856e-05, 2.81606298813e-05, 5.04995550727e-05, 3.69219487766e-05, 3.93003647332e-05, 6.61890080664e-05, 5.76613165322e-05, 9.66457737377e-05, 8.2673781435e-05, 9.86283266684e-05, 8.93881297088e-05, 0.000101231918961, 0.000142796372529, 0.000136601229315, 0.000128575455165, 9.98210234684e-05, 5.68791874684e-05, 1.36166545417e-06],
        "min": [2.37325371791e-24, 5.14916018564e-24, 2.07981659104e-24, 1.43603972946e-24, 1.29646623423e-23, 4.73438974345e-24, 1.75377947172e-23, 1.13989911711e-23, 2.39626155618e-23, 3.42933328728e-23, 1.8838989226e-23, 3.14575704006e-23, 5.74238674181e-23, 5.22421746087e-23, 8.30010666828e-23, 5.57838760833e-23, 1.01870480696e-22, 1.15707618466e-22, 1.59746302304e-22, 1.56146446004e-22, 2.30072406346e-22, 4.17294418434e-22, 4.58336819227e-22, 6.81347367993e-22, 1.00109947628e-21, 1.43578056577e-21, 2.09264416514e-21],
        "var": [6.14139992194e-08, 0.000144999561599, 4.64449158244e-06, 7.97872053226e-06, 4.00633916797e-06, 1.65078017744e-06, 4.35877291238e-06, 4.24865447712e-06, 2.39533346758e-06, 1.30164801249e-06, 1.95819939108e-06, 1.01290459043e-06, 1.11144595394e-06, 7.79649212745e-07, 9.10377650598e-07, 1.07179414499e-06, 6.91106890827e-07, 7.44439716982e-07, 8.81587084223e-07, 4.33040156622e-07, 7.00032273926e-07, 1.55067323249e-06, 1.99674786927e-06, 9.13136375402e-07, 1.67421617903e-07, 1.41297675782e-07, 2.62135690932e-09]
    },
    "erbbands": {
        "dmean": [0.110426269472, 0.958134233952, 1.06664729118, 2.14337730408, 3.58190178871, 2.67866611481, 2.96992993355, 3.9217402935, 7.38847875595, 12.3596916199, 12.386015892, 8.72659111023, 9.58755683899, 10.8830003738, 11.2568397522, 13.5270957947, 13.4868040085, 14.0237827301, 16.0759086609, 16.095998764, 20.6563892365, 20.9469413757, 19.5922660828, 19.0975570679, 16.5584831238, 14.4754161835, 12.8140096664, 13.2798957825, 14.6098909378, 15.1948289871, 12.1074123383, 7.85834407806, 4.88147926331, 2.20452547073, 1.15460896492, 0.669385552406, 0.279864192009, 0.0394635424018, 0.00296079786494, 0.000122543613543],
        "dmean2": [0.166761815548, 1.41947174072, 1.58165919781, 3.53690814972, 5.94776391983, 4.35663747787, 4.66080713272, 6.22468996048, 11.9328489304, 19.4737586975, 19.6698417664, 13.7514028549, 14.8050756454, 16.8708438873, 17.4128894806, 21.0578117371, 20.8488731384, 21.9560832977, 24.6118526459, 24.6531295776, 32.3311653137, 32.7509651184, 29.8129558563, 28.4285907745, 25.6865882874, 23.3456687927, 19.7656040192, 20.2385120392, 22.5294952393, 23.2255802155, 18.6991291046, 12.0520362854, 7.43934488297, 3.34152293205, 1.74195849895, 0.967256546021, 0.399059534073, 0.0574357584119, 0.00465611927211, 0.000190752150957],
        "dvar": [0.0719010233879, 6.71617460251, 7.87131357193, 27.9932003021, 97.935218811, 46.5721473694, 76.1637115479, 122.576408386, 520.895324707, 1495.30395508, 1492.10217285, 1044.453125, 781.053649902, 1230.77258301, 1397.34143066, 1242.69348145, 1693.72131348, 1434.81054688, 1698.04431152, 1462.23059082, 2020.90905762, 1862.69189453, 1583.9498291, 1742.17175293, 1209.08959961, 887.653442383, 731.609375, 1083.81945801, 1505.65856934, 1734.14318848, 1193.71838379, 438.379760742, 138.444503784, 23.604970932, 4.89571142197, 1.51092076302, 0.377991527319, 0.00785411335528, 8.87367204996e-05, 1.80246942705e-07],
        "dvar2": [0.151564627886, 12.717414856, 17.9874458313, 70.0228805542, 247.092544556, 116.877174377, 175.925582886, 288.934967041, 1274.01208496, 3447.21044922, 3516.8671875, 2492.52416992, 1792.20996094, 2906.45263672, 3158.27612305, 2909.27246094, 3991.46923828, 3441.28564453, 3823.68481445, 3259.90722656, 4731.42822266, 4564.92919922, 3551.44311523, 3647.38891602, 2880.73144531, 2203.8684082, 1720.48376465, 2453.3581543, 3458.93237305, 4081.40844727, 2803.86914062, 1034.35546875, 329.988189697, 54.8152542114, 11.6343612671, 3.19446349144, 0.799699783325, 0.0165618546307, 0.000207533346838, 4.29369379162e-07],
        "max": [2.26596498489, 24.3754615784, 31.1814498901, 55.5969238281, 138.789886475, 159.375411987, 334.973937988, 312.922485352, 403.419830322, 802.990539551, 1078.3873291, 1117.47521973, 701.303588867, 864.100280762, 1054.78674316, 948.168518066, 1344.89025879, 1189.65344238, 1091.95666504, 1253.25341797, 907.453552246, 850.156677246, 743.241088867, 1313.01782227, 1196.74743652, 709.167297363, 699.896179199, 1018.15814209, 925.117553711, 883.424926758, 716.359619141, 463.044403076, 280.93649292, 126.091148376, 84.7643661499, 17.504152298, 8.00636672974, 1.16019880772, 0.155361413956, 0.00897343363613],
        "mean": [0.124255314469, 0.982005536556, 1.09435451031, 1.94816696644, 3.32727169991, 2.83647036552, 3.33732581139, 4.19178628922, 7.40697288513, 12.9204006195, 12.9418363571, 9.7924413681, 11.4400224686, 12.425579071, 13.2739086151, 16.8829612732, 15.485244751, 16.2047748566, 19.5372848511, 19.898859024, 23.1148643494, 24.3555641174, 23.478345871, 23.4037456512, 19.9848022461, 16.5306854248, 16.1145648956, 16.788482666, 18.8633708954, 19.3513832092, 15.1684513092, 10.09674263, 6.5105381012, 3.05283379555, 1.64224612713, 0.920043706894, 0.359219789505, 0.050397079438, 0.00295106717385, 0.000132318105898],
        "median": [0.00218476797454, 0.0136141031981, 0.0506927743554, 0.308086752892, 0.615149259567, 0.529470205307, 0.586205244064, 0.864547014236, 1.20544958115, 1.52601051331, 1.87695002556, 1.37144982815, 1.66279637814, 1.40268588066, 1.50206065178, 2.18967676163, 1.9293282032, 2.38423132896, 3.17745876312, 3.5818836689, 4.35169935226, 6.01041984558, 4.95041465759, 4.74283790588, 4.91786670685, 4.28544425964, 4.10939073563, 4.01418018341, 4.87624359131, 4.95507240295, 3.62590479851, 2.51228141785, 2.1181974411, 1.11923754215, 0.639079511166, 0.315488040447, 0.0848760604858, 0.010741407983, 0.000291346863378, 3.3758526115e-05],
        "min": [1.29369275706e-22, 4.96054770839e-22, 3.46328324793e-21, 6.11072488161e-21, 2.40484442342e-20, 4.43265572311e-20, 4.40004574304e-20, 4.36919093684e-20, 2.21291545072e-19, 3.3455436197e-19, 7.07667127808e-19, 5.50101370332e-19, 8.43259245902e-19, 1.02160900194e-18, 1.45554681392e-18, 1.42295000412e-18, 2.72306554843e-18, 2.638708222e-18, 2.74839381879e-18, 4.33959256629e-18, 4.4703929822e-18, 6.92500264629e-18, 6.06778007466e-18, 7.68066067359e-18, 8.0462207376e-18, 8.12556886504e-18, 8.96400326982e-18, 1.04354980226e-17, 1.48143001907e-17, 1.31896934794e-17, 1.30958630738e-17, 1.42089909251e-17, 8.89474343713e-18, 9.7066832469e-18, 7.40509868741e-18, 4.50949835924e-18, 2.43081622737e-18, 1.09818080105e-18, 2.72969731389e-19, 3.16565542404e-20],
        "var": [0.0938328281045, 8.23552799225, 8.5967502594, 23.9386959076, 81.2754058838, 50.0052452087, 93.8450927734, 136.557647705, 519.720397949, 1822.89367676, 1643.48327637, 1193.97460938, 1068.41125488, 1677.60351562, 2338.91210938, 1758.88549805, 2220.16259766, 1850.86401367, 2291.69580078, 2332.54589844, 2648.51342773, 2227.84130859, 2328.42626953, 2506.95166016, 1511.43078613, 982.762023926, 974.460876465, 1412.90844727, 1892.27404785, 2164.16503906, 1496.90600586, 604.836669922, 193.484512329, 33.7010803223, 6.96833944321, 2.40831685066, 0.541442811489, 0.0113572236151, 9.72147172433e-05, 1.86582894912e-07]
    },
    "gfcc": {
        "mean": [-35.3909721375, 12.9461317062, -106.34261322, 39.8056716919, -60.7679595947, 17.704158783, -41.8027381897, 15.1290426254, -23.7041625977, 8.1178817749, -20.9008827209, 5.73497104645, -17.3220748901],
        "cov": [[10493.1894531, 22.5061855316, -999.188903809, -595.2265625, -752.535400391, -41.883972168, -488.478729248, -192.279281616, -163.808547974, -209.946411133, -164.224395752, -80.6118392944, -193.626907349], [22.5061855316, 1720.86376953, 303.152099609, -125.104598999, 85.856842041, -24.1057281494, 17.8911113739, 8.10663032532, 33.8718070984, -49.1578063965, 101.208427429, 42.1246643066, 88.5812683105], [-999.188903809, 303.152099609, 1971.91845703, 604.680541992, 455.905273438, 138.618225098, 32.3197937012, 59.2070541382, -25.0464611053, 39.975227356, -5.2301735878, 109.861404419, 84.6925964355], [-595.2265625, -125.104598999, 604.680541992, 824.926513672, 259.344146729, 91.5022964478, -30.7927379608, -29.3779678345, 55.8972930908, 7.15780925751, 46.3160247803, -26.1332321167, 54.102973938], [-752.535400391, 85.856842041, 455.905273438, 259.344146729, 595.709777832, 118.333297729, 172.557861328, 54.4556655884, 23.589138031, 93.4426498413, -29.1622257233, 21.0587882996, 10.3730020523], [-41.883972168, -24.1057281494, 138.618225098, 91.5022964478, 118.333297729, 334.7449646, 180.431030273, 61.7886009216, 50.9335250854, 54.1611976624, 46.5171356201, 22.1369857788, 34.6248016357], [-488.478729248, 17.8911113739, 32.3197937012, -30.7927379608, 172.557861328, 180.431030273, 484.268493652, 184.500320435, 87.9932632446, 112.200218201, 61.7921333313, 55.7328262329, 42.4510917664], [-192.279281616, 8.10663032532, 59.2070541382, -29.3779678345, 54.4556655884, 61.7886009216, 184.500320435, 222.804336548, 106.863105774, 70.2011489868, 39.7256164551, 40.5322265625, 31.1414432526], [-163.808547974, 33.8718070984, -25.0464611053, 55.8972930908, 23.589138031, 50.9335250854, 87.9932632446, 106.863105774, 238.260848999, 114.027587891, 84.9892578125, 33.959602356, 34.9960289001], [-209.946411133, -49.1578063965, 39.975227356, 7.15780925751, 93.4426498413, 54.1611976624, 112.200218201, 70.2011489868, 114.027587891, 196.406661987, 73.9607696533, 42.707244873, 14.8140468597], [-164.224395752, 101.208427429, -5.2301735878, 46.3160247803, -29.1622257233, 46.5171356201, 61.7921333313, 39.7256164551, 84.9892578125, 73.9607696533, 168.798431396, 57.2636680603, 41.4196548462], [-80.6118392944, 42.1246643066, 109.861404419, -26.1332321167, 21.0587882996, 22.1369857788, 55.7328262329, 40.5322265625, 33.959602356, 42.707244873, 57.2636680603, 136.104904175, 56.2904891968], [-193.626907349, 88.5812683105, 84.6925964355, 54.102973938, 10.3730020523, 34.6248016357, 42.4510917664, 31.1414432526, 34.9960289001, 14.8140468597, 41.4196548462, 56.2904891968, 124.068283081]],
        "icov": [[0.00011794285092, -3.73848306481e-05, 4.68396247015e-05, -5.13391250934e-06, 0.000132877947181, -0.000141080716276, 0.000116131748655, -3.38561403623e-05, 3.27367124555e-05, -3.83677397622e-05, 0.000169305407326, -0.000133133318741, 0.000177277775947], [-3.73848306481e-05, 0.000806002994068, -0.000263012887444, 0.000547191943042, -0.000434391433373, 0.000247369607678, -4.45322002633e-05, 0.000270196673227, -0.000413922127336, 0.000824719492812, -0.00105202198029, 0.000574443431105, -0.00066931778565], [4.68396247015e-05, -0.000263012887444, 0.000942735234275, -0.000739529030398, -0.000186280914932, -0.000285654794425, 0.000341701001162, -0.000585807079915, 0.000636152166408, -0.00039965994074, 0.000666889594868, -0.00108121009544, 0.000201446091523], [-5.13391250934e-06, 0.000547191943042, -0.000739529030398, 0.00253298971802, -0.0010674163932, -6.04159540671e-05, 0.000307416339638, 0.000846171868034, -0.00117421208415, 0.00129291403573, -0.00183496880345, 0.00189722154755, -0.00128126156051], [0.000132877947181, -0.000434391433373, -0.000186280914932, -0.0010674163932, 0.00325187155977, -0.000487841432914, -0.000823979557026, 1.31996075652e-05, 0.000540337990969, -0.00190184055828, 0.0022799691651, -0.000816631712951, 0.000937061035074], [-0.000141080716276, 0.000247369607678, -0.000285654794425, -6.04159540671e-05, -0.000487841432914, 0.00426605017856, -0.00160637847148, 0.000456623994978, -0.000377734395443, 0.000296528480249, -0.00105001323391, 0.000737398513593, -0.000803081144113], [0.000116131748655, -4.45322002633e-05, 0.000341701001162, 0.000307416339638, -0.000823979557026, -0.00160637847148, 0.00429700035602, -0.00280628516339, 0.000743962475099, -0.000769203936215, -0.000410520820878, -0.000347222812707, -0.000226370248129], [-3.38561403623e-05, 0.000270196673227, -0.000585807079915, 0.000846171868034, 1.31996075652e-05, 0.000456623994978, -0.00280628516339, 0.00842567067593, -0.00336174271069, 0.000548099633306, 8.86253110366e-05, -1.04592982098e-05, -0.000640097656287], [3.27367124555e-05, -0.000413922127336, 0.000636152166408, -0.00117421208415, 0.000540337990969, -0.000377734395443, 0.000743962475099, -0.00336174271069, 0.00812320504338, -0.00383100262843, -0.000914155622013, -0.000208209676202, -0.000360334088327], [-3.83677397622e-05, 0.000824719492812, -0.00039965994074, 0.00129291403573, -0.00190184055828, 0.000296528480249, -0.000769203936215, 0.000548099633306, -0.00383100262843, 0.009950382635, -0.00365323829465, -0.000115086055303, 0.00042652382399], [0.000169305407326, -0.00105202198029, 0.000666889594868, -0.00183496880345, 0.0022799691651, -0.00105001323391, -0.000410520820878, 8.86253110366e-05, -0.000914155622013, -0.00365323829465, 0.0114205973223, -0.00406182603911, 0.000305136083625], [-0.000133133318741, 0.000574443431105, -0.00108121009544, 0.00189722154755, -0.000816631712951, 0.000737398513593, -0.000347222812707, -1.04592982098e-05, -0.000208209676202, -0.000115086055303, -0.00406182603911, 0.0122910337523, -0.00487127760425], [0.000177277775947, -0.00066931778565, 0.000201446091523, -0.00128126156051, 0.000937061035074, -0.000803081144113, -0.000226370248129, -0.000640097656287, -0.000360334088327, 0.00042652382399, 0.000305136083625, -0.00487127760425, 0.0117787001655]]
    },
    "melbands": {
        "dmean": [0.00111419358291, 0.000713279237971, 0.000437341310317, 0.000215325606405, 0.000103194048279, 8.78405480762e-05, 0.00011895224452, 0.000138430579682, 9.85325095826e-05, 5.48088901269e-05, 4.94969171996e-05, 4.53812353953e-05, 4.078371785e-05, 3.52044953615e-05, 3.72778122255e-05, 2.89807485387e-05, 2.79329960904e-05, 2.61761833826e-05, 2.53708858509e-05, 2.28171738854e-05, 2.48169399129e-05, 2.31812664424e-05, 1.94092535821e-05, 1.64894881891e-05, 1.61716125149e-05, 1.38056720971e-05, 1.07438972918e-05, 9.92225432128e-06, 8.41342171043e-06, 8.11655172583e-06, 7.95599680714e-06, 8.4552439148e-06, 8.57362829265e-06, 8.9634268079e-06, 7.58488067731e-06, 5.92648666498e-06, 4.56248108094e-06, 3.81331324206e-06, 2.60999559032e-06, 1.70607040673e-06],
        "dmean2": [0.00165886152536, 0.00100221601315, 0.000722142925952, 0.000349604757503, 0.000162110198289, 0.000139833791764, 0.000191664352315, 0.000217319000512, 0.000156104608322, 8.67713461048e-05, 7.70892293076e-05, 7.09734667907e-05, 6.37080593151e-05, 5.59295549465e-05, 5.80243431614e-05, 4.59267430415e-05, 4.48856189905e-05, 4.05484970543e-05, 3.99241434934e-05, 3.52370007022e-05, 3.94021226384e-05, 3.68463079212e-05, 3.0592756957e-05, 2.51292749454e-05, 2.43283866439e-05, 2.12687937164e-05, 1.7491829567e-05, 1.61976422532e-05, 1.33447174449e-05, 1.24716116261e-05, 1.24598409457e-05, 1.31485539896e-05, 1.33026269395e-05, 1.3930392015e-05, 1.18633852253e-05, 9.3346061476e-06, 7.05023376213e-06, 5.91178741161e-06, 4.00911130782e-06, 2.63840456682e-06],
        "dvar": [8.04091814643e-06, 3.2415714486e-06, 1.29656154968e-06, 2.53610409118e-07, 7.89765053355e-08, 5.70545388712e-08, 1.31403382397e-07, 1.77261810563e-07, 1.03787989758e-07, 3.85468723607e-08, 2.13632862511e-08, 2.15874429443e-08, 2.26012737414e-08, 9.65276569787e-09, 1.31461490582e-08, 7.78379938282e-09, 6.14024076029e-09, 5.15104670029e-09, 4.18878398634e-09, 3.49839357483e-09, 2.84042589449e-09, 2.58713117596e-09, 1.79657200228e-09, 1.2669312266e-09, 1.37774291975e-09, 9.39163968816e-10, 4.99428109979e-10, 4.34006441896e-10, 3.07368713814e-10, 3.48485351687e-10, 4.49695308768e-10, 4.96936825023e-10, 5.76994729773e-10, 6.14999273729e-10, 4.68482419524e-10, 3.05571568049e-10, 1.40895906053e-10, 8.84331635698e-11, 3.44681921893e-11, 1.59957082302e-11],
        "dvar2": [1.61159859999e-05, 5.24000324731e-06, 3.23861809193e-06, 6.35545404748e-07, 1.82469719334e-07, 1.33573607286e-07, 3.16573050441e-07, 4.07028096561e-07, 2.46768053103e-07, 9.16717795008e-08, 4.94637184545e-08, 5.11404358861e-08, 5.14638678339e-08, 2.31542021112e-08, 3.13033865496e-08, 1.81931838483e-08, 1.51280925564e-08, 1.18015828221e-08, 1.0178546006e-08, 7.84108777907e-09, 6.74795641586e-09, 6.52193943296e-09, 4.17797485497e-09, 2.94900104336e-09, 2.94012836299e-09, 2.2166823932e-09, 1.25076948798e-09, 1.09251896419e-09, 7.45248918133e-10, 8.13794365229e-10, 1.03535391371e-09, 1.15243370402e-09, 1.37423428193e-09, 1.46034861981e-09, 1.10954001542e-09, 7.37546135277e-10, 3.34008848357e-10, 2.14619794159e-10, 8.12891212676e-11, 3.83101016188e-11],
        "max": [0.0255445465446, 0.0176915638149, 0.0126111470163, 0.00742315221578, 0.0101808197796, 0.00623345281929, 0.00796449556947, 0.00879832822829, 0.0109832920134, 0.00649907439947, 0.00356545858085, 0.00370036694221, 0.00462269131094, 0.00248119072057, 0.00349182239734, 0.00249548791908, 0.00242432416417, 0.00209091347642, 0.00270824925974, 0.00183170044329, 0.00129506119993, 0.00117369927466, 0.000967968895566, 0.00111410801765, 0.00113827432506, 0.00111265294254, 0.00067692657467, 0.000453248852864, 0.00043774934602, 0.000530778837856, 0.000706417136826, 0.000529161363374, 0.000537174986675, 0.000564209243748, 0.000440521456767, 0.000380050711101, 0.000236447827774, 0.000257776671788, 0.000157963469974, 0.000121936514915],
        "mean": [0.00120325514581, 0.000852369412314, 0.000397629715735, 0.000219042325625, 0.000119119271403, 9.45017090999e-05, 0.000119476499094, 0.000144245190313, 0.000101768448076, 6.05135901424e-05, 5.72476565139e-05, 4.98314439028e-05, 4.64569893666e-05, 3.96254908992e-05, 4.42722921434e-05, 3.14059980155e-05, 2.99145558529e-05, 3.00530973618e-05, 3.00929004879e-05, 2.62832236331e-05, 2.67717186944e-05, 2.60343513219e-05, 2.17539145524e-05, 1.94141339307e-05, 1.90665923583e-05, 1.62511896633e-05, 1.21994989968e-05, 1.07004480014e-05, 1.00718070826e-05, 9.88426563708e-06, 9.63215552474e-06, 1.047925889e-05, 1.08153226392e-05, 1.09182155938e-05, 9.12044833967e-06, 7.19986201148e-06, 5.73257784708e-06, 4.87982106279e-06, 3.43512647305e-06, 2.25530948228e-06],
        "median": [1.84812161024e-05, 3.03307642753e-05, 7.07441649865e-05, 4.85634882352e-05, 2.13781058847e-05, 1.84849377547e-05, 1.78109148692e-05, 1.57782324095e-05, 1.30591924972e-05, 7.27429687686e-06, 7.78622052167e-06, 5.3934945754e-06, 4.37659809904e-06, 4.94405139762e-06, 4.81320739709e-06, 3.83987844543e-06, 4.04590537073e-06, 4.35150695921e-06, 5.24405641045e-06, 3.86509464079e-06, 4.82642144561e-06, 6.09031121712e-06, 3.80420078727e-06, 3.91542562284e-06, 3.43717692886e-06, 3.54566282113e-06, 2.99419116345e-06, 2.48230526267e-06, 2.41423549596e-06, 2.2822559913e-06, 2.04347998078e-06, 2.56744579019e-06, 2.58415957433e-06, 2.57908504864e-06, 1.98980069399e-06, 1.54323174684e-06, 1.35514324029e-06, 1.43725719681e-06, 1.12164161692e-06, 7.60681928114e-07],
        "min": [2.461066164e-24, 1.50651508362e-24, 1.39669657371e-24, 2.07591172956e-24, 1.45892073862e-24, 9.91476673283e-25, 3.39360585577e-24, 3.63510812772e-24, 5.55505594265e-24, 3.95677720588e-24, 3.96386433225e-24, 3.93379413783e-24, 4.05264589397e-24, 4.06003278748e-24, 3.54402861419e-24, 4.3535742412e-24, 4.22742276068e-24, 3.87754874972e-24, 6.16462769677e-24, 4.04191068034e-24, 5.20659202055e-24, 6.72214646407e-24, 4.80697520192e-24, 5.8582096665e-24, 5.69397987008e-24, 5.8863290079e-24, 5.43403166358e-24, 4.67379930947e-24, 4.49230805316e-24, 4.78781416497e-24, 6.59838759868e-24, 7.62219258072e-24, 6.03454413907e-24, 7.83102930588e-24, 6.73157177417e-24, 7.69123842031e-24, 8.24989788047e-24, 4.74169814531e-24, 7.35683554942e-24, 6.64416677473e-24],
        "var": [1.01212726804e-05, 5.02278635395e-06, 1.08685253508e-06, 2.41331036932e-07, 1.044892457e-07, 6.53829133057e-08, 1.36112305427e-07, 2.18101021687e-07, 1.11664306246e-07, 4.50481039138e-08, 2.83166947668e-08, 2.78362097816e-08, 3.67950576674e-08, 1.15254854549e-08, 1.71795875303e-08, 1.00282546711e-08, 7.13264824981e-09, 6.45716813352e-09, 5.35794031364e-09, 5.55782220246e-09, 3.49618844986e-09, 2.76758704842e-09, 2.36895969508e-09, 1.70696878854e-09, 1.88087545538e-09, 1.15734155592e-09, 5.56894308446e-10, 4.5783524194e-10, 3.86355974991e-10, 4.38481417842e-10, 5.51977463736e-10, 6.10502204346e-10, 6.89530266218e-10, 7.56337381613e-10, 5.69046587628e-10, 3.72078506894e-10, 1.98516536543e-10, 1.19619439354e-10, 4.76997399912e-11, 2.06159221638e-11]
    },
    "mfcc": {
        "mean": [-681.71673584, 51.0122299194, 7.0340218544, 21.2498130798, 5.56117296219, 4.69976377487, -3.69680285454, 4.75038719177, -0.0225437097251, 2.26307678223, 1.32585883141, 1.00849699974, -0.361901789904],
        "cov": [[9743.00488281, -175.415237427, -857.034423828, -936.430053711, -557.073791504, -336.159454346, -491.964691162, -163.240615845, -320.3984375, -230.893997192, -152.816955566, -71.8202590942, -40.7814407349], [-175.415237427, 1714.7442627, 196.779785156, -72.2722167969, 51.6794815063, -61.1038970947, 86.3562088013, 45.5182800293, 39.3974266052, -44.3078346252, -20.5244998932, 24.4110031128, 73.9940185547], [-857.034423828, 196.779785156, 1379.70617676, 473.67388916, 415.692901611, 157.541778564, 92.1994781494, 83.5061416626, 28.7277526855, -29.8777770996, -46.1550254822, 29.7733230591, 40.485660553], [-936.430053711, -72.2722167969, 473.67388916, 688.85736084, 362.003509521, 155.379684448, 91.3331298828, 22.4716968536, 65.2423171997, 37.978099823, -16.4015846252, 33.0482902527, 0.668731987476], [-557.073791504, 51.6794815063, 415.692901611, 362.003509521, 513.517883301, 167.883621216, 28.9870586395, 2.46497154236, 22.8901748657, 4.60251331329, -23.5580501556, -5.59348106384, -13.8560857773], [-336.159454346, -61.1038970947, 157.541778564, 155.379684448, 167.883621216, 339.93270874, 164.622039795, 54.0182495117, 76.5072174072, 60.6463546753, 58.6553726196, 35.0074806213, 25.9882564545], [-491.964691162, 86.3562088013, 92.1994781494, 91.3331298828, 28.9870586395, 164.622039795, 332.698760986, 116.544967651, 115.417930603, 61.3677101135, 44.6927833557, 44.7602920532, 35.9520492554], [-163.240615845, 45.5182800293, 83.5061416626, 22.4716968536, 2.46497154236, 54.0182495117, 116.544967651, 199.488540649, 96.8224411011, 49.6949996948, 50.504573822, 22.4465198517, 42.5600471497], [-320.3984375, 39.3974266052, 28.7277526855, 65.2423171997, 22.8901748657, 76.5072174072, 115.417930603, 96.8224411011, 211.884902954, 102.569007874, 57.4256286621, 45.4311180115, 38.8708648682], [-230.893997192, -44.3078346252, -29.8777770996, 37.978099823, 4.60251331329, 60.6463546753, 61.3677101135, 49.6949996948, 102.569007874, 178.954101562, 93.3637924194, 61.8497009277, 43.0058860779], [-152.816955566, -20.5244998932, -46.1550254822, -16.4015846252, -23.5580501556, 58.6553726196, 44.6927833557, 50.504573822, 57.4256286621, 93.3637924194, 176.277999878, 74.8330688477, 58.0552101135], [-71.8202590942, 24.4110031128, 29.7733230591, 33.0482902527, -5.59348106384, 35.0074806213, 44.7602920532, 22.4465198517, 45.4311180115, 61.8497009277, 74.8330688477, 147.070953369, 75.8520126343], [-40.7814407349, 73.9940185547, 40.485660553, 0.668731987476, -13.8560857773, 25.9882564545, 35.9520492554, 42.5600471497, 38.8708648682, 43.0058860779, 58.0552101135, 75.8520126343, 140.89402771]],
