{
"lowlevel": {
    "average_loudness": 0.927024185658,
    "barkbands_crest": {
        "dmean": 3.49008703232,
        "dmean2": 5.33968782425,
        "dvar": 9.41202449799,
        "dvar2": 21.0821704865,
        "max": 26.3618869781,
        "mean": 11.6485872269,
        "median": 9.98250198364,
        "min": 2.68899273872,
        "var": 36.0882644653
    },
    "barkbands_flatness_db": {
        "dmean": 0.0349028855562,
        "dmean2": 0.0502864234149,
        "dvar": 0.00121440808289,
        "dvar2": 0.00246589886956,
        "max": 0.552454292774,
        "mean": 0.166269049048,
        "median": 0.154890820384,
        "min": 0.0182191487402,
        "var": 0.00481676775962
    },
    "barkbands_kurtosis": {
        "dmean": 15.7234458923,
        "dmean2": 24.5669364929,
        "dvar": 7501.66992188,
        "dvar2": 19118.0605469,
        "max": 1869.70654297,
        "mean": 14.3809537888,
        "median": 0.776167750359,
        "min": -1.96002614498,
        "var": 6592.22705078
    },
    "barkbands_skewness": {
        "dmean": 1.19926583767,
        "dmean2": 1.70616042614,
        "dvar": 3.86749386787,
        "dvar2": 8.25894260406,
        "max": 34.2061347961,
        "mean": 1.43687009811,
        "median": 0.656438946724,
        "min": -5.71859312057,
        "var": 9.81231880188
    },
    "barkbands_spread": {
        "dmean": 10.7342691422,
        "dmean2": 16.663274765,
        "dvar": 193.051452637,
        "dvar2": 450.755981445,
        "max": 121.736625671,
        "mean": 24.9050998688,
        "median": 18.9035453796,
        "min": 0.0999262630939,
        "var": 386.845336914
    },
    "dissonance": {
        "dmean": 0.0166777893901,
        "dmean2": 0.0274312123656,
        "dvar": 0.000402215577196,
        "dvar2": 0.000980040524155,
        "max": 0.5,
        "mean": 0.473533779383,
        "median": 0.483087718487,
        "min": 0.250759989023,
        "var": 0.000868636125233
    },
    "dynamic_complexity": 5.1754989624,
    "erbbands_crest": {
        "dmean": 3.19896960258,
        "dmean2": 5.21446895599,
        "dvar": 8.69352626801,
        "dvar2": 20.9585723877,
        "max": 30.4703159332,
        "mean": 9.43666172028,
        "median": 8.41267776489,
        "min": 2.49949741364,
        "var": 18.3664741516
    },
    "erbbands_flatness_db": {
        "dmean": 0.0268408712,
        "dmean2": 0.0385184176266,
        "dvar": 0.000602667103522,
        "dvar2": 0.00116641074419,
        "max": 0.440607011318,
        "mean": 0.189281433821,
        "median": 0.179722189903,
        "min": 0.0676610320807,
        "var": 0.00383820780553
    },
    "erbbands_kurtosis": {
        "dmean": 1.71582186222,
        "dmean2": 2.71500968933,
        "dvar": 5.95958137512,
        "dvar2": 13.225561142,
        "max": 37.0529747009,
        "mean": 1.24207019806,
        "median": 0.30200946331,
        "min": -1.8871588707,
        "var": 10.7061347961
    },
    "erbbands_skewness": {
        "dmean": 0.591761529446,
        "dmean2": 0.899667203426,
        "dvar": 0.338251203299,
        "dvar2": 0.778522253036,
        "max": 4.6234369278,
        "mean": -0.165998518467,
        "median": -0.221132814884,
        "min": -5.06775712967,
        "var": 1.01871454716
    },
    "erbbands_spread": {
        "dmean": 14.4562110901,
        "dmean2": 21.5599308014,
        "dvar": 346.268554688,
        "dvar2": 702.940917969,
        "max": 195.111175537,
        "mean": 38.5421714783,
        "median": 29.856262207,
        "min": 2.28486704826,
        "var": 909.400634766
    },
    "hfc": {
        "dmean": 13.1412906647,
        "dmean2": 19.4452877045,
        "dvar": 410.318634033,
        "dvar2": 903.870239258,
        "max": 182.207626343,
        "mean": 22.197681427,
        "median": 11.6395931244,
        "min": 1.14210812409e-16,
        "var": 710.564575195
    },
    "melbands_crest": {
        "dmean": 4.28314876556,
        "dmean2": 6.73888397217,
        "dvar": 15.4794855118,
        "dvar2": 35.6164894104,
        "max": 36.3446807861,
        "mean": 16.1823959351,
        "median": 14.4594078064,
        "min": 2.15264987946,
        "var": 66.2590179443
    },
    "melbands_flatness_db": {
        "dmean": 0.0409983322024,
        "dmean2": 0.0573979876935,
        "dvar": 0.00187880150042,
        "dvar2": 0.00363685446791,
        "max": 0.678152501583,
        "mean": 0.189591869712,
        "median": 0.170401543379,
        "min": 0.00522551359609,
        "var": 0.0096434596926
    },
    "melbands_kurtosis": {
        "dmean": 28.9597492218,
        "dmean2": 44.2216186523,
        "dvar": 7490.42431641,
        "dvar2": 18427.4433594,
        "max": 1688.50109863,
        "mean": 36.1609573364,
        "median": 3.46218633652,
        "min": -1.91267549992,
        "var": 11478.3457031
    },
    "melbands_skewness": {
        "dmean": 1.53780925274,
        "dmean2": 2.25195932388,
        "dvar": 4.78362798691,
        "dvar2": 10.7571105957,
        "max": 31.9769134521,
        "mean": 3.05456972122,
        "median": 1.66987359524,
        "min": -3.97990560532,
        "var": 17.3261566162
    },
    "melbands_spread": {
        "dmean": 16.7148513794,
        "dmean2": 26.2546081543,
        "dvar": 612.256164551,
        "dvar2": 1426.53417969,
        "max": 256.977996826,
        "mean": 35.8054504395,
        "median": 27.9549751282,
        "min": 0.15410131216,
        "var": 1098.76464844
    },
    "pitch_salience": {
        "dmean": 0.0967131108046,
        "dmean2": 0.150217667222,
        "dvar": 0.00785210542381,
        "dvar2": 0.0181017424911,
        "max": 0.885316252708,
        "mean": 0.503889977932,
        "median": 0.534317374229,
        "min": 0.0311418510973,
        "var": 0.0307179652154
    },
    "silence_rate_20dB": {
        "dmean": 0,
        "dmean2": 0,
        "dvar": 0,
        "dvar2": 0,
        "max": 1,
        "mean": 1,
        "median": 1,
        "min": 1,
        "var": 0
    },
    "silence_rate_30dB": {
        "dmean": 0.0425259396434,
        "dmean2": 0.0850627720356,
        "dvar": 0.0407185144722,
        "dvar2": 0.0985856428742,
        "max": 1,
        "mean": 0.966188549995,
        "median": 1,
        "min": 0,
        "var": 0.0326690785587
    },
    "silence_rate_60dB": {
        "dmean": 0.065069809556,
        "dmean2": 0.130156293511,
        "dvar": 0.0608365274966,
        "dvar2": 0.137310087681,
        "max": 1,
        "mean": 0.203381150961,
        "median": 0,
        "min": 0,
        "var": 0.162028253078
    },
    "spectral_centroid": {
        "dmean": 473.998748779,
        "dmean2": 718.579589844,
        "dvar": 322923.625,
        "dvar2": 689711.3125,
        "max": 11135.1640625,
        "mean": 2101.32006836,
        "median": 2017.52294922,
        "min": 133.488937378,
        "var": 1003907.75
    },
    "spectral_complexity": {
        "dmean": 4.65377235413,
        "dmean2": 6.703561306,
        "dvar": 33.9379692078,
        "dvar2": 58.6001586914,
        "max": 57,
        "mean": 13.1549692154,
        "median": 11,
        "min": 0,
        "var": 119.69972229
    },
    "spectral_decrease": {
        "dmean": 3.16889381402e-09,
        "dmean2": 4.63404870032e-09,
        "dvar": 2.66801696818e-17,
        "dvar2": 5.53047564335e-17,
        "max": 2.01046454676e-19,
        "mean": -6.33507868386e-09,
        "median": -2.99241764701e-09,
        "min": -4.1999943079e-08,
        "var": 6.53423913348e-17
    },
    "spectral_energy": {
        "dmean": 0.012815666385,
        "dmean2": 0.0187005121261,
        "dvar": 0.000400837539928,
        "dvar2": 0.000834112637676,
        "max": 0.161349684,
        "mean": 0.0259234718978,
        "median": 0.0135672641918,
        "min": 1.04359222499e-20,
        "var": 0.000985938240774
    },
    "spectral_energyband_high": {
        "dmean": 0.00111389323138,
        "dmean2": 0.00164449110162,
        "dvar": 4.02024261348e-06,
        "dvar2": 8.61398802954e-06,
        "max": 0.0260183475912,
        "mean": 0.00133366324008,
        "median": 0.000309896393446,
        "min": 7.42230779231e-21,
        "var": 5.79429843128e-06
    },
    "spectral_energyband_low": {
        "dmean": 0.00788013543934,
        "dmean2": 0.0114107411355,
        "dvar": 0.000340517959557,
        "dvar2": 0.000684335303959,
        "max": 0.146726995707,
        "mean": 0.0139558007941,
        "median": 0.00129594095051,
        "min": 5.16706448829e-23,
        "var": 0.000813606020529
    },
    "spectral_energyband_middle_high": {
        "dmean": 0.00306350854225,
        "dmean2": 0.00450318679214,
        "dvar": 2.79959458567e-05,
        "dvar2": 5.84820190852e-05,
        "max": 0.0647372305393,
        "mean": 0.00530575448647,
        "median": 0.00216410588473,
        "min": 1.59277474064e-21,
        "var": 6.41206206637e-05
    },
    "spectral_energyband_middle_low": {
        "dmean": 0.00465726992115,
        "dmean2": 0.00751930847764,
        "dvar": 6.69008295517e-05,
        "dvar2": 0.000165397446835,
        "max": 0.114792086184,
        "mean": 0.00606268411502,
        "median": 0.00157450989354,
        "min": 1.8392112776e-22,
        "var": 9.04100452317e-05
    },
    "spectral_entropy": {
        "dmean": 0.248377159238,
        "dmean2": 0.362670511007,
        "dvar": 0.0664557442069,
        "dvar2": 0.136814162135,
        "max": 9.80740261078,
        "mean": 7.72050237656,
        "median": 7.72285079956,
        "min": 5.42686796188,
        "var": 0.225254178047
    },
    "spectral_flux": {
        "dmean": 0.0340494848788,
        "dmean2": 0.052856054157,
        "dvar": 0.00209998851642,
        "dvar2": 0.00384325324558,
        "max": 0.398397862911,
        "mean": 0.0935885310173,
        "median": 0.0776010230184,
        "min": 1.03743083568e-10,
        "var": 0.00518319057301
    },
    "spectral_kurtosis": {
        "dmean": 1.76327717304,
        "dmean2": 2.76367783546,
        "dvar": 3.77157402039,
        "dvar2": 9.30488491058,
        "max": 40.3935623169,
        "mean": 3.6276204586,
        "median": 3.04137325287,
        "min": -1.21746873856,
        "var": 9.97129440308
    },
    "spectral_rms": {
        "dmean": 0.00114530115388,
        "dmean2": 0.00158145988826,
        "dvar": 2.01649913834e-06,
        "dvar2": 3.80458345717e-06,
        "max": 0.0125464862213,
        "mean": 0.00412866286933,
        "median": 0.00363817997277,
        "min": 3.19082867767e-12,
        "var": 8.24521976028e-06
    },
    "spectral_rolloff": {
        "dmean": 1101.90039062,
        "dmean2": 1814.27990723,
        "dvar": 3149773,
        "dvar2": 6807499.5,
        "max": 19293.75,
        "mean": 2818.08740234,
        "median": 2153.3203125,
        "min": 21.533203125,
        "var": 8085279
    },
    "spectral_skewness": {
        "dmean": 0.291784405708,
        "dmean2": 0.438619226217,
        "dvar": 0.0740963667631,
        "dvar2": 0.160619810224,
        "max": 4.08328676224,
        "mean": 1.27330601215,
        "median": 1.24323344231,
        "min": -0.186353266239,
        "var": 0.236814156175
    },
    "spectral_spread": {
        "dmean": 905528.875,
        "dmean2": 1272897.75,
        "dvar": 1.20279636378e+12,
        "dvar2": 1.88518524518e+12,
        "max": 41076324,
        "mean": 4750178,
        "median": 4252458,
        "min": 1329283.875,
        "var": 3.97506038989e+12
    },
    "spectral_strongpeak": {
        "dmean": 0.725760042667,
        "dmean2": 1.20891952515,
        "dvar": 2.16426539421,
        "dvar2": 5.81531620026,
        "max": 19.1118049622,
        "mean": 1.0040358305,
        "median": 0.530588388443,
        "min": 0,
        "var": 2.19170451164
    },
    "zerocrossingrate": {
        "dmean": 0.0229612272233,
        "dmean2": 0.0255268011242,
        "dvar": 0.000639935315121,
        "dvar2": 0.000755658722483,
        "max": 0.51123046875,
        "mean": 0.0959179326892,
        "median": 0.080078125,
        "min": 0.00244140625,
        "var": 0.00518435286358
    },
    "barkbands": {
        "dmean": [0.000306373724015, 0.00647277245298, 0.00396772148088, 0.00140095164534, 0.00120925949886, 0.000770792248659, 0.00122650968842, 0.000695027410984, 0.00083079613978, 0.000663631362841, 0.000516781525221, 0.000484845601022, 0.000480094226077, 0.00044736918062, 0.000539939966984, 0.000521667941939, 0.000388793065213, 0.000250657438301, 0.000209607431316, 0.000185478696949, 0.000152517968672, 0.000205653879675, 0.000232688093092, 0.000411837274441, 9.62446356425e-05, 1.8242506485e-05, 5.40177097719e-07],
        "dmean2": [0.000489697908051, 0.00823454372585, 0.00716962711886, 0.00246645207517, 0.00199930439703, 0.00126088876277, 0.00199516443536, 0.00114861817565, 0.00132009375375, 0.00102583947591, 0.000808676937595, 0.000786025135312, 0.000757641158998, 0.000722448225133, 0.00086622411618, 0.000822373258416, 0.000619566417299, 0.000405712926295, 0.000330898881657, 0.000302366504911, 0.000241004541749, 0.000320201070281, 0.000348757195752, 0.00063073966885, 0.000148819293827, 2.63649126282e-05, 9.71022700469e-07],
        "dvar": [3.88615745806e-07, 0.000212964994716, 0.000193934087292, 1.75092063728e-05, 9.23951574805e-06, 4.37007656728e-06, 1.68165715877e-05, 6.48261038805e-06, 5.57589055461e-06, 4.58808563053e-06, 3.8415146264e-06, 3.63153276339e-06, 2.4534710974e-06, 1.64024743299e-06, 2.15811041926e-06, 1.5278912997e-06, 7.67421795445e-07, 3.90219412338e-07, 1.43333537039e-07, 1.32917236328e-07, 8.03920485737e-08, 1.53939424763e-07, 2.02214565093e-07, 7.69795690303e-07, 2.73731828315e-08, 1.53510226752e-09, 5.29151505599e-12],
        "dvar2": [9.48215244989e-07, 0.000344044790836, 0.000548705575056, 4.84010088257e-05, 2.29310244322e-05, 1.03627280623e-05, 4.0118015022e-05, 1.65356614161e-05, 1.37363840622e-05, 1.06607831185e-05, 9.6172107078e-06, 9.08500351215e-06, 5.82533266424e-06, 3.85877956433e-06, 5.2207187764e-06, 3.67974848814e-06, 1.9044388182e-06, 9.98065161184e-07, 3.2230832403e-07, 3.30456884967e-07, 1.84210293241e-07, 3.46546841001e-07, 4.47017669103e-07, 1.64161440352e-06, 6.25303187007e-08, 3.25206306329e-09, 1.48460150423e-11],
        "max": [0.00877610128373, 0.141289159656, 0.102181598544, 0.0471886396408, 0.0940592437983, 0.0409392416477, 0.114194065332, 0.0734226703644, 0.0336364358664, 0.0461469851434, 0.0506940707564, 0.0409378744662, 0.0356928035617, 0.0246800892055, 0.0482745729387, 0.0247084274888, 0.0159096810967, 0.00927327480167, 0.00720025319606, 0.00583362206817, 0.00534879555926, 0.00741101102903, 0.0107591170818, 0.00726370606571, 0.00157444260549, 0.0007152359467, 7.06248611095e-05],
        "mean": [0.0003920745512, 0.00999511219561, 0.00292179454118, 0.00110468431376, 0.00120211741887, 0.000710813386831, 0.00121734011918, 0.000694868038408, 0.000959754746873, 0.0008066004375, 0.00056914211018, 0.000482821429614, 0.000559964391869, 0.000505555130076, 0.000626714318059, 0.000654889154248, 0.000489640806336, 0.000300059939036, 0.000275877624517, 0.000215368621866, 0.000205300122616, 0.000253903446719, 0.000260726868873, 0.000390720844734, 0.000107981395558, 1.92058796529e-05, 3.84709579748e-07],
        "median": [2.90105399472e-05, 0.000401851779316, 5.45515322301e-05, 4.41115480498e-05, 0.00014724797802, 4.3164636736e-05, 7.36331567168e-05, 3.59026817023e-05, 7.21600517863e-05, 6.70418376103e-05, 5.66961753066e-05, 4.15352187702e-05, 8.66920308908e-05, 7.74317522882e-05, 0.000142191944178, 0.000156656547915, 0.000156836933456, 9.56485673669e-05, 0.000100183257018, 8.17848922452e-05, 8.14020459075e-05, 6.4155930886e-05, 3.67367756553e-05, 2.64529735432e-05, 1.55763518705e-05, 1.67999132827e-06, 3.63815431115e-08],
        "min": [2.39935081437e-24, 3.10007946929e-23, 1.14300920123e-23, 1.15066044203e-23, 1.74337755183e-23, 2.00943635379e-23, 4.38942623385e-23, 3.8944115982e-23, 3.56169247203e-23, 3.71972907925e-23, 1.00850754914e-22, 1.00333274782e-22, 9.54175984914e-23, 1.00285949438e-22, 1.44235302667e-22, 5.67935927984e-23, 1.53327019263e-22, 2.26824975232e-22, 2.67161162499e-22, 3.97806853015e-22, 2.38540077168e-22, 3.93468799613e-22, 5.84161067621e-22, 7.81915496132e-22, 1.21585795938e-21, 1.74009397195e-21, 2.12583195994e-21],
        "var": [6.75080173096e-07, 0.000509406498168, 0.000119253418234, 1.20322010844e-05, 9.79759261099e-06, 4.65837501906e-06, 1.83394986379e-05, 6.91116838425e-06, 7.58736769058e-06, 6.68522170599e-06, 3.97661733587e-06, 3.73093917005e-06, 2.91442711386e-06, 2.12027157431e-06, 2.93942161989e-06, 2.16495709537e-06, 9.75909756562e-07, 4.19602770307e-07, 2.09907184967e-07, 1.49747563682e-07, 1.16822285179e-07, 2.39347826891e-07, 2.8935110663e-07, 8.62029537529e-07, 3.76061350948e-08, 1.89699300712e-09, 3.24094028524e-12]
    },
    "erbbands": {
        "dmean": [0.219171524048, 1.41552948952, 3.78483605385, 5.30368041992, 3.95156598091, 4.39404678345, 3.65328073502, 7.5875120163, 14.8872900009, 16.7926464081, 16.1182079315, 18.6859054565, 16.7838230133, 22.7190246582, 18.4051780701, 19.4061756134, 20.9891910553, 21.2358417511, 24.5229873657, 29.0374927521, 25.0807113647, 19.2512016296, 11.7455835342, 13.6883554459, 9.6487159729, 8.830701828, 6.34994506836, 6.08846187592, 6.52103185654, 8.22260951996, 6.30932617188, 4.26864004135, 10.3440589905, 1.97643744946, 0.405348658562, 0.116400003433, 0.0278249066323, 0.00326002645306, 8.19514607429e-05, 1.96675737243e-05],
        "dmean2": [0.28171351552, 1.88440704346, 6.52313661575, 9.36866378784, 6.6953868866, 7.26620054245, 5.92300844193, 12.3361263275, 24.1167373657, 27.323059082, 25.9477100372, 29.6176681519, 26.2084960938, 34.6431045532, 28.5622215271, 30.7906780243, 32.3943939209, 33.2675094604, 38.140007019, 45.8162231445, 38.8475646973, 30.3597927094, 18.2752666473, 21.9594612122, 15.2318716049, 14.4722423553, 9.88260936737, 9.72553348541, 9.8460149765, 12.8616542816, 9.61361217499, 6.18059015274, 16.1846466064, 3.0178668499, 0.589769780636, 0.16937892139, 0.0405383817852, 0.00527976173908, 0.000127851380967, 2.84127745545e-05],
        "dvar": [0.262340277433, 11.0600242615, 154.316818237, 283.690826416, 85.0269699097, 206.064071655, 109.465011597, 444.129577637, 2302.11523438, 3368.33203125, 2984.03857422, 3087.24462891, 2482.10742188, 7300.65429688, 4597.72802734, 5248.95507812, 4702.71533203, 3670.31738281, 4633.27539062, 4931.89208984, 3494.08764648, 1692.27111816, 619.482543945, 959.588134766, 317.716125488, 300.862121582, 147.266876221, 133.379211426, 154.735778809, 277.33493042, 151.045684814, 66.41065979, 537.523986816, 11.7423725128, 0.587366878986, 0.0572463162243, 0.00418018223718, 0.000102103229437, 4.80079869192e-08, 8.2905959875e-10],
        "dvar2": [0.413565903902, 18.478055954, 427.432495117, 781.551757812, 227.241912842, 506.370239258, 267.72668457, 1050.69372559, 5438.3359375, 8176.29052734, 7511.91796875, 7634.32714844, 5773.44189453, 16731.1425781, 11073.5224609, 12843.3378906, 10778.2626953, 8603.75097656, 10378.3828125, 11494.1816406, 8086.18554688, 4052.02905273, 1449.46569824, 2370.37866211, 727.369628906, 752.758483887, 324.572265625, 318.534454346, 328.664276123, 654.49407959, 341.801696777, 141.935150146, 1188.38842773, 24.9890384674, 1.28043818474, 0.123520441353, 0.00913546700031, 0.000267007650109, 1.22016800219e-07, 1.79902492903e-09],
        "max": [6.01618099213, 28.6639862061, 94.949760437, 129.891540527, 148.126159668, 521.431274414, 133.84954834, 486.132293701, 1382.57678223, 1056.06481934, 1266.56359863, 861.267272949, 976.768066406, 2397.31274414, 1399.30749512, 1428.3692627, 1274.46386719, 1016.36590576, 2605.46875, 1289.21728516, 1174.79760742, 609.656616211, 545.558227539, 334.741638184, 291.742034912, 327.279907227, 177.888793945, 244.304275513, 261.284820557, 440.131866455, 234.748748779, 113.441963196, 189.171585083, 25.82264328, 9.44717597961, 2.10760712624, 1.79475271702, 0.283534407616, 0.00531018851325, 0.000278726045508],
        "mean": [0.354335844517, 1.99995982647, 3.2212202549, 4.07974100113, 3.79547476768, 4.16127967834, 3.34092521667, 7.16813325882, 15.2131919861, 16.7717781067, 17.3508358002, 21.7945785522, 20.2056522369, 29.0788021088, 21.1306743622, 20.7988185883, 24.9795703888, 25.72290802, 29.9483890533, 36.3752746582, 33.7225112915, 25.6514072418, 16.3253746033, 16.6930980682, 12.8565073013, 10.2282915115, 8.31990337372, 8.11537361145, 8.71328830719, 9.17723846436, 6.89251852036, 4.66662502289, 9.21475982666, 2.17386603355, 0.460379511118, 0.122618339956, 0.0292157214135, 0.00306980009191, 9.02925312403e-05, 3.74790506612e-05],
        "median": [0.0128376241773, 0.0894512534142, 0.120021492243, 0.32287722826, 0.519736409187, 0.415117621422, 0.282205700874, 0.485453516245, 1.06347084045, 1.13970303535, 1.1454668045, 1.7630045414, 1.81607854366, 2.5808198452, 2.57450294495, 2.49069070816, 4.14552974701, 4.45960617065, 6.16330289841, 9.99873542786, 9.62726783752, 8.52669334412, 6.39983177185, 6.2833108902, 5.04139614105, 3.91028690338, 3.05231237411, 3.34036779404, 2.49386525154, 1.56252324581, 0.983405411243, 0.627782762051, 0.393610656261, 0.242834985256, 0.0702459812164, 0.0138225443661, 0.00236218003556, 0.000535194878466, 2.56683742919e-05, 2.16418320633e-05],
        "min": [4.51015230772e-22, 7.85269939699e-21, 1.77992061818e-20, 2.17517449517e-20, 6.4862210973e-20, 4.80238865481e-20, 1.27694197605e-19, 2.14269880271e-19, 3.63643822571e-19, 4.7992222979e-19, 8.94061990788e-19, 8.71668453848e-19, 8.45946962508e-19, 2.00673437579e-18, 5.08290037346e-18, 4.44053176208e-18, 4.59326363115e-18, 5.37717194432e-18, 4.44490920188e-18, 6.83892292303e-18, 3.6904791242e-18, 9.47079201572e-18, 1.03945864966e-17, 1.13614059499e-17, 1.55513809822e-17, 1.65112976133e-17, 1.03138710396e-17, 1.48786250638e-17, 1.32009919393e-17, 1.48502577319e-17, 1.72104190865e-17, 1.45023224052e-17, 1.17943340846e-17, 1.30942186387e-17, 8.84778108504e-18, 5.61220332126e-18, 3.41407817009e-18, 1.10961564244e-18, 2.84175624696e-19, 2.71657325337e-20],
        "var": [0.692563533783, 21.6642608643, 107.602905273, 186.822555542, 77.0918655396, 200.004730225, 109.026229858, 492.307220459, 2635.92041016, 3681.72753906, 3461.87182617, 4170.38818359, 3328.82519531, 10361.609375, 4985.23144531, 5657.57080078, 5930.10595703, 5044.43994141, 6958.33740234, 6877.84423828, 5447.31884766, 2469.63525391, 893.864074707, 1074.77709961, 454.663665771, 337.371002197, 214.475234985, 182.395599365, 265.462677002, 373.686279297, 203.843826294, 90.4127655029, 552.632019043, 16.4936180115, 0.791280388832, 0.0715525448322, 0.0048345127143, 7.90978738223e-05, 4.1601541767e-08, 1.75082781606e-09]
    },
    "gfcc": {
        "mean": [-75.0180969238, 42.815738678, -142.369125366, 42.4001846313, -59.4958839417, 21.647146225, -38.3985061646, 12.247297287, -15.4660081863, 2.34530091286, -15.0672683716, -1.5397028923, -7.05043125153],
        "cov": [[24785.1542969, 3058.7409668, 1451.99829102, 1066.51647949, -668.226867676, 743.576293945, -1057.62536621, 134.882537842, -218.420516968, -323.599151611, -289.508911133, -194.305801392, -144.979568481], [3058.7409668, 2939.21313477, 893.985961914, 146.920028687, 440.995269775, 175.753448486, 205.203048706, 106.560119629, 220.299926758, -171.287689209, 91.7810058594, -54.3340187073, 47.5168991089], [1451.99829102, 893.985961914, 2640.22753906, 1364.0411377, 437.848968506, 698.066589355, -59.6178436279, 188.240264893, 110.282241821, 9.28737735748, 109.736198425, -4.26413726807, 26.5086269379], [1066.51647949, 146.920028687, 1364.0411377, 1311.74121094, 493.178527832, 461.5496521, -66.5278549194, 99.4735794067, 89.6227798462, 71.8194732666, 57.1498947144, -27.7577915192, 34.7702102661], [-668.226867676, 440.995269775, 437.848968506, 493.178527832, 789.352355957, 345.111785889, 274.474975586, 85.0168685913, 135.231689453, 110.490386963, 80.0021514893, -27.0647392273, 47.2544059753], [743.576293945, 175.753448486, 698.066589355, 461.5496521, 345.111785889, 723.268493652, 216.863769531, 187.76411438, 82.6954421997, 76.7771530151, 78.4880447388, -37.078327179, 68.2964782715], [-1057.62536621, 205.203048706, -59.6178436279, -66.5278549194, 274.474975586, 216.863769531, 548.36517334, 158.867919922, 85.6142272949, 68.5191879272, 104.642364502, 22.5348968506, 62.322265625], [134.882537842, 106.560119629, 188.240264893, 99.4735794067, 85.0168685913, 187.76411438, 158.867919922, 264.36315918, 150.695159912, 72.7245254517, 59.4705543518, 2.99456524849, 53.207157135], [-218.420516968, 220.299926758, 110.282241821, 89.6227798462, 135.231689453, 82.6954421997, 85.6142272949, 150.695159912, 263.748931885, 101.652076721, 59.2498130798, 9.11619949341, 46.5065612793], [-323.599151611, -171.287689209, 9.28737735748, 71.8194732666, 110.490386963, 76.7771530151, 68.5191879272, 72.7245254517, 101.652076721, 187.150588989, 83.7650756836, 6.95971775055, 10.0969524384], [-289.508911133, 91.7810058594, 109.736198425, 57.1498947144, 80.0021514893, 78.4880447388, 104.642364502, 59.4705543518, 59.2498130798, 83.7650756836, 174.614456177, 56.124382019, 43.744392395], [-194.305801392, -54.3340187073, -4.26413726807, -27.7577915192, -27.0647392273, -37.078327179, 22.5348968506, 2.99456524849, 9.11619949341, 6.95971775055, 56.124382019, 134.139877319, 45.2094230652], [-144.979568481, 47.5168991089, 26.5086269379, 34.7702102661, 47.2544059753, 68.2964782715, 62.322265625, 53.207157135, 46.5065612793, 10.0969524384, 43.744392395, 45.2094230652, 142.346221924]],
        "icov": [[9.03352847672e-05, -0.000206783544854, 0.000142451855936, -0.000208210738492, 0.000244335416937, -0.000223432100029, 0.000202604176593, -0.00018515859847, 0.000284542678855, -0.000271758268354, 0.000230119941989, -0.000169519771589, 0.000101392128272], [-0.000206783544854, 0.00113593961578, -0.000696003844496, 0.0009197415784, -0.00104314961936, 0.0006908478681, -0.000491384998895, 0.000532660633326, -0.001444269903, 0.00198374502361, -0.00123527843971, 0.000977499177679, -0.000253669073572], [0.000142451855936, -0.000696003844496, 0.00144315848593, -0.00149414304178, 0.000789521727711, -0.000964104081504, 0.000532749167178, -0.000604874454439, 0.000687531661242, -0.000388016895158, 0.000201843693503, -0.000862938468345, 0.000681890931446], [-0.000208210738492, 0.0009197415784, -0.00149414304178, 0.00304440408945, -0.00194887723774, 0.000416517868871, 0.000395657989429, 0.000280013104202, -0.00087652541697, 0.000943282793742, -0.000785341951996, 0.000852562894579, -0.000625213666353], [0.000244335416937, -0.00104314961936, 0.000789521727711, -0.00194887723774, 0.00369787006639, -0.0011845859699, -0.000915498938411, 0.000813004851807, 0.000263954600086, -0.0021989280358, 0.00124877493363, -0.000375822273782, 0.000169136648765], [-0.000223432100029, 0.0006908478681, -0.000964104081504, 0.000416517868871, -0.0011845859699, 0.00343507668003, -0.00113795278594, -0.000723930832464, -5.77781611355e-05, 0.000511922466103, -0.000796987384092, 0.00163023523055, -0.00115671544336], [0.000202604176593, -0.000491384998895, 0.000532749167178, 0.000395657989429, -0.000915498938411, -0.00113795278594, 0.00405523460358, -0.00230887928046, 0.0012920841109, -0.000222927032155, -0.000708478502929, -0.000772399478592, 0.00016868871171], [-0.00018515859847, 0.000532660633326, -0.000604874454439, 0.000280013104202, 0.000813004851807, -0.000723930832464, -0.00230887928046, 0.00847638212144, -0.00451229372993, 0.000118267656944, -0.000414277863456, 0.00100270414259, -0.00112749252003], [0.000284542678855, -0.001444269903, 0.000687531661242, -0.00087652541697, 0.000263954600086, -5.77781611355e-05, 0.0012920841109, -0.00451229372993, 0.00899087078869, -0.00490874331445, 0.00163765461184, -0.00118419516366, -0.000797402928583], [-0.000271758268354, 0.00198374502361, -0.000388016895158, 0.000943282793742, -0.0021989280358, 0.000511922466103, -0.000222927032155, 0.000118267656944, -0.00490874331445, 0.0127382120118, -0.00615278445184, 0.00211396766827, 0.00136023445521], [0.000230119941989, -0.00123527843971, 0.000201843693503, -0.000785341951996, 0.00124877493363, -0.000796987384092, -0.000708478502929, -0.000414277863456, 0.00163765461184, -0.00615278445184, 0.0112715782598, -0.00435236096382, -0.000946318556089], [-0.000169519771589, 0.000977499177679, -0.000862938468345, 0.000852562894579, -0.000375822273782, 0.00163023523055, -0.000772399478592, 0.00100270414259, -0.00118419516366, 0.00211396766827, -0.00435236096382, 0.011104375124, -0.00319284410216], [0.000101392128272, -0.000253669073572, 0.000681890931446, -0.000625213666353, 0.000169136648765, -0.00115671544336, 0.00016868871171, -0.00112749252003, -0.000797402928583, 0.00136023445521, -0.000946318556089, -0.00319284410216, 0.00955412723124]]
    },
    "melbands": {
        "dmean": [0.00190375943203, 0.00171498861164, 0.00087274989346, 0.0002975378884, 0.000140733536682, 0.000166572979651, 0.000237546613789, 0.000175854278496, 0.000139892639709, 0.000116079070722, 8.68359056767e-05, 9.49613167904e-05, 6.51896480122e-05, 5.38092645002e-05, 5.73195211473e-05, 4.21533768531e-05, 4.2196646973e-05, 4.02667283197e-05, 3.98209194827e-05, 4.20120450144e-05, 2.84123507299e-05, 2.17789020098e-05, 1.38791920108e-05, 1.20558161143e-05, 1.15632483357e-05, 8.16269312054e-06, 6.89518265062e-06, 5.77328592044e-06, 4.02605837735e-06, 3.94957305616e-06, 3.55471865987e-06, 3.49618926521e-06, 4.59342163595e-06, 4.72166129839e-06, 3.9416868276e-06, 2.82858422906e-06, 2.36595201386e-06, 7.26144799046e-06, 4.64373397335e-06, 9.91479282675e-07],
        "dmean2": [0.00243281456642, 0.00257610715926, 0.00152918160893, 0.000494016509037, 0.000227765587624, 0.000270457385341, 0.000384331942769, 0.000286564754788, 0.000225947936997, 0.000184291551705, 0.000136131115141, 0.000146376929479, 0.000101787547464, 8.61770604388e-05, 9.18285804801e-05, 6.54947943985e-05, 6.73638714943e-05, 6.30869690212e-05, 6.45066174911e-05, 6.68442371534e-05, 4.45361874881e-05, 3.45116823155e-05, 2.19683006435e-05, 1.95172924577e-05, 1.87390996871e-05, 1.29643458422e-05, 1.13210189738e-05, 9.48286742641e-06, 6.27116332907e-06, 6.38855090074e-06, 5.75270132686e-06, 5.27901647729e-06, 7.25614381736e-06, 7.27642145648e-06, 6.04909109825e-06, 4.28066095992e-06, 3.4130507629e-06, 1.14223994387e-05, 7.2512107181e-06, 1.47376317727e-06],
        "dvar": [1.88679041457e-05, 2.24916293519e-05, 7.06270748196e-06, 5.28172790837e-07, 1.77276078261e-07, 2.02207502298e-07, 6.10871950357e-07, 3.59067996669e-07, 2.10851922589e-07, 1.17392374932e-07, 6.84139109808e-08, 1.25159488107e-07, 5.60163044838e-08, 4.9918408962e-08, 5.7272341536e-08, 1.72903433793e-08, 1.58614064105e-08, 1.39789744225e-08, 1.37223752361e-08, 1.00759987021e-08, 5.11706499395e-09, 2.37621056165e-09, 9.6802077465e-10, 8.39437408473e-10, 6.88916312885e-10, 2.39800568291e-10, 2.17703008398e-10, 1.46475304108e-10, 6.18234907712e-11, 5.50433275348e-11, 4.70919449269e-11, 4.64240416942e-11, 7.89131190948e-11, 9.53566323125e-11, 5.86131074232e-11, 3.26323620903e-11, 2.08458580259e-11, 2.64326560639e-10, 9.12937087039e-11, 2.63220304927e-12],
        "dvar2": [3.05546163872e-05, 5.55914521101e-05, 1.94057829503e-05, 1.31214119392e-06, 4.35462851556e-07, 4.74779000115e-07, 1.45044191413e-06, 8.85456984179e-07, 5.32079866389e-07, 2.86000101823e-07, 1.60449360465e-07, 2.87024107593e-07, 1.37773085385e-07, 1.2389376991e-07, 1.44426195448e-07, 3.90336829525e-08, 3.7900516503e-08, 3.11413757004e-08, 3.33557466092e-08, 2.45622899797e-08, 1.17514780129e-08, 5.7757052474e-09, 2.35974129126e-09, 2.14339457294e-09, 1.71413727656e-09, 5.54549794973e-10, 5.4763649171e-10, 3.66356917025e-10, 1.38172390196e-10, 1.29342300759e-10, 1.13732370743e-10, 9.99374055732e-11, 1.8079762687e-10, 2.24225998879e-10, 1.33906372102e-10, 7.39064018318e-11, 4.51077300512e-11, 5.81720338566e-10, 2.05341646464e-10, 5.32352157148e-12],
        "max": [0.0430498272181, 0.0398646518588, 0.0211518928409, 0.0235905442387, 0.00787026435137, 0.00973734259605, 0.0235121026635, 0.0102561051026, 0.00860513839871, 0.00480974186212, 0.00506819179282, 0.00989392772317, 0.00497691612691, 0.00601703068241, 0.0062609645538, 0.00269406847656, 0.0022430238314, 0.00433335499838, 0.00345458742231, 0.00168472900987, 0.00149666273501, 0.000749524740968, 0.000797338841949, 0.000343469146173, 0.000270525168162, 0.00038958445657, 0.000217476786929, 0.000279939355096, 0.000113609050459, 0.000140351708978, 0.00016070343554, 0.000161640055012, 0.000157766029588, 0.000292955519399, 0.000126478989841, 0.000142750970554, 6.71256784699e-05, 0.000132517277962, 7.5879135693e-05, 1.73103089764e-05],
        "mean": [0.00297179655172, 0.0020372371655, 0.000701469311025, 0.00029799999902, 0.000129227351863, 0.000157405331265, 0.000241054105572, 0.000174871674972, 0.000150366671733, 0.00013329036301, 0.0001009560292, 0.000120456257719, 7.40606265026e-05, 5.49376454728e-05, 6.08828158875e-05, 4.90110905957e-05, 4.75291672046e-05, 4.71628954983e-05, 4.54354776593e-05, 5.17093321832e-05, 3.68414330296e-05, 2.76655064226e-05, 1.80577771971e-05, 1.45110498124e-05, 1.31314909595e-05, 1.08374588308e-05, 7.79682886787e-06, 6.36088452666e-06, 4.98822964801e-06, 5.07897357238e-06, 4.57946225652e-06, 4.65691118734e-06, 5.31345403942e-06, 5.143668659e-06, 4.24642030339e-06, 3.06827632812e-06, 2.58165960076e-06, 6.44616511636e-06, 4.3493459998e-06, 1.17594765925e-06],
        "median": [0.000124312005937, 0.000107734202174, 7.21483957022e-05, 4.02427103836e-05, 1.03049151221e-05, 9.77946547209e-06, 1.59630872076e-05, 1.12489342428e-05, 8.7841781351e-06, 1.01629502751e-05, 8.68540064403e-06, 9.75179864326e-06, 8.3146023826e-06, 5.18263732374e-06, 8.30161297927e-06, 7.2331258707e-06, 6.92546836945e-06, 8.35806076793e-06, 9.31058821152e-06, 1.30043245008e-05, 9.40083009482e-06, 8.16485498945e-06, 6.4016385295e-06, 4.83125404571e-06, 4.24482641392e-06, 3.24859547618e-06, 2.86491649604e-06, 2.20965830522e-06, 1.642445568e-06, 2.06625713872e-06, 1.76271055352e-06, 1.39951202982e-06, 1.09080156108e-06, 7.84115627539e-07, 5.86833095895e-07, 4.20987475991e-07, 3.31560443101e-07, 2.90224534183e-07, 2.19763990117e-07, 1.86292652415e-07],
        "min": [7.68046573578e-24, 9.99625606434e-24, 5.69716213498e-24, 3.77546225998e-24, 3.97930115687e-24, 5.27161348624e-24, 6.12116264419e-24, 7.89394648509e-24, 6.25550486749e-24, 5.59600492338e-24, 4.31539179567e-24, 7.28041780467e-24, 1.7019907533e-23, 1.33741489942e-23, 8.89010662557e-24, 1.07692529768e-23, 9.94542581192e-24, 6.43329123856e-24, 1.1351556176e-23, 5.16708113326e-24, 3.94492062647e-24, 9.55489943192e-24, 8.75635841454e-24, 1.13637432881e-23, 8.74270244341e-24, 1.11704818327e-23, 9.49814325638e-24, 1.0583973216e-23, 6.97325666742e-24, 5.28567453744e-24, 9.96772533198e-24, 7.68285598433e-24, 6.72376678437e-24, 7.58578664994e-24, 8.89679064402e-24, 8.54971156725e-24, 9.30445029401e-24, 7.91203112135e-24, 8.36288721679e-24, 1.21031591806e-23],
        "var": [4.64093827759e-05, 2.55569993897e-05, 4.74973194287e-06, 5.61969329738e-07, 1.74883425075e-07, 2.2609354744e-07, 6.83452412886e-07, 3.91983547843e-07, 2.56428052126e-07, 1.54473852376e-07, 8.99388155062e-08, 1.8033847482e-07, 5.95573261819e-08, 5.3487386964e-08, 5.37774802467e-08, 2.31398242789e-08, 2.0001655443e-08, 1.92498692542e-08, 1.7799818508e-08, 1.29740165278e-08, 7.5899224683e-09, 3.24994253731e-09, 1.27150923124e-09, 9.1529239743e-10, 7.41501360313e-10, 3.61603608168e-10, 2.32325339522e-10, 1.53031393113e-10, 8.54382051219e-11, 7.38851479998e-11, 6.25942422894e-11, 7.72195501986e-11, 1.17440557279e-10, 1.25026003439e-10, 7.80174397308e-11, 4.18450725459e-11, 2.80000155006e-11, 2.71244998684e-10, 9.9919759966e-11, 4.25529273276e-12]
    },
    "mfcc": {
        "mean": [-699.231384277, 65.7217788696, -15.5163965225, 17.0054454803, 5.4697971344, 6.65348529816, -4.46275806427, 5.81054878235, 5.61225557327, 2.16357660294, 1.19269406796, 0.16483913362, 0.933052837849],
        "cov": [[15427.8447266, 1960.35766602, 1135.61218262, 0.390347182751, 450.582397461, 150.337966919, -171.867523193, 150.250106812, -21.6503772736, -76.4884262085, -81.1127700806, -36.7093925476, -238.994247437], [1960.35766602, 2589.94824219, 163.958328247, 53.6562614441, 138.08770752, 75.2870330811, 98.345199585, 237.266815186, 153.303833008, -32.2125968933, 154.188186646, 50.8697776794, -16.7816638947], [1135.61218262, 163.958328247, 2215.58105469, 680.489624023, 798.063842773, 397.658660889, 224.47618103, 207.489212036, 135.799240112, -21.4317550659, 131.526535034, 115.069061279, 97.2501220703], [0.390347182751, 53.6562614441, 680.489624023, 847.089294434, 544.067016602, 265.643280029, 117.885536194, 74.9642791748, 67.4438476562, 57.5176010132, 64.0048751831, 36.7045135498, 89.1064224243], [450.582397461, 138.08770752, 798.063842773, 544.067016602, 839.79888916, 422.235107422, 182.599563599, 105.926445007, 154.481536865, 100.216590881, 124.936630249, 78.9298553467, 75.6556167603], [150.337966919, 75.2870330811, 397.658660889, 265.643280029, 422.235107422, 498.820983887, 313.610656738, 136.942199707, 135.715011597, 105.665626526, 93.2501525879, 66.9474487305, 59.3639678955], [-171.867523193, 98.345199585, 224.47618103, 117.885536194, 182.599563599, 313.610656738, 488.307434082, 176.766052246, 148.658309937, 121.778205872, 90.6880187988, 72.3533554077, 73.5858001709], [150.250106812, 237.266815186, 207.489212036, 74.9642791748, 105.926445007, 136.942199707, 176.766052246, 248.934265137, 154.884429932, 44.1604690552, 77.6745758057, 54.728351593, 56.0736236572], [-21.6503772736, 153.303833008, 135.799240112, 67.4438476562, 154.481536865, 135.715011597, 148.658309937, 154.884429932, 272.948577881, 126.670089722, 93.9756622314, 60.4322891235, 68.7080307007], [-76.4884262085, -32.2125968933, -21.4317550659, 57.5176010132, 100.216590881, 105.665626526, 121.778205872, 44.1604690552, 126.670089722, 220.363357544, 105.635482788, 44.3816184998, 47.6113739014], [-81.1127700806, 154.188186646, 131.526535034, 64.0048751831, 124.936630249, 93.2501525879, 90.6880187988, 77.6745758057, 93.9756622314, 105.635482788, 212.4115448, 87.6401367188, 67.5159835815], [-36.7093925476, 50.8697776794, 115.069061279, 36.7045135498, 78.9298553467, 66.9474487305, 72.3533554077, 54.728351593, 60.4322891235, 44.3816184998, 87.6401367188, 130.42074585, 71.39503479], [-238.994247437, -16.7816638947, 97.2501220703, 89.1064224243, 75.6556167603, 59.3639678955, 73.5858001709, 56.0736236572, 68.7080307007, 47.6113739014, 67.5159835815, 71.39503479, 152.451049805]],
