{
"lowlevel": {
    "average_loudness": 0.872576594353,
    "barkbands_crest": {
        "dmean": 2.60862874985,
        "dmean2": 4.10528802872,
        "dvar": 6.40022134781,
        "dvar2": 15.252530098,
        "max": 24.045173645,
        "mean": 9.39659118652,
        "median": 8.60526561737,
        "min": 2.9556787014,
        "var": 13.1161470413
    },
    "barkbands_flatness_db": {
        "dmean": 0.0264267958701,
        "dmean2": 0.0389149710536,
        "dvar": 0.000630746479146,
        "dvar2": 0.00142398534808,
        "max": 0.423139184713,
        "mean": 0.140875652432,
        "median": 0.134619310498,
        "min": 0.0334075242281,
        "var": 0.00313894893043
    },
    "barkbands_kurtosis": {
        "dmean": 4.01157283783,
        "dmean2": 6.30023860931,
        "dvar": 44.3780555725,
        "dvar2": 107.049171448,
        "max": 131.772201538,
        "mean": 5.31889867783,
        "median": 2.48652505875,
        "min": -1.93303072453,
        "var": 71.2696228027
    },
    "barkbands_skewness": {
        "dmean": 0.674392223358,
        "dmean2": 0.987176120281,
        "dvar": 0.489823609591,
        "dvar2": 1.02222728729,
        "max": 8.90578365326,
        "mean": 1.68930435181,
        "median": 1.54720067978,
        "min": -2.07140779495,
        "var": 1.56826353073
    },
    "barkbands_spread": {
        "dmean": 7.65100765228,
        "dmean2": 11.4865503311,
        "dvar": 107.94203949,
        "dvar2": 202.192871094,
        "max": 108.76499176,
        "mean": 22.1737728119,
        "median": 18.1118927002,
        "min": 0.855525314808,
        "var": 296.900238037
    },
    "dissonance": {
        "dmean": 0.0206950269639,
        "dmean2": 0.0339194126427,
        "dvar": 0.000493960164022,
        "dvar2": 0.00122728501447,
        "max": 0.500000178814,
        "mean": 0.460967600346,
        "median": 0.472683310509,
        "min": 0.0992444977164,
        "var": 0.00150876189582
    },
    "dynamic_complexity": 3.62209057808,
    "erbbands_crest": {
        "dmean": 2.58504581451,
        "dmean2": 4.05080127716,
        "dvar": 6.7712688446,
        "dvar2": 14.8528757095,
        "max": 31.6405239105,
        "mean": 8.77469921112,
        "median": 7.50260925293,
        "min": 2.29430222511,
        "var": 24.3550262451
    },
    "erbbands_flatness_db": {
        "dmean": 0.0213334690779,
        "dmean2": 0.0301051046699,
        "dvar": 0.000424741097959,
        "dvar2": 0.000773044244852,
        "max": 0.363258808851,
        "mean": 0.151155367494,
        "median": 0.146207928658,
        "min": 0.0541393496096,
        "var": 0.00248058023863
    },
    "erbbands_kurtosis": {
        "dmean": 1.16827046871,
        "dmean2": 1.75693380833,
        "dvar": 2.99128127098,
        "dvar2": 6.43895769119,
        "max": 38.1462669373,
        "mean": 0.755978405476,
        "median": -0.179288744926,
        "min": -1.84486806393,
        "var": 7.64280223846
    },
    "erbbands_skewness": {
        "dmean": 0.432998806238,
        "dmean2": 0.637872457504,
        "dvar": 0.177907377481,
        "dvar2": 0.355006873608,
        "max": 5.21629953384,
        "mean": 0.353676259518,
        "median": 0.306577682495,
        "min": -4.20805692673,
        "var": 0.687609136105
    },
    "erbbands_spread": {
        "dmean": 12.1270456314,
        "dmean2": 17.770111084,
        "dvar": 198.65713501,
        "dvar2": 416.070770264,
        "max": 151.134475708,
        "mean": 44.0209884644,
        "median": 39.7019920349,
        "min": 2.48569583893,
        "var": 668.915710449
    },
    "hfc": {
        "dmean": 8.61037063599,
        "dmean2": 11.2659606934,
        "dvar": 194.223083496,
        "dvar2": 353.057495117,
        "max": 194.460769653,
        "mean": 16.5004024506,
        "median": 7.54682350159,
        "min": 1.14191039483e-16,
        "var": 466.487579346
    },
    "melbands_crest": {
        "dmean": 3.13587737083,
        "dmean2": 5.05195569992,
        "dvar": 8.27926158905,
        "dvar2": 20.5678482056,
        "max": 29.0688457489,
        "mean": 13.4099378586,
        "median": 12.9122915268,
        "min": 1.96739947796,
        "var": 18.7496242523
    },
    "melbands_flatness_db": {
        "dmean": 0.0335247069597,
        "dmean2": 0.0486086569726,
        "dvar": 0.000984293059446,
        "dvar2": 0.00214102258906,
        "max": 0.578272402287,
        "mean": 0.218535929918,
        "median": 0.210477858782,
        "min": 0.00715963821858,
        "var": 0.00546869030222
    },
    "melbands_kurtosis": {
        "dmean": 11.4521827698,
        "dmean2": 17.6216983795,
        "dvar": 380.840301514,
        "dvar2": 864.089416504,
        "max": 260.184814453,
        "mean": 18.1152954102,
        "median": 10.0060949326,
        "min": -1.72615087032,
        "var": 593.386047363
    },
    "melbands_skewness": {
        "dmean": 0.99805021286,
        "dmean2": 1.44381034374,
        "dvar": 1.28730368614,
        "dvar2": 2.55457282066,
        "max": 13.8004360199,
        "mean": 2.98840117455,
        "median": 2.72921204567,
        "min": -1.55367934704,
        "var": 3.95923852921
    },
    "melbands_spread": {
        "dmean": 7.78390026093,
        "dmean2": 11.4568634033,
        "dvar": 130.069610596,
        "dvar2": 249.323318481,
        "max": 254.361343384,
        "mean": 21.0612812042,
        "median": 16.8458003998,
        "min": 0.66641741991,
        "var": 323.896453857
    },
    "pitch_salience": {
        "dmean": 0.0741289108992,
        "dmean2": 0.116471104324,
        "dvar": 0.00520683918148,
        "dvar2": 0.011512148194,
        "max": 0.99778175354,
        "mean": 0.605606555939,
        "median": 0.626862049103,
        "min": 0.152885913849,
        "var": 0.0141788627952
    },
    "silence_rate_20dB": {
        "dmean": 0,
        "dmean2": 0,
        "dvar": 0,
        "dvar2": 0,
        "max": 1,
        "mean": 1,
        "median": 1,
        "min": 1,
        "var": 0
    },
    "silence_rate_30dB": {
        "dmean": 0.0269979462028,
        "dmean2": 0.0540011748672,
        "dvar": 0.0262715816498,
        "dvar2": 0.0643977820873,
        "max": 1,
        "mean": 0.977895140648,
        "median": 1,
        "min": 0,
        "var": 0.0216159410775
    },
    "silence_rate_60dB": {
        "dmean": 0.0178029928356,
        "dmean2": 0.0356094688177,
        "dvar": 0.0174881927669,
        "dvar2": 0.0411917939782,
        "max": 1,
        "mean": 0.0350156500936,
        "median": 0,
        "min": 0,
        "var": 0.0337886624038
    },
    "spectral_centroid": {
        "dmean": 279.817718506,
        "dmean2": 411.488739014,
        "dvar": 117023.84375,
        "dvar2": 215788.671875,
        "max": 11250.1074219,
        "mean": 1147.76391602,
        "median": 1049.39453125,
        "min": 158.350891113,
        "var": 405005.90625
    },
    "spectral_complexity": {
        "dmean": 4.32241010666,
        "dmean2": 6.13422012329,
        "dvar": 32.8745613098,
        "dvar2": 54.8433761597,
        "max": 59,
        "mean": 14.1541471481,
        "median": 11,
        "min": 0,
        "var": 91.2745819092
    },
    "spectral_decrease": {
        "dmean": 3.12589887308e-09,
        "dmean2": 4.45481251887e-09,
        "dvar": 3.28162434422e-17,
        "dvar2": 6.29582318163e-17,
        "max": -8.07304693704e-29,
        "mean": -5.63667512665e-09,
        "median": -2.90772650402e-09,
        "min": -7.7016508726e-08,
        "var": 5.52444284971e-17
    },
    "spectral_energy": {
        "dmean": 0.0124503048137,
        "dmean2": 0.0176167096943,
        "dvar": 0.000497840053868,
        "dvar2": 0.000947367749177,
        "max": 0.301180899143,
        "mean": 0.022770749405,
        "median": 0.0117671499029,
        "min": 1.06621601864e-20,
        "var": 0.000865191104822
    },
    "spectral_energyband_high": {
        "dmean": 0.000575619225856,
        "dmean2": 0.000793894287199,
        "dvar": 1.51693666339e-06,
        "dvar2": 2.55238865066e-06,
        "max": 0.0178147777915,
        "mean": 0.000876913312823,
        "median": 0.000161739255418,
        "min": 7.27932186861e-21,
        "var": 3.05219009533e-06
    },
    "spectral_energyband_low": {
        "dmean": 0.00728085683659,
        "dmean2": 0.0114035233855,
        "dvar": 0.000377288844902,
        "dvar2": 0.000802740280051,
        "max": 0.245790883899,
        "mean": 0.00923661980778,
        "median": 0.00342489033937,
        "min": 7.9355166149e-23,
        "var": 0.000422571407398
    },
    "spectral_energyband_middle_high": {
        "dmean": 0.00232397671789,
        "dmean2": 0.00310110696591,
        "dvar": 2.2485248337e-05,
        "dvar2": 3.88908338209e-05,
        "max": 0.146585866809,
        "mean": 0.00427146535367,
        "median": 0.0011863859836,
        "min": 1.93907574182e-21,
        "var": 6.41915466986e-05
    },
    "spectral_energyband_middle_low": {
        "dmean": 0.00514834048226,
        "dmean2": 0.00779767613858,
        "dvar": 7.39608585718e-05,
        "dvar2": 0.00016923948715,
        "max": 0.122795648873,
        "mean": 0.00932807568461,
        "median": 0.00516807287931,
        "min": 3.08127807402e-22,
        "var": 0.000130830550916
    },
    "spectral_entropy": {
        "dmean": 0.223139181733,
        "dmean2": 0.323544412851,
        "dvar": 0.0503788404167,
        "dvar2": 0.101618766785,
        "max": 9.80064964294,
        "mean": 7.50882816315,
        "median": 7.50301837921,
        "min": 5.08912944794,
        "var": 0.287576645613
    },
    "spectral_flux": {
        "dmean": 0.03176240623,
        "dmean2": 0.047565665096,
        "dvar": 0.00164440448862,
        "dvar2": 0.00336874788627,
        "max": 0.436480283737,
        "mean": 0.0838529467583,
        "median": 0.0620910190046,
        "min": 1.03257735695e-10,
        "var": 0.00440641259775
    },
    "spectral_kurtosis": {
        "dmean": 2.33142948151,
        "dmean2": 3.66548490524,
        "dvar": 15.1527118683,
        "dvar2": 36.5033340454,
        "max": 131.749679565,
        "mean": 5.55752754211,
        "median": 3.75731706619,
        "min": -1.35643529892,
        "var": 105.908485413
    },
    "spectral_rms": {
        "dmean": 0.00106037245132,
        "dmean2": 0.00143255083822,
        "dvar": 1.99454962058e-06,
        "dvar2": 3.41972645401e-06,
        "max": 0.0171416178346,
        "mean": 0.00410808529705,
        "median": 0.00338823650964,
        "min": 3.22522976208e-12,
        "var": 5.33894399268e-06
    },
    "spectral_rolloff": {
        "dmean": 646.007263184,
        "dmean2": 1063.6763916,
        "dvar": 1647776.75,
        "dvar2": 3234878.75,
        "max": 18863.0859375,
        "mean": 1375.31591797,
        "median": 882.861328125,
        "min": 86.1328125,
        "var": 2889986.75
    },
    "spectral_skewness": {
        "dmean": 0.324012070894,
        "dmean2": 0.481698304415,
        "dvar": 0.117976389825,
        "dvar2": 0.256550371647,
        "max": 9.69946670532,
        "mean": 1.6691634655,
        "median": 1.5674315691,
        "min": -0.0719143152237,
        "var": 0.908779501915
    },
    "spectral_spread": {
        "dmean": 874440.1875,
        "dmean2": 1254124.625,
        "dvar": 1.06712838963e+12,
        "dvar2": 1.88589237862e+12,
        "max": 42163680,
        "mean": 4942800.5,
        "median": 4535056,
        "min": 672551.9375,
        "var": 4.12494017331e+12
    },
    "spectral_strongpeak": {
        "dmean": 0.433239102364,
        "dmean2": 0.69566065073,
        "dvar": 0.519114613533,
        "dvar2": 1.12870573997,
        "max": 10.4935798645,
        "mean": 0.732775449753,
        "median": 0.28165346384,
        "min": 0,
        "var": 1.25802135468
    },
    "zerocrossingrate": {
        "dmean": 0.0134801063687,
        "dmean2": 0.015176079236,
        "dvar": 0.000326672045048,
        "dvar2": 0.000348067114828,
        "max": 0.50634765625,
        "mean": 0.0566760599613,
        "median": 0.04638671875,
        "min": 0.00341796875,
        "var": 0.00164824398234
    },
    "barkbands": {
        "dmean": [6.21071230853e-05, 0.00520120281726, 0.00272644194774, 0.00123520311899, 0.00215821387246, 0.000587771995924, 0.000997917144559, 0.00123414385598, 0.000902221538126, 0.000444271659944, 0.000605845300015, 0.000466738885734, 0.00052496168064, 0.000293782330118, 0.000280450767605, 0.000216404267121, 0.000177326975972, 0.000114635840873, 0.000120807308122, 8.78512946656e-05, 0.000135332185891, 0.000169518069015, 0.0001362432522, 9.038286953e-05, 3.84822815249e-05, 1.64236116689e-05, 1.58920693138e-06],
        "dmean2": [0.000102622660052, 0.0083646690473, 0.0045221587643, 0.00208334159106, 0.00357429590076, 0.000910110538825, 0.00155216269195, 0.00196673674509, 0.00135064427741, 0.000632906565443, 0.000873699667864, 0.000730728090275, 0.000810280325823, 0.000458636466647, 0.00042291751015, 0.000316989375278, 0.000259512744378, 0.000176778441528, 0.000183345327969, 0.000132935019792, 0.000193070300156, 0.000245304458076, 0.000196068838704, 0.000132519708131, 5.30467405042e-05, 2.38970660575e-05, 2.47534012487e-06],
        "dvar": [3.72065436238e-08, 0.000257721141679, 4.678633195e-05, 5.22221944266e-06, 2.15178006329e-05, 1.76704054411e-06, 7.71086888562e-06, 1.28117062559e-05, 8.36145954963e-06, 2.25903568207e-06, 3.53167729372e-06, 3.93079744754e-06, 5.10288919031e-06, 1.0935523278e-06, 1.3638702967e-06, 3.85486686127e-07, 1.72590105763e-07, 7.92291743323e-08, 8.24414385647e-08, 6.05381984542e-08, 1.09775854185e-07, 1.92081458295e-07, 8.37014013655e-08, 4.75956376533e-08, 1.02868158436e-08, 1.43990963597e-09, 1.46302622794e-11],
        "dvar2": [9.7676881694e-08, 0.00060623238096, 0.000121982462588, 1.3600719285e-05, 5.58013125556e-05, 3.81822701456e-06, 1.76630674105e-05, 2.86778340524e-05, 1.75878903974e-05, 4.05576565754e-06, 7.19465379007e-06, 9.38078483159e-06, 1.16212477224e-05, 2.49549611908e-06, 3.02384887618e-06, 7.49565572278e-07, 3.27464221073e-07, 1.83494890393e-07, 1.72478749505e-07, 1.24202557572e-07, 2.16816758325e-07, 3.60535864274e-07, 1.50746217287e-07, 9.49382865656e-08, 1.82121269177e-08, 2.86404988614e-09, 3.38621491958e-11],
        "max": [0.00571017153561, 0.208381474018, 0.100176557899, 0.0306448228657, 0.0993336141109, 0.045742072165, 0.067570745945, 0.0983670800924, 0.103756226599, 0.0464652217925, 0.0514039844275, 0.0876302421093, 0.0942885652184, 0.0390135571361, 0.0587498247623, 0.0247702244669, 0.0133781721815, 0.00566122308373, 0.00647622626275, 0.00276031438261, 0.00541985360906, 0.00547816138715, 0.00531029794365, 0.00919534359127, 0.00348202767782, 0.00113693147432, 0.000101587676909],
        "mean": [0.000112658985017, 0.00534037873149, 0.00294621335343, 0.00173653184902, 0.00281829526648, 0.000841206521727, 0.00112057779916, 0.00135104416404, 0.00125180464238, 0.000620665727183, 0.00097847962752, 0.000573748315219, 0.00059856614098, 0.000335940654622, 0.000335016346071, 0.000335340882884, 0.000242727764999, 0.000138763542054, 0.00016263917496, 0.00011473432096, 0.00017734222638, 0.000236380496062, 0.000194396037841, 0.000127548759338, 5.61612287129e-05, 2.17633551074e-05, 1.82799578852e-06],
        "median": [6.79199001752e-05, 0.00131209450774, 0.00110876187682, 0.00101687188726, 0.0013874056749, 0.000319454877172, 0.000218255823711, 0.000168882863363, 0.000231236757827, 6.31152506685e-05, 0.000103127313196, 6.56579359202e-05, 9.36213473324e-05, 6.22264487902e-05, 4.50367588201e-05, 8.39960484882e-05, 4.94914784213e-05, 3.200158244e-05, 4.20818687417e-05, 3.06167530653e-05, 2.92369550152e-05, 2.66757961072e-05, 2.7362289984e-05, 2.3827473342e-05, 9.54245115281e-06, 3.2366663163e-06, 1.32669370601e-07],
        "min": [4.43376179445e-23, 3.55506288498e-23, 2.14795591112e-23, 5.70713846441e-25, 5.14146279647e-23, 1.02847021077e-22, 4.29067378584e-23, 3.1225784134e-23, 6.48773344841e-23, 6.49157109894e-23, 1.22596986876e-22, 1.31431509574e-22, 3.34847283568e-23, 5.83349386548e-23, 1.96624577747e-22, 2.42499401605e-22, 2.10208813022e-22, 2.17351374228e-22, 3.1084158989e-22, 5.38060995575e-22, 3.86791577988e-22, 4.51802577064e-22, 5.14779274259e-22, 1.04524317329e-21, 1.2608280292e-21, 1.40076422926e-21, 2.14972386832e-21],
        "var": [3.5618249683e-08, 0.000235500861891, 4.03350895795e-05, 5.51167249796e-06, 2.23791175813e-05, 2.80557969745e-06, 1.04871814983e-05, 1.84543532669e-05, 1.61619227583e-05, 5.25683071828e-06, 7.5488251241e-06, 4.90055936098e-06, 6.64728213451e-06, 1.59795388299e-06, 1.83595705039e-06, 7.16109695986e-07, 3.58582298077e-07, 1.05974798714e-07, 1.40962654882e-07, 7.90225627156e-08, 1.69329865685e-07, 3.13749438874e-07, 1.64416235293e-07, 1.01003514885e-07, 2.35095356516e-08, 2.96429081281e-09, 2.33265767813e-11]
    },
    "erbbands": {
        "dmean": [0.114950485528, 1.30616915226, 3.12531161308, 3.3650996685, 5.44986772537, 8.61130714417, 4.41215276718, 5.46337747574, 12.4599180222, 18.7783374786, 26.2964916229, 20.4753475189, 15.058465004, 14.2008600235, 26.277141571, 18.6680431366, 22.9296073914, 15.1763381958, 12.7372093201, 15.4785060883, 8.41547298431, 10.1753416061, 6.47773933411, 6.69723510742, 5.14464950562, 4.07658910751, 4.45146417618, 6.30020427704, 6.01283597946, 5.52470016479, 3.71230816841, 2.32744455338, 1.27307462692, 0.545142769814, 0.232131421566, 0.104918725789, 0.0219224896282, 0.0032453192398, 0.000220321875531, 2.58069740084e-05],
        "dmean2": [0.187750786543, 2.11726379395, 5.07587814331, 5.58335399628, 9.05824279785, 14.1586618423, 7.02530908585, 8.48875617981, 19.2830295563, 29.7157440186, 40.7501754761, 30.1441402435, 21.4357032776, 20.3792934418, 37.2766075134, 28.1490802765, 35.0924453735, 22.2524356842, 19.4817695618, 22.7988948822, 11.9248209, 14.9038352966, 9.81289482117, 10.2450838089, 7.64940357208, 6.0499753952, 6.58042526245, 9.13278770447, 8.7939157486, 8.09150791168, 5.27320337296, 3.43624806404, 1.86915326118, 0.763441205025, 0.326903909445, 0.153535291553, 0.0314941927791, 0.00448139570653, 0.000357604265446, 3.87306827179e-05],
        "dvar": [0.134689569473, 15.9924602509, 67.3460769653, 44.728843689, 118.2603302, 407.244781494, 94.5313949585, 177.119598389, 1425.42358398, 2926.38012695, 6257.04931641, 4236.09716797, 2215.49951172, 2311.96142578, 6205.50683594, 6641.04492188, 10652.4775391, 3100.09130859, 1356.01757812, 3524.69335938, 391.872558594, 583.158935547, 245.444534302, 277.612976074, 144.0887146, 128.228393555, 113.885688782, 288.134033203, 285.00189209, 154.723083496, 65.8968582153, 28.6527767181, 11.4218664169, 1.64174377918, 0.525695025921, 0.0673790723085, 0.00240176846273, 5.02059592691e-05, 3.24387769979e-07, 2.41444197968e-09],
        "dvar2": [0.333683639765, 37.2512321472, 167.862838745, 109.887359619, 312.420440674, 1033.36462402, 211.793289185, 384.717224121, 3210.51123047, 7028.26513672, 13307.4267578, 8646.27148438, 4262.2265625, 4435.07666016, 12877.6337891, 15380.9716797, 22961.9980469, 5782.92285156, 2786.93652344, 7719.57421875, 686.143005371, 1107.08447266, 539.464294434, 619.665161133, 292.688842773, 260.706756592, 224.172180176, 599.593688965, 602.792663574, 252.94770813, 124.105064392, 57.3485679626, 22.8932189941, 2.99752426147, 0.972147345543, 0.134177669883, 0.0045332685113, 9.11278257263e-05, 8.0851208395e-07, 5.63247448682e-09],
        "max": [3.8251183033, 54.5500907898, 119.337989807, 88.0684356689, 170.902603149, 477.223236084, 324.629638672, 577.981201172, 1043.68945312, 1833.53735352, 2354.7019043, 2854.67285156, 1473.79443359, 1552.78613281, 1683.64074707, 4493.80957031, 4629.17578125, 2569.93847656, 1149.96838379, 2159.07739258, 764.216125488, 727.225219727, 381.596221924, 301.882141113, 233.285995483, 123.377754211, 221.721679688, 238.372665405, 198.571350098, 134.219894409, 202.725311279, 228.190322876, 129.719802856, 31.5756130219, 30.4980373383, 8.57696342468, 1.62583291531, 0.205794215202, 0.0167222283781, 0.000552888843231],
        "mean": [0.116387441754, 1.32994961739, 3.46261620522, 4.7569975853, 7.65642881393, 10.3808193207, 6.55759811401, 7.61229324341, 14.5364322662, 21.2230205536, 30.3747520447, 29.4601650238, 22.0250225067, 20.1219425201, 45.3006362915, 24.0364437103, 27.6493263245, 19.4617977142, 15.8737545013, 21.8136138916, 13.7452030182, 14.1411905289, 8.52510166168, 8.45565986633, 6.99732542038, 5.53275775909, 6.45964765549, 7.68815422058, 7.77170085907, 7.94444227219, 5.09961032867, 3.15699005127, 1.82501518726, 0.786949455738, 0.331867843866, 0.137609437108, 0.0297274515033, 0.00459141004831, 0.000256134284427, 4.08993728342e-05],
        "median": [0.0347624495625, 0.30214625597, 1.22582435608, 2.73245334625, 4.25082206726, 4.23885822296, 2.8711745739, 2.68217897415, 3.00852012634, 3.89958786964, 4.23330307007, 5.7909078598, 2.97419261932, 2.62062764168, 4.62746524811, 3.13774776459, 4.8026471138, 3.23699474335, 3.26228904724, 4.69313335419, 3.6994972229, 2.95640301704, 2.1387424469, 2.04908704758, 1.74163341522, 1.61583042145, 1.04716014862, 1.36812698841, 0.976761937141, 0.856130123138, 0.729050040245, 0.534656107426, 0.335118710995, 0.139635592699, 0.0501254424453, 0.0204075090587, 0.00460996478796, 0.000605656998232, 2.75303082162e-05, 1.82855073945e-05],
        "min": [1.44582315637e-21, 7.26274917579e-21, 2.26690656328e-20, 1.3541558935e-20, 4.42584279216e-20, 2.35030368812e-19, 5.88801170387e-19, 8.1660345406e-19, 5.99948980105e-19, 4.63484961946e-19, 9.76146948682e-19, 1.66969467212e-18, 1.36451827584e-18, 2.89313016006e-18, 6.71517008594e-18, 4.78335387182e-18, 1.65704160048e-18, 2.42263065482e-18, 1.06181576998e-17, 6.62089465717e-18, 1.7275460298e-17, 1.02398731164e-17, 1.00108946336e-17, 2.02274180957e-17, 1.42538439666e-17, 2.59769305035e-17, 1.57424348882e-17, 1.75924326e-17, 1.8430707359e-17, 1.55688014059e-17, 1.28421188034e-17, 2.30142540995e-17, 1.59649183489e-17, 1.27387576228e-17, 8.84896395331e-18, 4.53996093966e-18, 3.03653991042e-18, 1.24061385791e-18, 3.09259256386e-19, 3.13063337239e-20],
        "var": [0.113293036819, 14.800113678, 61.3801307678, 46.8424606323, 117.77407074, 436.984100342, 158.826980591, 263.856109619, 1939.67504883, 3453.67529297, 9618.68652344, 8759.84082031, 4890.58691406, 4738.58642578, 15160.7978516, 8052.65429688, 14155.8496094, 6055.98925781, 2068.01733398, 5638.57861328, 913.71295166, 1179.72351074, 379.347259521, 400.800109863, 244.031173706, 172.659301758, 196.254577637, 385.676483154, 392.816558838, 288.458740234, 127.534111023, 56.308013916, 24.7536373138, 3.79803180695, 1.08970212936, 0.136679589748, 0.0051909731701, 0.000115119175462, 4.69198340625e-07, 3.45505823951e-09]
    },
    "gfcc": {
        "mean": [-27.8044147491, 101.870735168, -101.543083191, 37.1129074097, -58.6978988647, 21.0774059296, -36.5341262817, 5.50942564011, -20.6735935211, -0.599737286568, -19.3670654297, -2.47408699989, -13.3929405212],
        "cov": [[6481.62646484, -1917.59228516, -649.430358887, 349.543914795, -458.198822021, 245.53314209, -113.374977112, 176.358154297, 2.10985851288, 96.3600006104, -135.108062744, 117.248580933, -224.868331909], [-1917.59228516, 1615.10852051, -232.972000122, -408.285430908, 346.942352295, -275.971038818, 112.062026978, -59.3561325073, 34.1712722778, -98.0532608032, 99.7311172485, -91.8089447021, 117.846984863], [-649.430358887, -232.972000122, 972.143188477, 163.72467041, -152.104827881, 100.069351196, -84.3021850586, -10.1767311096, -5.33172082901, 53.0968589783, 24.6028232574, 43.6214179993, -13.858048439], [349.543914795, -408.285430908, 163.72467041, 400.324768066, -5.75351953506, -9.91326808929, -45.5255737305, -18.251657486, 9.86399269104, 45.6559028625, -20.9734306335, 25.5963611603, -12.311879158], [-458.198822021, 346.942352295, -152.104827881, -5.75351953506, 280.886108398, -41.2843894958, 33.4903907776, -5.86548995972, 5.68178272247, -18.3752536774, 13.5322170258, -31.4222431183, 34.4720611572], [245.53314209, -275.971038818, 100.069351196, -9.91326808929, -41.2843894958, 241.643371582, 54.902179718, 4.67358636856, -25.8193321228, 5.70768404007, -20.9199562073, 19.1620159149, -10.7364673615], [-113.374977112, 112.062026978, -84.3021850586, -45.5255737305, 33.4903907776, 54.902179718, 253.012573242, -25.8358879089, -23.3580799103, -19.7693977356, -14.0848932266, 19.2805633545, 13.7340078354], [176.358154297, -59.3561325073, -10.1767311096, -18.251657486, -5.86548995972, 4.67358636856, -25.8358879089, 136.607116699, 17.938079834, 0.969762206078, 16.7499523163, -5.64889383316, -18.7953109741], [2.10985851288, 34.1712722778, -5.33172082901, 9.86399269104, 5.68178272247, -25.8193321228, -23.3580799103, 17.938079834, 117.772460938, 30.568403244, -18.5166606903, -18.8716621399, 8.12857913971], [96.3600006104, -98.0532608032, 53.0968589783, 45.6559028625, -18.3752536774, 5.70768404007, -19.7693977356, 0.969762206078, 30.568403244, 98.3276977539, 6.91837501526, -6.45999526978, -16.3424091339], [-135.108062744, 99.7311172485, 24.6028232574, -20.9734306335, 13.5322170258, -20.9199562073, -14.0848932266, 16.7499523163, -18.5166606903, 6.91837501526, 94.0414123535, 11.1436128616, -3.51732301712], [117.248580933, -91.8089447021, 43.6214179993, 25.5963611603, -31.4222431183, 19.1620159149, 19.2805633545, -5.64889383316, -18.8716621399, -6.45999526978, 11.1436128616, 87.018913269, 14.7736091614], [-224.868331909, 117.846984863, -13.858048439, -12.311879158, 34.4720611572, -10.7364673615, 13.7340078354, -18.7953109741, 8.12857913971, -16.3424091339, -3.51732301712, 14.7736091614, 77.7915420532]],
        "icov": [[0.000340686849086, 0.000247830001172, 0.000409929285524, -0.000154858324095, 0.000317823258229, -0.000154263834702, 0.000113389971375, -0.000229682496865, -9.83071513474e-05, -6.25106331427e-05, 0.000110540880996, -0.000372647336917, 0.000493151776027], [0.000247830001172, 0.00320667889901, -0.000458170776255, 0.0027763468679, -0.00249445135705, 0.00299677927978, -0.00132501986809, 0.00120241614059, -0.00116775580682, 0.00133793451823, -0.00228992756456, 0.00171240419149, -0.00176587118767], [0.000409929285524, -0.000458170776255, 0.00202537165023, -0.00141353067011, 0.00167977856472, -0.0015854529338, 0.000883016036823, -0.000417292321799, 9.90530243143e-05, -0.000673600588925, 7.14218258508e-05, -0.00108487845864, 0.000853639445268], [-0.000154858324095, 0.0027763468679, -0.00141353067011, 0.00593289267272, -0.00334740220569, 0.00347444671206, -0.000936342519708, 0.00170090585016, -0.00083347101463, 1.58561488206e-05, -0.000960192468483, 0.000643790641334, -0.00150248978753], [0.000317823258229, -0.00249445135705, 0.00167977856472, -0.00334740220569, 0.0073758889921, -0.00270326551981, 0.000716765876859, -0.00145446381066, 0.000817704130895, -0.000744014745578, 0.000830454693642, 8.21132853162e-05, 0.000127686187625], [-0.000154263834702, 0.00299677927978, -0.0015854529338, 0.00347444671206, -0.00270326551981, 0.00838203262538, -0.00266417744569, 0.000806057825685, 0.000171197010786, 0.000628133129794, -0.000756167049985, 0.00146571616642, -0.00189691898413], [0.000113389971375, -0.00132501986809, 0.000883016036823, -0.000936342519708, 0.000716765876859, -0.00266417744569, 0.00547387171537, 9.03869367903e-05, 0.000910720904358, -0.000473027408589, 0.00176406931132, -0.00231951847672, 0.00104000687134], [-0.000229682496865, 0.00120241614059, -0.000417292321799, 0.00170090585016, -0.00145446381066, 0.000806057825685, 9.03869367903e-05, 0.00911057088524, -0.00244263163768, 0.00166056316812, -0.00302131916396, 0.000977827934548, 0.000932183407713], [-9.83071513474e-05, -0.00116775580682, 9.90530243143e-05, -0.00083347101463, 0.000817704130895, 0.000171197010786, 0.000910720904358, -0.00244263163768, 0.0115005299449, -0.00447310507298, 0.00378331565298, 0.000989419990219, -0.0018773349002], [-6.25106331427e-05, 0.00133793451823, -0.000673600588925, 1.58561488206e-05, -0.000744014745578, 0.000628133129794, -0.000473027408589, 0.00166056316812, -0.00447310507298, 0.0136270467192, -0.00350387487561, 0.00188885780517, 0.00138910335954], [0.000110540880996, -0.00228992756456, 7.14218258508e-05, -0.000960192468483, 0.000830454693642, -0.000756167049985, 0.00176406931132, -0.00302131916396, 0.00378331565298, -0.00350387487561, 0.0151004390791, -0.00423522340134, 0.00249119242653], [-0.000372647336917, 0.00171240419149, -0.00108487845864, 0.000643790641334, 8.21132853162e-05, 0.00146571616642, -0.00231951847672, 0.000977827934548, 0.000989419990219, 0.00188885780517, -0.00423522340134, 0.0163472238928, -0.00595365045592], [0.000493151776027, -0.00176587118767, 0.000853639445268, -0.00150248978753, 0.000127686187625, -0.00189691898413, 0.00104000687134, 0.000932183407713, -0.0018773349002, 0.00138910335954, 0.00249119242653, -0.00595365045592, 0.0183243323117]]
    },
    "melbands": {
        "dmean": [0.00127289583907, 0.00161532126367, 0.000603360589594, 0.000546883267816, 0.000185230674106, 0.000121026430861, 0.000192663763301, 0.000223403985729, 0.000211554055568, 0.000126060971525, 7.56199879106e-05, 5.71169402974e-05, 8.21093417471e-05, 6.09003836871e-05, 5.20961621078e-05, 4.94147352583e-05, 2.75270231214e-05, 2.16439875658e-05, 2.22304970521e-05, 2.05472297239e-05, 8.16112606117e-06, 1.10867858893e-05, 8.39786116558e-06, 5.00623355038e-06, 5.68647783439e-06, 4.64507820652e-06, 2.96928510579e-06, 2.81297093352e-06, 2.65000721811e-06, 3.03000206259e-06, 4.26918086305e-06, 3.78255481337e-06, 3.27945622303e-06, 2.98186978398e-06, 2.3498732844e-06, 1.74829995103e-06, 1.35442678584e-06, 1.00263639524e-06, 6.20627019998e-07, 4.30644945482e-07],
        "dmean2": [0.00204483326524, 0.00260189711116, 0.000996254500933, 0.000908478279598, 0.000297116814181, 0.000187732381164, 0.000297141203191, 0.000351210037479, 0.000325061060721, 0.000185160388355, 0.000108499902126, 8.25534589239e-05, 0.000118185853353, 9.11224851734e-05, 8.01189307822e-05, 7.50979961595e-05, 4.14782880398e-05, 3.41766499332e-05, 3.35717923008e-05, 3.01502095681e-05, 1.18712978292e-05, 1.63913082361e-05, 1.2660620996e-05, 7.71960822021e-06, 8.78806258697e-06, 6.97151108398e-06, 4.63025253339e-06, 4.20214746555e-06, 3.96996438212e-06, 4.45273963123e-06, 6.51915752314e-06, 5.87683098274e-06, 4.68686312161e-06, 4.52396534456e-06, 3.41231020684e-06, 2.60170668298e-06, 2.04164325623e-06, 1.49594563936e-06, 9.05351384972e-07, 6.09976439137e-07],
        "dvar": [1.60008275998e-05, 1.88394496945e-05, 1.34313893341e-06, 1.46238267007e-06, 1.51179676777e-07, 7.89675453916e-08, 3.17773185543e-07, 4.01243596571e-07, 4.23577716901e-07, 1.63642084772e-07, 5.92294284729e-08, 4.06134255115e-08, 5.79784611432e-08, 5.71988394427e-08, 4.05153635086e-08, 4.66129996823e-08, 1.10286766386e-08, 3.81092535306e-09, 1.28514168196e-08, 3.85393894575e-09, 3.96159438587e-10, 7.14922787637e-10, 5.14235598548e-10, 1.51681667226e-10, 2.10897743713e-10, 1.28280955303e-10, 5.99164190485e-11, 6.58748749993e-11, 4.12273722106e-11, 4.5873534138e-11, 1.6443837958e-10, 1.31243155232e-10, 5.94860896652e-11, 4.4596104587e-11, 2.87894569295e-11, 1.5746294893e-11, 9.52094392909e-12, 7.28300406094e-12, 2.55383908465e-12, 1.10000821386e-12],
        "dvar2": [3.83527367376e-05, 4.23123892688e-05, 3.2145608202e-06, 3.81001723326e-06, 3.60070856686e-07, 1.71989029241e-07, 7.16048191407e-07, 9.38884397783e-07, 8.74953968832e-07, 3.31278329213e-07, 1.14202521218e-07, 7.67320003092e-08, 1.19799537401e-07, 1.35218499508e-07, 8.15070393401e-08, 1.0348301771e-07, 2.18338058744e-08, 8.25065082921e-09, 2.94723427885e-08, 7.53970841316e-09, 7.95509880192e-10, 1.41574829637e-09, 1.0727219113e-09, 3.54107937417e-10, 4.75071038064e-10, 2.73274486373e-10, 1.16101746273e-10, 1.44228712307e-10, 8.48649830965e-11, 9.09125483228e-11, 3.68153424413e-10, 3.10126146985e-10, 9.50766618213e-11, 7.84138032284e-11, 5.94021151712e-11, 3.15092431313e-11, 1.96563373217e-11, 1.49686825435e-11, 5.23970580465e-12, 2.08886076838e-12],
        "max": [0.0460078604519, 0.0542028658092, 0.0141334533691, 0.0278429985046, 0.00919273588806, 0.0111753884703, 0.0150225711986, 0.0203688461334, 0.019445899874, 0.0182870496064, 0.00765577610582, 0.00618765503168, 0.00523185124621, 0.00984598696232, 0.00888800062239, 0.00848361197859, 0.00437225867063, 0.00153790984768, 0.00640081381425, 0.00243747234344, 0.000681402976625, 0.000668521912303, 0.000781572423875, 0.0002820493537, 0.000254945072811, 0.000285845744656, 0.000115379712952, 9.23002371565e-05, 0.000134637215524, 0.000120178061479, 0.000163150965818, 0.000139554133057, 7.80002810643e-05, 8.33353478811e-05, 0.00011318972247, 0.000144952849951, 0.000121447286801, 0.000114106755063, 4.96797765663e-05, 2.85026890197e-05],
        "mean": [0.00128923926968, 0.00186407193542, 0.000917604542337, 0.000695536495186, 0.000272847741144, 0.000170413884916, 0.000224724644795, 0.0002489258477, 0.000245966512011, 0.00018056355475, 0.000106991967186, 7.64864089433e-05, 0.000135716720251, 8.93803517101e-05, 5.75686208322e-05, 5.9021407651e-05, 3.27864472638e-05, 2.48338874371e-05, 2.62064550043e-05, 3.1686584407e-05, 1.20391960081e-05, 1.48354074554e-05, 1.08783769974e-05, 5.99198801865e-06, 6.93906076776e-06, 6.02902946412e-06, 3.91464845961e-06, 3.55215001946e-06, 3.78642130272e-06, 4.04877073379e-06, 4.78192214359e-06, 4.43422004537e-06, 4.63612559543e-06, 4.22170842285e-06, 3.08325934384e-06, 2.24731661547e-06, 1.8049040591e-06, 1.39576479796e-06, 8.60045815898e-07, 5.97638177169e-07],
        "median": [0.000328932510456, 0.000615322380327, 0.000549116288312, 0.00033935130341, 0.000120606520795, 6.0739050241e-05, 4.52992171631e-05, 4.08615051128e-05, 3.31021947204e-05, 3.25704313582e-05, 1.34018855533e-05, 8.66986738401e-06, 1.53069267981e-05, 8.64317917149e-06, 8.42985264171e-06, 8.45586509968e-06, 4.99212274008e-06, 5.48427851754e-06, 3.25348173646e-06, 7.18977116776e-06, 3.00396322928e-06, 2.69676138487e-06, 2.43071872319e-06, 1.37093581998e-06, 1.62156879924e-06, 1.53308292283e-06, 8.27485393984e-07, 1.03400066109e-06, 6.27100007478e-07, 7.01109684087e-07, 7.5667423971e-07, 5.94711082158e-07, 4.16742636844e-07, 4.87803845317e-07, 4.19229991167e-07, 3.29453939685e-07, 2.93765424431e-07, 2.42673650064e-07, 1.67004188256e-07, 9.37875768159e-08],
        "min": [1.42399774802e-23, 1.10932065961e-23, 2.49557882861e-24, 1.00324064042e-23, 1.90201874205e-23, 1.89897926098e-23, 8.62535070628e-24, 5.35867966992e-24, 8.03993781738e-24, 1.04006577188e-23, 6.67649350576e-24, 1.07319035683e-23, 1.93079922777e-23, 1.73792447194e-23, 6.25606416987e-24, 3.61130740535e-24, 4.08025523679e-24, 1.63566916596e-23, 1.23442532171e-23, 1.12989462533e-23, 2.20305232333e-23, 1.15156084787e-23, 7.37524519636e-24, 1.07881698613e-23, 1.76966429046e-23, 7.85155467777e-24, 1.67730540231e-23, 1.65199811338e-23, 9.95462471893e-24, 8.15812022504e-24, 1.04460077545e-23, 1.05896183046e-23, 8.24617603472e-24, 9.35355925195e-24, 5.74424253709e-24, 1.24687165353e-23, 1.37583321436e-23, 9.15330770002e-24, 1.35076968345e-23, 9.64141065196e-24],
        "var": [1.41762729982e-05, 1.94403219211e-05, 1.50809603383e-06, 1.46483273511e-06, 2.25834909884e-07, 1.21146428e-07, 4.42724200411e-07, 5.06109699927e-07, 6.81610401898e-07, 3.29594342929e-07, 1.27979475906e-07, 8.37967277789e-08, 1.30699191914e-07, 8.37298870238e-08, 5.57209069996e-08, 6.51238423188e-08, 1.96113951745e-08, 5.21951593058e-09, 1.56915191951e-08, 7.47964534753e-09, 7.59025731156e-10, 1.37551836588e-09, 8.65318039445e-10, 2.04175773511e-10, 2.96850377612e-10, 2.19229592813e-10, 8.56135301541e-11, 8.02515970344e-11, 6.81853670748e-11, 7.79684580787e-11, 1.88628099251e-10, 1.51787721281e-10, 1.097977681e-10, 7.93549392863e-11, 4.90656543173e-11, 2.95395166661e-11, 1.81054234105e-11, 1.5092991093e-11, 5.29860053403e-12, 2.33941338523e-12]
    },
    "mfcc": {
        "mean": [-672.88458252, 126.971473694, 17.3300094604, 21.5241012573, 5.35935497284, 12.9695205688, -2.19080901146, 6.17840671539, 0.620024859905, 2.05717563629, -1.42682850361, 0.545777440071, -1.62207913399],
        "cov": [[5973.45068359, -1659.50048828, -449.559753418, -201.329788208, -199.25177002, -0.172075510025, -179.427871704, 136.786453247, -21.3932132721, 65.7934036255, 96.2961425781, 45.5317382812, -23.2963275909], [-1659.50048828, 1642.28137207, -452.741424561, -57.8303451538, 15.0713186264, -148.295181274, 81.8856582642, -46.0044174194, 17.879617691, -47.8631744385, -20.1195240021, -12.0133018494, 45.7651824951], [-449.559753418, -452.741424561, 998.896728516, 19.9126701355, 28.6488685608, 71.3175201416, -39.5951461792, -12.3712205887, -33.3292961121, -0.829846739769, -4.66754102707, 29.0960769653, 9.14938926697], [-201.329788208, -57.8303451538, 19.9126701355, 361.785766602, 65.3775939941, 11.2257709503, -31.3650493622, -33.3335418701, -9.66971206665, 5.30217838287, 2.29670572281, -20.4852027893, -2.69866347313], [-199.25177002, 15.0713186264, 28.6488685608, 65.3775939941, 266.871917725, -45.3339424133, -37.1883926392, -33.5292320251, -14.8214626312, 21.5824184418, 12.1472234726, -7.07947540283, -19.2978382111], [-0.172075510025, -148.295181274, 71.3175201416, 11.2257709503, -45.3339424133, 230.722930908, 50.9460639954, 5.92684602737, 33.1193084717, 2.13612318039, -23.2086830139, -0.993087351322, 4.90071582794], [-179.427871704, 81.8856582642, -39.5951461792, -31.3650493622, -37.1883926392, 50.9460639954, 190.391311646, 53.902015686, -9.262799263, -17.2247486115, 7.07396841049, -4.52590417862, 4.69075536728], [136.786453247, -46.0044174194, -12.3712205887, -33.3335418701, -33.5292320251, 5.92684602737, 53.902015686, 125.959625244, 22.364572525, -22.9181690216, -0.0256237704307, 1.06589972973, -1.65519845486], [-21.3932132721, 17.879617691, -33.3292961121, -9.66971206665, -14.8214626312, 33.1193084717, -9.262799263, 22.364572525, 116.562957764, 20.9601268768, -6.31889295578, 1.77404940128, -5.96989250183], [65.7934036255, -47.8631744385, -0.829846739769, 5.30217838287, 21.5824184418, 2.13612318039, -17.2247486115, -22.9181690216, 20.9601268768, 91.6995773315, 34.0668792725, -4.95739507675, -19.1503944397], [96.2961425781, -20.1195240021, -4.66754102707, 2.29670572281, 12.1472234726, -23.2086830139, 7.07396841049, -0.0256237704307, -6.31889295578, 34.0668792725, 107.895477295, 14.2809963226, -30.7507038116], [45.5317382812, -12.0133018494, 29.0960769653, -20.4852027893, -7.07947540283, -0.993087351322, -4.52590417862, 1.06589972973, 1.77404940128, -4.95739507675, 14.2809963226, 66.4975662231, 19.1238269806], [-23.2963275909, 45.7651824951, 9.14938926697, -2.69866347313, -19.2978382111, 4.90071582794, 4.69075536728, -1.65519845486, -5.96989250183, -19.1503944397, -30.7507038116, 19.1238269806, 100.748344421]],
