{
"lowlevel": {
    "average_loudness": 0.94542235136,
    "barkbands_crest": {
        "dmean": 3.85850334167,
        "dmean2": 6.25096559525,
        "dvar": 13.2309894562,
        "dvar2": 29.4340019226,
        "max": 26.44739151,
        "mean": 11.1053209305,
        "median": 8.82467269897,
        "min": 2.28493332863,
        "var": 39.3687705994
    },
    "barkbands_flatness_db": {
        "dmean": 0.0394665598869,
        "dmean2": 0.0609442852437,
        "dvar": 0.0015711063752,
        "dvar2": 0.00321726780385,
        "max": 0.443661540747,
        "mean": 0.146939381957,
        "median": 0.131693720818,
        "min": 0.0233183000237,
        "var": 0.00492095714435
    },
    "barkbands_kurtosis": {
        "dmean": 8.85167789459,
        "dmean2": 14.3283405304,
        "dvar": 881.790283203,
        "dvar2": 1633.48571777,
        "max": 682.164978027,
        "mean": 7.81501960754,
        "median": 0.758973121643,
        "min": -1.91568684578,
        "var": 1315.68457031
    },
    "barkbands_skewness": {
        "dmean": 1.24287295341,
        "dmean2": 1.85081493855,
        "dvar": 1.89328730106,
        "dvar2": 3.85421895981,
        "max": 21.6635913849,
        "mean": 0.359202563763,
        "median": -0.15998083353,
        "min": -6.89998197556,
        "var": 7.07125473022
    },
    "barkbands_spread": {
        "dmean": 14.855389595,
        "dmean2": 24.4438304901,
        "dvar": 252.106765747,
        "dvar2": 630.690612793,
        "max": 143.980651855,
        "mean": 30.9817314148,
        "median": 24.466753006,
        "min": 0.347456276417,
        "var": 487.774627686
    },
    "dissonance": {
        "dmean": 0.0120906392112,
        "dmean2": 0.0206901840866,
        "dvar": 0.000255683029536,
        "dvar2": 0.000685409875587,
        "max": 0.500000119209,
        "mean": 0.484714120626,
        "median": 0.490784883499,
        "min": 0.356609642506,
        "var": 0.000329409405822
    },
    "dynamic_complexity": 6.25070476532,
    "erbbands_crest": {
        "dmean": 2.72087860107,
        "dmean2": 4.32151031494,
        "dvar": 7.43052244186,
        "dvar2": 18.2873191833,
        "max": 27.7833003998,
        "mean": 8.54922676086,
        "median": 7.67574071884,
        "min": 2.52296304703,
        "var": 14.4628047943
    },
    "erbbands_flatness_db": {
        "dmean": 0.0316112674773,
        "dmean2": 0.046875230968,
        "dvar": 0.00108436425216,
        "dvar2": 0.00204936973751,
        "max": 0.441495090723,
        "mean": 0.179161295295,
        "median": 0.167043283582,
        "min": 0.0422871597111,
        "var": 0.00395027641207
    },
    "erbbands_kurtosis": {
        "dmean": 2.31114721298,
        "dmean2": 3.73365950584,
        "dvar": 11.3885736465,
        "dvar2": 27.3587665558,
        "max": 47.8572692871,
        "mean": 2.09645819664,
        "median": 0.923033475876,
        "min": -1.94720458984,
        "var": 15.6352767944
    },
    "erbbands_skewness": {
        "dmean": 0.591160595417,
        "dmean2": 0.91138368845,
        "dvar": 0.312489271164,
        "dvar2": 0.696297645569,
        "max": 3.23127937317,
        "mean": -0.867166519165,
        "median": -0.815156042576,
        "min": -5.03215456009,
        "var": 0.741364121437
    },
    "erbbands_spread": {
        "dmean": 16.2270946503,
        "dmean2": 24.9912605286,
        "dvar": 358.079833984,
        "dvar2": 835.224914551,
        "max": 198.069641113,
        "mean": 36.3997612,
        "median": 27.901512146,
        "min": 3.13574671745,
        "var": 834.067749023
    },
    "hfc": {
        "dmean": 25.5358066559,
        "dmean2": 36.3521308899,
        "dvar": 2146.38134766,
        "dvar2": 4584.67480469,
        "max": 390.501800537,
        "mean": 34.1259880066,
        "median": 10.8873329163,
        "min": 1.11227046208e-16,
        "var": 3078.92675781
    },
    "melbands_crest": {
        "dmean": 4.51241445541,
        "dmean2": 7.30178308487,
        "dvar": 15.8211240768,
        "dvar2": 38.7265090942,
        "max": 33.2899703979,
        "mean": 13.7125883102,
        "median": 11.7702198029,
        "min": 1.92321944237,
        "var": 61.0528068542
    },
    "melbands_flatness_db": {
        "dmean": 0.0442408621311,
        "dmean2": 0.0676811635494,
        "dvar": 0.00219656806439,
        "dvar2": 0.00426255166531,
        "max": 0.564409911633,
        "mean": 0.152836382389,
        "median": 0.123672671616,
        "min": 0.00582508509979,
        "var": 0.0102138342336
    },
    "melbands_kurtosis": {
        "dmean": 27.3268604279,
        "dmean2": 45.1045265198,
        "dvar": 4796.80908203,
        "dvar2": 12009.3085938,
        "max": 892.723205566,
        "mean": 27.8852024078,
        "median": 1.26904392242,
        "min": -1.9054415226,
        "var": 6688.79736328
    },
    "melbands_skewness": {
        "dmean": 1.87910532951,
        "dmean2": 2.8381664753,
        "dvar": 5.80750131607,
        "dvar2": 13.0759477615,
        "max": 26.044084549,
        "mean": 2.41303896904,
        "median": 0.898282289505,
        "min": -3.92600297928,
        "var": 17.6759929657
    },
    "melbands_spread": {
        "dmean": 27.463388443,
        "dmean2": 44.9083480835,
        "dvar": 974.263793945,
        "dvar2": 2261.66918945,
        "max": 266.893310547,
        "mean": 58.6415328979,
        "median": 50.5168685913,
        "min": 0.361483067274,
        "var": 2070.30273438
    },
    "pitch_salience": {
        "dmean": 0.104065343738,
        "dmean2": 0.157065808773,
        "dvar": 0.0106784095988,
        "dvar2": 0.0221538264304,
        "max": 0.976573050022,
        "mean": 0.566105246544,
        "median": 0.631682872772,
        "min": 0.0577799677849,
        "var": 0.0442581921816
    },
    "silence_rate_20dB": {
        "dmean": 0,
        "dmean2": 0,
        "dvar": 0,
        "dvar2": 0,
        "max": 1,
        "mean": 1,
        "median": 1,
        "min": 1,
        "var": 0
    },
    "silence_rate_30dB": {
        "dmean": 0.0893216952682,
        "dmean2": 0.178703397512,
        "dvar": 0.0813442096114,
        "dvar2": 0.152139335871,
        "max": 1,
        "mean": 0.889895915985,
        "median": 1,
        "min": 0,
        "var": 0.0979777425528
    },
    "silence_rate_60dB": {
        "dmean": 0.1450638026,
        "dmean2": 0.290225058794,
        "dvar": 0.12402330339,
        "dvar2": 0.227492302656,
        "max": 1,
        "mean": 0.361530721188,
        "median": 0,
        "min": 0,
        "var": 0.230826362967
    },
    "spectral_centroid": {
        "dmean": 559.280700684,
        "dmean2": 865.442077637,
        "dvar": 348420.34375,
        "dvar2": 780254.4375,
        "max": 10947.1210938,
        "mean": 2903.42236328,
        "median": 3000.96142578,
        "min": 153.896591187,
        "var": 1148349.875
    },
    "spectral_complexity": {
        "dmean": 6.34452629089,
        "dmean2": 9.28787326813,
        "dvar": 77.563949585,
        "dvar2": 147.595275879,
        "max": 61,
        "mean": 11.7334680557,
        "median": 7,
        "min": 0,
        "var": 169.980606079
    },
    "spectral_decrease": {
        "dmean": 6.07092287552e-09,
        "dmean2": 9.09081787626e-09,
        "dvar": 1.58329013157e-16,
        "dvar2": 3.15074074703e-16,
        "max": 8.50474172666e-29,
        "mean": -7.40422789747e-09,
        "median": -9.7829622181e-10,
        "min": -7.4262423766e-08,
        "var": 2.48038669648e-16
    },
    "spectral_energy": {
        "dmean": 0.0246517062187,
        "dmean2": 0.0362557284534,
        "dvar": 0.00238665775396,
        "dvar2": 0.00463416753337,
        "max": 0.287020742893,
        "mean": 0.0310405641794,
        "median": 0.00502279214561,
        "min": 1.06715564412e-20,
        "var": 0.00389322126284
    },
    "spectral_energyband_high": {
        "dmean": 0.00314002297819,
        "dmean2": 0.00457742530853,
        "dvar": 3.35755212291e-05,
        "dvar2": 7.37636364647e-05,
        "max": 0.049116294831,
        "mean": 0.003829654539,
        "median": 0.000775329477619,
        "min": 7.48576240037e-21,
        "var": 4.5577155106e-05
    },
    "spectral_energyband_low": {
        "dmean": 0.0182269588113,
        "dmean2": 0.0280773732811,
        "dvar": 0.00205449736677,
        "dvar2": 0.0041967658326,
        "max": 0.276810199022,
        "mean": 0.0211570188403,
        "median": 9.57866432145e-05,
        "min": 3.96297370829e-23,
        "var": 0.00303893000819
    },
    "spectral_energyband_middle_high": {
        "dmean": 0.00212109135464,
        "dmean2": 0.0031781415455,
        "dvar": 1.48952040036e-05,
        "dvar2": 3.18386919389e-05,
        "max": 0.0373293608427,
        "mean": 0.00299844401889,
        "median": 0.00154393562116,
        "min": 1.74627541028e-21,
        "var": 2.18976092583e-05
    },
    "spectral_energyband_middle_low": {
        "dmean": 0.0048993206583,
        "dmean2": 0.00841666478664,
        "dvar": 0.000316854857374,
        "dvar2": 0.000850444776006,
        "max": 0.157922148705,
        "mean": 0.00373650854453,
        "median": 0.000421392323915,
        "min": 1.56413447021e-22,
        "var": 0.000233219223446
    },
    "spectral_entropy": {
        "dmean": 0.217525571585,
        "dmean2": 0.327213644981,
        "dvar": 0.0538313873112,
        "dvar2": 0.0979683771729,
        "max": 9.80678272247,
        "mean": 8.01424503326,
        "median": 8.10923957825,
        "min": 6.38266086578,
        "var": 0.178106769919
    },
    "spectral_flux": {
        "dmean": 0.0472851321101,
        "dmean2": 0.0684995353222,
        "dvar": 0.00450526876375,
        "dvar2": 0.00842095818371,
        "max": 0.478163897991,
        "mean": 0.0987766012549,
        "median": 0.061889231205,
        "min": 6.99498792223e-11,
        "var": 0.0113616026938
    },
    "spectral_kurtosis": {
        "dmean": 1.49380338192,
        "dmean2": 2.34125876427,
        "dvar": 3.4677927494,
        "dvar2": 7.59140300751,
        "max": 18.7094993591,
        "mean": 2.94262909889,
        "median": 2.28301286697,
        "min": -1.2359367609,
        "var": 8.27195930481
    },
    "spectral_rms": {
        "dmean": 0.00167586945463,
        "dmean2": 0.00225779716857,
        "dvar": 5.70367228647e-06,
        "dvar2": 9.62690683082e-06,
        "max": 0.0167338047177,
        "mean": 0.00370105379261,
        "median": 0.00221365876496,
        "min": 3.22665071745e-12,
        "var": 1.65857163665e-05
    },
    "spectral_rolloff": {
        "dmean": 1272.29345703,
        "dmean2": 2119.55932617,
        "dvar": 2989703.5,
        "dvar2": 6159581,
        "max": 19379.8828125,
        "mean": 4335.98779297,
        "median": 4349.70703125,
        "min": 64.599609375,
        "var": 9803469
    },
    "spectral_skewness": {
        "dmean": 0.290723949671,
        "dmean2": 0.429599046707,
        "dvar": 0.0925252214074,
        "dvar2": 0.182726427913,
        "max": 3.43707752228,
        "mean": 1.03320896626,
        "median": 0.953309416771,
        "min": -0.0686782673001,
        "var": 0.329984009266
    },
    "spectral_spread": {
        "dmean": 921003.25,
        "dmean2": 1396488.875,
        "dvar": 1.28467861504e+12,
        "dvar2": 2.59473486643e+12,
        "max": 41902548,
        "mean": 5101947,
        "median": 4843089.5,
        "min": 1569985.375,
        "var": 4.00655856435e+12
    },
    "spectral_strongpeak": {
        "dmean": 0.76840788126,
        "dmean2": 1.24265944958,
        "dvar": 1.48598730564,
        "dvar2": 3.61125326157,
        "max": 17.0413017273,
        "mean": 0.98859256506,
        "median": 0.442758888006,
        "min": 0,
        "var": 2.05949616432
    },
    "zerocrossingrate": {
        "dmean": 0.027407694608,
        "dmean2": 0.0289996750653,
        "dvar": 0.000681560253724,
        "dvar2": 0.000738247239497,
        "max": 0.509765625,
        "mean": 0.144948884845,
        "median": 0.134765625,
        "min": 0.00341796875,
        "var": 0.00742623535916
    },
    "barkbands": {
        "dmean": [0.000326251058141, 0.0170316770673, 0.00409733084962, 0.00172254780773, 0.00265778508037, 0.000159875926329, 0.000262527668383, 0.000155969551997, 0.000164987635799, 0.000137473602081, 0.000110514607513, 0.000138803501613, 0.000242697846261, 0.000243025991949, 0.000273834943073, 0.000244943745201, 0.000300319166854, 0.000359237194061, 0.000506150186993, 0.000549188349396, 0.000676508818287, 0.00090703292517, 0.000816957443021, 0.000467643229058, 0.000125005957671, 1.60066156241e-05, 1.27152804907e-06],
        "dmean2": [0.000472401501611, 0.0274302717298, 0.00776609126478, 0.00329126161523, 0.00450375163928, 0.000278667546809, 0.000435084104538, 0.000246125215199, 0.000285449583316, 0.000229815253988, 0.000186371675227, 0.000215418709558, 0.000372079783119, 0.000408024119679, 0.000441100244643, 0.000399871438276, 0.00049436010886, 0.000565748370718, 0.000802033056971, 0.000849685049616, 0.00105493154842, 0.00136409513652, 0.00125131523237, 0.000682947924361, 0.000203014380531, 2.38175271079e-05, 2.155343509e-06],
        "dvar": [8.11132622403e-07, 0.00194652727805, 0.000212207392906, 3.01939780911e-05, 0.000193456726265, 1.70959694401e-07, 5.37702760539e-07, 1.7870044644e-07, 2.27324449042e-07, 2.95077626333e-07, 4.64831089175e-07, 1.4884736288e-07, 2.44589159593e-07, 3.10471506282e-07, 3.49159677171e-07, 1.99856941663e-07, 4.7488299515e-07, 6.25115660569e-07, 1.46123306877e-06, 2.50279185821e-06, 2.89329182124e-06, 3.37252163263e-06, 2.08195297091e-06, 6.98586234193e-07, 4.66450025272e-08, 1.08923792208e-09, 1.17341587835e-11],
        "dvar2": [1.22984795325e-06, 0.00449225725606, 0.00061066885246, 8.70118528837e-05, 0.000526163144968, 4.61604514612e-07, 1.04425737391e-06, 3.71613651851e-07, 6.21845117621e-07, 8.63349896463e-07, 1.12918417017e-06, 3.96173589934e-07, 6.0160209614e-07, 8.26959706046e-07, 7.96884137344e-07, 4.8984412615e-07, 1.17026331736e-06, 1.38103143854e-06, 3.6003200421e-06, 5.78509798288e-06, 6.85196937411e-06, 7.86311284173e-06, 4.34396952187e-06, 1.61401078458e-06, 1.16841036402e-07, 2.55584065023e-09, 3.20702769896e-11],
        "max": [0.00640929723158, 0.271830558777, 0.0954172760248, 0.0309225283563, 0.127526059747, 0.0041476432234, 0.00723176356405, 0.00583478203043, 0.00637876568362, 0.00899198651314, 0.0167764034122, 0.0118662891909, 0.00586008699611, 0.0103278160095, 0.00641175126657, 0.00495473621413, 0.00790674518794, 0.00874032080173, 0.0109088215977, 0.0153685444966, 0.0151708843186, 0.0164593365043, 0.00846966262907, 0.00530705228448, 0.00202366989106, 0.000684645434376, 7.39088281989e-05],
        "mean": [0.000444921286544, 0.0173937361687, 0.00267556076869, 0.00105764647014, 0.00195016746875, 0.000149072991917, 0.000240140536334, 0.000156463836902, 0.000145324360346, 0.00014590502542, 9.79806936812e-05, 0.000181615556357, 0.000300885178149, 0.000237153974012, 0.000283925328404, 0.000282813241938, 0.000295622914564, 0.000391026202124, 0.000511273625307, 0.000567587499972, 0.000729733787011, 0.000993116991594, 0.00106396444608, 0.000575915793888, 0.000146636797581, 2.1130004825e-05, 1.21869516079e-06],
        "median": [1.03653155747e-06, 4.66583151137e-05, 1.30819371407e-05, 1.10772471089e-05, 2.44315742748e-05, 3.16185651172e-05, 1.20212471302e-05, 7.92278569861e-06, 2.85317400994e-05, 2.28632943617e-05, 1.19449032354e-05, 2.49737677223e-05, 3.27215893776e-05, 4.50418701803e-05, 2.93498160318e-05, 4.04155471188e-05, 4.65011653432e-05, 7.3903145676e-05, 0.000106613981188, 0.000145606783917, 0.000158744835062, 0.000186747682164, 9.43475461099e-05, 4.0533785068e-05, 1.59955598065e-05, 7.52728055886e-06, 3.83697368989e-07],
        "min": [7.32193476525e-24, 7.3601290437e-24, 2.34820462315e-24, 5.38279593665e-24, 1.15040658659e-23, 2.59890856314e-23, 2.04254626593e-23, 1.1970236907e-23, 3.1253851805e-23, 8.27913117235e-23, 7.15831633604e-23, 5.35901359474e-23, 1.48134648432e-22, 3.33353054796e-23, 1.53694893502e-22, 1.15453807203e-22, 1.26448508738e-22, 3.76677522903e-22, 1.61756282025e-22, 2.80872019416e-22, 4.22612527382e-22, 3.89717330557e-22, 4.99218140934e-22, 7.36336602398e-22, 9.59875145234e-22, 1.71439927028e-21, 2.44467030224e-21],
        "var": [1.54552117237e-06, 0.00232072197832, 0.000124315003632, 1.69852010004e-05, 0.000136803661007, 1.65834720178e-07, 6.48769287181e-07, 2.78019257394e-07, 1.73037008722e-07, 2.18882647118e-07, 3.99550657448e-07, 1.42897448541e-07, 3.18557255241e-07, 2.62158323494e-07, 4.15673895304e-07, 2.78327092929e-07, 4.73565620496e-07, 8.11434802017e-07, 1.45357478232e-06, 2.48034029937e-06, 2.8593863135e-06, 3.82011330657e-06, 3.37880055667e-06, 1.03766524262e-06, 6.21735551931e-08, 1.33047417528e-09, 8.44437627462e-12]
    },
    "erbbands": {
        "dmean": [0.529278099537, 3.89681553841, 5.01473903656, 5.63246536255, 8.85248756409, 7.99063062668, 1.50279331207, 1.42913508415, 2.32428002357, 4.88139533997, 3.32065916061, 3.60329294205, 4.13029432297, 4.02443170547, 4.85193490982, 5.19043111801, 10.2493247986, 11.6611099243, 12.9927873611, 12.8021450043, 13.5888700485, 16.4495334625, 21.1010093689, 21.0643844604, 26.3463478088, 25.5822353363, 22.8049030304, 32.0950202942, 27.909734726, 29.9508209229, 25.7333984375, 14.0173883438, 5.67116069794, 2.08813405037, 0.440722763538, 0.10051972419, 0.0257100015879, 0.00454060966149, 0.00017358722107, 3.75278505089e-05],
        "dmean2": [0.89634346962, 6.32254314423, 8.93112564087, 10.6224002838, 15.2499103546, 13.8634185791, 2.56724977493, 2.4603228569, 3.9787902832, 7.94242048264, 5.33877325058, 6.27912759781, 6.83142185211, 6.73567390442, 7.85858631134, 8.22984790802, 15.8025083542, 19.3622741699, 20.729347229, 19.9700565338, 21.640668869, 26.5354270935, 33.3584136963, 33.4946212769, 41.9834442139, 38.4345970154, 34.7349128723, 50.5092582703, 42.4335746765, 45.106262207, 40.7840957642, 21.0915985107, 8.24683380127, 3.37148809433, 0.67568808794, 0.151345044374, 0.0387121811509, 0.0072986651212, 0.000280561915133, 5.28379023308e-05],
        "dvar": [1.80175554752, 111.222946167, 292.136322021, 326.241638184, 1645.53588867, 1805.19897461, 36.6683578491, 12.6099863052, 37.9271125793, 172.893493652, 84.7785339355, 107.979866028, 209.547897339, 441.141784668, 611.343200684, 191.594970703, 449.323699951, 812.41217041, 702.164245605, 680.738952637, 576.761230469, 1399.2923584, 2597.1550293, 2054.46801758, 4914.09667969, 5504.18896484, 3022.90039062, 7228.10351562, 3648.7890625, 3024.44384766, 2159.95043945, 654.300170898, 100.833023071, 13.5005407333, 0.702209115028, 0.0378646999598, 0.00343444989994, 0.000134901230922, 2.30542539725e-07, 4.29841273686e-09],
        "dvar2": [4.6808719635, 261.887542725, 809.882263184, 930.147521973, 4490.51123047, 4988.03076172, 100.698356628, 32.1403884888, 82.4148330688, 350.961883545, 190.154541016, 292.180480957, 586.635925293, 1224.03076172, 1572.36987305, 501.056854248, 1142.52587891, 2196.82763672, 1631.77697754, 1515.98303223, 1402.52770996, 3373.44873047, 5885.27978516, 4984.70117188, 12234.484375, 12155.1289062, 6905.69824219, 17852.6445312, 8628.7734375, 6650.8046875, 5034.33300781, 1563.42224121, 218.212966919, 33.5661354065, 1.69622933865, 0.0882708504796, 0.00841650832444, 0.000350373535184, 6.29856060641e-07, 8.21713364019e-09],
        "max": [7.87271690369, 65.0707778931, 111.465179443, 119.135070801, 380.363616943, 382.245544434, 66.1733398438, 35.5916023254, 66.9727249146, 132.511108398, 151.647277832, 146.807403564, 265.061340332, 616.886962891, 661.382629395, 358.322357178, 281.3359375, 567.095153809, 273.510986328, 289.33392334, 307.69128418, 507.65725708, 466.998931885, 533.320373535, 611.099182129, 723.576965332, 511.625976562, 792.902404785, 572.420837402, 442.236297607, 276.600952148, 151.426422119, 71.8529663086, 28.1858654022, 13.2015838623, 3.75319957733, 1.02397060394, 0.143177136779, 0.0131526999176, 0.000670536712278],
        "mean": [0.50016772747, 3.84996700287, 4.00552749634, 3.7304956913, 6.27497577667, 5.8307185173, 1.35422515869, 1.32362401485, 2.05562973022, 4.86744165421, 3.12783336639, 3.22935318947, 4.40251302719, 4.10056495667, 5.57405805588, 6.50481843948, 12.6470384598, 13.2890319824, 14.2879009247, 14.879278183, 15.8201036453, 17.1771774292, 22.2699279785, 22.8540878296, 26.1457099915, 27.1966209412, 24.6783313751, 33.9547576904, 31.4511184692, 35.3180084229, 31.3796424866, 16.4465065002, 7.4047460556, 2.47989439964, 0.541051805019, 0.13393047452, 0.0323996692896, 0.00511807529256, 0.000200244612643, 5.16390828125e-05],
        "median": [0.00093046046095, 0.0129450010136, 0.0189908947796, 0.0313831344247, 0.0954491123557, 0.0939730480313, 0.202187538147, 0.265010505915, 0.210116073489, 0.222889602184, 0.211138576269, 0.708618342876, 0.894970357418, 0.750596761703, 0.943490386009, 1.13214671612, 1.69684445858, 2.93198466301, 2.88368654251, 1.86331820488, 2.72262763977, 3.03925085068, 4.28042507172, 4.57882404327, 5.89347171783, 6.69039773941, 6.11083126068, 6.61830949783, 6.60683250427, 4.67711353302, 2.44956231117, 1.09030222893, 0.521127104759, 0.220398813486, 0.0901074558496, 0.0380533784628, 0.0121875992045, 0.00217614369467, 7.92490682215e-05, 1.32622290039e-05],
        "min": [7.11000712529e-22, 1.05158152551e-21, 4.19143402373e-21, 1.36393051878e-20, 1.08106027556e-20, 2.5866456358e-20, 1.13257879663e-19, 2.66421743811e-19, 2.97512412808e-19, 2.46271572391e-19, 4.52753999558e-19, 6.31601511533e-19, 2.50544694377e-18, 2.17614137883e-18, 3.01971319561e-18, 3.33842940114e-18, 6.21493550563e-18, 2.75918790539e-18, 5.70225020274e-18, 5.44480140403e-18, 6.04637264041e-18, 6.29993451743e-18, 1.59123807995e-17, 1.26102435341e-17, 1.09475873418e-17, 1.18623018611e-17, 1.53576073062e-17, 1.81634651554e-17, 1.31735047276e-17, 1.52703281711e-17, 1.43989430266e-17, 1.57092318585e-17, 1.15805566999e-17, 1.0551920385e-17, 6.78068196328e-18, 5.40219333067e-18, 3.45200957105e-18, 1.10360565831e-18, 3.216082616e-19, 3.21070316321e-20],
        "var": [1.98185884953, 120.570075989, 203.306854248, 193.024383545, 1138.67333984, 1246.27856445, 28.6756286621, 13.0500087738, 39.3495864868, 219.909957886, 103.837120056, 83.9314575195, 168.620895386, 342.846801758, 497.788238525, 180.119049072, 546.698242188, 702.23840332, 827.301635742, 984.349975586, 795.673034668, 1492.63891602, 3079.04272461, 2286.06054688, 4520.90283203, 5860.98242188, 3234.51049805, 6504.45507812, 3946.06567383, 4076.28173828, 3130.28491211, 888.170959473, 164.546264648, 18.1208057404, 0.891771614552, 0.0502083525062, 0.00359160895459, 0.000112557871034, 1.74047642076e-07, 7.55121565277e-09]
    },
    "gfcc": {
        "mean": [-103.382896423, 4.61168003082, -125.847465515, 55.7206077576, -58.0703582764, 26.000497818, -32.5019035339, 7.80722475052, -17.7767429352, 6.59493255615, -14.5396461487, 2.84272789955, -13.5519676208],
        "cov": [[30328.6640625, 2657.0324707, -661.245483398, 2035.75036621, -1439.50622559, 1313.19592285, -429.549530029, -159.946212769, -432.121887207, -360.231231689, 15.0146150589, -243.03237915, -344.408111572], [2657.0324707, 3471.91064453, 582.902893066, -176.008239746, 726.60760498, 587.823913574, 383.821990967, 3.47906851768, -51.0770339966, -113.417869568, 50.380897522, -37.6652984619, 5.29670095444], [-661.245483398, 582.902893066, 1594.32434082, 750.114929199, 383.109893799, 631.946838379, 351.209686279, 70.8047866821, 65.6647720337, -51.4084320068, 130.724075317, 10.5096607208, 23.6162147522], [2035.75036621, -176.008239746, 750.114929199, 1149.13037109, -13.955947876, 331.666137695, 78.7602539062, 16.8748207092, 31.3293914795, -19.5343837738, 62.6819381714, -32.9671592712, -5.50419235229], [-1439.50622559, 726.60760498, 383.109893799, -13.955947876, 688.116882324, 308.301513672, 312.698272705, 97.6812744141, 82.0152740479, 27.3273639679, 31.5692901611, 18.0821342468, 48.4646682739], [1313.19592285, 587.823913574, 631.946838379, 331.666137695, 308.301513672, 900.769042969, 408.726287842, 68.4482192993, 70.5572357178, -51.5924758911, 108.328910828, -2.40536546707, 25.788892746], [-429.549530029, 383.821990967, 351.209686279, 78.7602539062, 312.698272705, 408.726287842, 482.435180664, 110.527275085, 23.057844162, 14.5311584473, 77.692527771, 59.3932800293, 20.9338054657], [-159.946212769, 3.47906851768, 70.8047866821, 16.8748207092, 97.6812744141, 68.4482192993, 110.527275085, 179.167266846, 64.774230957, 22.2545471191, 23.5859642029, 21.3114471436, 25.4050006866], [-432.121887207, -51.0770339966, 65.6647720337, 31.3293914795, 82.0152740479, 70.5572357178, 23.057844162, 64.774230957, 204.063491821, 70.5497894287, -21.3468914032, -18.7675228119, 24.3728885651], [-360.231231689, -113.417869568, -51.4084320068, -19.5343837738, 27.3273639679, -51.5924758911, 14.5311584473, 22.2545471191, 70.5497894287, 135.90562439, 3.20042777061, 10.1554746628, 10.7889900208], [15.0146150589, 50.380897522, 130.724075317, 62.6819381714, 31.5692901611, 108.328910828, 77.692527771, 23.5859642029, -21.3468914032, 3.20042777061, 145.013473511, 51.5796775818, -1.66400182247], [-243.03237915, -37.6652984619, 10.5096607208, -32.9671592712, 18.0821342468, -2.40536546707, 59.3932800293, 21.3114471436, -18.7675228119, 10.1554746628, 51.5796775818, 110.247795105, 17.9773921967], [-344.408111572, 5.29670095444, 23.6162147522, -5.50419235229, 48.4646682739, 25.788892746, 20.9338054657, 25.4050006866, 24.3728885651, 10.7889900208, -1.66400182247, 17.9773921967, 84.813835144]],
        "icov": [[0.000114185102575, -0.00018662243383, 0.000263645924861, -0.00032660717261, 0.000326953042531, -0.000362916907761, 0.000240479013883, -0.00026793309371, 0.000218060842599, -0.000116051422083, 0.00016432449047, -0.000154281573487, 0.000313171884045], [-0.00018662243383, 0.000741573923733, -0.000520603614859, 0.000706316670403, -0.000940943078604, 0.000422349228757, -0.000375481817173, 0.000575963000301, -0.000130165106384, 0.000393555848859, -0.000287918519462, 0.000500145892147, -0.000408250285545], [0.000263645924861, -0.000520603614859, 0.00194247299805, -0.0015186322853, 0.000334757874953, -0.00107320828829, 0.00030942223384, -0.00046006400953, 0.000165809105965, 0.000244627997745, -0.000120013552078, -0.000439819443272, 0.00067225593375], [-0.00032660717261, 0.000706316670403, -0.0015186322853, 0.00243120477535, -0.000625204178505, 0.00067060632864, -0.000426327867899, 0.000636915268842, -0.000425073783845, 4.91047831019e-05, -0.000534593942575, 0.000922466104385, -0.000812058628071], [0.000326953042531, -0.000940943078604, 0.000334757874953, -0.000625204178505, 0.00376852275804, -0.000951836875174, -0.000555857317522, -0.00108002265915, -2.03907475225e-05, -0.000755390909035, 0.000718523515388, -0.000222310147365, 1.2522439647e-05], [-0.000362916907761, 0.000422349228757, -0.00107320828829, 0.00067060632864, -0.000951836875174, 0.00392014393583, -0.0028577609919, 0.00159897992853, -0.00208822498098, 0.0019325412577, -0.00186327658594, 0.00172273418866, -0.00162687094416], [0.000240479013883, -0.000375481817173, 0.00030942223384, -0.000426327867899, -0.000555857317522, -0.0028577609919, 0.00588479544967, -0.00264829862863, 0.00205866852775, -0.00181632197928, 0.00079517881386, -0.00249958992936, 0.00159837631509], [-0.00026793309371, 0.000575963000301, -0.00046006400953, 0.000636915268842, -0.00108002265915, 0.00159897992853, -0.00264829862863, 0.00854922644794, -0.00324218487367, 0.00126034207642, -0.00157313793898, 0.000226930525969, -0.00203833729029], [0.000218060842599, -0.000130165106384, 0.000165809105965, -0.000425073783845, -2.03907475225e-05, -0.00208822498098, 0.00205866852775, -0.00324218487367, 0.0087849739939, -0.0046617295593, 0.00219792593271, 0.000682226731442, -0.000103497848613], [-0.000116051422083, 0.000393555848859, 0.000244627997745, 4.91047831019e-05, -0.000755390909035, 0.0019325412577, -0.00181632197928, 0.00126034207642, -0.0046617295593, 0.0108755948022, -0.00178588903509, -7.32637854526e-05, -0.000709280429874], [0.00016432449047, -0.000287918519462, -0.000120013552078, -0.000534593942575, 0.000718523515388, -0.00186327658594, 0.00079517881386, -0.00157313793898, 0.00219792593271, -0.00178588903509, 0.01049628295, -0.00485667446628, 0.00194583903067], [-0.000154281573487, 0.000500145892147, -0.000439819443272, 0.000922466104385, -0.000222310147365, 0.00172273418866, -0.00249958992936, 0.000226930525969, 0.000682226731442, -7.32637854526e-05, -0.00485667446628, 0.0135581884533, -0.00347906560637], [0.000313171884045, -0.000408250285545, 0.00067225593375, -0.000812058628071, 1.2522439647e-05, -0.00162687094416, 0.00159837631509, -0.00203833729029, -0.000103497848613, -0.000709280429874, 0.00194583903067, -0.00347906560637, 0.0144469942898]]
    },
    "melbands": {
        "dmean": [0.00480145355687, 0.00332911824808, 0.00102420384064, 0.000728555547539, 7.80236296123e-05, 3.1279570976e-05, 4.0614802856e-05, 4.90001111757e-05, 2.71934259217e-05, 2.31038284255e-05, 2.091850547e-05, 1.70489165612e-05, 1.6071511709e-05, 1.6969639546e-05, 1.398850236e-05, 2.88436713163e-05, 2.21006939682e-05, 2.12782979361e-05, 2.07845423574e-05, 1.67791695276e-05, 1.67354646692e-05, 1.68691130966e-05, 2.04567240871e-05, 1.75939785549e-05, 1.72214859049e-05, 2.16885382542e-05, 1.78885547939e-05, 1.71040246641e-05, 1.4244707927e-05, 1.60607505677e-05, 2.01315087907e-05, 1.50884698087e-05, 2.061896339e-05, 1.46008296724e-05, 1.64820085047e-05, 1.16859519039e-05, 7.38443713999e-06, 4.36622667621e-06, 3.163075462e-06, 1.3090353832e-06],
        "dmean2": [0.00783315487206, 0.00541768269613, 0.0019058479229, 0.00124962127302, 0.000134021451231, 5.3932028095e-05, 6.93880137987e-05, 7.90625999798e-05, 4.49755825684e-05, 4.00103417633e-05, 3.46488195646e-05, 2.87268103421e-05, 2.65153048531e-05, 2.58435320575e-05, 2.34776125581e-05, 4.3041385652e-05, 3.74787668989e-05, 3.42261737387e-05, 3.29866925313e-05, 2.66221504717e-05, 2.74128815363e-05, 2.74489630101e-05, 3.34296128131e-05, 2.75276706816e-05, 2.78878978861e-05, 3.47844870703e-05, 2.86608810711e-05, 2.57586762018e-05, 2.2250935217e-05, 2.55359718722e-05, 3.10538307531e-05, 2.3036969651e-05, 3.25153887388e-05, 2.13456278289e-05, 2.69411775662e-05, 1.7972830392e-05, 1.11758845378e-05, 6.53532106298e-06, 5.29633098267e-06, 2.0777838472e-06],
        "dvar": [0.000147697384818, 9.47504013311e-05, 9.73465739662e-06, 1.41051887113e-05, 1.26993796812e-07, 5.99395866274e-09, 1.21017400545e-08, 1.61274780197e-08, 5.92728310878e-09, 4.45993020293e-09, 5.50672796251e-09, 7.73059394277e-09, 9.5656886856e-09, 2.59636467881e-09, 1.44987011286e-09, 3.24753202108e-09, 3.21704574091e-09, 1.85863990865e-09, 2.32858177185e-09, 1.21761545291e-09, 9.85661108288e-10, 1.52296686373e-09, 2.92083512932e-09, 1.51826307082e-09, 1.56776069904e-09, 3.48042661358e-09, 2.37088593202e-09, 2.54353671458e-09, 1.40139311267e-09, 1.32618238613e-09, 2.8272286734e-09, 9.32730226388e-10, 1.87357063197e-09, 6.60066834524e-10, 8.85408746321e-10, 4.69958072458e-10, 1.80164105856e-10, 6.48650091972e-11, 2.83162087528e-11, 6.11162249281e-12],
        "dvar2": [0.000353421375621, 0.000233634607866, 2.74981412076e-05, 3.85778985219e-05, 3.51864144932e-07, 1.54561714538e-08, 2.47030271794e-08, 3.27665183875e-08, 1.46303502646e-08, 1.2115252801e-08, 1.5406884657e-08, 2.21652403098e-08, 2.42417232954e-08, 6.77772549196e-09, 3.78433728798e-09, 7.73714159408e-09, 8.76179573339e-09, 4.41108793936e-09, 5.48259793121e-09, 2.82935674889e-09, 2.44231435076e-09, 3.73938524589e-09, 7.00433444578e-09, 3.36842642668e-09, 3.93149246491e-09, 8.83564243992e-09, 5.73590464015e-09, 5.67687630237e-09, 3.33753447102e-09, 3.16043546889e-09, 7.03390679035e-09, 2.20058082867e-09, 4.4949928224e-09, 1.33265842805e-09, 2.16568585287e-09, 1.10409725806e-09, 4.36504943302e-10, 1.27065941102e-10, 7.45976821981e-11, 1.48165767849e-11],
        "max": [0.0719723105431, 0.0629964694381, 0.0180708579719, 0.0344393253326, 0.00364478188567, 0.000780222588219, 0.00115236942656, 0.0012672158191, 0.0011752191931, 0.000926065316889, 0.0013393383706, 0.00245769880712, 0.00257239863276, 0.00172710302286, 0.000614912016317, 0.000586406385992, 0.0012079004664, 0.000464644923341, 0.00052191352006, 0.000479082053062, 0.000393463968066, 0.000590413110331, 0.000594533456024, 0.000594873679802, 0.000518799060956, 0.000560781219974, 0.00058964866912, 0.000485778611619, 0.000363247643691, 0.000387481122743, 0.00049823441077, 0.00026799616171, 0.000433139532106, 0.000205504707992, 0.000170428902493, 0.000144590070704, 8.18144399091e-05, 5.78195395065e-05, 3.18461425195e-05, 2.22301259782e-05],
        "mean": [0.00480511365458, 0.00325652002357, 0.000685258826707, 0.000526049057953, 6.46824773867e-05, 2.91554242722e-05, 3.669338912e-05, 5.04895324411e-05, 2.39364217123e-05, 2.05258274946e-05, 2.24139475904e-05, 1.70854582393e-05, 1.57953854796e-05, 2.33973187278e-05, 1.26195136545e-05, 3.78044060199e-05, 2.19184548769e-05, 2.2232741685e-05, 2.1522919269e-05, 1.90701885003e-05, 1.81131581485e-05, 1.70279781742e-05, 1.94764907064e-05, 1.89121619769e-05, 1.80550723599e-05, 2.10290254472e-05, 1.7630360162e-05, 1.7838579879e-05, 1.49007519212e-05, 1.65875899256e-05, 2.07881930692e-05, 1.67821672221e-05, 2.10665075429e-05, 1.83125885087e-05, 1.9504548618e-05, 1.38262466862e-05, 8.43540692586e-06, 5.64142510484e-06, 3.56198461304e-06, 1.51936160364e-06],
        "median": [1.1955788068e-05, 1.48874760271e-05, 6.82573681843e-06, 8.37897641759e-06, 7.05191087036e-06, 5.91670823269e-06, 2.96734060612e-06, 2.28697263083e-06, 1.37840413572e-06, 4.23623396273e-06, 4.03938065574e-06, 2.65693256551e-06, 2.69627844318e-06, 2.80466156255e-06, 1.69040777109e-06, 3.85192834074e-06, 4.02138812206e-06, 3.82895359508e-06, 2.31493686442e-06, 2.30136333812e-06, 3.16494129038e-06, 2.58438672063e-06, 2.99314092445e-06, 3.52260008185e-06, 3.53474638359e-06, 4.11390783484e-06, 3.58919851351e-06, 4.00989938498e-06, 3.70079419554e-06, 3.42830890077e-06, 3.74922433366e-06, 3.47606282958e-06, 3.13474174618e-06, 2.22478138312e-06, 1.40646079672e-06, 9.14526196993e-07, 5.28990710791e-07, 3.62971491086e-07, 2.42112065507e-07, 1.5720979718e-07],
        "min": [8.95174663898e-24, 3.52809165175e-24, 1.93419661503e-24, 1.08534283797e-24, 3.57387319438e-24, 5.53200384928e-24, 5.02609788443e-24, 2.8218710261e-24, 4.49205680096e-24, 3.77082927988e-24, 1.26344853993e-23, 7.95350863888e-24, 1.248637282e-23, 4.98101448369e-24, 1.53141393981e-23, 1.11574672054e-23, 4.08495724221e-24, 7.83248080994e-24, 8.34394587759e-24, 7.05139176236e-24, 7.26943528315e-24, 6.35462445137e-24, 8.085027529e-24, 1.95854251917e-23, 8.9382026861e-24, 6.26251074119e-24, 1.02308711862e-23, 7.16097637501e-24, 6.89985079361e-24, 1.04528889882e-23, 9.145396214e-24, 6.9210743074e-24, 7.97151202246e-24, 8.51529198823e-24, 7.80782022918e-24, 8.85959821892e-24, 9.91572914314e-24, 7.83542089454e-24, 8.35971599595e-24, 9.26190623653e-24],
        "var": [0.000175826222403, 9.30579044507e-05, 5.92387141296e-06, 9.83131212706e-06, 9.27694827624e-08, 6.16681816723e-09, 1.35226745357e-08, 2.20113172134e-08, 6.0567413307e-09, 3.4121894199e-09, 4.42595959882e-09, 5.59143220613e-09, 7.64303464962e-09, 2.64238031455e-09, 1.18439646979e-09, 4.95019625291e-09, 2.54847520864e-09, 2.09135198048e-09, 2.68322097874e-09, 1.65159064203e-09, 1.17301013347e-09, 1.58964719166e-09, 3.00150282406e-09, 1.94951432775e-09, 1.60467961141e-09, 3.07258196663e-09, 2.24705010154e-09, 2.66202015986e-09, 1.36341715695e-09, 1.35365474385e-09, 2.51641774085e-09, 1.04807429402e-09, 1.95764293665e-09, 1.02235231392e-09, 1.2205902955e-09, 6.38664010566e-10, 2.38588399037e-10, 1.03926749151e-10, 3.70566945185e-11, 7.47329542e-12]
    },
    "mfcc": {
        "mean": [-731.403381348, 30.3082103729, -2.65821385384, 26.9451885223, 3.64898991585, 17.8983440399, -0.152498096228, 7.9322104454, -0.201604306698, 5.88493824005, 2.67964291573, 1.2456895113, -0.902053236961],
        "cov": [[22886.9765625, 291.618652344, 528.141235352, 394.407958984, -158.975997925, 551.690673828, -117.120361328, 279.333343506, -132.911956787, 159.513259888, 20.7602043152, 60.5309944153, -218.776763916], [291.618652344, 3285.29174805, -49.6127853394, -242.541534424, 366.723052979, 306.790130615, 439.720001221, 264.580383301, 190.693557739, 17.6146354675, 48.8850479126, 24.3690109253, -46.9583778381], [528.141235352, -49.6127853394, 1452.4251709, 401.257751465, 331.291625977, 503.94039917, 334.694396973, 317.601287842, 65.8032836914, 118.422721863, 44.7756462097, 100.275024414, 10.2973127365], [394.407958984, -242.541534424, 401.257751465, 667.601318359, 149.561462402, 94.1803970337, 45.976978302, 13.0304574966, 8.5873966217, 47.8611793518, 2.74628686905, 12.3129901886, 43.562210083], [-158.975997925, 366.723052979, 331.291625977, 149.561462402, 426.512176514, 233.752639771, 140.526596069, 138.172622681, 107.84777832, 98.3333816528, 31.2810955048, 29.2980823517, 1.00018692017], [551.690673828, 306.790130615, 503.94039917, 94.1803970337, 233.752639771, 575.736206055, 335.226318359, 263.223937988, 164.766052246, 114.518356323, 73.6501159668, 98.7331466675, -5.56364393234], [-117.120361328, 439.720001221, 334.694396973, 45.976978302, 140.526596069, 335.226318359, 502.804473877, 300.180267334, 100.878189087, 48.8358154297, 72.3644561768, 75.188079834, 15.7671890259], [279.333343506, 264.580383301, 317.601287842, 13.0304574966, 138.172622681, 263.223937988, 300.180267334, 329.069458008, 108.00151062, 57.1319618225, 53.594291687, 75.2484741211, 24.1371822357], [-132.911956787, 190.693557739, 65.8032836914, 8.5873966217, 107.84777832, 164.766052246, 100.878189087, 108.00151062, 238.965835571, 100.425247192, 22.7837924957, 56.2592849731, 31.7790546417], [159.513259888, 17.6146354675, 118.422721863, 47.8611793518, 98.3333816528, 114.518356323, 48.8358154297, 57.1319618225, 100.425247192, 148.642852783, 50.252204895, 25.9335250854, 20.8572692871], [20.7602043152, 48.8850479126, 44.7756462097, 2.74628686905, 31.2810955048, 73.6501159668, 72.3644561768, 53.594291687, 22.7837924957, 50.252204895, 116.878295898, 54.3676185608, 11.1137905121], [60.5309944153, 24.3690109253, 100.275024414, 12.3129901886, 29.2980823517, 98.7331466675, 75.188079834, 75.2484741211, 56.2592849731, 25.9335250854, 54.3676185608, 96.3285903931, 31.9853401184], [-218.776763916, -46.9583778381, 10.2973127365, 43.562210083, 1.00018692017, -5.56364393234, 15.7671890259, 24.1371822357, 31.7790546417, 20.8572692871, 11.1137905121, 31.9853401184, 76.5465621948]],
