{
"lowlevel": {
    "average_loudness": 0.962007164955,
    "barkbands_crest": {
        "dmean": 3.95009756088,
        "dmean2": 6.35103988647,
        "dvar": 12.7789945602,
        "dvar2": 31.3032474518,
        "max": 26.6866359711,
        "mean": 11.9639282227,
        "median": 10.8362293243,
        "min": 2.01320195198,
        "var": 39.7039871216
    },
    "barkbands_flatness_db": {
        "dmean": 0.041239310056,
        "dmean2": 0.0645473003387,
        "dvar": 0.00162798597012,
        "dvar2": 0.00384906656109,
        "max": 0.515324234962,
        "mean": 0.15575940907,
        "median": 0.142620936036,
        "min": 0.0242758784443,
        "var": 0.00529043935239
    },
    "barkbands_kurtosis": {
        "dmean": 12.9102182388,
        "dmean2": 21.2577552795,
        "dvar": 2050.63427734,
        "dvar2": 5075.35253906,
        "max": 1844.97607422,
        "mean": 11.9391736984,
        "median": 1.29199934006,
        "min": -1.9696213007,
        "var": 2125.78295898
    },
    "barkbands_skewness": {
        "dmean": 1.35437357426,
        "dmean2": 2.09231734276,
        "dvar": 2.98791885376,
        "dvar2": 6.91382169724,
        "max": 40.6513938904,
        "mean": 2.03840279579,
        "median": 1.42008781433,
        "min": -10.0453510284,
        "var": 7.40181732178
    },
    "barkbands_spread": {
        "dmean": 11.8639383316,
        "dmean2": 19.0977306366,
        "dvar": 150.19329834,
        "dvar2": 349.312408447,
        "max": 130.988342285,
        "mean": 30.3644161224,
        "median": 28.672794342,
        "min": 0.158099547029,
        "var": 371.192718506
    },
    "dissonance": {
        "dmean": 0.0128414593637,
        "dmean2": 0.0206524077803,
        "dvar": 0.000214159052121,
        "dvar2": 0.000494119070936,
        "max": 0.500000059605,
        "mean": 0.479095488787,
        "median": 0.485929310322,
        "min": 0.313869863749,
        "var": 0.000461637973785
    },
    "dynamic_complexity": 4.15906333923,
    "erbbands_crest": {
        "dmean": 2.82355356216,
        "dmean2": 4.56884145737,
        "dvar": 7.40580892563,
        "dvar2": 17.1684246063,
        "max": 25.8125591278,
        "mean": 7.94300889969,
        "median": 6.980905056,
        "min": 2.28205251694,
        "var": 14.8202953339
    },
    "erbbands_flatness_db": {
        "dmean": 0.022007137537,
        "dmean2": 0.0323664583266,
        "dvar": 0.000387275766116,
        "dvar2": 0.000821669586003,
        "max": 0.360878199339,
        "mean": 0.144543752074,
        "median": 0.141029328108,
        "min": 0.0368186719716,
        "var": 0.00129592546728
    },
    "erbbands_kurtosis": {
        "dmean": 1.49177765846,
        "dmean2": 2.36067223549,
        "dvar": 7.36670255661,
        "dvar2": 15.1705141068,
        "max": 55.4784469604,
        "mean": 0.799633622169,
        "median": -0.106256604195,
        "min": -1.89075791836,
        "var": 13.2597055435
    },
    "erbbands_skewness": {
        "dmean": 0.519183933735,
        "dmean2": 0.796487629414,
        "dvar": 0.284806549549,
        "dvar2": 0.606503427029,
        "max": 4.26637935638,
        "mean": -0.439041376114,
        "median": -0.403128713369,
        "min": -6.33496761322,
        "var": 0.722564995289
    },
    "erbbands_spread": {
        "dmean": 14.6522455215,
        "dmean2": 22.5662899017,
        "dvar": 244.482391357,
        "dvar2": 553.738464355,
        "max": 185.122741699,
        "mean": 45.1507987976,
        "median": 39.1542930603,
        "min": 1.40054035187,
        "var": 628.251831055
    },
    "hfc": {
        "dmean": 11.3993654251,
        "dmean2": 15.8760786057,
        "dvar": 281.108947754,
        "dvar2": 578.571472168,
        "max": 188.755340576,
        "mean": 19.1646404266,
        "median": 11.5261592865,
        "min": 1.0269244811e-16,
        "var": 544.595947266
    },
    "melbands_crest": {
        "dmean": 5.54674100876,
        "dmean2": 9.17705440521,
        "dvar": 24.0634078979,
        "dvar2": 55.5416564941,
        "max": 38.3166275024,
        "mean": 19.482635498,
        "median": 19.5846977234,
        "min": 1.6029843092,
        "var": 76.8718643188
    },
    "melbands_flatness_db": {
        "dmean": 0.0521697476506,
        "dmean2": 0.0796468034387,
        "dvar": 0.00232554390095,
        "dvar2": 0.00549288466573,
        "max": 0.61803817749,
        "mean": 0.201613426208,
        "median": 0.194523707032,
        "min": 0.00353908818215,
        "var": 0.0100090652704
    },
    "melbands_kurtosis": {
        "dmean": 39.9470176697,
        "dmean2": 64.6956863403,
        "dvar": 8411.75585938,
        "dvar2": 19966.1875,
        "max": 1414.16870117,
        "mean": 44.9489784241,
        "median": 9.86734580994,
        "min": -1.95890629292,
        "var": 11315.1269531
    },
    "melbands_skewness": {
        "dmean": 2.12204456329,
        "dmean2": 3.26975560188,
        "dvar": 7.0426363945,
        "dvar2": 16.139831543,
        "max": 32.2005233765,
        "mean": 4.26059865952,
        "median": 3.01652002335,
        "min": -4.72212457657,
        "var": 17.5718574524
    },
    "melbands_spread": {
        "dmean": 15.3351602554,
        "dmean2": 24.2883300781,
        "dvar": 402.10357666,
        "dvar2": 972.809814453,
        "max": 328.183105469,
        "mean": 34.8176841736,
        "median": 24.6105670929,
        "min": 0.280435830355,
        "var": 1116.25341797
    },
    "pitch_salience": {
        "dmean": 0.12222725153,
        "dmean2": 0.195632681251,
        "dvar": 0.0125803593546,
        "dvar2": 0.0304505601525,
        "max": 0.869332969189,
        "mean": 0.470361292362,
        "median": 0.48686248064,
        "min": 0.0328010469675,
        "var": 0.0379619002342
    },
    "silence_rate_20dB": {
        "dmean": 0,
        "dmean2": 0,
        "dvar": 0,
        "dvar2": 0,
        "max": 1,
        "mean": 1,
        "median": 1,
        "min": 1,
        "var": 0
    },
    "silence_rate_30dB": {
        "dmean": 0.0215287599713,
        "dmean2": 0.0430622026324,
        "dvar": 0.0210647284985,
        "dvar2": 0.0540442354977,
        "max": 1,
        "mean": 0.984888017178,
        "median": 1,
        "min": 0,
        "var": 0.0148839596659
    },
    "silence_rate_60dB": {
        "dmean": 0.0278351642191,
        "dmean2": 0.055676382035,
        "dvar": 0.0270631611347,
        "dvar2": 0.0610654018819,
        "max": 1,
        "mean": 0.106653623283,
        "median": 0,
        "min": 0,
        "var": 0.0952808856964
    },
    "spectral_centroid": {
        "dmean": 500.227478027,
        "dmean2": 769.444274902,
        "dvar": 262729.40625,
        "dvar2": 568732.1875,
        "max": 11929.1279297,
        "mean": 2293.54541016,
        "median": 2226.41503906,
        "min": 149.219802856,
        "var": 1805340.875
    },
    "spectral_complexity": {
        "dmean": 7.04490613937,
        "dmean2": 10.0071773529,
        "dvar": 67.2811584473,
        "dvar2": 116.877731323,
        "max": 65,
        "mean": 16.7036304474,
        "median": 13,
        "min": 0,
        "var": 209.150360107
    },
    "spectral_decrease": {
        "dmean": 4.18924273049e-09,
        "dmean2": 6.66115829162e-09,
        "dvar": 3.53918754201e-17,
        "dvar2": 8.90147453665e-17,
        "max": 1.56997728502e-28,
        "mean": -6.41737818441e-09,
        "median": -4.28651691919e-09,
        "min": -6.79843594753e-08,
        "var": 4.66818750037e-17
    },
    "spectral_energy": {
        "dmean": 0.0165712833405,
        "dmean2": 0.0261231232435,
        "dvar": 0.000526762101799,
        "dvar2": 0.00131547939964,
        "max": 0.263854712248,
        "mean": 0.0259589906782,
        "median": 0.0177755244076,
        "min": 9.93571385501e-21,
        "var": 0.000710834807251
    },
    "spectral_energyband_high": {
        "dmean": 0.000869948184118,
        "dmean2": 0.0012860421557,
        "dvar": 2.07322750612e-06,
        "dvar2": 4.37460539615e-06,
        "max": 0.019039940089,
        "mean": 0.0012105103815,
        "median": 0.000443954195362,
        "min": 7.12565529837e-21,
        "var": 3.78109461963e-06
    },
    "spectral_energyband_low": {
        "dmean": 0.0128000257537,
        "dmean2": 0.0215195082128,
        "dvar": 0.000472907762742,
        "dvar2": 0.00123742979486,
        "max": 0.2257296592,
        "mean": 0.0165712423623,
        "median": 0.00769216939807,
        "min": 1.45584926924e-23,
        "var": 0.000548991956748
    },
    "spectral_energyband_middle_high": {
        "dmean": 0.00257203611545,
        "dmean2": 0.00358751160093,
        "dvar": 1.80126571649e-05,
        "dvar2": 3.65289706679e-05,
        "max": 0.0615424141288,
        "mean": 0.00424048956484,
        "median": 0.0021133152768,
        "min": 1.18694228183e-21,
        "var": 3.45436346834e-05
    },
    "spectral_energyband_middle_low": {
        "dmean": 0.00419628992677,
        "dmean2": 0.00681414967403,
        "dvar": 5.07994227519e-05,
        "dvar2": 0.00012588321988,
        "max": 0.0760048553348,
        "mean": 0.00462644640356,
        "median": 0.00195753760636,
        "min": 1.32813227848e-22,
        "var": 4.95431122545e-05
    },
    "spectral_entropy": {
        "dmean": 0.191315978765,
        "dmean2": 0.281427145004,
        "dvar": 0.034300327301,
        "dvar2": 0.0696895569563,
        "max": 9.82963085175,
        "mean": 7.87426805496,
        "median": 7.87131643295,
        "min": 5.7986164093,
        "var": 0.162490516901
    },
    "spectral_flux": {
        "dmean": 0.0373346209526,
        "dmean2": 0.0565128400922,
        "dvar": 0.00176862895023,
        "dvar2": 0.0035353275016,
        "max": 0.445003986359,
        "mean": 0.0998380929232,
        "median": 0.0881640315056,
        "min": 6.25355045525e-11,
        "var": 0.0041810888797
    },
    "spectral_kurtosis": {
        "dmean": 1.20372331142,
        "dmean2": 1.94388759136,
        "dvar": 1.38243424892,
        "dvar2": 3.49232029915,
        "max": 18.8581848145,
        "mean": 2.90335273743,
        "median": 2.71028971672,
        "min": -1.3709307909,
        "var": 3.21123409271
    },
    "spectral_rms": {
        "dmean": 0.00144256046042,
        "dmean2": 0.00217185448855,
        "dvar": 2.25264807341e-06,
        "dvar2": 5.33850197826e-06,
        "max": 0.0160442888737,
        "mean": 0.00442066276446,
        "median": 0.00416436977684,
        "min": 3.11341924464e-12,
        "var": 5.78363687964e-06
    },
    "spectral_rolloff": {
        "dmean": 913.252807617,
        "dmean2": 1519.43322754,
        "dvar": 1762590.875,
        "dvar2": 3967744,
        "max": 19659.8144531,
        "mean": 2122.31689453,
        "median": 1464.2578125,
        "min": 43.06640625,
        "var": 8196468.5
    },
    "spectral_skewness": {
        "dmean": 0.219517588615,
        "dmean2": 0.344958007336,
        "dvar": 0.0401298739016,
        "dvar2": 0.093632735312,
        "max": 3.14969849586,
        "mean": 1.1090400219,
        "median": 1.11105155945,
        "min": -0.630414068699,
        "var": 0.120810575783
    },
    "spectral_spread": {
        "dmean": 713433.25,
        "dmean2": 1028062.5,
        "dvar": 843089117184,
        "dvar2": 1.52124247245e+12,
        "max": 43008608,
        "mean": 5205962.5,
        "median": 4406392.5,
        "min": 1656867.625,
        "var": 2.12533185085e+13
    },
    "spectral_strongpeak": {
        "dmean": 0.331282287836,
        "dmean2": 0.570955693722,
        "dvar": 0.422645151615,
        "dvar2": 1.0717997551,
        "max": 10.520775795,
        "mean": 0.436881124973,
        "median": 0.202811688185,
        "min": 0,
        "var": 0.532237052917
    },
    "zerocrossingrate": {
        "dmean": 0.0172116886824,
        "dmean2": 0.0203757602721,
        "dvar": 0.000349570502294,
        "dvar2": 0.00043133716099,
        "max": 0.5283203125,
        "mean": 0.0752693116665,
        "median": 0.0595703125,
        "min": 0.00244140625,
        "var": 0.00507407821715
    },
    "barkbands": {
        "dmean": [0.00067302811658, 0.00885151419789, 0.00472554378211, 0.00154761853628, 0.00102851737756, 0.000644614628982, 0.000836111721583, 0.000583032146096, 0.000439288560301, 0.000305077206576, 0.000214375351788, 0.0003193023731, 0.00030781456735, 0.000389457214624, 0.000305115128867, 0.000359891157132, 0.000311984535074, 0.000300735264318, 0.000376643292839, 0.000427471823059, 0.000275476748357, 0.000143473909702, 0.000104586899397, 0.000121992234199, 8.85427725734e-05, 1.01139003164e-05, 1.0421125074e-09],
        "dmean2": [0.00105704157613, 0.0147364195436, 0.00835656933486, 0.00274103763513, 0.00179762730841, 0.00103445525747, 0.00140095315874, 0.000980827142484, 0.000705466722138, 0.000484056770802, 0.000344892236171, 0.000499426911119, 0.000484993739519, 0.00059825804783, 0.000491156242788, 0.000544170674402, 0.000476817862364, 0.000459612521809, 0.000560850428883, 0.000662440841552, 0.00043102185009, 0.000210457685171, 0.000160823125043, 0.00018078534049, 0.000130885950057, 1.49722218339e-05, 1.93517246672e-09],
        "dvar": [9.95053028419e-07, 0.000185728786164, 0.000175296765519, 1.42229146149e-05, 5.04024728798e-06, 2.47388288699e-06, 3.93711343349e-06, 2.83254394162e-06, 9.76977503342e-07, 5.17033868164e-07, 3.15356260217e-07, 6.78337698901e-07, 4.99890290939e-07, 6.20740365775e-07, 3.35117277928e-07, 6.04358831424e-07, 3.29849541458e-07, 2.98416665601e-07, 5.06781987042e-07, 7.33320121071e-07, 2.65411586042e-07, 6.60280576881e-08, 5.89318105426e-08, 7.65724053053e-08, 6.82794691897e-08, 4.73903527531e-10, 2.60226409177e-18],
        "dvar2": [2.39953624259e-06, 0.000485236407258, 0.000483157258714, 3.80806995963e-05, 1.35524342113e-05, 5.90391073274e-06, 1.00383613244e-05, 7.38247445042e-06, 2.44763691626e-06, 1.15458931305e-06, 7.76195008712e-07, 1.68335600392e-06, 1.2347820757e-06, 1.38792597681e-06, 7.96906590494e-07, 1.33750211262e-06, 7.50796402826e-07, 6.37166920114e-07, 1.07957055206e-06, 1.74512933881e-06, 6.09487130987e-07, 1.36299277642e-07, 1.33817437131e-07, 1.57581737881e-07, 1.42088651955e-07, 1.07544262384e-09, 8.33809555264e-18],
        "max": [0.00942715723068, 0.13240134716, 0.161788702011, 0.0570579394698, 0.0275362376124, 0.0245186947286, 0.0331515036523, 0.0316386818886, 0.0188868511468, 0.0165558774024, 0.0156768076122, 0.024555541575, 0.013801695779, 0.0123458132148, 0.0129129569978, 0.0121184755117, 0.00703170942143, 0.00788134895265, 0.0114069385454, 0.0114796003327, 0.00750263826922, 0.0038615136873, 0.00421429239213, 0.00589547120035, 0.00828333199024, 0.000764047610573, 1.8591563844e-08],
        "mean": [0.00122827955056, 0.0111817801371, 0.00354846101254, 0.00117086793762, 0.000871158496011, 0.00066488108132, 0.00076809694292, 0.000521390815265, 0.000504318333697, 0.000346083863406, 0.000226310163271, 0.000375909439754, 0.000366571999621, 0.00053383706836, 0.000363938481314, 0.0004668449983, 0.000401576719014, 0.000411281158449, 0.000519412744325, 0.000540521112271, 0.000347903376678, 0.000193139785551, 0.000127253835672, 0.00015735301713, 0.000108898384497, 1.29280833789e-05, 8.48938030984e-10],
        "median": [0.00065410224488, 0.00473679415882, 0.000377989781555, 0.000221617316129, 0.000168667931575, 0.000133705558255, 0.000142376156873, 7.93907092884e-05, 9.03749460122e-05, 7.57741581765e-05, 4.97990949953e-05, 9.53089547693e-05, 9.23710977077e-05, 0.000108656910015, 9.77606978267e-05, 0.000126006430946, 0.000144941761391, 0.000114374677651, 0.000199362053536, 0.000188409205293, 0.000108894317236, 7.28725353838e-05, 2.83772842522e-05, 4.04289894504e-05, 1.8900129362e-05, 3.69627309738e-06, 3.04849145927e-10],
        "min": [3.37387698687e-25, 4.14984617926e-24, 8.26759262222e-26, 6.36654236471e-25, 7.02224177419e-24, 4.16296572498e-24, 4.03981467691e-24, 7.62102269999e-24, 1.20503820195e-23, 1.53407776532e-23, 1.1102026061e-23, 2.21326822982e-23, 2.98253793223e-23, 3.11235035844e-23, 2.83410491767e-23, 6.55502075927e-23, 5.34261601642e-23, 5.1256111099e-23, 9.27255696316e-23, 2.00812394168e-22, 2.46014893965e-22, 2.61153324063e-22, 3.89017427918e-22, 5.51555792956e-22, 8.54183132012e-22, 1.25853722762e-21, 1.96340688795e-21],
        "var": [2.138778882e-06, 0.000238430424361, 0.00011717533198, 9.92133300315e-06, 3.80672577194e-06, 2.63533388534e-06, 3.43770466316e-06, 2.31711419474e-06, 1.07243204184e-06, 7.08048673914e-07, 3.14746785079e-07, 7.29240866804e-07, 5.64226581901e-07, 1.04392495359e-06, 4.31394681755e-07, 9.1802183988e-07, 4.55683448308e-07, 5.34508217243e-07, 8.11295706171e-07, 9.4340640544e-07, 3.86399761965e-07, 1.15855087301e-07, 8.89718876351e-08, 1.2726744103e-07, 1.10390580232e-07, 6.67950916799e-10, 1.97080433832e-18]
    },
    "erbbands": {
        "dmean": [0.328449875116, 1.86104142666, 5.28883695602, 5.13749408722, 4.42017316818, 3.20206737518, 2.79289531708, 6.52290725708, 10.3914937973, 13.3711004257, 11.5543060303, 9.59324264526, 10.0463485718, 7.90050077438, 9.91760826111, 12.3377742767, 13.4378261566, 20.2313289642, 15.5549993515, 14.5934104919, 21.1923389435, 17.7829723358, 15.1626377106, 16.9467601776, 20.9597377777, 19.3786296844, 13.5158338547, 9.52781009674, 5.50716352463, 4.04086399078, 2.69742059708, 2.11327981949, 2.34051322937, 1.49424254894, 0.341799736023, 0.0713606178761, 0.0156692638993, 0.00108213804197, 3.19125101669e-05, 2.08217061299e-05],
        "dmean2": [0.548140347004, 3.07292222977, 9.19271755219, 8.87204742432, 7.84297847748, 5.53378105164, 4.53504514694, 10.5444583893, 17.6386890411, 21.8873653412, 19.2427139282, 15.6084403992, 15.7462043762, 12.5577030182, 15.7015485764, 19.4875431061, 20.9614830017, 30.4396686554, 24.9726276398, 22.6421852112, 31.7273178101, 26.7477073669, 23.058971405, 25.4009246826, 31.7581939697, 30.0766735077, 21.194393158, 14.7918205261, 8.17931842804, 6.09897661209, 4.08818817139, 3.14738416672, 3.50568532944, 2.21643710136, 0.497526854277, 0.105572044849, 0.0229873731732, 0.00160481734201, 4.58394642919e-05, 3.19296923408e-05],
        "dvar": [0.2247967273, 11.5753974915, 201.618850708, 167.863174438, 112.570220947, 47.2144737244, 33.6628036499, 296.868682861, 706.711242676, 1267.02941895, 1177.98815918, 547.920410156, 551.103088379, 328.702056885, 610.395568848, 1202.53491211, 915.43548584, 1695.67749023, 1078.18200684, 798.461853027, 1979.79467773, 1018.07373047, 819.414123535, 1061.53344727, 1484.25463867, 1585.9453125, 665.737487793, 313.778778076, 92.8099441528, 71.82006073, 39.7438735962, 20.0383930206, 36.5071105957, 20.9451255798, 0.627638399601, 0.0223349127918, 0.00116349593736, 5.87758631809e-06, 3.26010618501e-09, 7.25272453206e-10],
        "dvar2": [0.603243529797, 29.0364837646, 544.997802734, 443.620056152, 307.49029541, 124.306289673, 78.810295105, 720.708190918, 1853.11608887, 3182.34838867, 3092.3137207, 1392.61865234, 1241.76147461, 775.688171387, 1465.48754883, 3100.95068359, 2212.59057617, 3846.05908203, 2612.32763672, 1784.70166016, 4380.88134766, 2257.57519531, 1706.35803223, 2220.00732422, 3278.25708008, 3739.58886719, 1558.45349121, 715.760620117, 196.756820679, 162.672195435, 85.9369430542, 41.3979873657, 77.0461883545, 44.0660095215, 1.24425601959, 0.050200406462, 0.00258932705037, 1.35612681333e-05, 7.02185598556e-09, 1.75604630837e-09],
        "max": [3.6941781044, 37.583770752, 155.426620483, 247.290298462, 124.652481079, 77.2039871216, 118.272148132, 273.719512939, 396.941955566, 776.795288086, 879.59375, 446.108123779, 478.696807861, 487.058532715, 614.499755859, 1192.20898438, 573.636657715, 706.54083252, 657.992614746, 450.29510498, 730.561889648, 429.712615967, 440.248840332, 593.75982666, 574.580322266, 666.068847656, 395.605010986, 273.606506348, 142.307815552, 134.791778564, 111.324554443, 135.918823242, 146.375442505, 132.498855591, 24.2983283997, 5.04612874985, 0.902820765972, 0.0557629279792, 0.00122057215776, 0.000306173256831],
        "mean": [0.428308367729, 2.06742691994, 4.31029319763, 4.08134365082, 3.44429779053, 2.8151216507, 2.94480705261, 6.50083684921, 9.35474777222, 12.8240613937, 11.0828332901, 10.4528484344, 12.7574682236, 9.20118713379, 11.3312101364, 14.2932195663, 17.0893974304, 28.7492389679, 18.8671474457, 18.4758415222, 28.8058586121, 23.6753139496, 21.0979785919, 24.3446674347, 28.8813438416, 24.2666034698, 17.017950058, 11.9011287689, 7.44258260727, 5.03473615646, 3.33525848389, 2.75981521606, 2.89118146896, 1.79868113995, 0.440751850605, 0.0921152085066, 0.0201500300318, 0.00139256601688, 4.96911379742e-05, 3.46936030837e-05],
        "median": [0.209234505892, 0.541920185089, 0.562654674053, 0.844282388687, 0.660150766373, 0.515977859497, 0.757579565048, 1.1949518919, 2.01899695396, 2.19736385345, 2.08137750626, 2.21779108047, 2.67541027069, 2.24749517441, 2.91059207916, 3.96040058136, 5.16710567474, 6.13487052917, 5.53114175797, 5.95641040802, 8.32899093628, 8.65571212769, 6.47614955902, 8.28109931946, 11.2764377594, 8.04640007019, 5.63353538513, 3.75285959244, 2.89844965935, 1.40594351292, 0.776096105576, 0.822282075882, 0.593428492546, 0.266225785017, 0.101825833321, 0.0255916509777, 0.0059428839013, 0.000433984096162, 2.54652259173e-05, 2.50024968409e-05],
        "min": [1.24617089261e-22, 4.17265287379e-22, 6.28875975649e-22, 4.05030077458e-21, 8.85274944845e-21, 2.2648145395e-20, 3.15298922091e-20, 4.41372136501e-20, 4.63723041329e-20, 1.71917405727e-19, 2.19031118952e-19, 4.177300092e-19, 3.95581963956e-19, 6.22438625093e-19, 8.34590651577e-19, 1.08062130761e-18, 1.81039313123e-18, 1.81826871784e-18, 1.94071750469e-18, 2.9763606597e-18, 3.35903240225e-18, 4.33713377192e-18, 4.21613172397e-18, 7.17153927837e-18, 7.66698406934e-18, 9.02110520187e-18, 8.84285936039e-18, 1.00800411425e-17, 9.86612479151e-18, 1.12551876875e-17, 1.0661241402e-17, 1.10546939962e-17, 8.22633187136e-18, 7.52866871757e-18, 5.96938404566e-18, 4.31850070144e-18, 2.43511901412e-18, 9.69313196052e-19, 2.53133914451e-19, 2.77107411598e-20],
        "var": [0.298421978951, 13.0080242157, 145.191268921, 121.99471283, 75.9007339478, 40.3980522156, 38.2871284485, 298.888397217, 557.317260742, 1159.84912109, 963.528137207, 535.100524902, 789.201538086, 411.714111328, 679.748840332, 1150.02331543, 1098.08068848, 2869.94848633, 1356.0513916, 1105.00976562, 3196.95825195, 1494.20581055, 1380.5723877, 1792.83898926, 2261.79956055, 2015.56311035, 924.425415039, 466.638397217, 160.749511719, 106.909393311, 65.4522399902, 34.2674026489, 56.4718170166, 33.0693397522, 1.14318466187, 0.0326682552695, 0.00171449698973, 8.24940070743e-06, 5.5425104506e-09, 1.09539255444e-09]
    },
    "gfcc": {
        "mean": [-54.2115707397, 68.7975692749, -118.436538696, 62.6517105103, -47.373008728, 26.6153011322, -28.5463180542, 21.2823181152, -17.7751293182, 11.904967308, -8.28439331055, -2.34490942955, -6.00452327728],
        "cov": [[33863.6484375, 1439.17114258, -2818.58935547, 1048.37756348, -1522.68395996, 291.580657959, -1037.96765137, 388.980285645, -613.368652344, 314.782806396, -325.742462158, -41.7110176086, -257.379486084], [1439.17114258, 1035.39111328, -200.333007812, -99.0170440674, -10.1546363831, -122.814613342, 87.4445648193, -53.6231994629, 43.3325691223, -22.9865436554, 67.1077041626, -27.6738109589, -22.2970199585], [-2818.58935547, -200.333007812, 1181.5480957, 241.2550354, 239.574432373, 62.7136077881, 81.4777603149, -18.2903366089, 51.0311088562, -6.23595905304, 20.209148407, 3.57662653923, 52.8319587708], [1048.37756348, -99.0170440674, 241.2550354, 642.219848633, 157.802474976, 58.9355163574, -41.418182373, 8.40861415863, 22.3393821716, -16.1911830902, -19.8787651062, -34.1562805176, 60.7490539551], [-1522.68395996, -10.1546363831, 239.574432373, 157.802474976, 402.727294922, 77.7664489746, 125.620758057, 19.5458068848, 95.1657333374, -13.9126625061, 13.5466766357, -8.8207950592, 49.3420143127], [291.580657959, -122.814613342, 62.7136077881, 58.9355163574, 77.7664489746, 276.01663208, 125.193504333, 61.4835891724, -1.01447141171, 13.3390216827, -10.8395118713, -6.09417390823, 6.97753858566], [-1037.96765137, 87.4445648193, 81.4777603149, -41.418182373, 125.620758057, 125.193504333, 335.311767578, 66.9050827026, 51.1951332092, -9.39302825928, 37.4207992554, 4.26832675934, 7.62272071838], [388.980285645, -53.6231994629, -18.2903366089, 8.40861415863, 19.5458068848, 61.4835891724, 66.9050827026, 149.777648926, 46.3795776367, 18.9433364868, 4.64159584045, -0.99240976572, 10.1191139221], [-613.368652344, 43.3325691223, 51.0311088562, 22.3393821716, 95.1657333374, -1.01447141171, 51.1951332092, 46.3795776367, 140.448287964, 37.2961120605, 29.6277751923, -5.97600841522, 21.8898029327], [314.782806396, -22.9865436554, -6.23595905304, -16.1911830902, -13.9126625061, 13.3390216827, -9.39302825928, 18.9433364868, 37.2961120605, 111.289222717, 36.3564758301, 13.375992775, -11.7213191986], [-325.742462158, 67.1077041626, 20.209148407, -19.8787651062, 13.5466766357, -10.8395118713, 37.4207992554, 4.64159584045, 29.6277751923, 36.3564758301, 103.665679932, 18.1565189362, 7.8700928688], [-41.7110176086, -27.6738109589, 3.57662653923, -34.1562805176, -8.8207950592, -6.09417390823, 4.26832675934, -0.99240976572, -5.97600841522, 13.375992775, 18.1565189362, 82.9566345215, 20.083398819], [-257.379486084, -22.2970199585, 52.8319587708, 60.7490539551, 49.3420143127, 6.97753858566, 7.62272071838, 10.1191139221, 21.8898029327, -11.7213191986, 7.8700928688, 20.083398819, 78.1342086792]],
        "icov": [[0.000126743645524, -0.000332198658725, 0.000210993632209, -0.000396723975427, 0.000299284845823, -0.000336408702424, 0.000373913004296, -0.000587579153944, 0.000514254381415, -0.000511020305566, 0.000374845316401, -0.000243216200033, 0.00017317495076], [-0.000332198658725, 0.00212905230001, -0.000309071969241, 0.00103634560946, -0.000717634800822, 0.00145656149834, -0.00157292629592, 0.00214389967732, -0.00181782920845, 0.00176284392364, -0.00172593141906, 0.00113866955508, -0.00022968336998], [0.000210993632209, -0.000309071969241, 0.00141762651037, -0.000939703837503, 8.15526364022e-05, -0.000503418792505, 0.000363697297871, -0.000547996780369, 0.00073868362233, -0.0008274501306, 0.000379741133656, -0.000431265943917, 0.000149357831106], [-0.000396723975427, 0.00103634560946, -0.000939703837503, 0.00333884335123, -0.0016067965189, 0.000631630944554, -0.000429785315646, 0.00163593213074, -0.00133751472458, 0.00155150028877, -0.00107237801421, 0.00183654029388, -0.00193986436352], [0.000299284845823, -0.000717634800822, 8.15526364022e-05, -0.0016067965189, 0.00489636696875, -0.00147260224912, -0.000181965224328, -0.000405815808335, -0.00147116207518, -0.000204278825549, 0.00098974769935, -0.00050482788356, -0.00050346943317], [-0.000336408702424, 0.00145656149834, -0.000503418792505, 0.000631630944554, -0.00147260224912, 0.00653412984684, -0.00325953424908, 0.000188215941307, 0.000624281528872, -0.000437964190496, 5.60015978408e-05, 0.0013905671658, -0.000806792813819], [0.000373913004296, -0.00157292629592, 0.000363697297871, -0.000429785315646, -0.000181965224328, -0.00325953424908, 0.00629096757621, -0.00325205828995, 0.000718945753761, 0.000273702287814, -0.000570031639654, -0.00133929168805, 0.00132579822093], [-0.000587579153944, 0.00214389967732, -0.000547996780369, 0.00163593213074, -0.000405815808335, 0.000188215941307, -0.00325205828995, 0.011915255338, -0.00571706518531, 0.00194526044652, -0.00126364722382, 0.00131891726051, -0.00152975902893], [0.000514254381415, -0.00181782920845, 0.00073868362233, -0.00133751472458, -0.00147116207518, 0.000624281528872, 0.000718945753761, -0.00571706518531, 0.0145289441571, -0.00673514651135, 0.000788774632383, 0.00135836459231, -0.0022501074709], [-0.000511020305566, 0.00176284392364, -0.0008274501306, 0.00155150028877, -0.000204278825549, -0.000437964190496, 0.000273702287814, 0.00194526044652, -0.00673514651135, 0.0154191302136, -0.00596099672839, -0.00149170437362, 0.00324626173824], [0.000374845316401, -0.00172593141906, 0.000379741133656, -0.00107237801421, 0.00098974769935, 5.60015978408e-05, -0.000570031639654, -0.00126364722382, 0.000788774632383, -0.00596099672839, 0.0141906039789, -0.00257357023656, -0.000974593218416], [-0.000243216200033, 0.00113866955508, -0.000431265943917, 0.00183654029388, -0.00050482788356, 0.0013905671658, -0.00133929168805, 0.00131891726051, 0.00135836459231, -0.00149170437362, -0.00257357023656, 0.0155241992325, -0.00579346297309], [0.00017317495076, -0.00022968336998, 0.000149357831106, -0.00193986436352, -0.00050346943317, -0.000806792813819, 0.00132579822093, -0.00152975902893, -0.0022501074709, 0.00324626173824, -0.000974593218416, -0.00579346297309, 0.0178740806878]]
    },
    "melbands": {
        "dmean": [0.00257396814413, 0.00257572880946, 0.000882736349013, 0.00026948392042, 0.000101938741864, 0.000142646007589, 0.000162958662258, 0.000143566430779, 9.0911060397e-05, 6.07078509347e-05, 5.07306067448e-05, 3.30313996528e-05, 3.09489951178e-05, 3.53930445272e-05, 3.15638280881e-05, 3.50069494743e-05, 3.79587836505e-05, 2.55409540841e-05, 2.3753820642e-05, 1.94269032363e-05, 2.69642605417e-05, 2.01788479899e-05, 1.33729636218e-05, 1.58459261002e-05, 1.39090925586e-05, 1.56176265591e-05, 1.61617099366e-05, 1.29606978589e-05, 9.70182827587e-06, 6.60309433442e-06, 5.33037109562e-06, 3.28143164552e-06, 2.4568387289e-06, 2.32283127843e-06, 1.64187849805e-06, 1.34238644023e-06, 1.32815785037e-06, 1.67706957654e-06, 1.69968325281e-06, 1.16064768463e-06],
        "dmean2": [0.00428465381265, 0.00433196825907, 0.00151438603643, 0.000474358501378, 0.000167166988831, 0.000230282355915, 0.000274756166618, 0.000235995612456, 0.000150760286488, 9.88358951872e-05, 7.99189147074e-05, 5.2943258197e-05, 4.95811946166e-05, 5.56956147193e-05, 5.00484384247e-05, 5.36833831575e-05, 5.8103029005e-05, 4.17208575527e-05, 3.78403783543e-05, 3.05655557895e-05, 4.05975479225e-05, 3.09937786369e-05, 2.03396830329e-05, 2.43693029915e-05, 2.10588968912e-05, 2.35276602325e-05, 2.50462180702e-05, 2.05066862691e-05, 1.5600298866e-05, 1.04368091343e-05, 8.33036665426e-06, 4.94891628477e-06, 3.66301719623e-06, 3.65172104466e-06, 2.52794279731e-06, 2.02018395612e-06, 2.01563079827e-06, 2.53712369158e-06, 2.58607769865e-06, 1.73453122443e-06],
        "dvar": [1.33942548928e-05, 3.68104556401e-05, 4.45679188488e-06, 3.65931583701e-07, 4.14859862019e-08, 1.33542258141e-07, 1.56260000495e-07, 1.44124484791e-07, 7.02521560925e-08, 2.14445545765e-08, 1.41175000579e-08, 5.97315530371e-09, 6.64568577946e-09, 8.4761664354e-09, 6.36683816779e-09, 5.80895953561e-09, 6.2883187546e-09, 3.52185502983e-09, 1.97636707e-09, 1.86143667147e-09, 3.46851858346e-09, 1.45004031005e-09, 6.66294519558e-10, 8.79991579605e-10, 8.04368516238e-10, 9.5966445901e-10, 1.15519116495e-09, 6.93305690636e-10, 3.76522729661e-10, 1.61653829212e-10, 1.0002976919e-10, 3.25468471618e-11, 2.38502603084e-11, 2.9922841982e-11, 1.57945531654e-11, 9.84114265773e-12, 8.99877828503e-12, 2.00409324552e-11, 2.29317259626e-11, 1.3646646313e-11],
        "dvar2": [3.62823229807e-05, 9.56239164225e-05, 1.1623966202e-05, 9.91812385109e-07, 9.9140819998e-08, 3.24362105175e-07, 4.05998292763e-07, 3.64369412864e-07, 1.8417202341e-07, 5.49114709258e-08, 3.17917816517e-08, 1.40992737485e-08, 1.62777240575e-08, 2.07980423994e-08, 1.59225770346e-08, 1.41743532467e-08, 1.45136827001e-08, 8.67018457029e-09, 4.56833548768e-09, 4.32753610724e-09, 7.67607577501e-09, 3.33284466691e-09, 1.40627087752e-09, 2.0288668523e-09, 1.75432846028e-09, 2.18513052097e-09, 2.79004397363e-09, 1.62645930057e-09, 9.26479115648e-10, 3.74093866995e-10, 2.29940400054e-10, 7.07871122829e-11, 5.19936663168e-11, 7.22044715684e-11, 3.52482383559e-11, 2.10335932699e-11, 1.96116144158e-11, 4.27894629451e-11, 5.02340252728e-11, 2.84705141407e-11],
        "max": [0.0284990146756, 0.0666625872254, 0.0368025153875, 0.0076571656391, 0.00404012296349, 0.0058212261647, 0.0051518608816, 0.00732569303364, 0.00673382915556, 0.00284744426608, 0.00234933686443, 0.002245525131, 0.00256965728477, 0.00210730778053, 0.00213433918543, 0.00176421180367, 0.001261200523, 0.0009639262571, 0.000799367146101, 0.00076794688357, 0.00107895070687, 0.000513257749844, 0.000521015143022, 0.000468167476356, 0.000544224283658, 0.000557770719752, 0.000545935996342, 0.000459930393845, 0.000282139255432, 0.000214291081647, 0.00018856083625, 8.4512612375e-05, 9.66578591033e-05, 7.66059092712e-05, 6.87619394739e-05, 7.77058739914e-05, 0.000107746745925, 0.000107522559119, 0.00011044886196, 0.000114253736683],
        "mean": [0.00339086609893, 0.00246577523649, 0.000716352195013, 0.000222912654863, 0.000105640865513, 0.00014267716324, 0.000148864026414, 0.000136669870699, 8.77106649568e-05, 6.72034002491e-05, 6.36179829598e-05, 3.72382855858e-05, 3.39887083101e-05, 4.0804316086e-05, 3.49333422491e-05, 4.69562510261e-05, 5.18021188327e-05, 2.86465765384e-05, 2.92416843877e-05, 2.30455007113e-05, 3.58596116712e-05, 2.50180746661e-05, 1.77588153747e-05, 2.15692452912e-05, 1.90172177099e-05, 2.12047525565e-05, 2.05365831789e-05, 1.51885196829e-05, 1.16159180834e-05, 7.88680608821e-06, 6.49734056424e-06, 4.3538771024e-06, 3.15154079544e-06, 2.70254622592e-06, 1.94570225176e-06, 1.68792496424e-06, 1.67717178101e-06, 2.04787602343e-06, 1.9731780867e-06, 1.37594838634e-06],
        "median": [0.0016533122398, 0.000502270529978, 0.000156940237503, 4.21439108322e-05, 2.6940186217e-05, 2.70235141215e-05, 3.11011026497e-05, 2.26112351811e-05, 1.53928958753e-05, 1.27295379571e-05, 1.28094970933e-05, 8.36537401483e-06, 8.23269510875e-06, 9.96526432573e-06, 8.13334918348e-06, 1.05168419395e-05, 1.05398466985e-05, 6.46235866952e-06, 7.91271668277e-06, 6.81257279211e-06, 9.45809551922e-06, 8.65698712005e-06, 6.13567681285e-06, 5.12374981554e-06, 6.16761008132e-06, 7.99233021098e-06, 6.53012784824e-06, 4.14559963247e-06, 3.66110680261e-06, 2.08245364774e-06, 2.10222106034e-06, 1.71306191987e-06, 1.04885407382e-06, 6.32310729998e-07, 3.96804011871e-07, 4.82959649162e-07, 4.89074693633e-07, 4.5868853249e-07, 2.93512982807e-07, 1.8804283286e-07],
        "min": [1.34355771984e-24, 6.32359431184e-25, 1.08752354533e-24, 7.19058104288e-25, 1.25167554034e-24, 1.05792390644e-24, 6.147069921e-25, 1.87800388338e-24, 1.71281443768e-24, 1.89196001609e-24, 2.15077561554e-24, 2.2453979034e-24, 1.70345657519e-24, 2.50294225351e-24, 2.41229700791e-24, 2.98903637116e-24, 3.11946939424e-24, 2.91570070596e-24, 2.42215066947e-24, 3.84466942162e-24, 3.0230055106e-24, 3.1781659704e-24, 3.31107877774e-24, 2.72333500207e-24, 5.04503922362e-24, 3.10136365596e-24, 4.35954157952e-24, 4.17847078607e-24, 3.92352947974e-24, 5.26909978096e-24, 5.1127767374e-24, 4.85453799248e-24, 5.09467790165e-24, 5.35223625404e-24, 5.57725054422e-24, 5.35082143201e-24, 6.35327510479e-24, 4.69071564272e-24, 5.10363226179e-24, 6.07858703227e-24],
        "var": [1.81886716746e-05, 3.15827455779e-05, 3.33312004841e-06, 2.65847404535e-07, 4.52829418407e-08, 1.34463135737e-07, 1.28109888919e-07, 1.29817848915e-07, 5.87025468235e-08, 2.12155608637e-08, 2.01038865555e-08, 7.43761408017e-09, 6.83238354782e-09, 9.12126285613e-09, 6.82371847915e-09, 7.61784146874e-09, 9.89368942328e-09, 4.19356416259e-09, 2.7075792719e-09, 2.24425034112e-09, 5.43819078658e-09, 1.9265036233e-09, 1.01270136721e-09, 1.60393465176e-09, 1.23776022765e-09, 1.35810607205e-09, 1.41752576344e-09, 8.7520801717e-10, 4.71026884163e-10, 2.22439483499e-10, 1.44914080735e-10, 5.38159725116e-11, 3.76123056312e-11, 3.73202475867e-11, 2.47652644919e-11, 1.57025659836e-11, 1.36810883802e-11, 2.95556495944e-11, 3.35878651281e-11, 2.17407983977e-11]
    },
    "mfcc": {
        "mean": [-675.720214844, 83.9705810547, -0.382458567619, 37.8063964844, 12.7761163712, 11.6207151413, 12.0003833771, 6.24675655365, 7.63105678558, 9.91585063934, 6.24279117584, 7.15129327774, 3.41194486618],
        "cov": [[14655.7109375, 1164.71081543, -647.85168457, 171.219802856, -297.977813721, -162.880859375, -172.864440918, -229.896697998, -152.489868164, -29.5340805054, -36.3498344421, -21.9526500702, -21.0424823761], [1164.71081543, 1203.25085449, -143.429244995, -0.318433374166, -130.706390381, -28.7978820801, 6.75444126129, 23.43907547, -48.2025642395, 21.271522522, 33.7363014221, 71.1395339966, 39.2280845642], [-647.85168457, -143.429244995, 730.394348145, 207.296386719, 164.90663147, 85.7069778442, 75.8877487183, -5.52730607986, 58.4170570374, -20.3905658722, -27.5685710907, 10.5156087875, 55.1712608337], [171.219802856, -0.318433374166, 207.296386719, 527.907409668, 232.722625732, 92.1831207275, 15.4932804108, 19.5175037384, 56.2540283203, 13.3422107697, -32.999004364, 0.730658948421, 41.2322654724], [-297.977813721, -130.706390381, 164.90663147, 232.722625732, 360.468414307, 87.7198486328, 7.54684352875, 2.90249872208, 73.110458374, 21.8443279266, -12.8318214417, -2.9378592968, 0.433401733637], [-162.880859375, -28.7978820801, 85.7069778442, 92.1831207275, 87.7198486328, 230.056777954, 109.336982727, 61.3334999084, 61.8952598572, 16.5513439178, 38.6936950684, 13.7827730179, -26.8787078857], [-172.864440918, 6.75444126129, 75.8877487183, 15.4932804108, 7.54684352875, 109.336982727, 210.144958496, 111.07686615, 59.2117080688, 40.0425415039, 40.3747749329, 8.60154914856, 4.45553731918], [-229.896697998, 23.43907547, -5.52730607986, 19.5175037384, 2.90249872208, 61.3334999084, 111.07686615, 168.362350464, 83.8237380981, 33.5610733032, 31.1096897125, 2.87141251564, 0.372371554375], [-152.489868164, -48.2025642395, 58.4170570374, 56.2540283203, 73.110458374, 61.8952598572, 59.2117080688, 83.8237380981, 154.531784058, 52.3165664673, 19.9146022797, 8.29068851471, 8.89046478271], [-29.5340805054, 21.271522522, -20.3905658722, 13.3422107697, 21.8443279266, 16.5513439178, 40.0425415039, 33.5610733032, 52.3165664673, 117.058944702, 49.817440033, 15.5094814301, 8.523853302], [-36.3498344421, 33.7363014221, -27.5685710907, -32.999004364, -12.8318214417, 38.6936950684, 40.3747749329, 31.1096897125, 19.9146022797, 49.817440033, 116.220657349, 42.6386184692, -3.86126875877], [-21.9526500702, 71.1395339966, 10.5156087875, 0.730658948421, -2.9378592968, 13.7827730179, 8.60154914856, 2.87141251564, 8.29068851471, 15.5094814301, 42.6386184692, 76.4583511353, 31.0913486481], [-21.0424823761, 39.2280845642, 55.1712608337, 41.2322654724, 0.433401733637, -26.8787078857, 4.45553731918, 0.372371554375, 8.89046478271, 8.523853302, -3.86126875877, 31.0913486481, 92.3524475098]],
