{
"lowlevel": {
    "average_loudness": 0.933404505253,
    "barkbands_crest": {
        "dmean": 2.29758739471,
        "dmean2": 3.53397917747,
        "dvar": 8.47972869873,
        "dvar2": 16.6324481964,
        "max": 26.2610034943,
        "mean": 15.8891038895,
        "median": 17.3148326874,
        "min": 2.15690493584,
        "var": 43.8618927002
    },
    "barkbands_flatness_db": {
        "dmean": 0.0309783834964,
        "dmean2": 0.0432813204825,
        "dvar": 0.001323671313,
        "dvar2": 0.00247297808528,
        "max": 0.717654824257,
        "mean": 0.218470543623,
        "median": 0.215556904674,
        "min": 0.0269923154265,
        "var": 0.00634068716317
    },
    "barkbands_kurtosis": {
        "dmean": 14.3166046143,
        "dmean2": 22.8604793549,
        "dvar": 3060.4074707,
        "dvar2": 7329.58544922,
        "max": 1761.25512695,
        "mean": 18.3984546661,
        "median": 1.80331754684,
        "min": -1.96509230137,
        "var": 4882.08740234
    },
    "barkbands_skewness": {
        "dmean": 1.15377759933,
        "dmean2": 1.68089187145,
        "dvar": 3.23135685921,
        "dvar2": 6.93402242661,
        "max": 30.2872219086,
        "mean": 2.10539507866,
        "median": 1.32189202309,
        "min": -7.20211839676,
        "var": 10.8886785507
    },
    "barkbands_spread": {
        "dmean": 10.5328321457,
        "dmean2": 16.109079361,
        "dvar": 208.399093628,
        "dvar2": 473.30065918,
        "max": 131.776473999,
        "mean": 27.7797279358,
        "median": 22.9064254761,
        "min": 0.0720542520285,
        "var": 468.29675293
    },
    "dissonance": {
        "dmean": 0.0108841937035,
        "dmean2": 0.0187042616308,
        "dvar": 0.000220360205276,
        "dvar2": 0.000596579164267,
        "max": 0.500000059605,
        "mean": 0.48671284318,
        "median": 0.492205202579,
        "min": 0.293045610189,
        "var": 0.000256404600805
    },
    "dynamic_complexity": 3.91847610474,
    "erbbands_crest": {
        "dmean": 3.30307984352,
        "dmean2": 5.42865133286,
        "dvar": 10.531747818,
        "dvar2": 26.2932376862,
        "max": 33.1855735779,
        "mean": 10.5432701111,
        "median": 9.68721103668,
        "min": 2.35339713097,
        "var": 23.668888092
    },
    "erbbands_flatness_db": {
        "dmean": 0.0271557737142,
        "dmean2": 0.0395360328257,
        "dvar": 0.000729876395781,
        "dvar2": 0.00139319337904,
        "max": 0.740746855736,
        "mean": 0.194822981954,
        "median": 0.188387215137,
        "min": 0.0578860901296,
        "var": 0.00478506786749
    },
    "erbbands_kurtosis": {
        "dmean": 2.686617136,
        "dmean2": 4.28973293304,
        "dvar": 13.2683458328,
        "dvar2": 31.927280426,
        "max": 82.2170562744,
        "mean": 3.61986517906,
        "median": 1.75552654266,
        "min": -1.94378805161,
        "var": 34.1583213806
    },
    "erbbands_skewness": {
        "dmean": 0.569242358208,
        "dmean2": 0.895113706589,
        "dvar": 0.362122118473,
        "dvar2": 0.86682164669,
        "max": 6.44595861435,
        "mean": -0.937396764755,
        "median": -0.876479506493,
        "min": -5.92935180664,
        "var": 1.00349140167
    },
    "erbbands_spread": {
        "dmean": 10.8821544647,
        "dmean2": 16.6855869293,
        "dvar": 197.299407959,
        "dvar2": 444.386993408,
        "max": 171.332122803,
        "mean": 30.588394165,
        "median": 24.4838142395,
        "min": 0.338041543961,
        "var": 515.139282227
    },
    "hfc": {
        "dmean": 12.0032596588,
        "dmean2": 18.1760101318,
        "dvar": 473.553131104,
        "dvar2": 891.188232422,
        "max": 271.412811279,
        "mean": 21.5863437653,
        "median": 11.8376235962,
        "min": 1.09128766926e-16,
        "var": 837.055358887
    },
    "melbands_crest": {
        "dmean": 2.62966299057,
        "dmean2": 3.74624681473,
        "dvar": 11.1911296844,
        "dvar2": 21.2230300903,
        "max": 37.3508262634,
        "mean": 25.3688755035,
        "median": 29.8913860321,
        "min": 1.82698380947,
        "var": 104.529571533
    },
    "melbands_flatness_db": {
        "dmean": 0.0358367562294,
        "dmean2": 0.0478858947754,
        "dvar": 0.00193905318156,
        "dvar2": 0.00331695959903,
        "max": 0.747218132019,
        "mean": 0.25008764863,
        "median": 0.255425214767,
        "min": 0.00269934046082,
        "var": 0.012680019252
    },
    "melbands_kurtosis": {
        "dmean": 41.3360824585,
        "dmean2": 65.4002380371,
        "dvar": 16992.9335938,
        "dvar2": 41268.0625,
        "max": 2793.4296875,
        "mean": 58.52684021,
        "median": 10.3344449997,
        "min": -1.86449837685,
        "var": 22667.4433594
    },
    "melbands_skewness": {
        "dmean": 1.77041602135,
        "dmean2": 2.56279540062,
        "dvar": 7.16443061829,
        "dvar2": 15.3919944763,
        "max": 40.784198761,
        "mean": 4.56627464294,
        "median": 3.19847178459,
        "min": -5.8292889595,
        "var": 25.6696434021
    },
    "melbands_spread": {
        "dmean": 13.3951807022,
        "dmean2": 20.2450656891,
        "dvar": 371.441253662,
        "dvar2": 806.010681152,
        "max": 260.625946045,
        "mean": 33.7156944275,
        "median": 23.7984352112,
        "min": 0.0754300355911,
        "var": 1071.46118164
    },
    "pitch_salience": {
        "dmean": 0.0752685368061,
        "dmean2": 0.114866666496,
        "dvar": 0.00705531192943,
        "dvar2": 0.0138620659709,
        "max": 0.936702907085,
        "mean": 0.362289249897,
        "median": 0.312865138054,
        "min": 0.0110495714471,
        "var": 0.0470687374473
    },
    "silence_rate_20dB": {
        "dmean": 0,
        "dmean2": 0,
        "dvar": 0,
        "dvar2": 0,
        "max": 1,
        "mean": 1,
        "median": 1,
        "min": 1,
        "var": 0
    },
    "silence_rate_30dB": {
        "dmean": 0,
        "dmean2": 0,
        "dvar": 0,
        "dvar2": 0,
        "max": 1,
        "mean": 1,
        "median": 1,
        "min": 1,
        "var": 0
    },
    "silence_rate_60dB": {
        "dmean": 0.0445761978626,
        "dmean2": 0.0891621857882,
        "dvar": 0.0425866246223,
        "dvar2": 0.0858246386051,
        "max": 1,
        "mean": 0.142935559154,
        "median": 0,
        "min": 0,
        "var": 0.122507788241
    },
    "spectral_centroid": {
        "dmean": 352.894226074,
        "dmean2": 534.645080566,
        "dvar": 243592.71875,
        "dvar2": 520876.4375,
        "max": 11339.7480469,
        "mean": 2481.79370117,
        "median": 2518.48388672,
        "min": 78.6311721802,
        "var": 564675.5
    },
    "spectral_complexity": {
        "dmean": 4.60649967194,
        "dmean2": 6.23608207703,
        "dvar": 41.4515914917,
        "dvar2": 60.0060195923,
        "max": 62,
        "mean": 13.9369850159,
        "median": 12,
        "min": 0,
        "var": 149.467651367
    },
    "spectral_decrease": {
        "dmean": 1.10516584773e-09,
        "dmean2": 1.42457201591e-09,
        "dvar": 2.23817640925e-18,
        "dvar2": 3.24046143811e-18,
        "max": 1.03152254117e-28,
        "mean": -6.60169918731e-09,
        "median": -5.92102900043e-09,
        "min": -1.87985715883e-08,
        "var": 2.44549975857e-17
    },
    "spectral_energy": {
        "dmean": 0.004942368716,
        "dmean2": 0.00650933478028,
        "dvar": 4.32915658166e-05,
        "dvar2": 6.52297167107e-05,
        "max": 0.0768251940608,
        "mean": 0.0268743112683,
        "median": 0.0252531338483,
        "min": 1.00220467925e-20,
        "var": 0.000376238953322
    },
    "spectral_energyband_high": {
        "dmean": 0.00103595631663,
        "dmean2": 0.00164299970493,
        "dvar": 5.59843829251e-06,
        "dvar2": 1.17312192742e-05,
        "max": 0.0205773077905,
        "mean": 0.00113877421245,
        "median": 0.000197371278773,
        "min": 7.2356759744e-21,
        "var": 7.17095417713e-06
    },
    "spectral_energyband_low": {
        "dmean": 0.00285324407741,
        "dmean2": 0.0035230377689,
        "dvar": 2.58655400103e-05,
        "dvar2": 3.7160833017e-05,
        "max": 0.060873132199,
        "mean": 0.0195806827396,
        "median": 0.0154588986188,
        "min": 3.9687352328e-23,
        "var": 0.000325113884173
    },
    "spectral_energyband_middle_high": {
        "dmean": 0.00254103075713,
        "dmean2": 0.0034216856584,
        "dvar": 1.47623240991e-05,
        "dvar2": 2.69907923212e-05,
        "max": 0.0542597509921,
        "mean": 0.0053940708749,
        "median": 0.00278231874108,
        "min": 1.32930923371e-21,
        "var": 4.43714488938e-05
    },
    "spectral_energyband_middle_low": {
        "dmean": 0.000490877660923,
        "dmean2": 0.000783709227107,
        "dvar": 4.79663469832e-07,
        "dvar2": 1.197361712e-06,
        "max": 0.0100584197789,
        "mean": 0.000807796255685,
        "median": 0.000582575506996,
        "min": 2.1774459299e-22,
        "var": 7.7349818639e-07
    },
    "spectral_entropy": {
        "dmean": 0.227980569005,
        "dmean2": 0.323955774307,
        "dvar": 0.0686584189534,
        "dvar2": 0.124682247639,
        "max": 9.80856990814,
        "mean": 7.6949763298,
        "median": 7.67333316803,
        "min": 5.16124677658,
        "var": 0.240943968296
    },
    "spectral_flux": {
        "dmean": 0.0192773751915,
        "dmean2": 0.0281802266836,
        "dvar": 0.000605747976806,
        "dvar2": 0.00109503872227,
        "max": 0.221105620265,
        "mean": 0.0621075443923,
        "median": 0.0562510490417,
        "min": 6.40418829079e-11,
        "var": 0.00161390507128
    },
    "spectral_kurtosis": {
        "dmean": 2.24472427368,
        "dmean2": 3.48552727699,
        "dvar": 6.90768480301,
        "dvar2": 17.4479427338,
        "max": 58.2159576416,
        "mean": 5.53641033173,
        "median": 4.47701072693,
        "min": -1.24194848537,
        "var": 21.2411060333
    },
    "spectral_rms": {
        "dmean": 0.000531628727913,
        "dmean2": 0.000675385934301,
        "dvar": 5.02282546222e-07,
        "dvar2": 6.64044193854e-07,
        "max": 0.00865744799376,
        "mean": 0.00459276279435,
        "median": 0.00496358796954,
        "min": 3.12691647748e-12,
        "var": 5.12539600095e-06
    },
    "spectral_rolloff": {
        "dmean": 871.744812012,
        "dmean2": 1462.63330078,
        "dvar": 2389349.5,
        "dvar2": 5116876,
        "max": 19078.4179688,
        "mean": 2257.37744141,
        "median": 2110.25390625,
        "min": 64.599609375,
        "var": 5975505.5
    },
    "spectral_skewness": {
        "dmean": 0.290262848139,
        "dmean2": 0.44866245985,
        "dvar": 0.0841721817851,
        "dvar2": 0.191112473607,
        "max": 6.06488609314,
        "mean": 1.49739599228,
        "median": 1.4516210556,
        "min": -0.138920977712,
        "var": 0.297153234482
    },
    "spectral_spread": {
        "dmean": 870953.25,
        "dmean2": 1197886.125,
        "dvar": 1.39693247693e+12,
        "dvar2": 2.39969789542e+12,
        "max": 41984860,
        "mean": 4268170.5,
        "median": 3803487.25,
        "min": 1124023.25,
        "var": 4.53522384486e+12
    },
    "spectral_strongpeak": {
        "dmean": 0.271448194981,
        "dmean2": 0.443631410599,
        "dvar": 0.483466029167,
        "dvar2": 1.22148835659,
        "max": 13.9829263687,
        "mean": 0.615492641926,
        "median": 0.310029506683,
        "min": 0,
        "var": 0.991501390934
    },
    "zerocrossingrate": {
        "dmean": 0.0168377161026,
        "dmean2": 0.0183728225529,
        "dvar": 0.000468771671876,
        "dvar2": 0.00049957272131,
        "max": 0.49609375,
        "mean": 0.0735501423478,
        "median": 0.05517578125,
        "min": 0.001953125,
        "var": 0.00430320994928
    },
    "barkbands": {
        "dmean": [0.000301075313473, 0.00268518947996, 0.000182841700735, 6.98668809491e-05, 0.000102203593997, 5.41880399396e-05, 0.000147991653648, 0.000158115944942, 0.000110478387796, 0.000164920813404, 0.000222437753109, 0.000251168443356, 0.000216643777094, 0.000295610690955, 0.000432243599789, 0.000545280810911, 0.000697116309311, 0.000466179888463, 0.000428725994425, 0.000143751793075, 0.000131248671096, 0.000263956171693, 0.000307293375954, 0.000140028758324, 0.000147021753946, 5.8392783103e-05, 1.18518439507e-09],
        "dmean2": [0.000399818149162, 0.00344084575772, 0.000323191750795, 0.000122819619719, 0.000169412684045, 8.82745080162e-05, 0.000237132160692, 0.000260802655248, 0.000183671392733, 0.000264366390184, 0.000359607423889, 0.00039925245801, 0.000323327316437, 0.000448620354291, 0.000663433165755, 0.000866536807735, 0.00107367406599, 0.000694952555932, 0.000625918619335, 0.000207098521059, 0.000193439860595, 0.000435759546235, 0.000494492123835, 0.000207813645829, 0.000236790103372, 8.95142875379e-05, 2.22099227898e-09],
        "dvar": [2.80083895632e-07, 2.65026465058e-05, 3.2515643511e-07, 2.97664435323e-08, 4.27486810395e-08, 1.68245168908e-08, 1.27656676341e-07, 1.74018282451e-07, 7.6610973565e-08, 2.01388090204e-07, 2.450149168e-07, 4.11484819551e-07, 4.33433200442e-07, 5.77535729462e-07, 1.07382004444e-06, 1.29183513309e-06, 1.35232698995e-06, 7.10866174813e-07, 6.43109842713e-07, 1.09066256471e-07, 1.32784677476e-07, 3.91640611497e-07, 5.44551255643e-07, 1.12812323039e-07, 1.47724989574e-07, 5.39748761241e-08, 3.79510258244e-18],
        "dvar2": [5.66033293126e-07, 4.13658890466e-05, 9.2566051535e-07, 8.43089509317e-08, 1.11135442182e-07, 4.07553031323e-08, 3.21923238289e-07, 4.58907692291e-07, 1.99796943434e-07, 5.10688437316e-07, 5.99791405875e-07, 9.51870390509e-07, 9.51058495957e-07, 1.27831151531e-06, 2.39607743424e-06, 3.21447760143e-06, 3.04087097902e-06, 1.70181522208e-06, 1.29992781694e-06, 2.18357300241e-07, 2.3421073081e-07, 9.02240117284e-07, 1.30046100821e-06, 2.29985516853e-07, 3.67763703935e-07, 1.02918491507e-07, 1.22989506542e-17],
        "max": [0.00842954870313, 0.0568801946938, 0.00496953632683, 0.00245208945125, 0.00495672505349, 0.00333801889792, 0.00700719002634, 0.00977289956063, 0.00728592975065, 0.00541159883142, 0.00680668372661, 0.015534340404, 0.0225298330188, 0.0204414185137, 0.0231851357967, 0.0214501321316, 0.0279914438725, 0.0110749052837, 0.019030014053, 0.00578926224262, 0.00390449608676, 0.00632331194356, 0.00707374699414, 0.0136628458276, 0.0162139665335, 0.0172596145421, 3.8059564389e-08],
        "mean": [0.00191473320592, 0.0174454636872, 0.000202389201149, 7.55943838158e-05, 0.000136231508804, 7.42062038626e-05, 0.000166656405781, 0.000176392321009, 0.000127675040858, 0.000178906848305, 0.000246538838837, 0.000279180181678, 0.000261734006926, 0.000392644345993, 0.000590519921388, 0.000794564839453, 0.00118338176981, 0.000708669307642, 0.000666514737532, 0.000202478535357, 0.000171492778463, 0.000251396908425, 0.000295437464956, 0.000152159132995, 0.000125028658658, 5.42431771464e-05, 1.00794850244e-09],
        "median": [0.000965333776549, 0.0132230715826, 1.95251905097e-05, 1.38252125907e-05, 6.40074867988e-05, 2.52431382251e-05, 4.3189367716e-05, 3.80009441869e-05, 1.98775960598e-05, 1.33893327074e-05, 4.18597010139e-05, 3.45248627127e-05, 2.37260228459e-05, 4.63253127236e-05, 9.49950117501e-05, 0.000238954962697, 0.000375784584321, 0.000216250147787, 0.000196709384909, 5.74514924665e-05, 3.4464392229e-05, 2.70698619715e-05, 3.27177149302e-05, 2.47744537774e-05, 7.30141437089e-06, 3.31919954988e-06, 2.83361334397e-10],
        "min": [3.68836491629e-24, 7.88502289053e-24, 9.80713928409e-24, 1.35583322383e-23, 1.83806200193e-23, 7.74057062588e-24, 3.81898986923e-23, 1.52878876849e-23, 2.49725784016e-23, 2.42772890215e-23, 4.12058811715e-23, 5.30805254917e-23, 4.42773237278e-23, 8.77903674561e-23, 7.15814909752e-23, 1.09048395493e-22, 1.08737962949e-22, 1.54495694606e-22, 1.35839538094e-22, 1.55035073517e-22, 2.9810859233e-22, 3.7779359069e-22, 4.52028658289e-22, 7.13513657342e-22, 1.02553452487e-21, 1.43675860184e-21, 2.1495818986e-21],
        "var": [5.17779153597e-06, 0.00026905714185, 2.22060236865e-07, 2.23608100924e-08, 5.10744087023e-08, 1.97712974881e-08, 1.43252876228e-07, 1.8089944831e-07, 1.09599142206e-07, 2.19684949343e-07, 3.18727416015e-07, 5.54044333967e-07, 6.17415082615e-07, 1.02217302356e-06, 2.01937950806e-06, 2.40511690208e-06, 3.26074655277e-06, 1.29818397454e-06, 1.38879283895e-06, 1.88494084341e-07, 2.17901956034e-07, 4.30627608239e-07, 5.50605761873e-07, 1.59085388418e-07, 1.30411024202e-07, 7.07010769929e-08, 3.02636186658e-18]
    },
    "erbbands": {
        "dmean": [0.131589263678, 0.465459674597, 0.277571022511, 0.233097866178, 0.20490822196, 0.415734171867, 0.419038057327, 0.513598620892, 1.47331428528, 3.0738055706, 3.15080404282, 2.40643262863, 3.6711127758, 8.14562416077, 9.30320644379, 8.78664779663, 9.34196090698, 13.3099126816, 18.7687473297, 22.2969913483, 29.3692436218, 37.7629318237, 24.9594707489, 23.6963100433, 16.9387302399, 6.44831180573, 5.18842601776, 6.31618356705, 8.63412189484, 9.08357334137, 9.46085834503, 3.31960678101, 2.26890301704, 1.51068818569, 1.06530368328, 0.396843463182, 0.0956283435225, 0.00742540787905, 0.000151324464241, 1.51911772264e-05],
        "dmean2": [0.162401199341, 0.680627167225, 0.468476176262, 0.396009266376, 0.359665960073, 0.689718484879, 0.687125623226, 0.826787948608, 2.36523222923, 5.00311994553, 5.16828250885, 3.98730373383, 5.7613067627, 12.7187662125, 14.9322443008, 13.4550590515, 13.6110363007, 19.3416118622, 28.1476631165, 32.7891845703, 44.1611213684, 57.639705658, 36.7133369446, 33.8115196228, 25.3848056793, 9.22961330414, 7.32194662094, 10.2129449844, 14.1340122223, 14.7746801376, 15.2670631409, 5.05264997482, 3.41604065895, 2.42106080055, 1.74600350857, 0.628881633282, 0.149487674236, 0.0117483902723, 0.000235514118685, 2.26943066082e-05],
        "dvar": [0.063891120255, 1.10646414757, 0.7298822999, 0.322862118483, 0.226741552353, 1.02335715294, 0.706945240498, 1.71885335445, 16.0086688995, 54.8022613525, 81.571975708, 40.6750831604, 91.0894241333, 676.695373535, 317.041015625, 542.966125488, 800.025024414, 1290.84338379, 2200.15771484, 2256.0534668, 3199.6940918, 4357.13769531, 1745.0324707, 1851.57177734, 1303.7043457, 219.705703735, 201.544006348, 275.60055542, 440.601989746, 467.092010498, 517.221618652, 58.310092926, 36.4390869141, 19.7830982208, 7.28324508667, 1.84653365612, 0.187560603023, 0.00855731125921, 1.87068837931e-06, 2.51355247727e-09],
        "dvar2": [0.103771425784, 2.11254382133, 1.94876360893, 0.904527962208, 0.631843864918, 2.65326333046, 1.83343207836, 4.16578102112, 40.364402771, 139.844146729, 214.047805786, 109.51260376, 218.011611938, 1678.07043457, 768.962402344, 1199.19775391, 1785.42590332, 2757.90527344, 4855.91601562, 4929.7578125, 7400.48291016, 9961.21777344, 3991.57836914, 3668.7590332, 2922.7421875, 422.014892578, 324.413787842, 608.045715332, 980.794677734, 1127.17163086, 1266.88061523, 112.557258606, 73.1644287109, 50.4888267517, 17.7282352448, 4.65059375763, 0.411144763231, 0.0216345191002, 4.59521288576e-06, 5.61286661593e-09],
        "max": [3.00923752785, 10.2552900314, 7.90899848938, 6.92061281204, 6.26387119293, 28.1805362701, 20.7939739227, 36.1764755249, 108.188835144, 130.430831909, 222.721588135, 226.461639404, 177.086624146, 447.326873779, 462.105163574, 746.19720459, 1105.67370605, 1073.82409668, 1138.28845215, 1179.25720215, 1211.33081055, 1733.08825684, 714.38873291, 822.078063965, 1155.90515137, 242.507064819, 164.485015869, 171.415115356, 212.854858398, 191.042373657, 233.027236938, 89.416595459, 357.452545166, 231.86958313, 88.063583374, 79.5335922241, 33.4834403992, 7.23528146744, 0.108951508999, 0.00381474965252],
        "mean": [0.943898499012, 2.165371418, 0.470529139042, 0.318525254726, 0.22287607193, 0.532682836056, 0.599849641323, 0.69280821085, 1.70806264877, 3.60956287384, 3.51462244987, 2.81924057007, 4.54216957092, 8.8486661911, 10.7090644836, 10.4659280777, 11.8002786636, 19.0315971375, 25.9152240753, 34.7263679504, 48.5382385254, 65.7652740479, 42.7169456482, 37.9126777649, 25.0673656464, 9.49956130981, 7.07599210739, 7.20898532867, 8.59049987793, 8.68122673035, 8.6425075531, 3.77596497536, 2.37085485458, 1.39267992973, 0.871554136276, 0.354027092457, 0.0838677212596, 0.00625203037634, 0.000144119054312, 4.1158615204e-05],
        "median": [0.725953519344, 1.36003744602, 0.205264732242, 0.0599342361093, 0.102989703417, 0.212031617761, 0.237085208297, 0.242972582579, 0.500161647797, 1.03755223751, 0.829995810986, 0.547892928123, 0.469220370054, 0.860657989979, 2.65775036812, 1.55454003811, 1.31561982632, 2.53776669502, 4.64537620544, 9.38043117523, 16.4948711395, 21.0604000092, 14.8624315262, 13.2582035065, 6.58212089539, 2.96313333511, 1.62421178818, 1.2743332386, 1.00111365318, 0.966151058674, 0.975635945797, 0.668602228165, 0.303724467754, 0.10392639786, 0.044256426394, 0.0206200815737, 0.00494546629488, 0.000289088959107, 2.55421036854e-05, 3.61701640941e-05],
        "min": [1.99014321418e-22, 7.84287329506e-22, 6.77612625313e-21, 2.69513732016e-20, 1.60231912456e-20, 7.00750450321e-20, 1.33117142002e-19, 6.85652206944e-20, 3.28269469525e-19, 3.18861375732e-19, 4.44933472156e-19, 6.90978241962e-19, 5.89451075854e-19, 1.83463117754e-18, 2.15891513578e-18, 2.15941930236e-18, 2.15635707973e-18, 3.51955259038e-18, 5.36211973872e-18, 6.91825450685e-18, 6.52480315336e-18, 6.90702428927e-18, 1.07855385239e-17, 9.94039072127e-18, 7.70805524112e-18, 9.84484474307e-18, 8.68281645548e-18, 1.18691691146e-17, 1.20349410724e-17, 1.61600204769e-17, 1.19237746155e-17, 1.4395546623e-17, 1.25107146813e-17, 9.87971206025e-18, 7.17522354082e-18, 4.41044017217e-18, 2.56019182466e-18, 1.12270381108e-18, 3.24497060643e-19, 2.89493278048e-20],
        "var": [0.786477565765, 5.437915802, 0.682985007763, 0.301683813334, 0.178799062967, 1.12291371822, 0.992978930473, 1.98318624496, 17.1101646423, 64.0994644165, 83.3429641724, 57.8612632751, 128.023132324, 787.923095703, 414.938293457, 819.871459961, 1152.84020996, 2488.26708984, 3632.61181641, 4714.05517578, 7795.50146484, 10013.8505859, 4035.18847656, 3834.39013672, 2452.12915039, 391.459625244, 346.952270508, 373.714233398, 524.950195312, 464.570648193, 496.0362854, 79.6769943237, 56.9537010193, 17.6149902344, 6.55245304108, 1.79485166073, 0.198387414217, 0.00648277206346, 1.53107487222e-06, 3.07277292499e-09]
    },
    "gfcc": {
        "mean": [-75.8063354492, 37.0592041016, -135.074859619, 57.2899742126, -32.8647117615, 28.4496383667, -34.4155578613, 29.4487247467, -5.52973031998, 8.18958187103, -3.42072248459, 12.6155767441, -5.67342567444],
        "cov": [[14678.2519531, 556.752624512, 17.5578479767, 309.055267334, 72.1353530884, 400.258361816, 94.4942398071, 737.036437988, 208.827728271, 431.847473145, 188.974411011, 197.05065918, -305.909698486], [556.752624512, 2908.04931641, 479.535797119, 272.986694336, 696.554992676, -29.3327045441, 454.46206665, 186.22277832, 307.568328857, -65.9444580078, 554.345581055, -93.5510025024, 245.109710693], [17.5578479767, 479.535797119, 2036.43945312, 785.122619629, 333.579040527, 497.197418213, 279.478515625, 38.0534896851, 57.06640625, 147.923980713, 104.630233765, 248.277175903, 125.899002075], [309.055267334, 272.986694336, 785.122619629, 756.09942627, 407.691955566, 173.3644104, 138.165252686, 76.4333724976, 188.659088135, 157.665969849, 127.924545288, 71.9754180908, 122.541320801], [72.1353530884, 696.554992676, 333.579040527, 407.691955566, 671.272277832, 171.146697998, 245.947296143, 147.921829224, 278.195404053, 106.683914185, 206.519287109, 31.7428092957, 144.620925903], [400.258361816, -29.3327045441, 497.197418213, 173.3644104, 171.146697998, 521.91607666, 360.386505127, 114.269561768, 44.1084480286, 80.1350326538, 31.2564220428, 135.472335815, 45.7324256897], [94.4942398071, 454.46206665, 279.478515625, 138.165252686, 245.947296143, 360.386505127, 579.965637207, 239.199356079, 124.665130615, 48.4303474426, 166.157714844, 86.3562469482, 87.1345596313], [737.036437988, 186.22277832, 38.0534896851, 76.4333724976, 147.921829224, 114.269561768, 239.199356079, 282.480255127, 168.473434448, 80.7530822754, 99.5356140137, 39.5908966064, -6.92607736588], [208.827728271, 307.568328857, 57.06640625, 188.659088135, 278.195404053, 44.1084480286, 124.665130615, 168.473434448, 318.747467041, 135.435913086, 121.092430115, -13.9858999252, 54.9461669922], [431.847473145, -65.9444580078, 147.923980713, 157.665969849, 106.683914185, 80.1350326538, 48.4303474426, 80.7530822754, 135.435913086, 223.986206055, 58.160320282, -1.63829684258, -19.9708557129], [188.974411011, 554.345581055, 104.630233765, 127.924545288, 206.519287109, 31.2564220428, 166.157714844, 99.5356140137, 121.092430115, 58.160320282, 252.827178955, 20.3155727386, 40.4219779968], [197.05065918, -93.5510025024, 248.277175903, 71.9754180908, 31.7428092957, 135.472335815, 86.3562469482, 39.5908966064, -13.9858999252, -1.63829684258, 20.3155727386, 169.040924072, 21.0438575745], [-305.909698486, 245.109710693, 125.899002075, 122.541320801, 144.620925903, 45.7324256897, 87.1345596313, -6.92607736588, 54.9461669922, -19.9708557129, 40.4219779968, 21.0438575745, 173.613876343]],
        "icov": [[0.000117907889944, -0.000167019621585, 0.00014794713934, -0.00018746322894, 0.00014203992032, -0.000314514240017, 0.000385862455005, -0.000525322684553, 0.00025163355167, -0.000269841955742, 0.000130787870148, -0.000226620817557, 0.000104836450191], [-0.000167019621585, 0.00136960449163, -0.00081074150512, 0.000896436860785, -0.000887180212885, 0.00104696664494, -0.000971103960183, 0.000674946175423, -0.0005895717768, 0.00150815199595, -0.00212820339948, 0.00172973354347, -0.000649254769087], [0.00014794713934, -0.00081074150512, 0.00165486393962, -0.00171103491448, 0.000742237549275, -0.00140851573087, 0.00074558093911, -0.000290846830467, 0.000688921951223, -0.000971102737822, 0.00100738892797, -0.00177359406371, 0.000430567830335], [-0.00018746322894, 0.000896436860785, -0.00171103491448, 0.00416697561741, -0.00192861701362, 0.00129385839682, -0.000547432573512, 0.000645669642836, -0.000678854936268, -0.000232465346926, -0.00119522213936, 0.00116728560533, -0.00140515808016], [0.00014203992032, -0.000887180212885, 0.000742237549275, -0.00192861701362, 0.00440005445853, -0.00167809519917, 0.000771096500102, -0.000432480883319, -0.00167796819005, -0.000168250029674, -0.000209871985135, -0.000733611173928, -0.000652169634122], [-0.000314514240017, 0.00104696664494, -0.00140851573087, 0.00129385839682, -0.00167809519917, 0.00695631233975, -0.00513300253078, 0.0025416566059, -0.000411317014368, -0.000591132906266, 0.00112454453483, -0.000973394257016, 0.000237260508584], [0.000385862455005, -0.000971103960183, 0.00074558093911, -0.000547432573512, 0.000771096500102, -0.00513300253078, 0.00777817191556, -0.00583941722289, 0.00195691897534, -0.000167935344507, -0.00161661906168, 9.28887020564e-05, -0.00180382688995], [-0.000525322684553, 0.000674946175423, -0.000290846830467, 0.000645669642836, -0.000432480883319, 0.0025416566059, -0.00583941722289, 0.0117660555989, -0.00547965196893, 0.000827096751891, 2.47552379733e-05, -0.00140717672184, 0.00296169705689], [0.00025163355167, -0.0005895717768, 0.000688921951223, -0.000678854936268, -0.00167796819005, -0.000411317014368, 0.00195691897534, -0.00547965196893, 0.00955964624882, -0.00412139110267, 0.000103763042716, 0.000577607832383, -0.00203307974152], [-0.000269841955742, 0.00150815199595, -0.000971102737822, -0.000232465346926, -0.000168250029674, -0.000591132906266, -0.000167935344507, 0.000827096751891, -0.00412139110267, 0.00978423655033, -0.00335423485376, 0.00303973350674, 0.00151909934357], [0.000130787870148, -0.00212820339948, 0.00100738892797, -0.00119522213936, -0.000209871985135, 0.00112454453483, -0.00161661906168, 2.47552379733e-05, 0.000103763042716, -0.00335423485376, 0.0105672534555, -0.00383894587867, 0.00162541517057], [-0.000226620817557, 0.00172973354347, -0.00177359406371, 0.00116728560533, -0.000733611173928, -0.000973394257016, 9.28887020564e-05, -0.00140717672184, 0.000577607832383, 0.00303973350674, -0.00383894587867, 0.0112219620496, -0.00191391760018], [0.000104836450191, -0.000649254769087, 0.000430567830335, -0.00140515808016, -0.000652169634122, 0.000237260508584, -0.00180382688995, 0.00296169705689, -0.00203307974152, 0.00151909934357, 0.00162541517057, -0.00191391760018, 0.00971677992493]]
    },
    "melbands": {
        "dmean": [0.000914091710001, 0.000271244469332, 3.89301931136e-05, 2.05769320019e-05, 1.65681976796e-05, 1.16197952593e-05, 2.46931085712e-05, 3.43272149621e-05, 2.43128633883e-05, 1.55943162099e-05, 1.83036936505e-05, 3.21861698467e-05, 2.84722973447e-05, 3.12417905661e-05, 1.85177159437e-05, 2.25290041271e-05, 2.64650025201e-05, 3.00267256534e-05, 3.4947443055e-05, 3.54117510142e-05, 3.68779546989e-05, 4.30416403105e-05, 3.17474477924e-05, 2.10175949178e-05, 2.03811050596e-05, 1.73147964233e-05, 7.41309031582e-06, 4.0051927499e-06, 3.19967489304e-06, 3.64850302503e-06, 3.83544283977e-06, 4.90368574901e-06, 5.63071944271e-06, 4.80664630231e-06, 6.58279577692e-06, 2.73651767202e-06, 1.8941457256e-06, 1.66712356986e-06, 1.30392993469e-06, 1.27779617287e-06],
        "dmean2": [0.00115252099931, 0.000409714441048, 6.68913271511e-05, 3.46828528563e-05, 2.71853914455e-05, 1.87735367945e-05, 3.94437665818e-05, 5.60974149266e-05, 3.98109841626e-05, 2.60378383246e-05, 2.87720395136e-05, 5.05422067363e-05, 4.55944173154e-05, 5.01360154885e-05, 2.74248905043e-05, 3.39510479535e-05, 3.94470225729e-05, 4.53389584436e-05, 5.34035207238e-05, 5.56719242013e-05, 5.57684616069e-05, 6.6811517172e-05, 4.84838274133e-05, 3.18774000334e-05, 2.95942299999e-05, 2.62262074102e-05, 1.12111947601e-05, 5.93278264205e-06, 4.51244613942e-06, 5.46300407223e-06, 6.33407944406e-06, 8.09657922218e-06, 9.2535146905e-06, 7.79384845373e-06, 1.08397571239e-05, 4.22093080488e-06, 2.82246128336e-06, 2.49723507295e-06, 2.05897481464e-06, 2.05746550819e-06],
        "dvar": [2.97035876429e-06, 4.50385840622e-07, 9.50224254836e-09, 2.16622497717e-09, 1.05306430243e-09, 8.56993864762e-10, 3.96146715431e-09, 6.51029719023e-09, 4.86728390925e-09, 1.69374958503e-09, 2.37243935608e-09, 1.06218003282e-08, 3.03408809188e-09, 5.74457637015e-09, 3.09943692933e-09, 4.40951231084e-09, 5.40813882566e-09, 6.36744346139e-09, 7.66435004351e-09, 5.78690384501e-09, 4.97952612477e-09, 6.32118890564e-09, 2.78251466312e-09, 1.77714065686e-09, 1.41990585956e-09, 1.38337574729e-09, 2.82381201755e-10, 9.45448372369e-11, 7.76365569055e-11, 1.13906835353e-10, 9.07508512782e-11, 1.38060313182e-10, 1.91609533795e-10, 1.46667414325e-10, 2.52213333551e-10, 4.81407622099e-11, 1.853242039e-11, 1.87569456495e-11, 1.14342944835e-11, 1.35229639986e-11],
        "dvar2": [4.63092828795e-06, 9.70298174252e-07, 2.6887528648e-08, 5.69812685924e-09, 2.70653255363e-09, 2.05855887891e-09, 9.96871918346e-09, 1.67603282364e-08, 1.2581699238e-08, 4.53153914393e-09, 5.69121949567e-09, 2.64884327805e-08, 7.2121677519e-09, 1.34751436676e-08, 6.44977049546e-09, 9.05469388357e-09, 1.16086926738e-08, 1.41052316494e-08, 1.7517589157e-08, 1.43510456851e-08, 1.14104974358e-08, 1.49249199666e-08, 6.4724505755e-09, 4.29276258984e-09, 2.83117351785e-09, 3.1314952853e-09, 6.41394659606e-10, 1.83583800939e-10, 1.38540540151e-10, 2.33069480382e-10, 2.06996253471e-10, 3.16503712128e-10, 4.48084430671e-10, 3.52849499619e-10, 6.38453734325e-10, 9.701042053e-11, 3.79678545548e-11, 3.86370796468e-11, 2.33091219937e-11, 3.54147995651e-11],
        "max": [0.0198703166097, 0.00646354444325, 0.00122473854572, 0.0012474427931, 0.000661248050164, 0.000766450481024, 0.00157930783462, 0.00135369715281, 0.00163380091544, 0.00141099200118, 0.000889239949174, 0.00173704465851, 0.00109162728768, 0.00189599115402, 0.00204281951301, 0.00179545430001, 0.00211420236155, 0.00239796517417, 0.00198045396246, 0.00179129349999, 0.00156086951029, 0.00209235469811, 0.00103520951234, 0.000634635216556, 0.000729838036932, 0.00111993518658, 0.000397613999667, 0.000136285903864, 0.000116879709822, 0.000132165499963, 0.000105909864942, 0.000106699910248, 0.000168248545378, 0.000138629780849, 0.000142556236824, 8.30954741105e-05, 4.84209485876e-05, 0.000228196833632, 0.000156840236741, 0.00016912999854],
        "mean": [0.00626662233844, 0.00100590300281, 4.89509257022e-05, 2.51157416642e-05, 2.40059634962e-05, 1.55616289703e-05, 2.86135764327e-05, 4.05120881624e-05, 2.6740202884e-05, 1.78699156095e-05, 2.22215530812e-05, 3.4058070014e-05, 3.26831686834e-05, 3.44336331182e-05, 2.24974901357e-05, 2.86052199954e-05, 3.57509234163e-05, 3.79299526685e-05, 4.76800450997e-05, 5.03505616507e-05, 5.82202010264e-05, 7.01958488207e-05, 5.31493024027e-05, 3.03930919472e-05, 3.1170402508e-05, 2.38100619754e-05, 1.03652018879e-05, 5.34906303074e-06, 4.30917998528e-06, 4.22080847784e-06, 4.19652315031e-06, 4.81981805933e-06, 5.10523523189e-06, 4.7623179853e-06, 5.7154179558e-06, 3.01299382954e-06, 2.07332732316e-06, 1.72214970462e-06, 1.32538468733e-06, 1.123205152e-06],
        "median": [0.00484640756622, 0.000580064079259, 9.70340988715e-06, 1.16316005006e-05, 9.42902624956e-06, 5.22847722095e-06, 7.94655079517e-06, 1.12381385406e-05, 5.44445720152e-06, 2.84957036456e-06, 1.92244033315e-06, 2.1072612526e-06, 7.22301638234e-06, 5.66351582165e-06, 1.93030473383e-06, 2.69422753263e-06, 3.89134811485e-06, 4.81886991111e-06, 8.31911256682e-06, 1.30365706354e-05, 1.79204034794e-05, 2.05482774618e-05, 1.67928519659e-05, 8.83484244696e-06, 1.01904461189e-05, 5.04180161442e-06, 2.56617090599e-06, 1.41674956922e-06, 9.50279911649e-07, 7.21063884157e-07, 6.92246374001e-07, 5.61014360301e-07, 4.51749116337e-07, 5.08254629494e-07, 5.61910610486e-07, 4.56856497522e-07, 3.70800705696e-07, 2.35715916119e-07, 1.23287890119e-07, 7.11150462962e-08],
        "min": [2.52508538191e-24, 2.6819269043e-24, 5.89147908632e-24, 2.06812133369e-24, 7.18252647722e-24, 1.3947561731e-24, 5.99965479339e-24, 2.74542330463e-24, 4.04493241204e-24, 4.05069227994e-24, 3.07906847462e-24, 6.92699549735e-24, 4.77767138588e-24, 5.5248622915e-24, 4.39384164611e-24, 5.33703608769e-24, 6.25078669041e-24, 6.21096262533e-24, 5.8302587469e-24, 9.64464971483e-24, 6.39317411165e-24, 5.87588882825e-24, 6.64876820039e-24, 7.09195341238e-24, 7.19956745049e-24, 5.44563383535e-24, 6.72348042786e-24, 6.67648561715e-24, 3.94967942988e-24, 7.18929411492e-24, 7.02848008623e-24, 6.34566811908e-24, 6.44775658098e-24, 9.42839454172e-24, 6.55028917156e-24, 6.29586023038e-24, 8.01009126503e-24, 8.69256875516e-24, 7.90782807044e-24, 8.275949223e-24],
        "var": [3.41505365213e-05, 1.37564893521e-06, 7.83717624131e-09, 2.19030860116e-09, 1.5328232017e-09, 1.00589070406e-09, 4.34346736355e-09, 7.60219087681e-09, 5.1580473226e-09, 2.38310460254e-09, 3.29978089297e-09, 1.20935723658e-08, 4.02876043637e-09, 7.24158111254e-09, 4.98049734787e-09, 7.14769798904e-09, 9.7141290567e-09, 9.25234022731e-09, 1.38520510617e-08, 9.62033563923e-09, 1.25557066966e-08, 1.31018449423e-08, 6.61599175444e-09, 2.77762990386e-09, 2.85398993327e-09, 2.41658781874e-09, 4.98662500181e-10, 1.52672929854e-10, 1.27770932723e-10, 1.53999146768e-10, 1.18994411547e-10, 1.61264696041e-10, 1.9628688952e-10, 1.48315609794e-10, 2.22509094483e-10, 6.2248359245e-11, 2.39610102593e-11, 2.69253768587e-11, 1.85806231512e-11, 1.09784776756e-11]
    },
    "mfcc": {
        "mean": [-710.762145996, 61.4855079651, -21.2684192657, 33.3461532593, 28.2287349701, 8.93413448334, 1.30897581577, 22.4373397827, 6.23424625397, 10.3290920258, 5.73139667511, 12.5995330811, 12.6486339569],
        "cov": [[11766.3496094, 647.839538574, -648.380004883, 83.1959381104, 112.814750671, -109.189758301, 108.224342346, 358.918182373, 9.06473350525, 365.273162842, 665.189575195, 148.266876221, -230.608169556], [647.839538574, 2359.58032227, 55.2023048401, 366.427978516, 360.421417236, 8.2079668045, 345.814605713, 229.457168579, -5.09955263138, 198.461608887, 164.864196777, 174.785629272, -28.3792972565], [-648.380004883, 55.2023048401, 1614.04748535, 442.989837646, 250.398742676, 489.2137146, 280.821044922, 147.860870361, 105.306526184, -36.5474967957, -53.1781730652, 21.2434597015, 246.651382446], [83.1959381104, 366.427978516, 442.989837646, 740.782714844, 430.149688721, 164.737792969, 98.7154769897, 53.9098587036, 96.2095947266, 147.578338623, 31.4374408722, 124.428993225, 199.744049072], [112.814750671, 360.421417236, 250.398742676, 430.149688721, 527.019592285, 175.524078369, 14.2544898987, 29.9811706543, 73.9690551758, 134.687469482, 38.8926200867, 73.172454834, 120.709060669], [-109.189758301, 8.2079668045, 489.2137146, 164.737792969, 175.524078369, 432.535369873, 232.815383911, 123.58102417, 151.347976685, 48.392074585, 31.3488616943, 54.633190155, 121.640441895], [108.224342346, 345.814605713, 280.821044922, 98.7154769897, 14.2544898987, 232.815383911, 426.194824219, 231.221313477, 105.806655884, 72.0736160278, 105.42023468, 93.4485321045, 77.1171188354], [358.918182373, 229.457168579, 147.860870361, 53.9098587036, 29.9811706543, 123.58102417, 231.221313477, 362.021759033, 135.93347168, 45.14012146, 104.749603271, 88.2261581421, 58.2797546387], [9.06473350525, -5.09955263138, 105.306526184, 96.2095947266, 73.9690551758, 151.347976685, 105.806655884, 135.93347168, 259.879547119, 124.846687317, 42.3615875244, 54.7822723389, 91.7684555054], [365.273162842, 198.461608887, -36.5474967957, 147.578338623, 134.687469482, 48.392074585, 72.0736160278, 45.14012146, 124.846687317, 245.108505249, 129.71673584, 74.1752471924, 46.5911064148], [665.189575195, 164.864196777, -53.1781730652, 31.4374408722, 38.8926200867, 31.3488616943, 105.42023468, 104.749603271, 42.3615875244, 129.71673584, 298.087738037, 134.14932251, -0.831402301788], [148.266876221, 174.785629272, 21.2434597015, 124.428993225, 73.172454834, 54.633190155, 93.4485321045, 88.2261581421, 54.7822723389, 74.1752471924, 134.14932251, 202.18951416, 98.9337844849], [-230.608169556, -28.3792972565, 246.651382446, 199.744049072, 120.709060669, 121.640441895, 77.1171188354, 58.2797546387, 91.7684555054, 46.5911064148, -0.831402301788, 98.9337844849, 248.974090576]],
