{
"lowlevel": {
    "average_loudness": 0.972761631012,
    "barkbands_crest": {
        "dmean": 3.34822964668,
        "dmean2": 5.50062131882,
        "dvar": 8.62858295441,
        "dvar2": 21.123041153,
        "max": 25.841545105,
        "mean": 10.2356481552,
        "median": 8.77878475189,
        "min": 2.36419725418,
        "var": 26.5018062592
    },
    "barkbands_flatness_db": {
        "dmean": 0.0273308958858,
        "dmean2": 0.0411242060363,
        "dvar": 0.000623998406809,
        "dvar2": 0.00139102444518,
        "max": 0.485686957836,
        "mean": 0.150901824236,
        "median": 0.141326129436,
        "min": 0.0309337377548,
        "var": 0.00314644514583
    },
    "barkbands_kurtosis": {
        "dmean": 4.9198975563,
        "dmean2": 7.71566104889,
        "dvar": 155.726104736,
        "dvar2": 381.163818359,
        "max": 250.449737549,
        "mean": 4.60452842712,
        "median": -0.208193063736,
        "min": -1.94403541088,
        "var": 231.87802124
    },
    "barkbands_skewness": {
        "dmean": 0.857147753239,
        "dmean2": 1.25384473801,
        "dvar": 0.843584895134,
        "dvar2": 1.79410076141,
        "max": 14.2269630432,
        "mean": 1.22047591209,
        "median": 0.814516484737,
        "min": -5.70275211334,
        "var": 3.46808695793
    },
    "barkbands_spread": {
        "dmean": 9.22070503235,
        "dmean2": 14.0707092285,
        "dvar": 88.4038085938,
        "dvar2": 194.801025391,
        "max": 117.099555969,
        "mean": 29.8262500763,
        "median": 28.1801052094,
        "min": 0.352116733789,
        "var": 274.96194458
    },
    "dissonance": {
        "dmean": 0.0133423171937,
        "dmean2": 0.0219599772245,
        "dvar": 0.000208009456401,
        "dvar2": 0.000533146143425,
        "max": 0.5,
        "mean": 0.477755427361,
        "median": 0.483307957649,
        "min": 0.314956605434,
        "var": 0.000375271803932
    },
    "dynamic_complexity": 2.06548309326,
    "erbbands_crest": {
        "dmean": 2.84801983833,
        "dmean2": 4.66404533386,
        "dvar": 7.01717662811,
        "dvar2": 17.2179336548,
        "max": 31.0720748901,
        "mean": 8.51163482666,
        "median": 7.75217914581,
        "min": 2.24363136292,
        "var": 13.1805782318
    },
    "erbbands_flatness_db": {
        "dmean": 0.0239789467305,
        "dmean2": 0.0341244749725,
        "dvar": 0.000481792143546,
        "dvar2": 0.000915194686968,
        "max": 0.418358802795,
        "mean": 0.181188717484,
        "median": 0.179745897651,
        "min": 0.0509359799325,
        "var": 0.00206737499684
    },
    "erbbands_kurtosis": {
        "dmean": 1.59505689144,
        "dmean2": 2.55127358437,
        "dvar": 6.39085626602,
        "dvar2": 14.8234004974,
        "max": 37.7154846191,
        "mean": 0.914422512054,
        "median": -0.0134609937668,
        "min": -1.85783839226,
        "var": 9.7803144455
    },
    "erbbands_skewness": {
        "dmean": 0.51530110836,
        "dmean2": 0.77493429184,
        "dvar": 0.232145309448,
        "dvar2": 0.504040896893,
        "max": 4.34418964386,
        "mean": -0.667211413383,
        "median": -0.62332212925,
        "min": -5.65484142303,
        "var": 0.782789945602
    },
    "erbbands_spread": {
        "dmean": 11.7112636566,
        "dmean2": 17.5420036316,
        "dvar": 141.020309448,
        "dvar2": 301.677062988,
        "max": 160.397994995,
        "mean": 39.3392524719,
        "median": 35.9097290039,
        "min": 2.34207749367,
        "var": 444.532073975
    },
    "hfc": {
        "dmean": 10.9598207474,
        "dmean2": 16.2533397675,
        "dvar": 207.354614258,
        "dvar2": 464.670379639,
        "max": 203.224807739,
        "mean": 24.735994339,
        "median": 20.6605491638,
        "min": 1.24335741334e-16,
        "var": 423.064178467
    },
    "melbands_crest": {
        "dmean": 4.03330087662,
        "dmean2": 6.46502161026,
        "dvar": 11.268819809,
        "dvar2": 27.2918796539,
        "max": 34.0408401489,
        "mean": 14.1059942245,
        "median": 13.2485046387,
        "min": 1.78450918198,
        "var": 34.6875610352
    },
    "melbands_flatness_db": {
        "dmean": 0.0349734947085,
        "dmean2": 0.0509999990463,
        "dvar": 0.000980550306849,
        "dvar2": 0.00203508441336,
        "max": 0.619423627853,
        "mean": 0.199365034699,
        "median": 0.184718310833,
        "min": 0.00574867473915,
        "var": 0.00667820451781
    },
    "melbands_kurtosis": {
        "dmean": 13.4278612137,
        "dmean2": 20.5588035583,
        "dvar": 787.80078125,
        "dvar2": 1819.80541992,
        "max": 453.624389648,
        "mean": 18.2850627899,
        "median": 4.38638782501,
        "min": -1.92782831192,
        "var": 1471.51220703
    },
    "melbands_skewness": {
        "dmean": 1.16969513893,
        "dmean2": 1.70177745819,
        "dvar": 1.57124650478,
        "dvar2": 3.2192671299,
        "max": 18.5869121552,
        "mean": 2.84408283234,
        "median": 2.14535498619,
        "min": -3.67880487442,
        "var": 6.5463719368
    },
    "melbands_spread": {
        "dmean": 14.9094896317,
        "dmean2": 23.1659927368,
        "dvar": 388.872833252,
        "dvar2": 835.432556152,
        "max": 304.009033203,
        "mean": 38.6753501892,
        "median": 33.2965202332,
        "min": 0.351447731256,
        "var": 1007.7243042
    },
    "pitch_salience": {
        "dmean": 0.0978891700506,
        "dmean2": 0.153710797429,
        "dvar": 0.00652405107394,
        "dvar2": 0.0159226711839,
        "max": 0.992809832096,
        "mean": 0.539746522903,
        "median": 0.565046370029,
        "min": 0.0573814474046,
        "var": 0.0203157216311
    },
    "silence_rate_20dB": {
        "dmean": 0,
        "dmean2": 0,
        "dvar": 0,
        "dvar2": 0,
        "max": 1,
        "mean": 1,
        "median": 1,
        "min": 1,
        "var": 0
    },
    "silence_rate_30dB": {
        "dmean": 0,
        "dmean2": 0,
        "dvar": 0,
        "dvar2": 0,
        "max": 1,
        "mean": 1,
        "median": 1,
        "min": 1,
        "var": 0
    },
    "silence_rate_60dB": {
        "dmean": 0.0270393714309,
        "dmean2": 0.0540836825967,
        "dvar": 0.026309389621,
        "dvar2": 0.0663267895579,
        "max": 1,
        "mean": 0.0270369015634,
        "median": 0,
        "min": 0,
        "var": 0.0263072401285
    },
    "spectral_centroid": {
        "dmean": 390.845855713,
        "dmean2": 589.797119141,
        "dvar": 152835.34375,
        "dvar2": 322798.21875,
        "max": 11779.8388672,
        "mean": 1968.83178711,
        "median": 2000.49047852,
        "min": 114.601959229,
        "var": 550254.125
    },
    "spectral_complexity": {
        "dmean": 5.15721225739,
        "dmean2": 7.49607181549,
        "dvar": 24.1799297333,
        "dvar2": 48.5818748474,
        "max": 58,
        "mean": 20.0803794861,
        "median": 20,
        "min": 0,
        "var": 98.9857406616
    },
    "spectral_decrease": {
        "dmean": 2.64285282547e-09,
        "dmean2": 4.0410856883e-09,
        "dvar": 7.97765821816e-18,
        "dvar2": 1.89939577991e-17,
        "max": 1.29728546605e-28,
        "mean": -6.54520615484e-09,
        "median": -5.0817052788e-09,
        "min": -3.14322434747e-08,
        "var": 2.63634041749e-17
    },
    "spectral_energy": {
        "dmean": 0.0106247793883,
        "dmean2": 0.0162273049355,
        "dvar": 0.000120112410514,
        "dvar2": 0.00028270779876,
        "max": 0.121366366744,
        "mean": 0.0269468035549,
        "median": 0.021945245564,
        "min": 1.07879877669e-20,
        "var": 0.000395934592234
    },
    "spectral_energyband_high": {
        "dmean": 0.000757114437874,
        "dmean2": 0.00117257295642,
        "dvar": 2.96150847134e-06,
        "dvar2": 6.77963225826e-06,
        "max": 0.026903912425,
        "mean": 0.00104121642653,
        "median": 0.000294810422929,
        "min": 7.94200339919e-21,
        "var": 4.49092112831e-06
    },
    "spectral_energyband_low": {
        "dmean": 0.0067888381891,
        "dmean2": 0.0100252386183,
        "dvar": 9.16347416933e-05,
        "dvar2": 0.000210249927477,
        "max": 0.114196151495,
        "mean": 0.0131094297394,
        "median": 0.00429929746315,
        "min": 4.35869031972e-23,
        "var": 0.000307949900161
    },
    "spectral_energyband_middle_high": {
        "dmean": 0.00319067528471,
        "dmean2": 0.00440909946337,
        "dvar": 1.45600870383e-05,
        "dvar2": 2.78023435385e-05,
        "max": 0.0499440543354,
        "mean": 0.00689637055621,
        "median": 0.00458864960819,
        "min": 1.40150416817e-21,
        "var": 4.46275589638e-05
    },
    "spectral_energyband_middle_low": {
        "dmean": 0.004387404304,
        "dmean2": 0.00701837800443,
        "dvar": 3.71282294509e-05,
        "dvar2": 9.16920835152e-05,
        "max": 0.0751286521554,
        "mean": 0.0070454091765,
        "median": 0.00486712530255,
        "min": 1.70351874532e-22,
        "var": 4.67097997898e-05
    },
    "spectral_entropy": {
        "dmean": 0.19941624999,
        "dmean2": 0.278355240822,
        "dvar": 0.0352154821157,
        "dvar2": 0.0685844197869,
        "max": 9.78957557678,
        "mean": 7.59002923965,
        "median": 7.58295536041,
        "min": 5.32762479782,
        "var": 0.149551302195
    },
    "spectral_flux": {
        "dmean": 0.0280665699393,
        "dmean2": 0.0452663116157,
        "dvar": 0.000689528882504,
        "dvar2": 0.00165310443845,
        "max": 0.275140672922,
        "mean": 0.103286243975,
        "median": 0.100157476962,
        "min": 1.03865235856e-10,
        "var": 0.00171409070026
    },
    "spectral_kurtosis": {
        "dmean": 2.44340062141,
        "dmean2": 3.96875858307,
        "dvar": 7.48235607147,
        "dvar2": 19.9947891235,
        "max": 45.4002914429,
        "mean": 4.72136354446,
        "median": 3.79109835625,
        "min": -1.22279787064,
        "var": 16.5847148895
    },
    "spectral_rms": {
        "dmean": 0.00103032088373,
        "dmean2": 0.00154011358973,
        "dvar": 8.73301530646e-07,
        "dvar2": 1.90693958757e-06,
        "max": 0.0108814621344,
        "mean": 0.00477298069745,
        "median": 0.00462709367275,
        "min": 3.24420503482e-12,
        "var": 3.50818118022e-06
    },
    "spectral_rolloff": {
        "dmean": 774.225891113,
        "dmean2": 1258.90478516,
        "dvar": 1373955.5,
        "dvar2": 2751474,
        "max": 19035.3515625,
        "mean": 2244.1496582,
        "median": 2304.05273438,
        "min": 64.599609375,
        "var": 3559066
    },
    "spectral_skewness": {
        "dmean": 0.326364308596,
        "dmean2": 0.507213294506,
        "dvar": 0.0858498215675,
        "dvar2": 0.214105397463,
        "max": 5.21305513382,
        "mean": 1.1859010458,
        "median": 1.17083024979,
        "min": -0.387898415327,
        "var": 0.306064367294
    },
    "spectral_spread": {
        "dmean": 654609,
        "dmean2": 891600.0625,
        "dvar": 817569529856,
        "dvar2": 1.1864875991e+12,
        "max": 41464540,
        "mean": 3633435.25,
        "median": 3265883,
        "min": 815551.9375,
        "var": 2.67648814285e+12
    },
    "spectral_strongpeak": {
        "dmean": 0.669272661209,
        "dmean2": 1.13984251022,
        "dvar": 1.33460843563,
        "dvar2": 3.42726159096,
        "max": 15.154132843,
        "mean": 0.865667641163,
        "median": 0.428618371487,
        "min": 0,
        "var": 1.5622344017
    },
    "zerocrossingrate": {
        "dmean": 0.014951611869,
        "dmean2": 0.0163679495454,
        "dvar": 0.000346721761161,
        "dvar2": 0.000371875794372,
        "max": 0.51171875,
        "mean": 0.0722425654531,
        "median": 0.06591796875,
        "min": 0.0029296875,
        "var": 0.00208878074773
    },
    "barkbands": {
        "dmean": [0.000108946784167, 0.00580250285566, 0.00203080056235, 0.00167261413299, 0.00192843412515, 0.000555861741304, 0.000622794730589, 0.000960300967563, 0.000543420668691, 0.000421494420152, 0.00027153964038, 0.000328898517182, 0.000429793668445, 0.000446020771051, 0.000643625389785, 0.000541218207218, 0.000755796791054, 0.000595780205913, 0.000457566929981, 0.000272908568149, 0.000212445127545, 0.000175628752913, 0.000150266336277, 0.000170759944012, 5.46720293642e-05, 7.67704386817e-06, 4.33246754028e-07],
        "dmean2": [0.000154364272021, 0.0088711893186, 0.00324397487566, 0.00279187038541, 0.00344994803891, 0.00091411190806, 0.00101283926051, 0.00153750507161, 0.000860495201778, 0.000635819742456, 0.000418375828303, 0.000517287349794, 0.000679617805872, 0.000699575117324, 0.000998351722956, 0.000847645860631, 0.001161349006, 0.000908429909032, 0.000700092932675, 0.000432622589869, 0.00032436667243, 0.000291580712656, 0.000233708735323, 0.000267083349172, 8.16190513433e-05, 1.14635258797e-05, 6.95421590535e-07],
        "dvar": [6.51420819509e-08, 8.97220161278e-05, 1.26954028019e-05, 8.07667311165e-06, 1.76641588041e-05, 1.22354731502e-06, 2.43260274146e-06, 4.10046550314e-06, 1.95875713871e-06, 1.28526858134e-06, 6.48703121442e-07, 9.86133045444e-07, 1.28834915358e-06, 8.3816996721e-07, 1.74824333499e-06, 1.24630719256e-06, 1.45446472288e-06, 1.15639181786e-06, 8.06231525985e-07, 4.95351514473e-07, 2.31511506854e-07, 1.92137733279e-07, 1.46259594658e-07, 7.6509917335e-07, 7.6613915212e-08, 8.62678539715e-10, 1.17058029936e-11],
        "dvar2": [1.30871512738e-07, 0.000210126294405, 3.15280267387e-05, 2.03151194e-05, 5.006848005e-05, 3.00327815239e-06, 5.80117284699e-06, 9.6941139418e-06, 4.5580677579e-06, 2.91420542453e-06, 1.39244616548e-06, 2.23000529331e-06, 3.04788954963e-06, 2.00911495085e-06, 4.00577982873e-06, 2.91264177577e-06, 3.37462029165e-06, 2.62176308752e-06, 2.00876797862e-06, 1.24901066556e-06, 5.59459465421e-07, 5.03541741637e-07, 3.28687633555e-07, 1.74780382167e-06, 1.67619276681e-07, 1.96204785752e-09, 2.43071725942e-11],
        "max": [0.00666374480352, 0.0976715236902, 0.0482769533992, 0.0430538915098, 0.0392354726791, 0.0241084508598, 0.0481198690832, 0.0351309515536, 0.0299895703793, 0.0276605151594, 0.0228313487023, 0.0303169991821, 0.0267429593951, 0.0192282050848, 0.0160571560264, 0.0215923879296, 0.0191712323576, 0.0164681300521, 0.0276964176446, 0.0277699902654, 0.0108206868172, 0.00963606126606, 0.0141161726788, 0.0211532823741, 0.00861862953752, 0.00143151613884, 0.000231675279792],
        "mean": [0.000155391491717, 0.00913806539029, 0.00277883629315, 0.00173226965126, 0.00193270866293, 0.000754354288802, 0.000732531829271, 0.00103781896178, 0.00067084049806, 0.000539885659236, 0.000342182232998, 0.000379116827389, 0.000530273013283, 0.000580972235184, 0.000859385938384, 0.000733173626941, 0.00116087123752, 0.000911269278731, 0.000681285862811, 0.000401568657253, 0.000272746721748, 0.000197040368221, 0.000165448509506, 0.00018812988128, 6.069938172e-05, 9.46517502598e-06, 4.4589717163e-07],
        "median": [1.58350248967e-05, 0.00188890029676, 0.00100947963074, 0.000707273022272, 0.000898467376828, 0.000315261539072, 0.000142703880556, 0.000205005693715, 0.000131690307171, 0.000119497002743, 8.55693651829e-05, 8.24967719382e-05, 0.000111931498395, 0.000162319280207, 0.000227438809816, 0.000263462774456, 0.000519999768585, 0.000364783918485, 0.000318033591611, 0.000166241035913, 5.3180843679e-05, 4.22201119363e-05, 2.998526179e-05, 2.23504848691e-05, 5.18932392879e-06, 1.53246242007e-06, 2.75347549206e-08],
        "min": [4.82321232594e-24, 2.26220695157e-23, 1.15604394439e-23, 1.17435727142e-23, 2.7931879647e-23, 2.57012287093e-23, 3.09160079228e-23, 4.1615120121e-23, 1.9232249009e-23, 3.86857861237e-23, 6.74779690749e-23, 5.25042089579e-23, 9.57149990527e-23, 1.05719036441e-22, 9.58772456528e-23, 1.50002847761e-22, 2.10773662673e-22, 2.14155414711e-22, 2.81739034349e-22, 2.72320943908e-22, 4.30136240934e-22, 4.89880956068e-22, 6.02302142138e-22, 1.02991680497e-21, 1.22533610422e-21, 2.00739629638e-21, 2.31411369621e-21],
        "var": [1.3302816626e-07, 0.000216778178583, 1.80430215551e-05, 7.46703199184e-06, 1.20571121442e-05, 1.72445481894e-06, 3.15915121973e-06, 4.8782317208e-06, 2.77016738437e-06, 1.86257693713e-06, 1.04253240352e-06, 1.27699604491e-06, 1.74522062935e-06, 1.26613474549e-06, 2.76357786788e-06, 1.81854227321e-06, 2.62324942923e-06, 2.09186032407e-06, 1.09295990569e-06, 5.79242794174e-07, 3.00633473671e-07, 2.04631035672e-07, 1.92679550537e-07, 9.37213769703e-07, 1.03856237388e-07, 1.23740651059e-09, 1.53362426925e-11]
    },
    "erbbands": {
        "dmean": [0.169286027551, 1.39450192451, 2.00847458839, 4.65746355057, 7.20043945312, 5.45966768265, 4.24906206131, 4.82818222046, 6.86854219437, 14.608335495, 20.4190158844, 11.817032814, 11.5600624084, 11.3945407867, 11.0608825684, 13.3932409286, 17.5084781647, 22.0919952393, 28.5011367798, 30.5664386749, 28.6514492035, 39.937335968, 33.7988014221, 22.5892066956, 22.2493114471, 12.3682813644, 7.5872335434, 8.02571105957, 6.28096103668, 5.94381952286, 3.8414876461, 3.64365696907, 2.75016760826, 0.926481723785, 0.249213278294, 0.0550192147493, 0.0108918454498, 0.00149715016596, 6.8363668106e-05, 1.51814901983e-05],
        "dmean2": [0.255519896746, 2.13960838318, 3.20055937767, 7.59558916092, 12.7106161118, 9.75532150269, 7.20971059799, 7.86500835419, 11.1011476517, 23.2741947174, 32.5442733765, 18.4288768768, 17.3775405884, 16.8437480927, 16.8328781128, 20.6353759766, 27.0051937103, 33.8894844055, 43.9171562195, 46.3023796082, 44.059715271, 60.6918678284, 51.225025177, 33.5570449829, 34.0096817017, 19.4903717041, 11.7477006912, 12.6397018433, 10.3026971817, 9.43737697601, 6.13462018967, 5.85853004456, 4.2704911232, 1.40772771835, 0.367103397846, 0.0825062766671, 0.0161657799035, 0.00225557223894, 0.000107717693027, 2.31924223044e-05],
        "dvar": [0.0894863754511, 5.17062854767, 12.4857320786, 60.4909439087, 237.168609619, 138.542358398, 46.4442520142, 132.258224487, 438.139953613, 1254.09606934, 1854.56652832, 930.787719727, 1015.05133057, 1149.81750488, 1086.47192383, 1622.87573242, 2166.23583984, 2185.02612305, 3335.42749023, 4259.88964844, 2559.72558594, 4168.30371094, 3288.20581055, 1903.40673828, 2530.76757812, 1364.71728516, 350.336730957, 338.811218262, 235.517700195, 209.433959961, 119.383361816, 335.798522949, 258.755859375, 23.7587127686, 1.45501303673, 0.0513206757605, 0.0017529129982, 4.27362465416e-05, 3.79402933959e-07, 8.32780344684e-10],
        "dvar2": [0.210486128926, 11.8822154999, 31.5765724182, 155.561065674, 647.184020996, 390.16317749, 124.49269104, 316.283691406, 1079.10473633, 2898.03930664, 4453.76708984, 2129.70458984, 2338.10668945, 2571.78173828, 2332.32202148, 3619.10327148, 4988.39160156, 5126.63134766, 7796.71826172, 9728.88964844, 5896.19238281, 9499.54785156, 7679.43212891, 4500.14013672, 6339.38183594, 3565.11303711, 913.770263672, 840.845397949, 606.346679688, 515.977539062, 267.950286865, 832.19744873, 611.032409668, 53.0479164124, 3.22725343704, 0.117451891303, 0.00395044730976, 9.73272399278e-05, 7.66985124301e-07, 1.5827085198e-09],
        "max": [2.68790459633, 24.9856815338, 60.9898605347, 86.1955490112, 167.577163696, 145.110107422, 155.97253418, 261.637939453, 867.388916016, 536.721008301, 698.527587891, 707.873413086, 796.191345215, 1308.81726074, 1042.2121582, 1098.85620117, 1161.63122559, 878.862609863, 963.16998291, 990.67401123, 916.450866699, 1270.53076172, 755.310058594, 1061.6751709, 2003.51818848, 1652.15808105, 577.329162598, 399.696044922, 296.797485352, 250.359069824, 458.61239624, 530.979309082, 472.181671143, 130.655731201, 40.951713562, 9.50078868866, 2.16923117638, 0.223596081138, 0.0451966039836, 0.00221739755943],
        "mean": [0.240643933415, 2.10241818428, 3.17429184914, 5.52482652664, 6.66516065598, 5.44877290726, 5.60450029373, 6.4918961525, 8.98430252075, 16.4519119263, 23.1340770721, 15.210146904, 15.3165073395, 15.3271083832, 14.5798377991, 16.4293670654, 23.0416755676, 30.711730957, 39.3863677979, 42.7751502991, 43.8392105103, 64.4739608765, 55.3641357422, 36.760471344, 32.6836853027, 18.9672966003, 11.0008230209, 10.0499296188, 7.29669237137, 6.42813682556, 4.18678808212, 3.94190263748, 2.94261622429, 1.01523959637, 0.280460476875, 0.0658835247159, 0.0135641265661, 0.00183321931399, 8.62296365085e-05, 3.69648041669e-05],
        "median": [0.0455464348197, 0.463356763124, 1.11305809021, 2.44654035568, 2.67461395264, 2.34764122963, 2.95793056488, 2.39711141586, 2.14240837097, 4.01259040833, 4.92135477066, 3.85600996017, 3.78464221954, 3.80484437943, 4.18057012558, 3.79151296616, 5.49709892273, 8.75431728363, 10.9669189453, 13.4787960052, 19.2391777039, 29.4114990234, 24.4685134888, 18.4171791077, 14.0994358063, 8.26212501526, 3.46348524094, 1.79162549973, 1.55600750446, 1.15622854233, 0.78810852766, 0.548279345036, 0.279746115208, 0.0861442908645, 0.0259910076857, 0.00883843563497, 0.00235649081878, 0.000243255184614, 2.6205640097e-05, 3.1017629226e-05],
        "min": [4.53049305461e-22, 5.70359894335e-21, 1.43817951072e-20, 3.0155599476e-20, 5.17528684483e-20, 7.39013434389e-20, 1.35842146359e-19, 2.89043427504e-19, 3.56623721658e-19, 1.10098080743e-18, 4.46305609696e-19, 4.07025904333e-19, 9.93474211166e-19, 1.68210879196e-18, 2.84219713423e-18, 2.77523355492e-18, 4.74764572555e-18, 5.06134859619e-18, 5.51231299049e-18, 5.64634313309e-18, 8.48635692409e-18, 1.15248402954e-17, 1.33917240722e-17, 1.75159068128e-17, 9.12715802821e-18, 1.37042494512e-17, 1.81149659017e-17, 1.40515453673e-17, 1.74779855448e-17, 2.32406981009e-17, 1.33669582846e-17, 1.68737433423e-17, 1.94739161146e-17, 1.36071268668e-17, 8.93397495923e-18, 7.43407647863e-18, 3.63105695054e-18, 1.29658493066e-18, 3.6840752987e-19, 3.39200532073e-20],
        "var": [0.182814121246, 11.8956823349, 23.0993041992, 63.2258415222, 166.841247559, 102.726745605, 58.5742950439, 181.698989868, 601.520446777, 1527.72399902, 2292.04638672, 1338.60009766, 1411.0958252, 1837.14819336, 1665.91796875, 2220.51513672, 3102.36035156, 3432.2980957, 5400.81933594, 6640.3359375, 4212.90820312, 7813.37060547, 6275.52050781, 3123.53051758, 3111.40234375, 1389.07019043, 424.948303223, 431.236297607, 265.743103027, 232.343231201, 158.696517944, 359.288330078, 302.794219971, 31.2986068726, 1.91368341446, 0.0698615908623, 0.00262598856352, 6.18427075096e-05, 4.74589398891e-07, 1.47973944209e-09]
    },
    "gfcc": {
        "mean": [-13.4060869217, 98.2484588623, -137.802047729, 59.0882873535, -42.5956268311, 9.329454422, -34.8284912109, 10.4305467606, -14.5380630493, -5.80339288712, -11.5116844177, -6.13083028793, -10.9484863281],
        "cov": [[3455.1184082, -855.554870605, -117.974708557, 1.15928661823, -383.212249756, 311.296691895, -450.842254639, 320.892211914, -51.8826789856, 75.8202056885, -114.974639893, 4.64197540283, -168.891860962], [-855.554870605, 1482.49438477, -227.399932861, -109.506500244, 482.247314453, -270.252563477, 412.902496338, -110.215194702, 156.095214844, -87.1810150146, 168.547271729, -67.1233291626, 76.2119522095], [-117.974708557, -227.399932861, 952.425415039, 267.20513916, 51.8023529053, 239.282318115, -50.0700378418, 81.8346176147, -74.4177322388, 92.8383331299, 1.37333226204, 14.3957595825, 42.6499023438], [1.15928661823, -109.506500244, 267.20513916, 683.405578613, -75.6357116699, -26.8431930542, 36.7669487, -182.32434082, 50.6063079834, -27.8713722229, 3.38772964478, -63.4496879578, 103.228736877], [-383.212249756, 482.247314453, 51.8023529053, -75.6357116699, 628.531188965, 15.5733890533, 98.1908721924, 97.4206771851, 88.6567382812, -8.02186107635, 2.64015340805, 28.6568775177, 4.62547063828], [311.296691895, -270.252563477, 239.282318115, -26.8431930542, 15.5733890533, 342.460998535, -14.8411254883, 101.167686462, -18.2482452393, 30.0627822876, -17.7595787048, 40.995716095, -28.1063423157], [-450.842254639, 412.902496338, -50.0700378418, 36.7669487, 98.1908721924, -14.8411254883, 396.887634277, -72.5005722046, 42.5572357178, -31.010931015, 56.7831993103, 9.88099193573, 23.4445972443], [320.892211914, -110.215194702, 81.8346176147, -182.32434082, 97.4206771851, 101.167686462, -72.5005722046, 298.386444092, 13.2715597153, 49.8163299561, 17.202589035, 22.2583847046, -37.8525085449], [-51.8826789856, 156.095214844, -74.4177322388, 50.6063079834, 88.6567382812, -18.2482452393, 42.5572357178, 13.2715597153, 187.723342896, 1.68252539635, 18.2867298126, -12.6335201263, 2.09249401093], [75.8202056885, -87.1810150146, 92.8383331299, -27.8713722229, -8.02186107635, 30.0627822876, -31.010931015, 49.8163299561, 1.68252539635, 135.177490234, 12.7595872879, -8.83020305634, -2.91057610512], [-114.974639893, 168.547271729, 1.37333226204, 3.38772964478, 2.64015340805, -17.7595787048, 56.7831993103, 17.202589035, 18.2867298126, 12.7595872879, 151.28553772, -9.77856731415, 26.3783340454], [4.64197540283, -67.1233291626, 14.3957595825, -63.4496879578, 28.6568775177, 40.995716095, 9.88099193573, 22.2583847046, -12.6335201263, -8.83020305634, -9.77856731415, 122.332977295, -5.94864368439], [-168.891860962, 76.2119522095, 42.6499023438, 103.228736877, 4.62547063828, -28.1063423157, 23.4445972443, -37.8525085449, 2.09249401093, -2.91057610512, 26.3783340454, -5.94864368439, 117.554100037]],
        "icov": [[0.000584995024838, -0.00038373094867, 0.0005053380155, -0.000710718974005, 0.00053022056818, -0.000777863140684, 0.000683612248395, -0.000943596241996, 0.000386098690797, -0.000414624490077, 0.00047124773846, -0.000324122986058, 0.000743711658288], [-0.00038373094867, 0.00294490647502, -0.000787900527939, 0.00184572883882, -0.00204533874057, 0.00212167529389, -0.00220173015259, 0.00185011711437, -0.00146583770402, 0.00158713676501, -0.00227253395133, 0.00199853628874, -0.00149641791359], [0.0005053380155, -0.000787900527939, 0.00242875656113, -0.00195532408543, 0.000387257692637, -0.00201785354875, 0.00100338598713, -0.00158151821233, 0.001682005357, -0.00169870909303, 0.0006228745915, -0.000828612654004, 0.000611946743447], [-0.000710718974005, 0.00184572883882, -0.00195532408543, 0.00437002116814, -0.00115696294233, 0.00192272441927, -0.00168700667564, 0.00328075885773, -0.0024945687037, 0.00199109036475, -0.00137554435059, 0.00233620754443, -0.00292710610665], [0.00053022056818, -0.00204533874057, 0.000387257692637, -0.00115696294233, 0.00356194889173, -0.00143945100717, 0.00115292600822, -0.00228621647693, 7.28501618141e-05, -0.000767928257119, 0.00208521680906, -0.00165266206022, 0.000941005186178], [-0.000777863140684, 0.00212167529389, -0.00201785354875, 0.00192272441927, -0.00143945100717, 0.00615941127762, -0.00229227216914, 0.000930907088332, -0.00141083495691, 0.00141638319474, -0.0012527158251, 0.000534973747563, -0.00079481798457], [0.000683612248395, -0.00220173015259, 0.00100338598713, -0.00168700667564, 0.00115292600822, -0.00229227216914, 0.00507763586938, -0.000809429155197, 0.000828489661217, -0.00094897771487, 0.000511127640493, -0.00186521024443, 0.00141289690509], [-0.000943596241996, 0.00185011711437, -0.00158151821233, 0.00328075885773, -0.00228621647693, 0.000930907088332, -0.000809429155197, 0.00763853313401, -0.00212843413465, 0.000491007987875, -0.00273997918703, 0.00137636438012, -0.00119420536794], [0.000386098690797, -0.00146583770402, 0.001682005357, -0.0024945687037, 7.28501618141e-05, -0.00141083495691, 0.000828489661217, -0.00212843413465, 0.00766966165975, -0.00170940754469, 0.000632630253676, -0.000740701740142, 0.00153630168643], [-0.000414624490077, 0.00158713676501, -0.00169870909303, 0.00199109036475, -0.000767928257119, 0.00141638319474, -0.00094897771487, 0.000491007987875, -0.00170940754469, 0.009784813039, -0.00189826567657, 0.00212974194437, -0.00123414897826], [0.00047124773846, -0.00227253395133, 0.0006228745915, -0.00137554435059, 0.00208521680906, -0.0012527158251, 0.000511127640493, -0.00273997918703, 0.000632630253676, -0.00189826567657, 0.00956599228084, -0.00099375739228, -0.000488571531605], [-0.000324122986058, 0.00199853628874, -0.000828612654004, 0.00233620754443, -0.00165266206022, 0.000534973747563, -0.00186521024443, 0.00137636438012, -0.000740701740142, 0.00212974194437, -0.00099375739228, 0.0106168054044, -0.00167796108872], [0.000743711658288, -0.00149641791359, 0.000611946743447, -0.00292710610665, 0.000941005186178, -0.00079481798457, 0.00141289690509, -0.00119420536794, 0.00153630168643, -0.00123414897826, -0.000488571531605, -0.00167796108872, 0.0119671933353]]
    },
    "melbands": {
        "dmean": [0.00156470038928, 0.00124630355276, 0.000823942536954, 0.000475965644, 0.000159270406584, 0.000108759522846, 0.00010939007916, 0.000171374878846, 0.000166866186191, 6.74753027852e-05, 5.92546130065e-05, 4.81766364828e-05, 3.6840683606e-05, 3.59326186299e-05, 3.96747709601e-05, 4.36212794739e-05, 4.28595885751e-05, 4.55262197647e-05, 4.95985113957e-05, 3.79952398362e-05, 3.60694248229e-05, 4.33515051554e-05, 4.10883658333e-05, 2.64772988885e-05, 1.86661982298e-05, 1.8435626771e-05, 1.44135037772e-05, 7.27954375179e-06, 4.18327817897e-06, 6.71475481795e-06, 4.02662590204e-06, 3.31275236931e-06, 3.9318169911e-06, 3.38142672263e-06, 2.29724082601e-06, 1.98931411433e-06, 2.41680959334e-06, 2.24358836931e-06, 1.22040023598e-06, 6.78893570694e-07],
        "dmean2": [0.00236132484861, 0.00188765861094, 0.00134738720953, 0.000847671122756, 0.000272010802291, 0.000177177193109, 0.000176787245437, 0.000273518118775, 0.000266773218755, 0.000105383071059, 8.95753910299e-05, 7.18846567906e-05, 5.65490008739e-05, 5.58007850486e-05, 6.2477622123e-05, 6.77419666317e-05, 6.68708380545e-05, 7.15607748134e-05, 7.67110395827e-05, 5.86023670621e-05, 5.63936664548e-05, 6.66963751428e-05, 6.37853590888e-05, 4.02128935093e-05, 2.83812969428e-05, 2.8448212106e-05, 2.25662624871e-05, 1.16908950076e-05, 6.67832182444e-06, 1.04196651591e-05, 6.57091914036e-06, 5.37931873623e-06, 6.76716626913e-06, 5.22532900504e-06, 3.78496497433e-06, 3.20654953612e-06, 3.87753107134e-06, 3.50638993041e-06, 1.91917138181e-06, 1.03623790437e-06],
        "dvar": [6.75038199915e-06, 3.90849845644e-06, 1.84578209428e-06, 1.13445582883e-06, 6.64186501353e-08, 6.1521348016e-08, 8.96463063782e-08, 1.57327718853e-07, 1.27067536937e-07, 3.06399314809e-08, 2.69848658974e-08, 2.11271782291e-08, 1.2325340748e-08, 1.34451498823e-08, 1.63634652495e-08, 1.3420412337e-08, 8.68200711324e-09, 8.98444696418e-09, 1.20260423842e-08, 8.31636715048e-09, 4.14012735206e-09, 5.03632202609e-09, 5.2251700744e-09, 2.77306644314e-09, 1.58246227233e-09, 1.26100285769e-09, 1.35057898198e-09, 7.23997306551e-10, 1.74718489676e-10, 2.53755738644e-10, 1.10013859134e-10, 6.97784954817e-11, 1.16010909212e-10, 6.8846497947e-11, 3.81674553074e-11, 7.91129661781e-11, 1.70926078846e-10, 1.88222215591e-10, 5.36480512792e-11, 1.40529810011e-11],
        "dvar2": [1.60410891112e-05, 9.19395552046e-06, 4.46915555585e-06, 3.19122068504e-06, 1.7970384647e-07, 1.48252411236e-07, 2.18803975827e-07, 3.62555482525e-07, 3.07591761839e-07, 6.89496459927e-08, 6.23780991305e-08, 4.72139944918e-08, 2.63601105388e-08, 3.07811447442e-08, 3.97865385082e-08, 3.12536911906e-08, 2.05914503226e-08, 2.12715285386e-08, 2.81641430178e-08, 1.93326652465e-08, 9.90298865133e-09, 1.15561045178e-08, 1.25622392488e-08, 6.29300123123e-09, 3.91282384271e-09, 2.99240476842e-09, 3.42695805067e-09, 1.93596072506e-09, 4.94875640467e-10, 5.86925175128e-10, 2.93421981157e-10, 1.78261017059e-10, 3.1245364629e-10, 1.66452573946e-10, 9.12167702483e-11, 1.86320722739e-10, 4.29561802795e-10, 4.55243426289e-10, 1.26490456998e-10, 3.22891262339e-11],
        "max": [0.0249778591096, 0.0329391546547, 0.016909468919, 0.0096691288054, 0.00480223400518, 0.00566217582673, 0.0113615915179, 0.00620359415188, 0.00495472690091, 0.00428752787411, 0.00416958983988, 0.00544887688011, 0.00313124852255, 0.00460215145722, 0.00362026994117, 0.00244207656942, 0.00205138861202, 0.00146404909901, 0.00169057655148, 0.00208356417716, 0.00138179713394, 0.00140306062531, 0.00150375859812, 0.000976055162027, 0.00101945677307, 0.0010557603091, 0.00111983937677, 0.00137835764326, 0.000529698852915, 0.000316705321893, 0.000316771678627, 0.00021088210633, 0.000330307870172, 0.000182069881703, 0.000227562559303, 0.00032278499566, 0.000377912772819, 0.00044860894559, 0.00023454822076, 0.000121600081911],
        "mean": [0.00241617159918, 0.00216852850281, 0.000987581210211, 0.000449608342024, 0.000203405623324, 0.000146688500536, 0.000139024486998, 0.000191314116819, 0.000188961144886, 8.6527215899e-05, 7.59491304052e-05, 6.26123219263e-05, 4.74003973068e-05, 4.23808742198e-05, 4.582571637e-05, 5.54515427211e-05, 5.60430489713e-05, 5.89926203247e-05, 6.47862398182e-05, 5.10093741468e-05, 5.18524684594e-05, 6.58481003484e-05, 6.35030955891e-05, 4.0396458644e-05, 2.82380660792e-05, 2.59057796939e-05, 1.97514309548e-05, 1.06248653537e-05, 6.05479090154e-06, 7.84999429015e-06, 4.9932177717e-06, 3.95895949623e-06, 3.91083722207e-06, 3.59428690899e-06, 2.36965979639e-06, 2.16269631892e-06, 2.5189324333e-06, 2.32101501751e-06, 1.30327975967e-06, 7.10367373813e-07],
        "median": [0.000494140665978, 0.000654644449241, 0.000458624796011, 0.000187988218386, 0.000109169093776, 5.55171536689e-05, 3.12803604174e-05, 4.46254125563e-05, 3.67486063624e-05, 1.90730970644e-05, 1.66810059454e-05, 1.36639337143e-05, 1.24518710436e-05, 1.05183862615e-05, 8.80248717294e-06, 1.16645041999e-05, 1.50251908053e-05, 1.50584437506e-05, 1.80426995939e-05, 1.63357290148e-05, 2.19559151446e-05, 2.92634540529e-05, 2.59061907855e-05, 1.61703537742e-05, 1.25946735352e-05, 1.09067477752e-05, 7.16724025551e-06, 4.5160713853e-06, 2.10493817576e-06, 1.16903174785e-06, 9.01770135897e-07, 8.78956257111e-07, 7.17792772775e-07, 5.97533357904e-07, 4.62971115667e-07, 3.25096607412e-07, 3.05447883875e-07, 2.04156236805e-07, 1.0209262058e-07, 4.93757070785e-08],
        "min": [5.50660252813e-24, 7.9201477112e-24, 5.93801517441e-24, 3.6785783079e-24, 5.07002875938e-24, 5.98898189977e-24, 5.6391919025e-24, 1.18147256013e-23, 3.0615190805e-24, 2.55980571414e-24, 4.83433487027e-24, 6.24658245622e-24, 9.1845237149e-24, 5.4591501781e-24, 1.25592809226e-23, 7.52972467199e-24, 9.49042346356e-24, 8.22820105013e-24, 7.05694692085e-24, 1.02848837035e-23, 9.26589945044e-24, 1.06294841793e-23, 1.40672910949e-23, 1.01308885885e-23, 1.55136470542e-23, 7.34193081147e-24, 5.73467286545e-24, 9.89128707685e-24, 1.00165100681e-23, 1.30348835847e-23, 6.48329949792e-24, 1.03712126966e-23, 9.9203668564e-24, 1.40858230153e-23, 7.44989037066e-24, 7.74056115954e-24, 1.09912202917e-23, 1.17817725147e-23, 1.54235118072e-23, 9.81455615432e-24],
        "var": [1.57100803335e-05, 1.01642563095e-05, 1.95882034859e-06, 7.61406965921e-07, 7.83604292565e-08, 8.64906866127e-08, 1.25241129467e-07, 1.93917529145e-07, 1.60521338444e-07, 4.5118852654e-08, 3.70464583455e-08, 3.29500977614e-08, 1.95126599323e-08, 1.67706861731e-08, 1.83243162866e-08, 1.93273432814e-08, 1.29209656308e-08, 1.35249607069e-08, 1.7102431471e-08, 1.18110152769e-08, 6.23433527025e-09, 8.61633342453e-09, 9.41581657088e-09, 4.82770268206e-09, 2.24844765029e-09, 1.79727133176e-09, 1.56185941957e-09, 6.2063854056e-10, 1.61654620245e-10, 3.0862604139e-10, 1.19405485499e-10, 8.05168570706e-11, 1.04946530632e-10, 7.57896523318e-11, 4.5179027186e-11, 9.34933241936e-11, 1.72275721466e-10, 2.09594536171e-10, 6.27535384767e-11, 1.73874612625e-11]
    },
    "mfcc": {
        "mean": [-644.591003418, 112.444793701, -20.3115787506, 44.2526664734, 16.210269928, 6.23780250549, -1.6618180275, 11.3387289047, -0.777130663395, 7.07513713837, -0.168266251683, 1.13472652435, -2.7250931263],
        "cov": [[3083.28881836, -844.668579102, -71.5070953369, -216.634597778, -102.637535095, -93.0772247314, -305.358276367, 65.9065933228, -103.599250793, 51.1169319153, 71.1946563721, 16.0982284546, -100.61541748], [-844.668579102, 1556.15881348, -543.96484375, 12.9295444489, 131.398803711, -68.9614257812, 208.901779175, 103.150802612, 68.902671814, 42.1469841003, 106.790687561, 60.3268890381, 67.4330368042], [-71.5070953369, -543.96484375, 971.487731934, 126.559700012, 23.7525005341, 133.323928833, 92.9312286377, -76.5712814331, 1.04283869267, 20.214307785, -73.8829956055, -9.56160545349, 75.751083374], [-216.634597778, 12.9295444489, 126.559700012, 590.815490723, 2.6083574295, 126.525749207, -5.0518321991, -61.7468719482, 34.0147209167, 0.944771111012, -83.2747573853, -25.8575496674, 37.478225708], [-102.637535095, 131.398803711, 23.7525005341, 2.6083574295, 507.256652832, -13.909154892, 10.888999939, 63.6791229248, 58.4515724182, 82.1186599731, 25.5919837952, 6.15216159821, 3.1044049263], [-93.0772247314, -68.9614257812, 133.323928833, 126.525749207, -13.909154892, 310.741363525, 38.2838859558, 31.415807724, 52.2440376282, -33.2363586426, -7.1820473671, 21.730632782, -27.5559864044], [-305.358276367, 208.901779175, 92.9312286377, -5.0518321991, 10.888999939, 38.2838859558, 283.292907715, 30.56939888, 32.8329391479, 7.11700487137, 15.7252626419, 23.2573757172, 54.8827590942], [65.9065933228, 103.150802612, -76.5712814331, -61.7468719482, 63.6791229248, 31.415807724, 30.56939888, 242.567810059, 28.8731880188, 6.71214866638, 53.2254905701, 20.9008235931, -12.7127571106], [-103.599250793, 68.902671814, 1.04283869267, 34.0147209167, 58.4515724182, 52.2440376282, 32.8329391479, 28.8731880188, 145.493438721, 25.367975235, 17.5349445343, 7.24600553513, -3.82142019272], [51.1169319153, 42.1469841003, 20.214307785, 0.944771111012, 82.1186599731, -33.2363586426, 7.11700487137, 6.71214866638, 25.367975235, 141.370681763, 44.422908783, 9.07378768921, 17.9369239807], [71.1946563721, 106.790687561, -73.8829956055, -83.2747573853, 25.5919837952, -7.1820473671, 15.7252626419, 53.2254905701, 17.5349445343, 44.422908783, 137.96673584, 32.8600845337, -1.39632642269], [16.0982284546, 60.3268890381, -9.56160545349, -25.8575496674, 6.15216159821, 21.730632782, 23.2573757172, 20.9008235931, 7.24600553513, 9.07378768921, 32.8600845337, 99.1488418579, 25.4878559113], [-100.61541748, 67.4330368042, 75.751083374, 37.478225708, 3.1044049263, -27.5559864044, 54.8827590942, -12.7127571106, -3.82142019272, 17.9369239807, -1.39632642269, 25.4878559113, 115.887489319]],
