{
"lowlevel": {
    "average_loudness": 0.930610537529,
    "barkbands_crest": {
        "dmean": 3.77311778069,
        "dmean2": 6.14459657669,
        "dvar": 11.2502880096,
        "dvar2": 31.3239822388,
        "max": 26.5668392181,
        "mean": 12.7431364059,
        "median": 12.1354675293,
        "min": 1.86347639561,
        "var": 42.1224861145
    },
    "barkbands_flatness_db": {
        "dmean": 0.0371158272028,
        "dmean2": 0.0569201260805,
        "dvar": 0.00127137720119,
        "dvar2": 0.00315021770075,
        "max": 0.648864030838,
        "mean": 0.164269208908,
        "median": 0.148090779781,
        "min": 0.0207274593413,
        "var": 0.00724643841386
    },
    "barkbands_kurtosis": {
        "dmean": 17.2779598236,
        "dmean2": 30.1573619843,
        "dvar": 1607.66186523,
        "dvar2": 5000.77783203,
        "max": 627.576904297,
        "mean": 18.9964389801,
        "median": 3.04980897903,
        "min": -1.94605398178,
        "var": 1794.23950195
    },
    "barkbands_skewness": {
        "dmean": 1.37122356892,
        "dmean2": 2.21149992943,
        "dvar": 3.03323340416,
        "dvar2": 8.82030677795,
        "max": 22.8939208984,
        "mean": 2.5461564064,
        "median": 1.61124944687,
        "min": -7.06921672821,
        "var": 8.50003051758
    },
    "barkbands_spread": {
        "dmean": 8.5829782486,
        "dmean2": 13.1277227402,
        "dvar": 120.182731628,
        "dvar2": 242.67628479,
        "max": 122.754142761,
        "mean": 22.3278312683,
        "median": 17.9138145447,
        "min": 0.0537658296525,
        "var": 378.295593262
    },
    "dissonance": {
        "dmean": 0.0230437424034,
        "dmean2": 0.0375327579677,
        "dvar": 0.000639829144347,
        "dvar2": 0.00159908353817,
        "max": 0.500000059605,
        "mean": 0.460007935762,
        "median": 0.471011221409,
        "min": 0.184225454926,
        "var": 0.00141202099621
    },
    "dynamic_complexity": 4.13605642319,
    "erbbands_crest": {
        "dmean": 3.19356179237,
        "dmean2": 5.24107217789,
        "dvar": 9.43699645996,
        "dvar2": 23.3371276855,
        "max": 29.2423629761,
        "mean": 8.5468120575,
        "median": 7.41637992859,
        "min": 2.32304596901,
        "var": 18.2436771393
    },
    "erbbands_flatness_db": {
        "dmean": 0.0226100143045,
        "dmean2": 0.0335745774209,
        "dvar": 0.000501678150613,
        "dvar2": 0.00104459235445,
        "max": 0.416360020638,
        "mean": 0.154880613089,
        "median": 0.149595797062,
        "min": 0.0381270460784,
        "var": 0.00204044999555
    },
    "erbbands_kurtosis": {
        "dmean": 1.44100594521,
        "dmean2": 2.27690553665,
        "dvar": 5.81812286377,
        "dvar2": 14.66036129,
        "max": 77.3063964844,
        "mean": 0.702172219753,
        "median": -0.344006419182,
        "min": -1.88851726055,
        "var": 10.8505449295
    },
    "erbbands_skewness": {
        "dmean": 0.534640729427,
        "dmean2": 0.793657362461,
        "dvar": 0.280911445618,
        "dvar2": 0.598194658756,
        "max": 6.79336166382,
        "mean": 0.309526711702,
        "median": 0.245709896088,
        "min": -4.27071285248,
        "var": 0.935594916344
    },
    "erbbands_spread": {
        "dmean": 12.9888448715,
        "dmean2": 20.26537323,
        "dvar": 212.012191772,
        "dvar2": 491.639678955,
        "max": 207.425857544,
        "mean": 44.8984527588,
        "median": 40.6745834351,
        "min": 2.51768159866,
        "var": 567.775756836
    },
    "hfc": {
        "dmean": 11.0352058411,
        "dmean2": 15.1506328583,
        "dvar": 298.175933838,
        "dvar2": 507.233062744,
        "max": 198.724884033,
        "mean": 21.350315094,
        "median": 11.9730911255,
        "min": 1.20703399359e-16,
        "var": 690.197814941
    },
    "melbands_crest": {
        "dmean": 4.34375858307,
        "dmean2": 6.97826862335,
        "dvar": 14.1312541962,
        "dvar2": 35.8814811707,
        "max": 38.3315200806,
        "mean": 17.3531608582,
        "median": 17.1317062378,
        "min": 2.03186774254,
        "var": 65.2718887329
    },
    "melbands_flatness_db": {
        "dmean": 0.0451545976102,
        "dmean2": 0.0670166909695,
        "dvar": 0.00190423009917,
        "dvar2": 0.00428516278043,
        "max": 0.782965898514,
        "mean": 0.220008864999,
        "median": 0.20269498229,
        "min": 0.00557266315445,
        "var": 0.0142641793936
    },
    "melbands_kurtosis": {
        "dmean": 34.1863746643,
        "dmean2": 58.3723106384,
        "dvar": 4487.11523438,
        "dvar2": 12850.1992188,
        "max": 1247.58349609,
        "mean": 45.5742416382,
        "median": 9.68720436096,
        "min": -1.8906801939,
        "var": 7440.91162109
    },
    "melbands_skewness": {
        "dmean": 1.66847872734,
        "dmean2": 2.66522979736,
        "dvar": 4.06718444824,
        "dvar2": 10.607468605,
        "max": 27.1676445007,
        "mean": 4.01289463043,
        "median": 2.63663816452,
        "min": -4.08690786362,
        "var": 13.9535093307
    },
    "melbands_spread": {
        "dmean": 11.7671022415,
        "dmean2": 17.4786987305,
        "dvar": 347.383392334,
        "dvar2": 672.27734375,
        "max": 259.369689941,
        "mean": 27.9398403168,
        "median": 16.7452144623,
        "min": 0.204634740949,
        "var": 1114.97851562
    },
    "pitch_salience": {
        "dmean": 0.100116953254,
        "dmean2": 0.162766620517,
        "dvar": 0.00776258297265,
        "dvar2": 0.0205521006137,
        "max": 0.940353035927,
        "mean": 0.491221636534,
        "median": 0.509590744972,
        "min": 0.0375473611057,
        "var": 0.0326221361756
    },
    "silence_rate_20dB": {
        "dmean": 0,
        "dmean2": 0,
        "dvar": 0,
        "dvar2": 0,
        "max": 1,
        "mean": 1,
        "median": 1,
        "min": 1,
        "var": 0
    },
    "silence_rate_30dB": {
        "dmean": 0.0813457220793,
        "dmean2": 0.162705048919,
        "dvar": 0.0747207552195,
        "dvar2": 0.149295017123,
        "max": 1,
        "mean": 0.881924688816,
        "median": 1,
        "min": 0,
        "var": 0.104121573269
    },
    "silence_rate_60dB": {
        "dmean": 0.0557368807495,
        "dmean2": 0.111483097076,
        "dvar": 0.0526352897286,
        "dvar2": 0.117480188608,
        "max": 1,
        "mean": 0.127364009619,
        "median": 0,
        "min": 0,
        "var": 0.111151508987
    },
    "spectral_centroid": {
        "dmean": 396.841583252,
        "dmean2": 561.200439453,
        "dvar": 225984.734375,
        "dvar2": 358126,
        "max": 11101.171875,
        "mean": 1580.73400879,
        "median": 1366.28564453,
        "min": 80.3983840942,
        "var": 962952.4375
    },
    "spectral_complexity": {
        "dmean": 4.72491407394,
        "dmean2": 6.69233322144,
        "dvar": 43.8972969055,
        "dvar2": 68.1343536377,
        "max": 60,
        "mean": 15.1179075241,
        "median": 12,
        "min": 0,
        "var": 142.176269531
    },
    "spectral_decrease": {
        "dmean": 6.21166984516e-09,
        "dmean2": 1.06565547497e-08,
        "dvar": 9.39647992928e-17,
        "dvar2": 2.5058085375e-16,
        "max": 6.22526340571e-29,
        "mean": -1.12063833768e-08,
        "median": -5.48421841273e-09,
        "min": -8.00270996137e-08,
        "var": 1.79179311489e-16
    },
    "spectral_energy": {
        "dmean": 0.0241070073098,
        "dmean2": 0.041176378727,
        "dvar": 0.00135411438532,
        "dvar2": 0.00360387610272,
        "max": 0.304166197777,
        "mean": 0.0442319586873,
        "median": 0.0237395968288,
        "min": 1.07517784203e-20,
        "var": 0.0025984258391
    },
    "spectral_energyband_high": {
        "dmean": 0.000829891010653,
        "dmean2": 0.00111781386659,
        "dvar": 3.41241866408e-06,
        "dvar2": 5.64728816244e-06,
        "max": 0.0220845192671,
        "mean": 0.00128703797236,
        "median": 0.000321236817399,
        "min": 7.79566270881e-21,
        "var": 6.6926195359e-06
    },
    "spectral_energyband_low": {
        "dmean": 0.0192399062216,
        "dmean2": 0.0340841785073,
        "dvar": 0.00127390713897,
        "dvar2": 0.0035252366215,
        "max": 0.295192420483,
        "mean": 0.0291891749948,
        "median": 0.00196634582244,
        "min": 3.10675039265e-23,
        "var": 0.00217200955376
    },
    "spectral_energyband_middle_high": {
        "dmean": 0.0023202849552,
        "dmean2": 0.0031339735724,
        "dvar": 1.66952559084e-05,
        "dvar2": 3.18477468682e-05,
        "max": 0.0670419260859,
        "mean": 0.00401223590598,
        "median": 0.00143668986857,
        "min": 1.44460399393e-21,
        "var": 4.04505444749e-05
    },
    "spectral_energyband_middle_low": {
        "dmean": 0.00700114062056,
        "dmean2": 0.0111080193892,
        "dvar": 0.000133971421747,
        "dvar2": 0.00033702107612,
        "max": 0.16276794672,
        "mean": 0.00978035479784,
        "median": 0.00364444078878,
        "min": 2.25637089549e-22,
        "var": 0.000192631414393
    },
    "spectral_entropy": {
        "dmean": 0.232251062989,
        "dmean2": 0.328466832638,
        "dvar": 0.0580666735768,
        "dvar2": 0.107101626694,
        "max": 9.81382846832,
        "mean": 7.63821268082,
        "median": 7.64321565628,
        "min": 4.54667806625,
        "var": 0.274994552135
    },
    "spectral_flux": {
        "dmean": 0.0401660762727,
        "dmean2": 0.0659103542566,
        "dvar": 0.00288964807987,
        "dvar2": 0.00746553856879,
        "max": 0.441391050816,
        "mean": 0.113189570606,
        "median": 0.0980053693056,
        "min": 1.03953914921e-10,
        "var": 0.00653156917542
    },
    "spectral_kurtosis": {
        "dmean": 1.42125856876,
        "dmean2": 2.2664706707,
        "dvar": 3.42838597298,
        "dvar2": 8.53824329376,
        "max": 64.8244171143,
        "mean": 3.35048317909,
        "median": 2.64247608185,
        "min": -1.23579490185,
        "var": 10.097287178
    },
    "spectral_rms": {
        "dmean": 0.00161937181838,
        "dmean2": 0.00264104944654,
        "dvar": 4.11828978031e-06,
        "dvar2": 1.0390256648e-05,
        "max": 0.0172263607383,
        "mean": 0.00550410943106,
        "median": 0.00481254421175,
        "min": 3.23875605154e-12,
        "var": 1.2857864931e-05
    },
    "spectral_rolloff": {
        "dmean": 730.871704102,
        "dmean2": 1131.3659668,
        "dvar": 1713917.375,
        "dvar2": 3072837.5,
        "max": 18690.8203125,
        "mean": 1848.79650879,
        "median": 925.927734375,
        "min": 21.533203125,
        "var": 5553919.5
    },
    "spectral_skewness": {
        "dmean": 0.249211594462,
        "dmean2": 0.36692905426,
        "dvar": 0.0643330737948,
        "dvar2": 0.13678792119,
        "max": 6.70542049408,
        "mean": 1.36662614346,
        "median": 1.32125627995,
        "min": -0.245881140232,
        "var": 0.279193609953
    },
    "spectral_spread": {
        "dmean": 685181.3125,
        "dmean2": 985634.6875,
        "dvar": 911917383680,
        "dvar2": 1.50427847885e+12,
        "max": 41238548,
        "mean": 5056138,
        "median": 4846397.5,
        "min": 1106674.75,
        "var": 2.96441584026e+12
    },
    "spectral_strongpeak": {
        "dmean": 0.478243768215,
        "dmean2": 0.784866511822,
        "dvar": 0.456435829401,
        "dvar2": 1.12919652462,
        "max": 9.86908340454,
        "mean": 0.697140336037,
        "median": 0.382485926151,
        "min": 0,
        "var": 0.783052921295
    },
    "zerocrossingrate": {
        "dmean": 0.0174789074808,
        "dmean2": 0.0182346571237,
        "dvar": 0.000494321750011,
        "dvar2": 0.000469503138447,
        "max": 0.515625,
        "mean": 0.0692096799612,
        "median": 0.052734375,
        "min": 0,
        "var": 0.00382774067111
    },
    "barkbands": {
        "dmean": [0.0022251913324, 0.0177875682712, 0.00199101888575, 0.00154900446068, 0.00135302357376, 0.00171689339913, 0.00202912115492, 0.00144657224882, 0.000969069427811, 0.000636776734609, 0.000383322534617, 0.000466699508252, 0.000383883801987, 0.000249775592238, 0.000295943493256, 0.000261633947957, 0.00025511768763, 0.000195795233594, 0.000218991917791, 0.000160035662702, 0.000202952272957, 0.000228323435294, 0.000164083729032, 0.000134856411023, 8.68483257364e-05, 3.20272592944e-05, 1.97514623324e-06],
        "dmean2": [0.00354011449963, 0.0315014608204, 0.00311330822296, 0.00257070595399, 0.00219258037396, 0.00290020974353, 0.00330920354463, 0.00232713553123, 0.00155084207654, 0.00100211857352, 0.000603679218329, 0.000738396774977, 0.00059595896164, 0.000394404109102, 0.000460178474896, 0.00038833450526, 0.000390266242903, 0.000296783749945, 0.000321428582538, 0.000235151092056, 0.000274109333986, 0.000326506735291, 0.000238338063355, 0.000184686025023, 0.000123624195112, 4.37624221377e-05, 3.13271198138e-06],
        "dvar": [2.58601958194e-05, 0.00105347461067, 3.05708235828e-05, 1.70978055394e-05, 7.60049397286e-06, 1.48691606228e-05, 4.4852236897e-05, 1.7811806174e-05, 9.19428657653e-06, 5.28057898919e-06, 1.59155831625e-06, 1.90396565358e-06, 1.30540036025e-06, 6.26289477168e-07, 4.89355841182e-07, 3.55142731223e-07, 2.42952523877e-07, 1.29357459855e-07, 3.18271304423e-07, 1.4835455886e-07, 2.04720464581e-07, 2.80427229882e-07, 1.47290393215e-07, 9.21757816741e-08, 5.5663353038e-08, 1.10893729754e-08, 1.00104279033e-10],
        "dvar2": [7.12140026735e-05, 0.00319288461469, 7.3469876952e-05, 4.39227624156e-05, 1.85338412848e-05, 3.73398070224e-05, 0.00011242202163, 4.29718202213e-05, 2.21759437409e-05, 1.23207482829e-05, 3.50712957697e-06, 4.49204299002e-06, 3.19181208397e-06, 1.56220698955e-06, 1.14712565846e-06, 7.42190422898e-07, 5.50153231416e-07, 2.8351323067e-07, 7.02190334323e-07, 3.44026489074e-07, 3.6263887182e-07, 5.39365771601e-07, 3.06876529521e-07, 1.61981802194e-07, 1.10283252752e-07, 2.33812222916e-08, 2.39630454368e-10],
        "max": [0.0606391206384, 0.275786578655, 0.0608356967568, 0.0524136684835, 0.0677059218287, 0.0843304693699, 0.138473778963, 0.0845818072557, 0.0850061997771, 0.0624602474272, 0.0482543893158, 0.0378062054515, 0.0401768423617, 0.0173452924937, 0.0159996356815, 0.015255343169, 0.00829574279487, 0.00690658111125, 0.00638480857015, 0.00848497636616, 0.00632561044767, 0.00646514771506, 0.00552473030984, 0.00608785217628, 0.00427389284596, 0.00292966328561, 0.000419641699409],
        "mean": [0.00365000288002, 0.0235265549272, 0.00212288321927, 0.0014920522226, 0.00154084246606, 0.00175286852755, 0.00199799146503, 0.00161109096371, 0.00111409917008, 0.000745641009416, 0.000434742483776, 0.000552205194253, 0.000442081509391, 0.000288801820716, 0.000371757021639, 0.000349236797774, 0.000327444780851, 0.000267510622507, 0.000258985033724, 0.000203492047149, 0.000273719342658, 0.000303666427499, 0.000238264154177, 0.000199995323783, 0.00012150555267, 4.21053446189e-05, 2.15311638385e-06],
        "median": [0.000475840817671, 0.00143707427196, 6.92954999977e-05, 0.000205427742912, 0.000494737760164, 0.000302737695165, 0.000298928789562, 0.000246728828643, 0.000190288250451, 0.000118056879728, 7.88510515122e-05, 0.000121306627989, 7.07428553142e-05, 3.82304060622e-05, 8.63906316226e-05, 0.000115105562145, 7.28342711227e-05, 8.09995253803e-05, 7.6326992712e-05, 6.173827569e-05, 5.70070478716e-05, 5.57866878808e-05, 5.20880348631e-05, 4.30315194535e-05, 1.61913030752e-05, 4.21386448579e-06, 1.47248954363e-07],
        "min": [1.08209935747e-23, 1.53615893816e-23, 8.03023325052e-24, 1.16109076092e-23, 2.12890712907e-23, 2.30365433462e-23, 1.40566241177e-23, 8.71214749396e-24, 6.33268378412e-23, 9.390160978e-23, 6.94526015167e-23, 4.52947933679e-23, 1.07895560477e-22, 8.80165748984e-23, 1.28992440007e-22, 1.49577872614e-22, 1.07533214575e-22, 1.73674405203e-22, 2.63242808342e-22, 1.88259029702e-22, 4.15557662265e-22, 3.60610054472e-22, 5.14499474763e-22, 6.87544709751e-22, 1.26674986287e-21, 1.3788248589e-21, 2.51742079673e-21],
        "var": [4.19287534896e-05, 0.0015037296107, 3.08881717501e-05, 1.53329328896e-05, 8.79944309418e-06, 1.82037638297e-05, 4.30376967415e-05, 2.27048258239e-05, 1.17156841952e-05, 7.02287434251e-06, 2.10726966543e-06, 2.42547389462e-06, 1.74599824732e-06, 7.28749228074e-07, 6.68549489546e-07, 5.72121564346e-07, 3.71558712686e-07, 2.17880966602e-07, 3.68875475942e-07, 1.82254566994e-07, 3.53694389332e-07, 4.59965633581e-07, 2.44386455961e-07, 1.76520117634e-07, 9.96050886215e-08, 1.86798647661e-08, 1.21309656764e-10]
    },
    "erbbands": {
        "dmean": [0.588921964169, 3.85063934326, 3.35389304161, 3.94570732117, 4.47656869888, 4.33147621155, 7.7123374939, 15.7146196365, 31.2474975586, 21.3789196014, 34.6862640381, 20.5577087402, 20.4117965698, 15.7252616882, 13.9890823364, 19.9118289948, 16.5631732941, 13.0325536728, 14.7218151093, 14.282948494, 14.0913963318, 13.964050293, 11.2006940842, 10.4601573944, 10.4220609665, 7.09527492523, 7.58230829239, 8.60739707947, 8.02647399902, 7.16483545303, 4.2944226265, 3.28298664093, 2.05021691322, 1.15645909309, 0.530372023582, 0.202881738544, 0.0463981032372, 0.00737187312916, 0.000221546622925, 3.21717998304e-05],
        "dmean2": [1.0398683548, 6.81994915009, 5.23951101303, 6.21678447723, 7.32640552521, 7.165974617, 13.4737482071, 26.0163269043, 50.1210403442, 35.3068771362, 55.0684928894, 32.4544715881, 31.8926239014, 24.1921863556, 21.8361587524, 31.3720207214, 25.483007431, 20.298166275, 22.7943191528, 21.0589179993, 21.3261680603, 21.1077194214, 17.0839710236, 15.5335607529, 15.0830059052, 10.1932678223, 10.4017629623, 11.9114570618, 11.5328035355, 10.4764738083, 6.22584342957, 4.65930938721, 2.78837752342, 1.64638757706, 0.748758673668, 0.278690367937, 0.064347371459, 0.0105068581179, 0.00033097458072, 5.23959606653e-05],
        "dvar": [1.10720205307, 54.4608955383, 69.1975402832, 107.406700134, 80.8678359985, 118.973449707, 419.647491455, 1386.17736816, 10252.6845703, 4972.98632812, 10365.7714844, 4649.67285156, 5169.59423828, 2491.03100586, 1767.40124512, 3269.67114258, 2428.40698242, 1603.00463867, 1443.79968262, 1151.38623047, 1011.87658691, 718.776794434, 419.604400635, 752.05078125, 686.844970703, 272.750976562, 258.768951416, 416.558959961, 339.213775635, 315.503540039, 99.7585983276, 59.8738174438, 21.2027854919, 9.26488876343, 2.24211287498, 0.384133815765, 0.0245512388647, 0.000887978065293, 1.31867125219e-06, 2.11007722406e-09],
        "dvar2": [3.49249505997, 158.576828003, 160.711471558, 258.068389893, 199.78213501, 305.700775146, 1101.90063477, 3381.6237793, 25327.6660156, 12805.5146484, 25099.5039062, 11246.9755859, 12453.8037109, 5571.04931641, 3878.47045898, 7648.54589844, 5747.51708984, 3859.52319336, 3586.29956055, 2571.92407227, 2236.17016602, 1576.27905273, 912.854125977, 1771.35498047, 1529.13024902, 620.557434082, 464.408813477, 822.020751953, 684.232910156, 602.79876709, 194.922943115, 109.459030151, 42.2611885071, 18.708946228, 4.45349884033, 0.793920576572, 0.0513046197593, 0.00201900303364, 3.15395391226e-06, 5.15898035403e-09],
        "max": [10.6673908234, 56.5058326721, 86.6121520996, 108.154602051, 113.701675415, 356.382995605, 370.322875977, 866.811096191, 2256.33056641, 2140.6875, 2281.14501953, 2379.9699707, 1443.03979492, 2184.16088867, 1002.16943359, 1409.67272949, 1525.30383301, 818.08380127, 1019.64135742, 751.666992188, 987.909118652, 370.391326904, 365.339569092, 283.137237549, 314.132446289, 450.975585938, 237.606292725, 327.342437744, 260.757904053, 224.472091675, 152.052825928, 108.746482849, 102.234962463, 54.7247467041, 34.0258750916, 17.0681343079, 3.98161745071, 0.914816260338, 0.0570948906243, 0.00103226583451],
        "mean": [0.819306135178, 4.59296655655, 4.04341506958, 4.19888877869, 4.93660449982, 4.56990432739, 7.20502090454, 16.8840579987, 32.0950202942, 23.1079998016, 39.9246749878, 24.6697807312, 24.6618518829, 19.4545021057, 18.0070037842, 23.958530426, 20.1635074615, 16.4756164551, 18.2559165955, 19.3118953705, 18.885559082, 19.1160564423, 16.3196277618, 12.226858139, 12.5651464462, 9.48361968994, 10.4042701721, 11.1479587555, 10.5061340332, 9.89884853363, 6.40024709702, 4.71167707443, 2.94059324265, 1.59118425846, 0.736069560051, 0.268435657024, 0.0616598054767, 0.00931964535266, 0.00028134873719, 6.0518283135e-05],
        "median": [0.0494164153934, 0.258820950985, 0.191479206085, 0.503927230835, 1.4069621563, 1.2229424715, 1.67433059216, 2.64617013931, 4.21548461914, 4.89757728577, 7.08458995819, 5.15642356873, 3.17412948608, 4.24463891983, 4.13003921509, 5.34013748169, 3.25707435608, 2.27150559425, 3.68212199211, 4.49464035034, 6.39628171921, 4.78857898712, 5.23760223389, 3.0618019104, 3.69238591194, 3.28652954102, 2.50711870193, 2.06207180023, 2.0606982708, 1.7465801239, 1.43441462517, 0.943251729012, 0.572967886925, 0.231160581112, 0.0877359807491, 0.0285887997597, 0.00574722560123, 0.000859003106598, 5.36326042493e-05, 3.82056750823e-05],
        "min": [1.78889735041e-22, 4.125677204e-21, 1.09335747859e-20, 2.57964982039e-20, 3.26810820525e-20, 9.64446388445e-20, 2.26280167949e-19, 1.99217015505e-19, 1.29342316202e-19, 4.06736442817e-19, 3.62983525647e-19, 1.28169381848e-18, 1.91962646702e-18, 2.82842829934e-18, 3.34987013619e-18, 1.67471824338e-18, 4.59909442729e-18, 6.07033109967e-18, 5.48837810588e-18, 4.61921766364e-18, 9.7321761262e-18, 6.78748014714e-18, 1.00373793025e-17, 1.22529842275e-17, 1.27848216567e-17, 1.05579712112e-17, 1.94924565409e-17, 1.40541625667e-17, 1.17676409662e-17, 1.51098270081e-17, 1.61220892827e-17, 1.55638681007e-17, 1.19946275981e-17, 1.10400421461e-17, 9.82148598976e-18, 5.29484596668e-18, 2.66846501056e-18, 1.24889207469e-18, 3.3938028876e-19, 3.43481708731e-20],
        "var": [1.77970921993, 67.897895813, 82.2531356812, 111.469161987, 90.429069519, 116.22518158, 372.138793945, 1858.88684082, 10481.3339844, 4913.25830078, 13806.3867188, 5643.22802734, 6847.46826172, 3849.5859375, 2646.80712891, 4359.08154297, 3481.37451172, 2205.34887695, 1705.41674805, 1762.921875, 1543.69116211, 1175.30371094, 736.957824707, 815.906555176, 826.947509766, 353.400299072, 457.954437256, 640.284912109, 536.915161133, 504.35635376, 175.233657837, 104.798042297, 38.3430404663, 16.0355033875, 3.9839413166, 0.660583019257, 0.0420130454004, 0.00132938462775, 1.5734885892e-06, 4.23765422752e-09]
    },
    "gfcc": {
        "mean": [-27.921792984, 74.7045822144, -115.800636292, 41.673374176, -65.1150894165, 18.9988555908, -33.7536621094, 13.378739357, -12.4029331207, 4.46306610107, -10.911775589, 3.18352770805, -7.6833729744],
        "cov": [[7821.85302734, -610.34942627, 3.7137260437, -296.561462402, -235.844345093, 99.4917144775, -298.8331604, 249.284332275, -149.649612427, 113.882957458, -191.373550415, 68.4834594727, -284.148742676], [-610.34942627, 2473.39941406, 498.990905762, 124.524299622, 555.363342285, -105.165420532, 397.085693359, -98.5610733032, 302.858276367, -186.86680603, 233.936584473, -147.960250854, 128.224227905], [3.7137260437, 498.990905762, 1627.2722168, 623.358703613, 540.167602539, 307.310852051, 249.015914917, 126.736953735, 124.48134613, 122.709136963, 85.2526779175, -4.37549877167, 43.9331626892], [-296.561462402, 124.524299622, 623.358703613, 799.756896973, 388.722991943, 176.822723389, 167.730056763, 82.9837265015, 139.303253174, 61.7144584656, 63.5993232727, -20.9892044067, 101.076583862], [-235.844345093, 555.363342285, 540.167602539, 388.722991943, 629.044189453, 209.817871094, 251.702362061, 71.6135559082, 152.866577148, 46.8862075806, 94.3520050049, -27.284040451, 56.348690033], [99.4917144775, -105.165420532, 307.310852051, 176.822723389, 209.817871094, 360.042388916, 209.212799072, 86.1608657837, 33.5290412903, 64.8719787598, 31.7653484344, 6.95117616653, 3.18387103081], [-298.8331604, 397.085693359, 249.015914917, 167.730056763, 251.702362061, 209.212799072, 386.597076416, 75.6620407104, 95.6380462646, -11.4002742767, 83.9337158203, -22.9291381836, 33.7672271729], [249.284332275, -98.5610733032, 126.736953735, 82.9837265015, 71.6135559082, 86.1608657837, 75.6620407104, 177.39781189, 71.8779983521, 56.6669654846, 9.79117012024, 9.12382221222, -9.79898452759], [-149.649612427, 302.858276367, 124.48134613, 139.303253174, 152.866577148, 33.5290412903, 95.6380462646, 71.8779983521, 216.912216187, 53.4698371887, 62.7867546082, -30.4165000916, 32.6942024231], [113.882957458, -186.86680603, 122.709136963, 61.7144584656, 46.8862075806, 64.8719787598, -11.4002742767, 56.6669654846, 53.4698371887, 156.838790894, 24.7017707825, 13.5765571594, -17.9856395721], [-191.373550415, 233.936584473, 85.2526779175, 63.5993232727, 94.3520050049, 31.7653484344, 83.9337158203, 9.79117012024, 62.7867546082, 24.7017707825, 119.280349731, 18.294500351, 26.2961750031], [68.4834594727, -147.960250854, -4.37549877167, -20.9892044067, -27.284040451, 6.95117616653, -22.9291381836, 9.12382221222, -30.4165000916, 13.5765571594, 18.294500351, 96.0405807495, 18.8037261963], [-284.148742676, 128.224227905, 43.9331626892, 101.076583862, 56.348690033, 3.18387103081, 33.7672271729, -9.79898452759, 32.6942024231, -17.9856395721, 26.2961750031, 18.8037261963, 108.883758545]],
        "icov": [[0.0001696243271, -0.000129159918288, 3.12045340252e-05, -4.24455793109e-05, 7.11024040356e-05, -0.000212026832742, 0.00024980501621, -0.000349437672412, 0.000138143688673, -9.46610743995e-05, 0.00027862234856, -0.000274664489552, 0.000405087688705], [-0.000129159918288, 0.00167722557671, -0.000613189535215, 0.000907389796339, -0.00105310895015, 0.0015075012343, -0.00110456009861, 0.00125748093706, -0.00154362642206, 0.00195303617511, -0.00210074568167, 0.00188244727906, -0.000982127385214], [3.12045340252e-05, -0.000613189535215, 0.00128577882424, -0.000883685308509, -0.000128574043629, -0.000768853642512, 0.00033201824408, -0.000558186497074, 0.000820311252028, -0.00108620198444, 0.000709355808794, -0.000785291951615, 0.000579458021093], [-4.24455793109e-05, 0.000907389796339, -0.000883685308509, 0.00286453217268, -0.00126460858155, 0.000515316845849, -0.000328932568664, 0.000270504417131, -0.00108895101584, 0.000842521956656, -0.00102631864138, 0.00169398018625, -0.00229471619241], [7.11024040356e-05, -0.00105310895015, -0.000128574043629, -0.00126460858155, 0.00399748142809, -0.00161174801178, -0.000117136267363, -0.000381043268135, -7.92329519754e-05, -0.00105388730299, 0.000602019077633, -0.000777751323767, 0.000470579368994], [-0.000212026832742, 0.0015075012343, -0.000768853642512, 0.000515316845849, -0.00161174801178, 0.00701188202947, -0.00406459672377, 0.000522274640389, 0.000148641061969, -0.00065463775536, -0.000735198729672, 0.000983579433523, -0.000705216021743], [0.00024980501621, -0.00110456009861, 0.00033201824408, -0.000328932568664, -0.000117136267363, -0.00406459672377, 0.00692796939984, -0.00252115447074, 0.000236875246628, 0.00170887541026, -0.00161339517217, 0.000264006666839, 0.000483313982841], [-0.000349437672412, 0.00125748093706, -0.000558186497074, 0.000270504417131, -0.000381043268135, 0.000522274640389, -0.00252115447074, 0.00991899427027, -0.00418676808476, -0.000293639488518, 0.000620995822828, -0.00100403069519, 0.000669868430123], [0.000138143688673, -0.00154362642206, 0.000820311252028, -0.00108895101584, -7.92329519754e-05, 0.000148641061969, 0.000236875246628, -0.00418676808476, 0.010312997736, -0.00435919780284, -0.00108209438622, 0.00212153187022, -0.00147714396007], [-9.46610743995e-05, 0.00195303617511, -0.00108620198444, 0.000842521956656, -0.00105388730299, -0.00065463775536, 0.00170887541026, -0.000293639488518, -0.00435919780284, 0.0123976720497, -0.00454253144562, 0.000848056632094, 0.00142472947482], [0.00027862234856, -0.00210074568167, 0.000709355808794, -0.00102631864138, 0.000602019077633, -0.000735198729672, -0.00161339517217, 0.000620995822828, -0.00108209438622, -0.00454253144562, 0.0161322131753, -0.00681418878958, 0.000989004969597], [-0.000274664489552, 0.00188244727906, -0.000785291951615, 0.00169398018625, -0.000777751323767, 0.000983579433523, 0.000264006666839, -0.00100403069519, 0.00212153187022, 0.000848056632094, -0.00681418878958, 0.016678750515, -0.0057193688117], [0.000405087688705, -0.000982127385214, 0.000579458021093, -0.00229471619241, 0.000470579368994, -0.000705216021743, 0.000483313982841, 0.000669868430123, -0.00147714396007, 0.00142472947482, 0.000989004969597, -0.0057193688117, 0.0144094228745]]
    },
    "melbands": {
        "dmean": [0.00515273911878, 0.00278205308132, 0.000670425069984, 0.00031283631688, 0.0002445691498, 0.00036545319017, 0.000452835636679, 0.000240245994064, 0.000283292960376, 0.000122439480037, 0.000103948244941, 6.71248344588e-05, 4.95613203384e-05, 5.47634990653e-05, 4.49222898169e-05, 3.62879181921e-05, 2.37848216784e-05, 2.46940380748e-05, 2.13825514948e-05, 1.77435958904e-05, 1.7627608031e-05, 1.54198442033e-05, 1.35831051011e-05, 8.56702445162e-06, 8.79586878e-06, 8.35597802507e-06, 6.48847071716e-06, 4.52083213531e-06, 5.00537362313e-06, 4.94550204166e-06, 5.29076078237e-06, 4.80439530293e-06, 4.27849772677e-06, 3.99397777073e-06, 2.54382234743e-06, 2.49827576226e-06, 1.82911799129e-06, 1.47388277583e-06, 1.30723526581e-06, 9.10653113806e-07],
        "dmean2": [0.00915096048266, 0.00485162204131, 0.0010749772191, 0.00050527631538, 0.00042177492287, 0.000606640707701, 0.000727436505258, 0.000394719041651, 0.000450332590844, 0.000194214953808, 0.000162972355611, 0.000104210143036, 7.74568761699e-05, 8.69894065545e-05, 7.19147574273e-05, 5.62024724786e-05, 3.77669348381e-05, 3.88167100027e-05, 3.26706940541e-05, 2.6108649763e-05, 2.79458326986e-05, 2.32958755078e-05, 2.1805308279e-05, 1.27991161207e-05, 1.35017880893e-05, 1.23749878185e-05, 1.00249162642e-05, 6.5439530772e-06, 7.13425060894e-06, 6.61115382172e-06, 7.99700956122e-06, 7.1179333645e-06, 6.20522860117e-06, 5.84972667639e-06, 3.75241961592e-06, 3.60392300536e-06, 2.56599059867e-06, 2.05340279535e-06, 1.84736518349e-06, 1.34682943553e-06],
        "dvar": [8.47351402626e-05, 3.53127179551e-05, 2.80488848148e-06, 3.92655238102e-07, 3.9526190676e-07, 7.20213677141e-07, 2.12940767597e-06, 5.67228937598e-07, 7.12220639798e-07, 1.63752090998e-07, 1.38488758239e-07, 4.91336820119e-08, 2.39332322849e-08, 2.97216171674e-08, 2.07306882771e-08, 1.19863843295e-08, 6.26146912097e-09, 4.55019399936e-09, 2.75572520358e-09, 1.96531457775e-09, 1.62564794959e-09, 9.71432934094e-10, 6.74335698392e-10, 2.53196963396e-10, 6.0815802394e-10, 3.84213133531e-10, 2.83539636214e-10, 1.14721281086e-10, 1.16342137313e-10, 1.28428115365e-10, 1.73491873645e-10, 1.19119505926e-10, 1.1457602922e-10, 9.69498231695e-11, 3.28791820159e-11, 4.21057563815e-11, 1.64630704902e-11, 1.05743235349e-11, 1.05532249606e-11, 6.18057254681e-12],
        "dvar2": [0.000267292227363, 8.5281477368e-05, 6.88167210683e-06, 9.43027089306e-07, 1.02279693692e-06, 1.77007518687e-06, 5.28138525624e-06, 1.43678857967e-06, 1.72911904883e-06, 3.97719873035e-07, 3.32855449869e-07, 1.10795689068e-07, 5.17258627042e-08, 7.25141475755e-08, 5.04366752807e-08, 2.92236492783e-08, 1.53731978259e-08, 1.17168994507e-08, 6.35887342781e-09, 4.25135571192e-09, 3.85969656236e-09, 2.18446238875e-09, 1.65372449068e-09, 5.3828780322e-10, 1.48430356894e-09, 7.91892107443e-10, 7.10635550405e-10, 2.61995786177e-10, 2.33426833418e-10, 2.42820846763e-10, 3.88948540042e-10, 2.5828184036e-10, 2.17711432215e-10, 2.05022665511e-10, 6.76769057462e-11, 8.60368165601e-11, 3.08840626684e-11, 2.16127480496e-11, 2.2247021933e-11, 1.29269216859e-11],
        "max": [0.0806276649237, 0.049349360168, 0.0184038691223, 0.0138783659786, 0.0118826869875, 0.0203030928969, 0.0320498012006, 0.0189147144556, 0.0167900454253, 0.0131575306877, 0.00763660762459, 0.00986727047712, 0.00480954768136, 0.00566800870001, 0.00503732124344, 0.00219553778879, 0.00180966220796, 0.00160482886713, 0.00105823506601, 0.000983571982943, 0.00104384124279, 0.000501978967804, 0.000535817991477, 0.000308675284032, 0.000251549616223, 0.000283936853521, 0.000246551557211, 0.000372081034584, 0.00013641807891, 0.000185957484064, 0.000215166975977, 0.000149536484969, 0.000162119060406, 0.000131304434035, 0.000101962403278, 0.000103768383269, 7.14645721018e-05, 6.62436359562e-05, 5.66979688301e-05, 4.28556704719e-05],
        "mean": [0.00706298043951, 0.00365052232519, 0.000728926213924, 0.000346757820807, 0.000235848812736, 0.000393418158637, 0.000463218137156, 0.000260404252913, 0.000323071610183, 0.000143645083881, 0.000122453828226, 7.99716290203e-05, 5.96314603172e-05, 6.46967819193e-05, 5.12129008712e-05, 4.24491772719e-05, 2.80526874121e-05, 2.86636586679e-05, 2.6796502425e-05, 2.36477935687e-05, 2.20966812776e-05, 1.97622921405e-05, 1.78506652446e-05, 1.16011633509e-05, 9.5458344731e-06, 1.03005950223e-05, 7.36052788852e-06, 5.90317995375e-06, 6.36695813228e-06, 6.3351967583e-06, 6.5079648266e-06, 5.8932837419e-06, 5.82618758926e-06, 5.27072506884e-06, 3.72262616111e-06, 3.35769027515e-06, 2.58171326095e-06, 2.11317660614e-06, 1.72187981207e-06, 1.20970605622e-06],
        "median": [0.000459341186797, 0.000189379177755, 0.000129035237478, 9.74778595264e-05, 5.46294577362e-05, 6.07882502663e-05, 6.20728606009e-05, 5.03539122292e-05, 5.56159939151e-05, 2.77604067378e-05, 1.47627997649e-05, 1.71743031387e-05, 1.1524411093e-05, 1.58795282914e-05, 9.35595198825e-06, 5.56349732506e-06, 2.97998508358e-06, 5.08102675667e-06, 5.53916379431e-06, 4.95966833114e-06, 7.83093310019e-06, 4.60709816252e-06, 4.70274471809e-06, 3.24286202158e-06, 2.07281982512e-06, 3.48618777934e-06, 1.70011844602e-06, 2.09898621506e-06, 1.37996607918e-06, 1.29876593746e-06, 1.13470628094e-06, 1.13272017188e-06, 9.96287099042e-07, 9.41705479818e-07, 8.61583941969e-07, 6.37326706965e-07, 5.04049808114e-07, 4.04823765621e-07, 2.57752446942e-07, 1.5787401253e-07],
        "min": [3.00649879337e-24, 6.17463636951e-24, 4.55050113885e-24, 4.57887173244e-24, 7.45533035546e-24, 4.45267765344e-24, 2.27510147471e-24, 3.94483779608e-24, 4.43845646347e-24, 7.65200757863e-24, 1.00809734147e-23, 1.11475551682e-23, 1.05165035204e-23, 6.5091027437e-24, 3.26647579329e-24, 1.31346484568e-23, 9.08772811524e-24, 6.65710251585e-24, 8.71340493825e-24, 6.41755228021e-24, 1.18491909342e-23, 5.63875014039e-24, 5.93896496294e-24, 9.51518896282e-24, 9.69828673436e-24, 9.89831424979e-24, 6.8692587677e-24, 6.33445406688e-24, 1.28173110138e-23, 8.83162836667e-24, 8.62398124375e-24, 7.23929369682e-24, 5.98576137512e-24, 8.59113938655e-24, 9.24712771634e-24, 6.73474772817e-24, 9.48388065121e-24, 8.30367926154e-24, 7.90949098923e-24, 8.9451217851e-24],
        "var": [0.000127541396068, 4.83572730445e-05, 2.83252052213e-06, 4.5940529958e-07, 3.76255883339e-07, 9.54683400778e-07, 2.13969019569e-06, 5.99433292336e-07, 9.62614990385e-07, 1.97214262698e-07, 1.80228681756e-07, 7.30346414457e-08, 3.41710197915e-08, 3.38446284331e-08, 2.52779912557e-08, 1.66083289344e-08, 7.70566899178e-09, 4.8565276245e-09, 3.88965881726e-09, 3.0266644746e-09, 2.13015316497e-09, 1.4520457059e-09, 9.76115188678e-10, 4.30578267485e-10, 5.96670157726e-10, 4.95737839667e-10, 2.98533558984e-10, 1.4340262311e-10, 1.84810083903e-10, 2.02838690289e-10, 2.28738541996e-10, 1.71603120602e-10, 1.85613052706e-10, 1.42062486774e-10, 5.66127873747e-11, 6.29070961988e-11, 2.96949617673e-11, 1.8876856675e-11, 1.69115919185e-11, 1.02529226428e-11]
    },
    "mfcc": {
        "mean": [-667.520019531, 99.0187683105, 9.24223613739, 22.5907745361, 0.398237079382, 6.97615194321, -4.52163982391, 9.94521522522, 2.87042617798, 4.88545084, 1.38953208923, 6.32239151001, 5.62225723267],
        "cov": [[7386.06152344, -560.926086426, -407.12399292, -450.171722412, -208.340988159, -309.787261963, -230.800338745, -76.6486663818, -134.164932251, -54.7210845947, 39.4087944031, -60.238079071, -173.285690308], [-560.926086426, 2185.20629883, 164.918746948, 211.678527832, 157.941650391, 109.46194458, 103.380828857, 158.827194214, 17.6389713287, 82.3506011963, 39.0765228271, 40.8480110168, 85.1579589844], [-407.12399292, 164.918746948, 1049.84997559, 411.302520752, 326.716003418, 234.089782715, 221.785949707, 69.1719055176, 157.612930298, 63.5866355896, 60.5184936523, 85.2744293213, 93.1930084229], [-450.171722412, 211.678527832, 411.302520752, 666.89440918, 342.346099854, 183.95980835, 120.290931702, 84.3323898315, 138.116317749, 76.7810821533, 33.110584259, 62.5066108704, 71.1573867798], [-208.340988159, 157.941650391, 326.716003418, 342.346099854, 456.155090332, 199.593780518, 117.841789246, 50.6869659424, 111.080612183, 98.9961090088, 43.4557952881, 49.3807907104, 71.6176757812], [-309.787261963, 109.46194458, 234.089782715, 183.95980835, 199.593780518, 332.64642334, 213.306488037, 96.4411697388, 103.218833923, 69.5391540527, 68.0074768066, 39.6558189392, 45.1135978699], [-230.800338745, 103.380828857, 221.785949707, 120.290931702, 117.841789246, 213.306488037, 317.314910889, 140.284988403, 91.725189209, 45.7637519836, 66.0649490356, 46.3301315308, 32.5111160278], [-76.6486663818, 158.827194214, 69.1719055176, 84.3323898315, 50.6869659424, 96.4411697388, 140.284988403, 209.925201416, 77.9263458252, 44.2782936096, 50.070022583, 29.2921085358, 28.2144432068], [-134.164932251, 17.6389713287, 157.612930298, 138.116317749, 111.080612183, 103.218833923, 91.725189209, 77.9263458252, 176.332183838, 81.8432998657, 47.1106109619, 38.9871253967, 32.1990127563], [-54.7210845947, 82.3506011963, 63.5866355896, 76.7810821533, 98.9961090088, 69.5391540527, 45.7637519836, 44.2782936096, 81.8432998657, 155.037017822, 74.5341644287, 47.1973953247, 30.7618312836], [39.4087944031, 39.0765228271, 60.5184936523, 33.110584259, 43.4557952881, 68.0074768066, 66.0649490356, 50.070022583, 47.1106109619, 74.5341644287, 142.928405762, 59.2761802673, 10.4917078018], [-60.238079071, 40.8480110168, 85.2744293213, 62.5066108704, 49.3807907104, 39.6558189392, 46.3301315308, 29.2921085358, 38.9871253967, 47.1973953247, 59.2761802673, 107.711837769, 49.2041130066], [-173.285690308, 85.1579589844, 93.1930084229, 71.1573867798, 71.6176757812, 45.1135978699, 32.5111160278, 28.2144432068, 32.1990127563, 30.7618312836, 10.4917078018, 49.2041130066, 113.876457214]],
