{
"lowlevel": {
    "average_loudness": 0.889916479588,
    "barkbands_crest": {
        "dmean": 2.86727595329,
        "dmean2": 4.40409374237,
        "dvar": 9.97865390778,
        "dvar2": 21.4878044128,
        "max": 26.4996471405,
        "mean": 14.7897348404,
        "median": 13.8006029129,
        "min": 2.08403110504,
        "var": 49.6614646912
    },
    "barkbands_flatness_db": {
        "dmean": 0.0348532311618,
        "dmean2": 0.0478184483945,
        "dvar": 0.00136201584246,
        "dvar2": 0.0023275653366,
        "max": 0.65649920702,
        "mean": 0.17905819416,
        "median": 0.160537913442,
        "min": 0.0141267301515,
        "var": 0.00874690618366
    },
    "barkbands_kurtosis": {
        "dmean": 21.5850124359,
        "dmean2": 30.9489841461,
        "dvar": 7969.41601562,
        "dvar2": 14899.3916016,
        "max": 2569.09350586,
        "mean": 31.2176704407,
        "median": 2.96167588234,
        "min": -1.97485721111,
        "var": 15457.4511719
    },
    "barkbands_skewness": {
        "dmean": 1.27549254894,
        "dmean2": 1.74801039696,
        "dvar": 4.26158666611,
        "dvar2": 7.39247560501,
        "max": 43.5207138062,
        "mean": 2.77192282677,
        "median": 1.64019739628,
        "min": -8.24897575378,
        "var": 17.4943809509
    },
    "barkbands_spread": {
        "dmean": 9.34570884705,
        "dmean2": 14.0645446777,
        "dvar": 138.776489258,
        "dvar2": 296.216949463,
        "max": 129.192352295,
        "mean": 26.0160617828,
        "median": 21.707201004,
        "min": 0.0542746782303,
        "var": 395.591217041
    },
    "dissonance": {
        "dmean": 0.0209312196821,
        "dmean2": 0.0336457155645,
        "dvar": 0.00076751987217,
        "dvar2": 0.00185384589713,
        "max": 0.500000119209,
        "mean": 0.462578564882,
        "median": 0.4801030159,
        "min": 0.191724702716,
        "var": 0.00196071737446
    },
    "dynamic_complexity": 4.06484079361,
    "erbbands_crest": {
        "dmean": 3.45506191254,
        "dmean2": 5.52558898926,
        "dvar": 11.2219514847,
        "dvar2": 27.1262073517,
        "max": 33.9955596924,
        "mean": 10.2026805878,
        "median": 8.68814754486,
        "min": 2.37981152534,
        "var": 29.3117160797
    },
    "erbbands_flatness_db": {
        "dmean": 0.0282179526985,
        "dmean2": 0.0411551706493,
        "dvar": 0.00077329587657,
        "dvar2": 0.00161336059682,
        "max": 0.499503135681,
        "mean": 0.158523827791,
        "median": 0.148351043463,
        "min": 0.0415248461068,
        "var": 0.00340947182849
    },
    "erbbands_kurtosis": {
        "dmean": 2.02464389801,
        "dmean2": 3.14739489555,
        "dvar": 15.9054317474,
        "dvar2": 36.6151046753,
        "max": 181.658737183,
        "mean": 1.60706853867,
        "median": 0.154106378555,
        "min": -1.92314863205,
        "var": 27.1763687134
    },
    "erbbands_skewness": {
        "dmean": 0.588042914867,
        "dmean2": 0.851923882961,
        "dvar": 0.384780913591,
        "dvar2": 0.785118222237,
        "max": 10.1758518219,
        "mean": -0.0838303491473,
        "median": -0.191542118788,
        "min": -6.2719912529,
        "var": 1.51844632626
    },
    "erbbands_spread": {
        "dmean": 15.2739171982,
        "dmean2": 23.3976669312,
        "dvar": 307.2762146,
        "dvar2": 688.110900879,
        "max": 199.572631836,
        "mean": 47.9331932068,
        "median": 42.4268341064,
        "min": 0.41866672039,
        "var": 871.2578125
    },
    "hfc": {
        "dmean": 11.7246904373,
        "dmean2": 15.9306879044,
        "dvar": 792.214294434,
        "dvar2": 1557.78894043,
        "max": 307.069213867,
        "mean": 18.2886734009,
        "median": 8.18959617615,
        "min": 1.14157091991e-16,
        "var": 1207.18847656
    },
    "melbands_crest": {
        "dmean": 3.37534070015,
        "dmean2": 5.04996919632,
        "dvar": 13.7235479355,
        "dvar2": 29.8019771576,
        "max": 35.2929878235,
        "mean": 21.0630893707,
        "median": 19.9933567047,
        "min": 1.87784194946,
        "var": 84.7098464966
    },
    "melbands_flatness_db": {
        "dmean": 0.0385959409177,
        "dmean2": 0.0512995198369,
        "dvar": 0.00165928911883,
        "dvar2": 0.00260501680896,
        "max": 0.779457509518,
        "mean": 0.237274631858,
        "median": 0.218738734722,
        "min": 0.00651569617912,
        "var": 0.0139838345349
    },
    "melbands_kurtosis": {
        "dmean": 42.5176467896,
        "dmean2": 63.16040802,
        "dvar": 12222.4101562,
        "dvar2": 24345.6621094,
        "max": 1943.49291992,
        "mean": 74.4932785034,
        "median": 12.7468166351,
        "min": -1.91407001019,
        "var": 30102.0878906
    },
    "melbands_skewness": {
        "dmean": 1.74232804775,
        "dmean2": 2.4708635807,
        "dvar": 6.18828010559,
        "dvar2": 11.5435791016,
        "max": 35.8639068604,
        "mean": 4.95838260651,
        "median": 3.15943956375,
        "min": -6.10016012192,
        "var": 28.4025306702
    },
    "melbands_spread": {
        "dmean": 13.6723031998,
        "dmean2": 19.998418808,
        "dvar": 485.887298584,
        "dvar2": 1053.09545898,
        "max": 281.834533691,
        "mean": 30.9173755646,
        "median": 18.6360836029,
        "min": 0.136354938149,
        "var": 1220.58312988
    },
    "pitch_salience": {
        "dmean": 0.0835174620152,
        "dmean2": 0.1280207932,
        "dvar": 0.0082534076646,
        "dvar2": 0.0175066199154,
        "max": 0.958758890629,
        "mean": 0.430900037289,
        "median": 0.45771509409,
        "min": 0.00947987195104,
        "var": 0.0448965765536
    },
    "silence_rate_20dB": {
        "dmean": 0,
        "dmean2": 0,
        "dvar": 0,
        "dvar2": 0,
        "max": 1,
        "mean": 1,
        "median": 1,
        "min": 1,
        "var": 0
    },
    "silence_rate_30dB": {
        "dmean": 0.0340364836156,
        "dmean2": 0.0680799037218,
        "dvar": 0.0328789837658,
        "dvar2": 0.0669130310416,
        "max": 1,
        "mean": 0.955573678017,
        "median": 1,
        "min": 0,
        "var": 0.0424555130303
    },
    "silence_rate_60dB": {
        "dmean": 0.0727606266737,
        "dmean2": 0.145536080003,
        "dvar": 0.0674657076597,
        "dvar2": 0.13863709569,
        "max": 1,
        "mean": 0.189423277974,
        "median": 0,
        "min": 0,
        "var": 0.153545871377
    },
    "spectral_centroid": {
        "dmean": 429.660858154,
        "dmean2": 622.162353516,
        "dvar": 253308.15625,
        "dvar2": 474081.0625,
        "max": 11098.1572266,
        "mean": 2002.71105957,
        "median": 1928.01550293,
        "min": 64.6806945801,
        "var": 970718.6875
    },
    "spectral_complexity": {
        "dmean": 4.0678691864,
        "dmean2": 5.64472055435,
        "dvar": 39.5008201599,
        "dvar2": 60.2640762329,
        "max": 63,
        "mean": 10.9207258224,
        "median": 7,
        "min": 0,
        "var": 141.979660034
    },
    "spectral_decrease": {
        "dmean": 1.98344674018e-09,
        "dmean2": 2.69956013099e-09,
        "dvar": 1.77057778506e-17,
        "dvar2": 3.34738520292e-17,
        "max": -2.20957398529e-29,
        "mean": -6.88765044998e-09,
        "median": -2.65082311657e-09,
        "min": -4.23933848026e-08,
        "var": 7.92017958807e-17
    },
    "spectral_energy": {
        "dmean": 0.0083746323362,
        "dmean2": 0.0113499332219,
        "dvar": 0.000303163047647,
        "dvar2": 0.000580263265874,
        "max": 0.164587140083,
        "mean": 0.0276543516666,
        "median": 0.0112664289773,
        "min": 1.05383343183e-20,
        "var": 0.00121227430645
    },
    "spectral_energyband_high": {
        "dmean": 0.00110417220276,
        "dmean2": 0.00154202361591,
        "dvar": 8.32022033137e-06,
        "dvar2": 1.68232454598e-05,
        "max": 0.0341110378504,
        "mean": 0.00146411894821,
        "median": 0.000408654217608,
        "min": 7.56392369812e-21,
        "var": 1.1890991118e-05
    },
    "spectral_energyband_low": {
        "dmean": 0.00461675506085,
        "dmean2": 0.00606117816642,
        "dvar": 0.000181092182174,
        "dvar2": 0.000323689455399,
        "max": 0.154958054423,
        "mean": 0.0199628360569,
        "median": 0.00357330683619,
        "min": 3.35767947353e-23,
        "var": 0.00102364725899
    },
    "spectral_energyband_middle_high": {
        "dmean": 0.00194604706485,
        "dmean2": 0.00261122453958,
        "dvar": 1.63332078955e-05,
        "dvar2": 3.0535939004e-05,
        "max": 0.0496974103153,
        "mean": 0.00315384170972,
        "median": 0.00120755028911,
        "min": 1.34072164025e-21,
        "var": 3.01357322314e-05
    },
    "spectral_energyband_middle_low": {
        "dmean": 0.0027910224162,
        "dmean2": 0.00458598788828,
        "dvar": 5.21061338077e-05,
        "dvar2": 0.000135972833959,
        "max": 0.0807552933693,
        "mean": 0.00338906981051,
        "median": 0.00159447151236,
        "min": 3.16085836214e-22,
        "var": 4.43272438133e-05
    },
    "spectral_entropy": {
        "dmean": 0.233259707689,
        "dmean2": 0.335039377213,
        "dvar": 0.0681819692254,
        "dvar2": 0.131048560143,
        "max": 9.81411075592,
        "mean": 7.72398948669,
        "median": 7.84191799164,
        "min": 4.55549526215,
        "var": 0.267844110727
    },
    "spectral_flux": {
        "dmean": 0.0265152193606,
        "dmean2": 0.0383774451911,
        "dvar": 0.00183086772449,
        "dvar2": 0.00347415590659,
        "max": 0.374489635229,
        "mean": 0.0648543685675,
        "median": 0.0491281300783,
        "min": 1.02656390333e-10,
        "var": 0.00333946943283
    },
    "spectral_kurtosis": {
        "dmean": 1.20700573921,
        "dmean2": 1.96925723553,
        "dvar": 1.86951541901,
        "dvar2": 4.86263847351,
        "max": 25.3270492554,
        "mean": 2.84700989723,
        "median": 2.55788254738,
        "min": -1.16784894466,
        "var": 3.88218092918
    },
    "spectral_rms": {
        "dmean": 0.000755802204367,
        "dmean2": 0.000972471840214,
        "dvar": 1.42551255067e-06,
        "dvar2": 2.47304728873e-06,
        "max": 0.0126717332751,
        "mean": 0.00425562728196,
        "median": 0.00331536401063,
        "min": 3.2064468268e-12,
        "var": 8.86963880475e-06
    },
    "spectral_rolloff": {
        "dmean": 825.118164062,
        "dmean2": 1331.68054199,
        "dvar": 2202151.75,
        "dvar2": 4546529.5,
        "max": 18927.6855469,
        "mean": 2021.31591797,
        "median": 1033.59375,
        "min": 64.599609375,
        "var": 5528812
    },
    "spectral_skewness": {
        "dmean": 0.236530512571,
        "dmean2": 0.364482432604,
        "dvar": 0.0519148595631,
        "dvar2": 0.11938084662,
        "max": 4.1727643013,
        "mean": 1.15980768204,
        "median": 1.1428630352,
        "min": -0.321685761213,
        "var": 0.167724788189
    },
    "spectral_spread": {
        "dmean": 937607.0625,
        "dmean2": 1377188,
        "dvar": 1.49851144192e+12,
        "dvar2": 2.72131057254e+12,
        "max": 45723864,
        "mean": 5398170.5,
        "median": 4849234.5,
        "min": 1549587.5,
        "var": 4.01921854669e+12
    },
    "spectral_strongpeak": {
        "dmean": 0.328255563974,
        "dmean2": 0.527853488922,
        "dvar": 0.34318369627,
        "dvar2": 0.848469793797,
        "max": 8.02171421051,
        "mean": 0.649799585342,
        "median": 0.411421060562,
        "min": 0,
        "var": 0.558169841766
    },
    "zerocrossingrate": {
        "dmean": 0.018118204549,
        "dmean2": 0.0199754405767,
        "dvar": 0.000482068368001,
        "dvar2": 0.000526292715222,
        "max": 0.498046875,
        "mean": 0.0722420439124,
        "median": 0.05712890625,
        "min": 0.001953125,
        "var": 0.00355816725641
    },
    "barkbands": {
        "dmean": [0.000203618415981, 0.00433102669194, 0.00110845535528, 0.000494555279147, 0.00156447745394, 0.000220688743866, 0.000248164666118, 0.000336041441187, 0.000387801119359, 0.000351117254468, 0.000257752923062, 0.000182901057997, 0.000179741124157, 0.000218421322643, 0.000185417040484, 0.000238594453549, 0.000221584035899, 0.000287114875391, 0.000400272809202, 0.000368284876458, 0.000303617794998, 0.000228058372159, 0.000197863482754, 0.000130502172397, 8.40530410642e-05, 5.38213535037e-05, 7.17148486729e-06],
        "dmean2": [0.000288535666186, 0.00571118388325, 0.00206644181162, 0.000902822997887, 0.00262677320279, 0.000358026969479, 0.000396214571083, 0.000528335687704, 0.000605743436608, 0.000527682306711, 0.000378528173314, 0.000285095418803, 0.000285040150629, 0.000319806975313, 0.000294639263302, 0.000362145918189, 0.000341764651239, 0.000437695533037, 0.000605607056059, 0.000551244243979, 0.000439635739895, 0.00033342212555, 0.000292012060527, 0.000191612038179, 0.00012466814951, 8.12762154965e-05, 1.18979569379e-05],
        "dvar": [1.32233338945e-07, 0.000171641237102, 2.77449908026e-05, 3.53764744432e-06, 3.54263174813e-05, 2.82690251652e-07, 4.3543349193e-07, 1.06774098185e-06, 1.45036551658e-06, 1.00051056506e-06, 7.44523276808e-07, 3.04476941437e-07, 2.96501866615e-07, 2.65251316023e-07, 3.86736132896e-07, 4.12795088778e-07, 4.22261450694e-07, 8.03343880307e-07, 1.70865473592e-06, 1.56387966399e-06, 9.13215444598e-07, 3.97186965984e-07, 1.92223282625e-07, 9.85165726775e-08, 4.80545097048e-08, 1.29510668856e-08, 4.39654201934e-10],
        "dvar2": [2.59141017978e-07, 0.000325810193317, 8.11490754131e-05, 1.03115053207e-05, 9.12086979952e-05, 7.43084569876e-07, 1.0320891306e-06, 2.52606059803e-06, 3.39618600265e-06, 2.14954116018e-06, 1.37758672736e-06, 7.03870512098e-07, 7.16999352335e-07, 5.58893248126e-07, 9.3331499329e-07, 9.2849899147e-07, 9.82731194199e-07, 1.77924869149e-06, 3.82636471841e-06, 3.56003238267e-06, 1.96768155547e-06, 8.59998067426e-07, 4.18783400846e-07, 2.16692924937e-07, 1.08496472251e-07, 2.76111382647e-08, 1.14967679821e-09],
        "max": [0.00550205726177, 0.151821881533, 0.063764475286, 0.0199103225023, 0.0726908296347, 0.0116869574413, 0.010640181601, 0.0193698164076, 0.0210669245571, 0.0164734758437, 0.0277048889548, 0.0137172518298, 0.0106754265726, 0.0100844670087, 0.0205011833459, 0.0252793710679, 0.0155757777393, 0.0149044198915, 0.0222458746284, 0.0194564592093, 0.012810152024, 0.010404673405, 0.00527411606163, 0.00603790394962, 0.00240839947946, 0.00148722308222, 0.000446737307357],
        "mean": [0.000771791383158, 0.0180432870984, 0.000912578369025, 0.00047049522982, 0.00140404328704, 0.000286340975435, 0.000289462244837, 0.000360510486644, 0.000447960948804, 0.000440825358965, 0.000314430450089, 0.000202780094696, 0.000192424136912, 0.000307150097797, 0.000205371543416, 0.000301897671307, 0.000257359206444, 0.000335924967658, 0.000457033747807, 0.000417314236984, 0.000383554724976, 0.000284453912172, 0.000252992176684, 0.00015767570585, 9.33375558816e-05, 5.69501971768e-05, 6.41946689939e-06],
        "median": [9.26175780478e-05, 0.0019423388876, 7.27525693947e-05, 6.52665476082e-05, 0.000213575593079, 6.5571788582e-05, 5.47045929125e-05, 3.9575392293e-05, 3.68160253856e-05, 3.38064055541e-05, 2.30431051023e-05, 2.26515003305e-05, 2.42641035584e-05, 4.86191565869e-05, 3.4568922274e-05, 5.23389680893e-05, 4.62616881123e-05, 5.39488028153e-05, 5.34094142495e-05, 6.36948825559e-05, 6.58716016915e-05, 5.56761297048e-05, 5.45687544218e-05, 2.8543487133e-05, 1.09431148303e-05, 6.48877994536e-06, 5.17417902302e-07],
        "min": [5.12181905553e-24, 1.71854137063e-23, 3.78033584265e-24, 1.13658148368e-23, 5.3910463962e-23, 4.91831140133e-23, 3.72875554127e-23, 4.45479093291e-23, 1.09702859743e-22, 3.37953028952e-23, 3.72315336667e-23, 3.61162231862e-23, 6.84605489749e-23, 3.41626880405e-23, 1.0887894817e-22, 5.66654439221e-23, 8.67970401151e-23, 1.46414893794e-22, 2.67232702717e-22, 3.08367318194e-22, 3.88666264909e-22, 4.96945262272e-22, 4.54865326373e-22, 8.30194490351e-22, 1.16244503315e-21, 1.61711285399e-21, 2.12617608e-21],
        "var": [1.41097029882e-06, 0.000902764091734, 1.5739002265e-05, 2.21374989451e-06, 2.80128133454e-05, 3.28231408275e-07, 5.45974387478e-07, 1.25841938825e-06, 2.19787375499e-06, 1.67710561527e-06, 1.3332354456e-06, 3.86361307392e-07, 3.43516120438e-07, 4.70105845807e-07, 3.92920497916e-07, 5.47891715996e-07, 4.8754651516e-07, 9.71928443505e-07, 2.02084015655e-06, 1.77630715825e-06, 1.18088803447e-06, 5.35770595889e-07, 2.73476814527e-07, 1.36453834898e-07, 5.88404880375e-08, 1.68196212513e-08, 3.72654324066e-10]
    },
    "erbbands": {
        "dmean": [0.152599126101, 0.953485548496, 1.37312161922, 1.46130108833, 2.07680177689, 7.33677959442, 4.32017707825, 1.66092824936, 2.75282597542, 5.03028202057, 7.70190286636, 8.65515422821, 10.2580785751, 10.1084575653, 9.3351726532, 6.83960294724, 7.93727302551, 11.2018289566, 8.87432670593, 10.5876455307, 12.3671607971, 12.136100769, 14.8454027176, 18.9258613586, 19.4165000916, 17.3202400208, 14.1265010834, 10.9556741714, 8.3741569519, 6.9396481514, 5.58319091797, 3.43071532249, 1.83316171169, 1.03211963177, 0.552767336369, 0.253326565027, 0.0973359644413, 0.0186427887529, 0.0010546206031, 5.17561093147e-05],
        "dmean2": [0.18718393147, 1.30924475193, 2.431163311, 2.64879322052, 3.74520087242, 12.2224559784, 7.14901399612, 2.59715032578, 4.37318611145, 7.88589286804, 12.0150213242, 13.3850717545, 15.4974679947, 14.5674600601, 13.4388475418, 10.5258722305, 12.3949861526, 16.1277923584, 13.6100625992, 16.13306427, 18.8229980469, 18.4761486053, 22.6814823151, 28.9116230011, 29.1195793152, 25.8981437683, 20.7231349945, 15.9946641922, 12.3849544525, 10.1836166382, 8.30389881134, 5.0605840683, 2.71003580093, 1.53084981441, 0.829165160656, 0.3839866817, 0.148872971535, 0.0281553678215, 0.00179655256215, 8.61199732753e-05],
        "dvar": [0.184182524681, 9.26062488556, 37.9589233398, 35.2898139954, 48.4390258789, 910.048400879, 261.529266357, 13.6484031677, 50.3449211121, 202.636901855, 603.307495117, 855.709960938, 821.57421875, 928.661987305, 822.684936523, 428.081359863, 588.684082031, 676.063476562, 859.843261719, 1290.34008789, 1013.81524658, 1346.39562988, 2097.50708008, 3789.5559082, 4178.54345703, 3422.05126953, 1997.05285645, 1284.74719238, 563.233642578, 285.458068848, 150.187393188, 64.4812240601, 21.2132415771, 7.61437702179, 1.98544085026, 0.325769394636, 0.0400717034936, 0.00162215507589, 1.16892679216e-05, 4.69005172476e-08],
        "dvar2": [0.283897131681, 19.3664569855, 107.467765808, 102.435966492, 138.9402771, 2326.16992188, 682.66217041, 33.8354606628, 117.392463684, 470.05569458, 1469.96313477, 1990.80773926, 1817.85400391, 1831.12207031, 1572.56188965, 1043.21203613, 1416.68640137, 1394.6072998, 2139.35400391, 2812.23706055, 2372.42089844, 3093.79614258, 4653.99853516, 8510.4765625, 9327.67578125, 7781.52978516, 4321.28564453, 2865.72387695, 1218.5456543, 640.456726074, 325.854064941, 142.189147949, 47.3547477722, 17.3687458038, 4.45468378067, 0.698985159397, 0.0870919525623, 0.00346887391061, 3.2197960536e-05, 1.32912916229e-07],
        "max": [5.0215716362, 33.1466217041, 71.2430496216, 67.3553237915, 66.7235717773, 362.158599854, 238.496154785, 69.9666900635, 120.7215271, 227.774703979, 446.054748535, 659.051513672, 537.192626953, 601.016052246, 700.363098145, 481.825012207, 533.933654785, 468.332000732, 1320.1529541, 1909.69335938, 677.132141113, 874.924743652, 859.413391113, 1047.82214355, 917.004455566, 932.510131836, 739.049438477, 605.588562012, 371.695892334, 265.702758789, 156.002304077, 188.284576416, 51.4354476929, 31.7506923676, 15.1427307129, 8.36401748657, 2.22097182274, 0.484787881374, 0.069201990962, 0.00588426692411],
        "mean": [0.816315770149, 2.88640260696, 1.4511244297, 1.41018927097, 1.88456177711, 6.39335012436, 4.25039625168, 2.39516401291, 3.49470114708, 6.01458024979, 8.38007736206, 10.2562437057, 12.9209861755, 13.5595273972, 12.0714664459, 7.97566795349, 8.98916149139, 16.3501758575, 10.9520206451, 13.3280515671, 15.7303266525, 14.7370910645, 17.6275005341, 22.1555404663, 21.9644775391, 19.7374725342, 17.7867164612, 13.2570829391, 10.2163152695, 8.90588092804, 7.17225646973, 4.22469425201, 2.1552529335, 1.16126072407, 0.600347816944, 0.268261492252, 0.101689860225, 0.019692460075, 0.000892619311344, 6.5942054789e-05],
        "median": [0.0659587085247, 0.373482942581, 0.293116927147, 0.197833061218, 0.497130036354, 0.607448875904, 0.587591946125, 0.577069103718, 0.8098487854, 1.18888401985, 1.13569879532, 1.1396048069, 1.3547154665, 1.35028624535, 1.18781888485, 1.08640396595, 1.70257782936, 2.75835704803, 2.39194583893, 2.6678814888, 3.2247030735, 2.81581115723, 3.16130208969, 2.74709558487, 2.73678660393, 2.9844250679, 3.23111438751, 2.23875522614, 1.754986763, 2.27690029144, 1.52987444401, 0.793551564217, 0.345991253853, 0.143748909235, 0.0676247179508, 0.0273017287254, 0.012419375591, 0.00237108347937, 7.4692950875e-05, 2.27860546147e-05],
        "min": [2.66706349478e-22, 1.3308553506e-21, 3.51678826263e-21, 2.3147003159e-20, 3.02292476311e-20, 2.00789072259e-19, 4.76641062794e-19, 3.49599122951e-19, 6.07698111481e-19, 4.16622647005e-19, 1.28439053067e-18, 2.60432294432e-18, 1.68009098825e-18, 1.25859996975e-18, 2.68052323594e-18, 1.7024884543e-18, 3.10067659999e-18, 3.5419596724e-18, 3.26611334288e-18, 3.0196962384e-18, 3.89501524709e-18, 4.34337981273e-18, 6.42557084477e-18, 8.26935767092e-18, 1.99644491071e-17, 1.53728456275e-17, 1.44600931805e-17, 1.55914727721e-17, 1.63241165668e-17, 1.5201794603e-17, 1.23377578326e-17, 1.48679494708e-17, 1.24129684026e-17, 1.13217029349e-17, 9.09934159857e-18, 5.73152288385e-18, 2.99413759825e-18, 1.06112652173e-18, 2.83754460517e-19, 3.23636934977e-20],
        "var": [1.74222195148, 27.7559871674, 25.3747367859, 21.7288360596, 29.2890930176, 725.369445801, 210.842025757, 21.4683303833, 67.4291152954, 270.971923828, 655.236206055, 1256.18225098, 1380.50146484, 1719.14160156, 1553.54370117, 488.203338623, 686.995300293, 1280.47058105, 837.718566895, 1488.99609375, 1309.12036133, 1579.81848145, 2541.70727539, 4481.16992188, 4931.49365234, 3916.97949219, 2532.55297852, 1568.48925781, 754.0078125, 373.211578369, 219.912597656, 92.9301605225, 27.3134803772, 9.24127101898, 2.41182208061, 0.415709197521, 0.0507359430194, 0.00209069135599, 8.4131688709e-06, 3.16643777865e-08]
    },
    "gfcc": {
        "mean": [-59.9013328552, 45.5505714417, -105.386428833, 50.3979949951, -51.9346885681, 21.4888420105, -26.7019786835, 12.1269712448, -14.6907873154, 9.30335044861, -14.1286363602, 6.32264041901, -8.97402954102],
        "cov": [[9788.36328125, -207.164749146, -78.1019897461, 126.824966431, 125.680473328, 174.676269531, -157.723648071, 395.009063721, -170.14616394, 25.3721160889, -158.460098267, 200.943603516, -132.423049927], [-207.164749146, 2111.66748047, 137.747314453, -26.8408679962, 274.828277588, -85.7013473511, 253.18927002, 122.209709167, 131.217910767, -54.7459182739, 138.723403931, -25.4325428009, 36.0131759644], [-78.1019897461, 137.747314453, 1600.65356445, 443.826660156, 357.059448242, 233.766815186, 76.0709762573, 211.537246704, 226.420211792, 90.3061599731, 89.0644836426, 66.1581039429, -45.030834198], [126.824966431, -26.8408679962, 443.826660156, 974.585632324, 477.450073242, 63.9019012451, -33.8857727051, 39.2847099304, 113.103309631, 108.499183655, 144.844955444, 12.4728488922, 19.9506225586], [125.680473328, 274.828277588, 357.059448242, 477.450073242, 783.054504395, 350.753143311, 181.325180054, 166.137878418, 173.092391968, 138.029006958, 175.487579346, 68.4468612671, 37.5795593262], [174.676269531, -85.7013473511, 233.766815186, 63.9019012451, 350.753143311, 569.103088379, 332.795654297, 155.018722534, 126.865867615, 118.306694031, 91.167755127, 61.4532432556, 48.1124038696], [-157.723648071, 253.18927002, 76.0709762573, -33.8857727051, 181.325180054, 332.795654297, 527.213256836, 195.822006226, 106.862754822, 49.1202964783, 111.102302551, 73.4728012085, 76.4996109009], [395.009063721, 122.209709167, 211.537246704, 39.2847099304, 166.137878418, 155.018722534, 195.822006226, 367.843902588, 188.815002441, 15.3983650208, 65.596282959, 101.58808136, 13.7443599701], [-170.14616394, 131.217910767, 226.420211792, 113.103309631, 173.092391968, 126.865867615, 106.862754822, 188.815002441, 348.977020264, 121.147766113, 51.0539970398, 27.0209922791, 52.2518424988], [25.3721160889, -54.7459182739, 90.3061599731, 108.499183655, 138.029006958, 118.306694031, 49.1202964783, 15.3983650208, 121.147766113, 206.17477417, 79.1925888062, -13.8327255249, 12.311668396], [-158.460098267, 138.723403931, 89.0644836426, 144.844955444, 175.487579346, 91.167755127, 111.102302551, 65.596282959, 51.0539970398, 79.1925888062, 210.091720581, 68.3713531494, 13.0385093689], [200.943603516, -25.4325428009, 66.1581039429, 12.4728488922, 68.4468612671, 61.4532432556, 73.4728012085, 101.58808136, 27.0209922791, -13.8327255249, 68.3713531494, 160.983901978, 45.6309318542], [-132.423049927, 36.0131759644, -45.030834198, 19.9506225586, 37.5795593262, 48.1124038696, 76.4996109009, 13.7443599701, 52.2518424988, 12.311668396, 13.0385093689, 45.6309318542, 153.19392395]],
        "icov": [[0.000140345699037, -6.20499777142e-05, 5.38517997484e-05, -9.57252414082e-05, 5.99745508225e-05, -0.000145050871652, 0.000171438383404, -0.000336513418006, 0.000305729452521, -0.000322707666783, 0.000354583695298, -0.0002994563838, 0.000120297765534], [-6.20499777142e-05, 0.000785267038736, -0.000138918228913, 0.000404009246267, -0.0006589711993, 0.000864848145284, -0.000660770456307, 0.00025325032766, -0.000487955170684, 0.000812968297396, -0.000797610322479, 0.000873562588822, -0.000225629511988], [5.38517997484e-05, -0.000138918228913, 0.000889172719326, -0.000447661586804, 0.000135855181725, -0.000484300224343, 0.0002576544357, -0.000285435584374, -0.000231466634432, -0.000121557917737, 0.000348561588908, -0.000528786913492, 0.000631154340226], [-9.57252414082e-05, 0.000404009246267, -0.000447661586804, 0.00208074995317, -0.00149757170584, 0.00102471222635, -6.22117586317e-05, 0.000409536296502, -0.000359007623047, 0.000411568995332, -0.00123379053548, 0.00102592248004, -0.000651624694001], [5.99745508225e-05, -0.0006589711993, 0.000135855181725, -0.00149757170584, 0.00351928314194, -0.00227783690207, 0.000863246037625, -0.000662474252749, 0.000170965708094, -0.000705978192855, -0.000292654469376, -0.00073299423093, 0.000163823089679], [-0.000145050871652, 0.000864848145284, -0.000484300224343, 0.00102471222635, -0.00227783690207, 0.00513186398894, -0.00287664495409, 0.00049002916785, -0.000323089130688, -0.000619391386863, 2.26803076657e-05, 0.00051566795446, -0.000260477798292], [0.000171438383404, -0.000660770456307, 0.0002576544357, -6.22117586317e-05, 0.000863246037625, -0.00287664495409, 0.00471501657739, -0.00202965480275, 0.000874489662237, -0.000281714921584, -0.000859764055349, 2.15514455704e-06, -0.00129646097776], [-0.000336513418006, 0.00025325032766, -0.000285435584374, 0.000409536296502, -0.000662474252749, 0.00049002916785, -0.00202965480275, 0.00690579228103, -0.00406145583838, 0.00257473788224, -0.000742591277231, -0.00207605282776, 0.00177486462053], [0.000305729452521, -0.000487955170684, -0.000231466634432, -0.000359007623047, 0.000170965708094, -0.000323089130688, 0.000874489662237, -0.00406145583838, 0.00694808224216, -0.00433209259063, 0.00171617115848, 0.000139876821777, -0.0018645147793], [-0.000322707666783, 0.000812968297396, -0.000121557917737, 0.000411568995332, -0.000705978192855, -0.000619391386863, -0.000281714921584, 0.00257473788224, -0.00433209259063, 0.0101979319006, -0.00463468953967, 0.00321453250945, -0.000187012032256], [0.000354583695298, -0.000797610322479, 0.000348561588908, -0.00123379053548, -0.000292654469376, 2.26803076657e-05, -0.000859764055349, -0.000742591277231, 0.00171617115848, -0.00463468953967, 0.0100573385134, -0.00509821856394, 0.00176747574005], [-0.0002994563838, 0.000873562588822, -0.000528786913492, 0.00102592248004, -0.00073299423093, 0.00051566795446, 2.15514455704e-06, -0.00207605282776, 0.000139876821777, 0.00321453250945, -0.00509821856394, 0.0118210827932, -0.00394342280924], [0.000120297765534, -0.000225629511988, 0.000631154340226, -0.000651624694001, 0.000163823089679, -0.000260477798292, -0.00129646097776, 0.00177486462053, -0.0018645147793, -0.000187012032256, 0.00176747574005, -0.00394342280924, 0.00916003249586]]
    },
    "melbands": {
        "dmean": [0.0012792336056, 0.000823675480206, 0.000265740673058, 0.000312238873448, 0.000217193563003, 3.77876458515e-05, 4.43007920694e-05, 5.93034746998e-05, 6.41901788185e-05, 5.52761557628e-05, 5.25994182681e-05, 4.2890675104e-05, 3.36496086675e-05, 2.15363925236e-05, 1.73443459062e-05, 1.81095474545e-05, 2.28293683904e-05, 1.45451003846e-05, 1.43229235618e-05, 1.69264039869e-05, 1.4676947103e-05, 1.30172902573e-05, 1.34639276439e-05, 1.40440342875e-05, 1.6050920749e-05, 1.56918467837e-05, 1.28183100969e-05, 1.17176077765e-05, 9.41996768233e-06, 7.85694464867e-06, 6.16196984993e-06, 5.13810391567e-06, 4.05292848882e-06, 3.85246585211e-06, 3.45746684616e-06, 2.56286853073e-06, 2.00646127269e-06, 1.35476443575e-06, 1.03223374026e-06, 8.2549547642e-07],
        "dmean2": [0.00165135145653, 0.00126732140779, 0.000484304735437, 0.000529740937054, 0.000356905016815, 5.94931007072e-05, 7.01576427673e-05, 9.27272849367e-05, 0.000100995326648, 8.57562554302e-05, 7.95892410679e-05, 6.24860840617e-05, 4.87048491777e-05, 3.28880123561e-05, 2.71146527666e-05, 2.89692761726e-05, 3.29547074216e-05, 2.26806496357e-05, 2.28930548474e-05, 2.53830221482e-05, 2.30877176364e-05, 2.03190920729e-05, 2.11072419916e-05, 2.16674143303e-05, 2.50145876635e-05, 2.4017839678e-05, 1.94833610294e-05, 1.77998008439e-05, 1.41914624692e-05, 1.15441080197e-05, 9.17442957871e-06, 7.82478218753e-06, 6.02213867751e-06, 5.83609062232e-06, 5.25618816027e-06, 3.80776032216e-06, 3.03855881612e-06, 2.03448348657e-06, 1.55085263032e-06, 1.24197185869e-06],
        "dvar": [1.43477136589e-05, 9.13905569178e-06, 1.17628508178e-06, 1.27356042867e-06, 7.53249423724e-07, 7.02428559762e-09, 1.2433114982e-08, 2.68506035184e-08, 4.20071053497e-08, 3.40001591326e-08, 2.19142943791e-08, 1.69165677022e-08, 1.20936336501e-08, 4.41355130221e-09, 2.66714894614e-09, 3.15346770918e-09, 2.95104585213e-09, 2.40611797153e-09, 2.36964714517e-09, 2.87522694542e-09, 1.53095680577e-09, 1.53816248627e-09, 1.74520498053e-09, 1.9855719291e-09, 2.88085688638e-09, 2.81999579244e-09, 1.94617100213e-09, 1.58640933723e-09, 1.02025177195e-09, 6.18041395839e-10, 4.17932660701e-10, 2.41076908436e-10, 1.09742173682e-10, 9.16531781026e-11, 5.89969462172e-11, 3.55836575483e-11, 2.39507060018e-11, 1.20715807142e-11, 7.53654604002e-12, 5.10776013499e-12],
        "dvar2": [2.54099304584e-05, 2.27088203246e-05, 3.42484736393e-06, 3.28386727233e-06, 1.9338722268e-06, 1.75903451805e-08, 2.91951849363e-08, 6.15004793758e-08, 1.02693356041e-07, 7.88413814234e-08, 4.79885180482e-08, 3.390721659e-08, 2.22360547752e-08, 9.96829285782e-09, 6.48169828921e-09, 7.62699503554e-09, 6.02666272442e-09, 6.0280878067e-09, 5.53243584278e-09, 6.26844753882e-09, 3.70988306742e-09, 3.65357211152e-09, 4.04579703073e-09, 4.44765646535e-09, 6.70270017267e-09, 6.54904930286e-09, 4.491152783e-09, 3.67769548149e-09, 2.32335284345e-09, 1.4048983088e-09, 9.59016976942e-10, 5.51604983912e-10, 2.36635155915e-10, 2.15241921508e-10, 1.31911065404e-10, 7.95735283221e-11, 5.45339849667e-11, 2.74542558826e-11, 1.73436508211e-11, 1.1763436579e-11],
        "max": [0.0435208380222, 0.0323639921844, 0.0114194173366, 0.0135133722797, 0.0116659449413, 0.00155144918244, 0.00173937622458, 0.0024510063231, 0.00395863223821, 0.00404136069119, 0.00268049864098, 0.00228701462038, 0.00326191191562, 0.00200304226018, 0.00117139797658, 0.00107245752588, 0.000927122775465, 0.00232818187214, 0.00187571765855, 0.00286703300662, 0.000769124249928, 0.000982629135251, 0.000970265187789, 0.000697471085005, 0.0010037390748, 0.000793814426288, 0.000601845036726, 0.000633064017165, 0.000796227075625, 0.000448757171398, 0.000364786712453, 0.000257813284406, 0.000156682348461, 0.000175939916517, 8.98257349036e-05, 0.000114459071483, 0.00011513906793, 4.45742371085e-05, 3.15822799166e-05, 2.73249243037e-05],
        "mean": [0.00593767222017, 0.00170757703017, 0.000252714933595, 0.000277357146842, 0.000205736680073, 5.33472266397e-05, 5.52243400307e-05, 6.96689094184e-05, 6.91244931659e-05, 6.45729887765e-05, 6.48018758511e-05, 5.5549924582e-05, 4.21736367571e-05, 2.52504651144e-05, 1.83735919563e-05, 1.9506785975e-05, 3.31400624418e-05, 1.71475749084e-05, 1.59138071467e-05, 2.15684995055e-05, 1.74283359229e-05, 1.50048572323e-05, 1.52653046825e-05, 1.6056237655e-05, 1.81716313818e-05, 1.71408501046e-05, 1.40833326441e-05, 1.2959480955e-05, 1.11935723908e-05, 9.89983527688e-06, 6.99736847309e-06, 5.92937067267e-06, 5.13159329785e-06, 4.71329303764e-06, 4.27126906288e-06, 3.16220916829e-06, 2.37930271396e-06, 1.55921259193e-06, 1.15834848202e-06, 9.11827441996e-07],
        "median": [0.000523775699548, 0.000394049711758, 4.21494842158e-05, 4.74060652778e-05, 2.33170485444e-05, 1.17690315165e-05, 1.1954756701e-05, 1.20146141853e-05, 7.3825558502e-06, 5.56145732844e-06, 5.46699675397e-06, 4.82655013911e-06, 3.52511437995e-06, 2.79991445495e-06, 2.33496757573e-06, 2.59642251876e-06, 4.77554385725e-06, 3.22629330185e-06, 2.58866839431e-06, 3.61149523087e-06, 3.40561268786e-06, 2.63611127593e-06, 2.71563544629e-06, 2.37659151026e-06, 2.12037366509e-06, 1.8683831513e-06, 1.72424370248e-06, 1.80531810656e-06, 1.93048276742e-06, 1.62395440384e-06, 8.72603436619e-07, 8.34179331832e-07, 1.16909586723e-06, 1.1323434137e-06, 8.90225521744e-07, 6.03459909598e-07, 4.18934547497e-07, 2.47485616001e-07, 1.55164457283e-07, 1.02462763607e-07],
        "min": [4.70610868557e-24, 1.54924965101e-24, 5.04377783504e-24, 6.0407071149e-24, 1.64204174212e-23, 9.08708834905e-24, 8.22583446742e-24, 4.48929144906e-24, 1.0119611033e-23, 1.79960818824e-23, 8.15149300457e-24, 4.23480847091e-24, 6.87401796554e-24, 4.01953937393e-24, 4.90704063003e-24, 6.18231908587e-24, 5.86182896033e-24, 3.38905452277e-24, 5.18097336823e-24, 3.5197912573e-24, 5.21699709589e-24, 4.94740624812e-24, 3.64290759549e-24, 7.19464811389e-24, 5.29752204495e-24, 1.12448982373e-23, 1.32548195828e-23, 7.38711991957e-24, 6.99504658334e-24, 1.24462229554e-23, 6.58689468415e-24, 1.08029933465e-23, 6.89245048945e-24, 8.14788159935e-24, 5.92278029817e-24, 1.01073868444e-23, 7.99209892551e-24, 7.97453020428e-24, 8.83161732262e-24, 9.58547331403e-24],
        "var": [9.5128074463e-05, 1.28479969135e-05, 7.00691771272e-07, 9.94148422251e-07, 6.12958558577e-07, 1.05985389354e-08, 1.65970810428e-08, 3.67234349596e-08, 4.58466757891e-08, 5.21218410654e-08, 3.70893253887e-08, 3.02879996639e-08, 2.20608971091e-08, 6.20113338456e-09, 2.96725155557e-09, 3.71835429114e-09, 5.85689940991e-09, 2.26688423588e-09, 2.52933340938e-09, 3.6585814378e-09, 1.79333248251e-09, 1.71953107309e-09, 1.94154070599e-09, 2.35256525372e-09, 3.19743631572e-09, 3.11780334883e-09, 2.18559814691e-09, 1.74125791563e-09, 1.16506970738e-09, 7.46817607755e-10, 4.8936099617e-10, 2.93829682807e-10, 1.49298018393e-10, 1.09052718245e-10, 8.09656508505e-11, 4.95483654106e-11, 3.24648988248e-11, 1.48942420897e-11, 9.0011479173e-12, 6.02794160073e-12]
    },
    "mfcc": {
        "mean": [-707.55657959, 74.2780838013, 8.95472812653, 33.7063064575, 5.40242004395, 15.6703929901, 1.96537685394, 10.7514181137, 4.07778739929, 10.8253479004, 0.566250443459, 2.78516316414, 1.926040411],
        "cov": [[9666.88671875, -271.516021729, -559.83404541, 77.1337738037, 118.210884094, -119.608634949, 48.2299575806, 136.337310791, -0.679865062237, -187.67956543, 61.384262085, -50.1476020813, -5.65082502365], [-271.516021729, 1924.07250977, 35.1410102844, -28.0102767944, 17.6984443665, -56.1840782166, 136.140930176, 155.696990967, 91.66796875, 26.046257019, 82.1101837158, 99.028213501, 110.988624573], [-559.83404541, 35.1410102844, 1153.88134766, 252.069244385, 263.552734375, 85.8073272705, 5.08340835571, 108.370147705, 72.6767654419, 162.020874023, 27.5272731781, 69.5974884033, 83.6292953491], [77.1337738037, -28.0102767944, 252.069244385, 836.873718262, 434.551971436, 91.8386917114, 22.0366973877, -14.3454027176, -28.3480682373, 28.2188453674, 66.4167785645, 59.3514785767, 36.6173171997], [118.210884094, 17.6984443665, 263.552734375, 434.551971436, 713.152404785, 219.839981079, 90.7740783691, 90.5736236572, 61.3019981384, 122.808990479, 126.4895401, 107.649536133, 95.1767120361], [-119.608634949, -56.1840782166, 85.8073272705, 91.8386917114, 219.839981079, 434.985107422, 240.753875732, 80.5213470459, 106.03528595, 105.718925476, 96.1598358154, 90.8129272461, 23.2836456299], [48.2299575806, 136.140930176, 5.08340835571, 22.0366973877, 90.7740783691, 240.753875732, 433.328033447, 209.197723389, 63.9224128723, 39.6110877991, 107.28981781, 85.9267044067, 53.0148162842], [136.337310791, 155.696990967, 108.370147705, -14.3454027176, 90.5736236572, 80.5213470459, 209.197723389, 359.06427002, 166.688110352, 63.8293762207, 103.560333252, 73.7236251831, 143.961135864], [-0.679865062237, 91.66796875, 72.6767654419, -28.3480682373, 61.3019981384, 106.03528595, 63.9224128723, 166.688110352, 286.095855713, 142.766159058, 58.0817146301, 54.5202522278, 92.5159912109], [-187.67956543, 26.046257019, 162.020874023, 28.2188453674, 122.808990479, 105.718925476, 39.6110877991, 63.8293762207, 142.766159058, 242.407577515, 103.161643982, 74.4746780396, 32.455997467], [61.384262085, 82.1101837158, 27.5272731781, 66.4167785645, 126.4895401, 96.1598358154, 107.28981781, 103.560333252, 58.0817146301, 103.161643982, 209.416717529, 114.755592346, 63.9242973328], [-50.1476020813, 99.028213501, 69.5974884033, 59.3514785767, 107.649536133, 90.8129272461, 85.9267044067, 73.7236251831, 54.5202522278, 74.4746780396, 114.755592346, 180.412811279, 70.4690551758], [-5.65082502365, 110.988624573, 83.6292953491, 36.6173171997, 95.1767120361, 23.2836456299, 53.0148162842, 143.961135864, 92.5159912109, 32.455997467, 63.9242973328, 70.4690551758, 213.600952148]],
