{
"lowlevel": {
    "average_loudness": 0.904111623764,
    "barkbands_crest": {
        "dmean": 3.47979664803,
        "dmean2": 5.61867809296,
        "dvar": 10.4630098343,
        "dvar2": 23.2313289642,
        "max": 26.2411193848,
        "mean": 11.6471471786,
        "median": 10.3174562454,
        "min": 2.13553261757,
        "var": 37.0895195007
    },
    "barkbands_flatness_db": {
        "dmean": 0.0342557802796,
        "dmean2": 0.0503806881607,
        "dvar": 0.00129028502852,
        "dvar2": 0.00253251031972,
        "max": 0.531121313572,
        "mean": 0.144509255886,
        "median": 0.128891766071,
        "min": 0.0242759939283,
        "var": 0.00581446802244
    },
    "barkbands_kurtosis": {
        "dmean": 10.3867149353,
        "dmean2": 16.4582099915,
        "dvar": 1488.61230469,
        "dvar2": 3470.13183594,
        "max": 1192.01000977,
        "mean": 11.5564374924,
        "median": 0.402858734131,
        "min": -1.96568930149,
        "var": 2384.95922852
    },
    "barkbands_skewness": {
        "dmean": 1.08334314823,
        "dmean2": 1.5843808651,
        "dvar": 2.25592112541,
        "dvar2": 4.60621786118,
        "max": 29.2022304535,
        "mean": 1.60165667534,
        "median": 0.938834786415,
        "min": -7.17156457901,
        "var": 7.3569355011
    },
    "barkbands_spread": {
        "dmean": 11.8987760544,
        "dmean2": 18.3505516052,
        "dvar": 163.443161011,
        "dvar2": 353.317993164,
        "max": 140.052719116,
        "mean": 33.9991416931,
        "median": 31.481420517,
        "min": 0.111315257847,
        "var": 466.370178223
    },
    "dissonance": {
        "dmean": 0.0191279277205,
        "dmean2": 0.0315031707287,
        "dvar": 0.0006686981651,
        "dvar2": 0.00167242647149,
        "max": 0.500000178814,
        "mean": 0.469349682331,
        "median": 0.484459251165,
        "min": 0.170793607831,
        "var": 0.00157928525005
    },
    "dynamic_complexity": 4.88713550568,
    "erbbands_crest": {
        "dmean": 3.0705575943,
        "dmean2": 5.02102041245,
        "dvar": 9.32532215118,
        "dvar2": 22.8338527679,
        "max": 32.6769790649,
        "mean": 8.9221200943,
        "median": 7.55325078964,
        "min": 2.209420681,
        "var": 22.9528541565
    },
    "erbbands_flatness_db": {
        "dmean": 0.0248107519001,
        "dmean2": 0.0366989560425,
        "dvar": 0.00059020309709,
        "dvar2": 0.0012152956333,
        "max": 0.429143160582,
        "mean": 0.159721627831,
        "median": 0.150154650211,
        "min": 0.0270330738276,
        "var": 0.00269994977862
    },
    "erbbands_kurtosis": {
        "dmean": 1.97926354408,
        "dmean2": 3.0935459137,
        "dvar": 11.9439811707,
        "dvar2": 27.2560977936,
        "max": 98.5493621826,
        "mean": 1.68000352383,
        "median": 0.295891284943,
        "min": -1.9027056694,
        "var": 21.9846191406
    },
    "erbbands_skewness": {
        "dmean": 0.589811623096,
        "dmean2": 0.860720336437,
        "dvar": 0.386924892664,
        "dvar2": 0.785055577755,
        "max": 7.58980798721,
        "mean": -0.149343684316,
        "median": -0.270106554031,
        "min": -5.85574817657,
        "var": 1.58840477467
    },
    "erbbands_spread": {
        "dmean": 14.5008325577,
        "dmean2": 22.5239696503,
        "dvar": 261.913635254,
        "dvar2": 609.309020996,
        "max": 188.209457397,
        "mean": 45.3455238342,
        "median": 39.6192741394,
        "min": 1.42381441593,
        "var": 748.729064941
    },
    "hfc": {
        "dmean": 13.1924848557,
        "dmean2": 18.078994751,
        "dvar": 627.173156738,
        "dvar2": 1173.28979492,
        "max": 210.264709473,
        "mean": 21.4951553345,
        "median": 10.1854763031,
        "min": 1.07960205566e-16,
        "var": 1060.8380127
    },
    "melbands_crest": {
        "dmean": 4.13259744644,
        "dmean2": 6.55084228516,
        "dvar": 13.1146755219,
        "dvar2": 29.701133728,
        "max": 37.5898742676,
        "mean": 16.68060112,
        "median": 15.8302612305,
        "min": 1.63410604,
        "var": 53.5590209961
    },
    "melbands_flatness_db": {
        "dmean": 0.0429187342525,
        "dmean2": 0.0617244578898,
        "dvar": 0.0019339179853,
        "dvar2": 0.00371479569003,
        "max": 0.658109843731,
        "mean": 0.189814969897,
        "median": 0.172617584467,
        "min": 0.00367328850552,
        "var": 0.0101895434782
    },
    "melbands_kurtosis": {
        "dmean": 25.4426116943,
        "dmean2": 39.0522422791,
        "dvar": 3911.36254883,
        "dvar2": 8470.03710938,
        "max": 1201.57214355,
        "mean": 35.9497909546,
        "median": 6.24063396454,
        "min": -1.91929805279,
        "var": 8289.00878906
    },
    "melbands_skewness": {
        "dmean": 1.5065073967,
        "dmean2": 2.24871253967,
        "dvar": 3.6979701519,
        "dvar2": 7.71740627289,
        "max": 25.6040000916,
        "mean": 3.4675757885,
        "median": 2.31220984459,
        "min": -4.1030125618,
        "var": 13.5320625305
    },
    "melbands_spread": {
        "dmean": 17.4736118317,
        "dmean2": 26.4421062469,
        "dvar": 495.743621826,
        "dvar2": 1072.10583496,
        "max": 271.592803955,
        "mean": 41.5639190674,
        "median": 32.2083816528,
        "min": 0.179803386331,
        "var": 1302.05236816
    },
    "pitch_salience": {
        "dmean": 0.0964958444238,
        "dmean2": 0.155652448535,
        "dvar": 0.00845490302891,
        "dvar2": 0.0201784260571,
        "max": 0.971727311611,
        "mean": 0.510594308376,
        "median": 0.52962988615,
        "min": 0.0398646295071,
        "var": 0.0301570370793
    },
    "silence_rate_20dB": {
        "dmean": 0,
        "dmean2": 0,
        "dvar": 0,
        "dvar2": 0,
        "max": 1,
        "mean": 1,
        "median": 1,
        "min": 1,
        "var": 0
    },
    "silence_rate_30dB": {
        "dmean": 0,
        "dmean2": 0,
        "dvar": 0,
        "dvar2": 0,
        "max": 1,
        "mean": 1,
        "median": 1,
        "min": 1,
        "var": 0
    },
    "silence_rate_60dB": {
        "dmean": 0.0688451752067,
        "dmean2": 0.137701272964,
        "dvar": 0.0641099363565,
        "dvar2": 0.131104141474,
        "max": 1,
        "mean": 0.200253784657,
        "median": 0,
        "min": 0,
        "var": 0.160176932812
    },
    "spectral_centroid": {
        "dmean": 454.353424072,
        "dmean2": 667.346557617,
        "dvar": 272161.625,
        "dvar2": 531399.4375,
        "max": 11854.2685547,
        "mean": 2158.64453125,
        "median": 2104.01098633,
        "min": 111.748680115,
        "var": 1487402
    },
    "spectral_complexity": {
        "dmean": 4.98493003845,
        "dmean2": 6.75466012955,
        "dvar": 50.3462219238,
        "dvar2": 77.5809249878,
        "max": 65,
        "mean": 14.032992363,
        "median": 9,
        "min": 0,
        "var": 186.756011963
    },
    "spectral_decrease": {
        "dmean": 2.21779838938e-09,
        "dmean2": 3.4317555464e-09,
        "dvar": 1.16925470287e-17,
        "dvar2": 2.93751919463e-17,
        "max": 1.65753920846e-28,
        "mean": -3.93404109289e-09,
        "median": -2.31771246639e-09,
        "min": -3.14646655397e-08,
        "var": 1.9637464611e-17
    },
    "spectral_energy": {
        "dmean": 0.00932738743722,
        "dmean2": 0.0142023274675,
        "dvar": 0.000200958311325,
        "dvar2": 0.000488049961859,
        "max": 0.123527489603,
        "mean": 0.0167976990342,
        "median": 0.0100817093626,
        "min": 1.00761019146e-20,
        "var": 0.000343034247635
    },
    "spectral_energyband_high": {
        "dmean": 0.00142370071262,
        "dmean2": 0.00196713279001,
        "dvar": 8.49733532959e-06,
        "dvar2": 1.5717210772e-05,
        "max": 0.025215132162,
        "mean": 0.00199958728626,
        "median": 0.000550400756765,
        "min": 7.059200545e-21,
        "var": 1.38842160595e-05
    },
    "spectral_energyband_low": {
        "dmean": 0.00529566081241,
        "dmean2": 0.00874719396234,
        "dvar": 0.00011130679195,
        "dvar2": 0.000294818979455,
        "max": 0.100234284997,
        "mean": 0.00784446112812,
        "median": 0.00183481245767,
        "min": 1.03463036247e-23,
        "var": 0.000179348076927
    },
    "spectral_energyband_middle_high": {
        "dmean": 0.00186555983964,
        "dmean2": 0.00259121670388,
        "dvar": 8.40889060783e-06,
        "dvar2": 1.60119016073e-05,
        "max": 0.0314914286137,
        "mean": 0.00354044768028,
        "median": 0.00165999913588,
        "min": 1.28180501449e-21,
        "var": 2.11158021557e-05
    },
    "spectral_energyband_middle_low": {
        "dmean": 0.00297505641356,
        "dmean2": 0.00471182959154,
        "dvar": 3.68667897419e-05,
        "dvar2": 9.16630233405e-05,
        "max": 0.0579123198986,
        "mean": 0.0036711001303,
        "median": 0.00144317990635,
        "min": 1.48907959312e-22,
        "var": 3.9215083234e-05
    },
    "spectral_entropy": {
        "dmean": 0.207077533007,
        "dmean2": 0.303168475628,
        "dvar": 0.0556628443301,
        "dvar2": 0.112935103476,
        "max": 9.81895828247,
        "mean": 7.82999801636,
        "median": 7.91403532028,
        "min": 5.30466461182,
        "var": 0.231115952134
    },
    "spectral_flux": {
        "dmean": 0.0275522712618,
        "dmean2": 0.042083799839,
        "dvar": 0.00116441061255,
        "dvar2": 0.00240836758167,
        "max": 0.30988150835,
        "mean": 0.0775647312403,
        "median": 0.0678543448448,
        "min": 6.40080280445e-11,
        "var": 0.00286746607162
    },
    "spectral_kurtosis": {
        "dmean": 1.23723530769,
        "dmean2": 2.0323343277,
        "dvar": 4.50072479248,
        "dvar2": 11.8422164917,
        "max": 108.009941101,
        "mean": 2.47093200684,
        "median": 1.88727712631,
        "min": -1.26007032394,
        "var": 7.34568500519
    },
    "spectral_rms": {
        "dmean": 0.00098085089121,
        "dmean2": 0.0014171700459,
        "dvar": 1.34791332584e-06,
        "dvar2": 2.98168583868e-06,
        "max": 0.0109779154882,
        "mean": 0.0034534400329,
        "median": 0.00313621014357,
        "min": 3.13533790944e-12,
        "var": 4.46178910352e-06
    },
    "spectral_rolloff": {
        "dmean": 1147.7644043,
        "dmean2": 1880.24560547,
        "dvar": 2605280.75,
        "dvar2": 5495373,
        "max": 19595.2148438,
        "mean": 2856.70898438,
        "median": 2153.3203125,
        "min": 21.533203125,
        "var": 7500400.5
    },
    "spectral_skewness": {
        "dmean": 0.235443502665,
        "dmean2": 0.359958529472,
        "dvar": 0.0671878531575,
        "dvar2": 0.149856463075,
        "max": 7.25723409653,
        "mean": 1.04643881321,
        "median": 0.99970304966,
        "min": -0.432492345572,
        "var": 0.239456102252
    },
    "spectral_spread": {
        "dmean": 796685.25,
        "dmean2": 1192827.125,
        "dvar": 873695215616,
        "dvar2": 1.85707711693e+12,
        "max": 42447820,
        "mean": 5336793,
        "median": 5056653.5,
        "min": 852512.25,
        "var": 1.06047293358e+13
    },
    "spectral_strongpeak": {
        "dmean": 0.45322072506,
        "dmean2": 0.748619914055,
        "dvar": 0.679747700691,
        "dvar2": 1.70384740829,
        "max": 12.2841491699,
        "mean": 0.638463437557,
        "median": 0.271954894066,
        "min": 0,
        "var": 0.917106568813
    },
    "zerocrossingrate": {
        "dmean": 0.0219225417823,
        "dmean2": 0.0246243719012,
        "dvar": 0.000438463233877,
        "dvar2": 0.000514597864822,
        "max": 0.52197265625,
        "mean": 0.0939696505666,
        "median": 0.083984375,
        "min": 0.001953125,
        "var": 0.0042010191828
    },
    "barkbands": {
        "dmean": [8.28378615552e-05, 0.0042961970903, 0.0015763262054, 0.00069436035119, 0.001198852784, 0.000542854540981, 0.00018925598124, 0.000400624267058, 0.00059849396348, 0.000330510927597, 0.000437176175183, 0.000282542721834, 0.000252528145211, 0.000248560041655, 0.000188627236639, 0.000210667829379, 0.00021721534722, 0.000254225509707, 0.000253049336607, 0.000334031588864, 0.000342821818776, 0.000373450457118, 0.000298640952678, 0.000159342540428, 0.000146373145981, 4.91591490572e-05, 1.02659778349e-05],
        "dmean2": [0.000127291947138, 0.0069148153998, 0.00288655096665, 0.00120965042152, 0.00207028235309, 0.000878612219822, 0.000311575800879, 0.000644435931463, 0.000944696075749, 0.000510085897986, 0.000658435281366, 0.000439834198914, 0.000399889802793, 0.000398816366214, 0.000298351398669, 0.000324628374074, 0.000339067802997, 0.000385006947909, 0.000378770637326, 0.000481240334921, 0.000501506146975, 0.000528168631718, 0.000439152412582, 0.000235828905716, 0.000234012972214, 7.53822096158e-05, 1.83851043403e-05],
        "dvar": [2.80658216667e-08, 6.88094078214e-05, 2.21886402869e-05, 3.62751325156e-06, 1.09199754661e-05, 1.73547414306e-06, 3.53458602831e-07, 1.48048854953e-06, 3.54139160663e-06, 1.13434805371e-06, 1.67617474744e-06, 7.34415834813e-07, 6.29686212505e-07, 4.39963997678e-07, 2.36252333252e-07, 2.86205590783e-07, 2.06103877076e-07, 3.07950955403e-07, 3.62944007293e-07, 5.60570811103e-07, 6.64917024551e-07, 6.84622705194e-07, 3.33440965505e-07, 1.09803579562e-07, 7.62146115107e-08, 1.42855673957e-08, 7.36749772301e-10],
        "dvar2": [6.63581261051e-08, 0.000175820372533, 6.42399027129e-05, 9.82221536105e-06, 2.98376853607e-05, 4.13522093368e-06, 8.52557207054e-07, 3.5913622014e-06, 8.39101630845e-06, 2.49862250712e-06, 3.59287923857e-06, 1.67473035617e-06, 1.53420762672e-06, 1.08772439944e-06, 5.65476454994e-07, 6.75123033034e-07, 4.85034036046e-07, 7.06859452748e-07, 6.71342036185e-07, 1.08125743736e-06, 1.22794290291e-06, 1.45209696711e-06, 7.07520030119e-07, 2.22262016791e-07, 1.77771966037e-07, 3.20971338397e-08, 2.04450656405e-09],
        "max": [0.00342811504379, 0.0690179467201, 0.0483901724219, 0.0188007242978, 0.0400919914246, 0.0176790263504, 0.0150076206774, 0.0184707194567, 0.0255677774549, 0.0208028294146, 0.0230711717159, 0.0198902674019, 0.0178338941187, 0.0139015791938, 0.0112119531259, 0.0137691255659, 0.0124180484563, 0.0107175977901, 0.00718816556036, 0.00902936793864, 0.00843355245888, 0.00763992685825, 0.00829017162323, 0.00735005922616, 0.00210234499536, 0.00104184891097, 0.000406439241488],
        "mean": [0.000154014778673, 0.00615068804473, 0.00133935955819, 0.000564872578252, 0.0010630923789, 0.000639751553535, 0.000208884754102, 0.000422577402787, 0.000666396808811, 0.000390753470128, 0.000581884291023, 0.000356479518814, 0.000285572954454, 0.000298609927995, 0.000246635172516, 0.000270931224804, 0.000308154150844, 0.000327206071233, 0.000349807494786, 0.000436677393736, 0.000441064097686, 0.000480910384795, 0.000409147993196, 0.000217266759137, 0.000134826725116, 4.44458128186e-05, 7.64957167121e-06],
        "median": [3.49647998519e-05, 0.00104200630449, 0.000374953669962, 0.000117176998174, 0.000252622528933, 0.000104777333036, 5.47381823708e-05, 6.66404594085e-05, 7.36578222131e-05, 5.99802697252e-05, 6.96037895977e-05, 6.05200475547e-05, 4.86096287204e-05, 6.41915103188e-05, 4.30494255852e-05, 4.88801524625e-05, 6.57290147501e-05, 6.90983579261e-05, 6.87539286446e-05, 9.37023432925e-05, 9.40752433962e-05, 9.82106284937e-05, 9.45386564126e-05, 4.45694859081e-05, 1.20003023767e-05, 3.05496246256e-06, 1.7594028634e-07],
        "min": [6.51479743197e-25, 7.34790998271e-25, 8.10222913408e-25, 1.58868954082e-24, 4.34238424926e-24, 1.22063619086e-23, 7.83476613999e-24, 6.35574897259e-24, 1.30849194542e-23, 1.68807619356e-23, 1.39344958278e-23, 1.45133382942e-23, 2.80869476128e-23, 4.56792368414e-23, 3.65830584482e-23, 5.50405797839e-23, 7.55227536537e-23, 1.18885579333e-22, 1.02398127668e-22, 1.74384051852e-22, 2.67323932903e-22, 2.84296130129e-22, 3.17897035609e-22, 6.0693700919e-22, 9.01132598994e-22, 1.25441334048e-21, 1.95465989726e-21],
        "var": [7.89800651546e-08, 0.000126280327095, 1.36041562655e-05, 2.5531276151e-06, 8.03808961791e-06, 2.14819715438e-06, 4.21065948331e-07, 1.64271204994e-06, 4.25374128099e-06, 1.62711000939e-06, 2.89764739136e-06, 1.0878085277e-06, 7.16087868113e-07, 6.08632831245e-07, 3.0816821095e-07, 3.73621674044e-07, 3.08550426098e-07, 4.22589124582e-07, 5.55283236281e-07, 8.31518434552e-07, 9.62573381003e-07, 9.75658394964e-07, 5.27002498529e-07, 1.76373106342e-07, 8.02064903382e-08, 1.5228691197e-08, 5.29581989372e-10]
    },
    "erbbands": {
        "dmean": [0.13454452157, 0.979442536831, 1.86800765991, 1.81173706055, 3.61067461967, 4.2135219574, 4.13568305969, 4.46441745758, 2.79264807701, 4.47248935699, 10.9469385147, 13.3939533234, 9.1098985672, 14.0097494125, 14.5625419617, 10.8245754242, 10.8596639633, 11.8170938492, 9.98717021942, 10.2697143555, 10.9977416992, 11.8588867188, 14.1048488617, 12.424861908, 13.4127311707, 15.3111867905, 16.6632442474, 11.8002767563, 12.7333641052, 12.3847570419, 8.03050231934, 4.4983754158, 2.45235419273, 2.01374411583, 0.570261240005, 0.228468552232, 0.0981397405267, 0.0203190390021, 0.00141535419971, 5.17599692103e-05],
        "dmean2": [0.205843746662, 1.65080273151, 3.42276954651, 3.24225258827, 6.12463569641, 7.57536363602, 6.94044303894, 7.27907180786, 4.34032678604, 7.17017602921, 17.4040718079, 20.8115139008, 13.9947185516, 21.1430702209, 21.4343223572, 16.4272480011, 16.9399051666, 18.6448001862, 15.6300268173, 15.8781738281, 16.6670665741, 18.0889320374, 21.9200897217, 18.455286026, 19.7659645081, 22.0175952911, 24.2636203766, 16.8773403168, 18.4574508667, 18.1000900269, 11.5816688538, 6.59418296814, 3.79013252258, 3.22307419777, 0.873168945312, 0.340883374214, 0.154704242945, 0.0334460660815, 0.00246777758002, 8.29070777399e-05],
        "dvar": [0.0696493834257, 3.77765727043, 28.1309452057, 25.9164447784, 106.337745667, 145.730651855, 90.4108123779, 135.293289185, 58.2668037415, 207.292678833, 1093.26074219, 2008.22521973, 1003.16625977, 1757.27685547, 1790.98083496, 1019.15447998, 1248.63818359, 999.59777832, 619.235229492, 815.364624023, 661.598999023, 591.945983887, 1021.04821777, 851.871765137, 1030.48632812, 1227.5637207, 1561.99926758, 755.044799805, 826.48260498, 669.122131348, 240.865005493, 90.6846542358, 19.750421524, 13.5422945023, 1.37397944927, 0.309471160173, 0.0558259002864, 0.00195298716426, 1.38883870022e-05, 1.82536528115e-08],
        "dvar2": [0.166188746691, 10.0712652206, 81.3437652588, 73.511428833, 275.301879883, 411.523986816, 235.47215271, 316.221923828, 133.865814209, 498.158996582, 2636.43554688, 4737.25634766, 2268.2199707, 3809.61572266, 3735.05957031, 2334.88574219, 3041.86083984, 2385.46972656, 1514.81079102, 1967.04638672, 1510.75793457, 1367.7109375, 2515.25415039, 1682.78259277, 1807.73168945, 2399.32177734, 2953.375, 1438.57043457, 1794.66394043, 1475.81591797, 482.009643555, 194.072875977, 40.4246139526, 31.8792953491, 2.65810513496, 0.658541917801, 0.130639970303, 0.00487001053989, 3.81425234082e-05, 4.87411995209e-08],
        "max": [2.98370146751, 14.8025884628, 50.6900634766, 56.9799575806, 120.315338135, 159.095504761, 128.685379028, 169.42880249, 207.293792725, 320.859771729, 577.00793457, 783.695495605, 838.70501709, 847.451965332, 1030.70593262, 804.170776367, 904.719238281, 788.059997559, 638.022521973, 792.101745605, 570.816650391, 613.864929199, 484.438934326, 487.52935791, 395.609222412, 470.799743652, 490.302276611, 260.01953125, 301.906829834, 257.151916504, 200.589630127, 209.046127319, 66.8375549316, 28.4902267456, 14.2702579498, 5.24552679062, 2.2822470665, 0.415693610907, 0.059258762747, 0.00297099538147],
        "mean": [0.20947407186, 1.25246584415, 1.73328268528, 1.60221791267, 3.01210045815, 3.55093789101, 4.28730106354, 5.25823831558, 3.2168905735, 5.34228229523, 11.8387947083, 15.1276063919, 11.1588935852, 19.1048069, 20.0365962982, 14.7281751633, 13.2027359009, 15.0108366013, 13.444519043, 13.9798021317, 15.3561668396, 17.5710353851, 18.2489109039, 17.1455383301, 18.366727829, 19.5761451721, 21.2802963257, 15.8471679688, 16.1773872375, 16.5007343292, 10.6050920486, 6.10951375961, 3.08945465088, 1.92449021339, 0.571694254875, 0.218371465802, 0.0837820693851, 0.016361804679, 0.00110372086056, 6.50441288599e-05],
        "median": [0.027482194826, 0.216411069036, 0.542307853699, 0.606065154076, 0.541216313839, 0.767179071903, 0.827213168144, 0.807751953602, 0.787348866463, 1.39799368382, 1.86188495159, 1.94352424145, 2.33587527275, 2.93966126442, 3.26555085182, 3.17327308655, 2.76653599739, 3.8069486618, 3.01023626328, 2.80556631088, 3.14559721947, 4.00037717819, 4.13847351074, 3.29250764847, 4.08473682404, 4.38284921646, 4.30289363861, 3.39069247246, 3.4510281086, 3.76843905449, 2.23466706276, 1.29853343964, 0.597917318344, 0.209061175585, 0.0500693954527, 0.0141093228012, 0.00525239668787, 0.000984822167084, 3.83854021493e-05, 1.86275628948e-05],
        "min": [3.1159321025e-23, 3.24002919989e-22, 1.79898272883e-21, 5.36330620975e-21, 1.47174091005e-20, 1.26496239746e-20, 1.70850536608e-20, 1.31545679784e-19, 1.24095070137e-19, 1.54816635635e-19, 1.88489465237e-19, 3.20975778624e-19, 4.55215533965e-19, 6.75089860154e-19, 7.85380953153e-19, 7.39050256851e-19, 1.78796040661e-18, 1.99225168403e-18, 2.81732732872e-18, 2.54151987669e-18, 4.50486738858e-18, 4.64673341313e-18, 6.26179528733e-18, 6.21226536662e-18, 6.55170389406e-18, 7.38657315041e-18, 7.92905970282e-18, 9.4705537877e-18, 9.87557119411e-18, 1.15179399547e-17, 8.34761805585e-18, 1.0641973884e-17, 1.0326833787e-17, 8.36855896024e-18, 7.18477582253e-18, 4.03633740038e-18, 2.15003307716e-18, 9.38820940529e-19, 2.63606589693e-19, 2.85736908715e-20],
        "var": [0.158642888069, 5.56234407425, 18.5878734589, 16.4578037262, 82.4347305298, 99.116104126, 91.2567138672, 168.245880127, 68.6380462646, 266.684631348, 1202.234375, 2391.10546875, 1351.68518066, 2981.6574707, 3160.40014648, 1585.4284668, 1436.12182617, 1453.43737793, 823.39276123, 1013.08239746, 982.334594727, 943.020080566, 1273.11755371, 1295.19030762, 1570.78979492, 1747.5291748, 2246.6237793, 1143.66503906, 1113.72619629, 965.55255127, 377.624938965, 138.953201294, 31.2476634979, 14.434800148, 1.80285704136, 0.362601369619, 0.0548171699047, 0.00169394188561, 1.113181861e-05, 2.61119428302e-08]
    },
    "gfcc": {
        "mean": [-69.5136032104, 53.0703277588, -114.926681519, 52.9319572449, -61.7444992065, 25.1650810242, -26.9206066132, 7.96013402939, -17.0000610352, 1.19449388981, -10.9045152664, 3.11501526833, -8.87804412842],
        "cov": [[25726.9550781, -1035.29663086, -1280.99450684, 270.463165283, -821.97277832, 187.86756897, -516.354736328, 101.330909729, -510.76260376, -89.5965576172, -577.830627441, 202.348251343, -341.997497559], [-1035.29663086, 2175.13842773, -68.4575881958, -58.0090179443, 318.499053955, 38.625995636, 260.61706543, 41.601348877, 196.488418579, -68.8839416504, 98.1001739502, -133.050231934, 64.4664306641], [-1280.99450684, -68.4575881958, 1517.82556152, 566.599304199, 205.964233398, 181.062561035, 155.087341309, -27.3418636322, 53.4085693359, -19.5104904175, 83.7494735718, -50.2657089233, -54.7923278809], [270.463165283, -58.0090179443, 566.599304199, 1120.86755371, 398.646362305, 71.5346832275, 42.2824935913, -5.40874958038, 136.655899048, 6.43318033218, 43.8481636047, -50.0330505371, -26.8148059845], [-821.97277832, 318.499053955, 205.964233398, 398.646362305, 715.609558105, 183.656768799, 154.577377319, 78.0126419067, 141.100296021, 72.6106796265, 26.0567398071, -75.4694137573, 23.0092086792], [187.86756897, 38.625995636, 181.062561035, 71.5346832275, 183.656768799, 508.459075928, 282.065582275, 54.9131584167, 56.8152923584, 30.1544284821, 66.538482666, -5.59728002548, -8.72082042694], [-516.354736328, 260.61706543, 155.087341309, 42.2824935913, 154.577377319, 282.065582275, 476.417114258, 87.8535766602, 124.520347595, -39.5446510315, 105.302528381, -3.78641939163, 30.5297908783], [101.330909729, 41.601348877, -27.3418636322, -5.40874958038, 78.0126419067, 54.9131584167, 87.8535766602, 209.383544922, 67.4122848511, 35.9117927551, -20.053194046, 7.87800073624, 15.5451993942], [-510.76260376, 196.488418579, 53.4085693359, 136.655899048, 141.100296021, 56.8152923584, 124.520347595, 67.4122848511, 265.276062012, 18.6626110077, 58.1096343994, -33.2828559875, 56.4199905396], [-89.5965576172, -68.8839416504, -19.5104904175, 6.43318033218, 72.6106796265, 30.1544284821, -39.5446510315, 35.9117927551, 18.6626110077, 154.400253296, -2.80135512352, -6.92107629776, 0.884569108486], [-577.830627441, 98.1001739502, 83.7494735718, 43.8481636047, 26.0567398071, 66.538482666, 105.302528381, -20.053194046, 58.1096343994, -2.80135512352, 162.651199341, 24.8808612823, 28.9664745331], [202.348251343, -133.050231934, -50.2657089233, -50.0330505371, -75.4694137573, -5.59728002548, -3.78641939163, 7.87800073624, -33.2828559875, -6.92107629776, 24.8808612823, 139.97795105, 24.4800167084], [-341.997497559, 64.4664306641, -54.7923278809, -26.8148059845, 23.0092086792, -8.72082042694, 30.5297908783, 15.5451993942, 56.4199905396, 0.884569108486, 28.9664745331, 24.4800167084, 112.681518555]],
        "icov": [[5.38064668945e-05, -7.6128890214e-06, 6.31738439552e-05, -8.41304572532e-05, 8.86183916009e-05, -0.000107203377411, 4.27969353041e-05, -4.83582953166e-05, 3.73682742065e-05, 3.49767615262e-05, 0.000163120392244, -8.15729144961e-05, 0.000103848411527], [-7.6128890214e-06, 0.000614413700532, 4.10759312217e-05, 0.000181215145858, -0.000324093125528, 0.000205534961424, -0.000222551941988, 7.91849015513e-06, -0.000199600573978, 0.000363988132449, -0.00034282085835, 0.000551352452021, -0.00010480103083], [6.31738439552e-05, 4.10759312217e-05, 0.000960518256761, -0.000519161752891, 0.000123970836285, -0.000268581614364, -0.000136596077937, 3.13900600304e-05, 0.000161959891557, 0.000132457964355, -0.000125511287479, 0.000152442298713, 0.000415343471104], [-8.41304572532e-05, 0.000181215145858, -0.000519161752891, 0.0016202670522, -0.000967835716438, 0.000296731421258, 0.00022701130365, 0.000274032878224, -0.000758030859288, 0.000372588983737, -0.000451169034932, 1.8576212824e-05, 0.000383960752515], [8.86183916009e-05, -0.000324093125528, 0.000123970836285, -0.000967835716438, 0.002578726504, -0.000709601852577, -0.000210527068703, -0.000406884879339, -4.51394880656e-05, -0.00102636648808, 0.000665291852783, 0.000539043045137, -0.000441437732661], [-0.000107203377411, 0.000205534961424, -0.000268581614364, 0.000296731421258, -0.000709601852577, 0.00359037681483, -0.00214615208097, 0.000223181501497, 0.000197001529159, -0.00102041661739, -0.000573197728954, 5.86138339713e-05, 0.000514496350661], [4.27969353041e-05, -0.000222551941988, -0.000136596077937, 0.00022701130365, -0.000210527068703, -0.00214615208097, 0.00467468891293, -0.00154108926654, -0.000834056409076, 0.00204348051921, -0.00165607128292, -1.24866219267e-05, -0.00010223841673], [-4.83582953166e-05, 7.91849015513e-06, 3.13900600304e-05, 0.000274032878224, -0.000406884879339, 0.000223181501497, -0.00154108926654, 0.00659977924079, -0.00158141017891, -0.00164066022262, 0.00224618846551, -0.00130146346055, 4.66089040856e-05], [3.73682742065e-05, -0.000199600573978, 0.000161959891557, -0.000758030859288, -4.51394880656e-05, 0.000197001529159, -0.000834056409076, -0.00158141017891, 0.00622714636847, -0.000564015994314, -0.00140309729613, 0.00173912767787, -0.00253607775085], [3.49767615262e-05, 0.000363988132449, 0.000132457964355, 0.000372588983737, -0.00102636648808, -0.00102041661739, 0.00204348051921, -0.00164066022262, -0.000564015994314, 0.00831650197506, -0.000969942600932, 0.000439710827777, 0.000225208568736], [0.000163120392244, -0.00034282085835, -0.000125511287479, -0.000451169034932, 0.000665291852783, -0.000573197728954, -0.00165607128292, 0.00224618846551, -0.00140309729613, -0.000969942600932, 0.0096028894186, -0.00256607262418, -0.000719514908269], [-8.15729144961e-05, 0.000551352452021, 0.000152442298713, 1.8576212824e-05, 0.000539043045137, 5.86138339713e-05, -1.24866219267e-05, -0.00130146346055, 0.00173912767787, 0.000439710827777, -0.00256607262418, 0.00957719236612, -0.00270230672322], [0.000103848411527, -0.00010480103083, 0.000415343471104, 0.000383960752515, -0.000441437732661, 0.000514496350661, -0.00010223841673, 4.66089040856e-05, -0.00253607775085, 0.000225208568736, -0.000719514908269, -0.00270230672322, 0.0117343720049]]
    },
    "melbands": {
        "dmean": [0.00121938902885, 0.001031321357, 0.000385067105526, 0.000278706487734, 0.000152013162733, 9.85867663985e-05, 4.27210907219e-05, 5.51386547158e-05, 9.92101704469e-05, 8.1673686509e-05, 4.54280743725e-05, 5.65613154322e-05, 5.57639359613e-05, 3.29799368046e-05, 2.84681464109e-05, 2.2896201699e-05, 2.39688706642e-05, 1.80392780749e-05, 1.44956138683e-05, 1.47598675539e-05, 1.3353792383e-05, 1.229438476e-05, 1.4367966287e-05, 1.19337237265e-05, 1.0140051927e-05, 1.07913892862e-05, 9.78577008937e-06, 1.03464999484e-05, 1.14887197924e-05, 8.34370257508e-06, 6.38175333734e-06, 7.29765815777e-06, 7.35636376703e-06, 6.91937611919e-06, 4.9208802011e-06, 3.75663239538e-06, 2.51173878496e-06, 1.62496371559e-06, 2.46853574026e-06, 1.33160870064e-06],
        "dmean2": [0.00189845822752, 0.00182806805242, 0.000674793671351, 0.000480559683638, 0.000258271407802, 0.00015945751511, 6.64734398015e-05, 8.82679305505e-05, 0.000157920483616, 0.000127394756419, 7.03881960362e-05, 8.55714606587e-05, 8.25522656669e-05, 5.09287383466e-05, 4.47897618869e-05, 3.62633654731e-05, 3.83197730116e-05, 2.87364946416e-05, 2.30353653023e-05, 2.29706711252e-05, 2.06514450838e-05, 1.90979917534e-05, 2.24372670345e-05, 1.83961747098e-05, 1.53123783093e-05, 1.6201627659e-05, 1.44881532833e-05, 1.49852658069e-05, 1.67298840097e-05, 1.24148054965e-05, 9.18854948395e-06, 1.08739268398e-05, 1.05782064566e-05, 1.05742383312e-05, 7.17768534741e-06, 5.51879338673e-06, 3.78145796276e-06, 2.43673503064e-06, 4.08841697208e-06, 2.09378549698e-06],
        "dvar": [5.47286708752e-06, 6.10934603174e-06, 1.04729463146e-06, 6.65061008931e-07, 1.20613492527e-07, 6.27888852023e-08, 1.34437962984e-08, 2.85624981444e-08, 8.99275178767e-08, 7.49692574686e-08, 2.577413305e-08, 2.95024022989e-08, 2.79389702484e-08, 1.11741673692e-08, 8.50810977227e-09, 5.28195265304e-09, 4.37583480561e-09, 2.29823182707e-09, 1.54457202584e-09, 1.86547643999e-09, 9.66841162686e-10, 6.63899324405e-10, 1.09317610519e-09, 7.28916205173e-10, 5.84984283236e-10, 6.90512647061e-10, 5.50751888539e-10, 5.35067323781e-10, 7.08912262226e-10, 3.9670350338e-10, 2.10465520012e-10, 2.88907314738e-10, 2.41464265249e-10, 2.1130841521e-10, 9.55892864862e-11, 5.999689634e-11, 2.85990571502e-11, 9.86712100914e-12, 2.29135599383e-11, 5.81719264772e-12],
        "dvar2": [1.36456628752e-05, 1.73593889485e-05, 2.87848274638e-06, 1.80851236564e-06, 3.23088841014e-07, 1.45493018522e-07, 3.08944549943e-08, 6.84572469822e-08, 2.1650758697e-07, 1.76574275201e-07, 5.79641188381e-08, 6.4083479856e-08, 5.90170188275e-08, 2.59123034141e-08, 2.00079934842e-08, 1.27190444843e-08, 1.06784474596e-08, 5.7453974911e-09, 3.77356901282e-09, 4.5420271988e-09, 2.21835705361e-09, 1.55510060385e-09, 2.6806441511e-09, 1.71735037302e-09, 1.19619802952e-09, 1.25349219893e-09, 1.10353581828e-09, 1.06220288121e-09, 1.36003286411e-09, 7.48175854604e-10, 4.06617933768e-10, 6.58309962098e-10, 4.98792063208e-10, 4.9446641226e-10, 1.90959595359e-10, 1.3416885658e-10, 6.19634829557e-11, 2.03199852777e-11, 5.8538819625e-11, 1.27945848361e-11],
        "max": [0.0209873821586, 0.0236532278359, 0.0103111322969, 0.0106029435992, 0.00398300448433, 0.00358981546015, 0.00273577170447, 0.00349457748234, 0.00501386076212, 0.004511883948, 0.0040900236927, 0.00344054959714, 0.00359187764116, 0.00287545402534, 0.00235773227178, 0.00185784278437, 0.00157836684957, 0.00109870836604, 0.00114340637811, 0.0013875978766, 0.000550359778572, 0.000589862116612, 0.00113633275032, 0.000622538733296, 0.000415893562604, 0.000338777841534, 0.000366230058717, 0.000318170001265, 0.000345638720319, 0.000210427097045, 0.000163341217558, 0.000167828984559, 0.000197219458641, 0.000163183722179, 0.000110374567157, 0.000228773977142, 0.000151819302118, 4.97681830893e-05, 4.64174227091e-05, 1.89831444004e-05],
        "mean": [0.00178815121762, 0.00117371999659, 0.000340175291058, 0.000235781655647, 0.000153722503455, 0.000117159921501, 4.93666884722e-05, 6.4222549554e-05, 0.000107150706754, 9.13420008146e-05, 5.33182064828e-05, 7.39552560844e-05, 7.53741842345e-05, 4.19237621827e-05, 3.48469948221e-05, 2.63024485321e-05, 2.85904134216e-05, 2.20964066102e-05, 1.88646736206e-05, 1.84343261935e-05, 1.77946512849e-05, 1.77517977136e-05, 1.83201500477e-05, 1.48245289893e-05, 1.35241089083e-05, 1.4345382624e-05, 1.20765398606e-05, 1.31724409584e-05, 1.47003520397e-05, 1.03460915852e-05, 8.60513137013e-06, 8.84450855665e-06, 9.70120800048e-06, 8.91789386515e-06, 6.27134431852e-06, 4.85989448862e-06, 3.32777858603e-06, 2.11217275137e-06, 2.27011582865e-06, 1.29783938974e-06],
        "median": [0.000268575269729, 0.000323922693497, 0.000114451184345, 4.88157929794e-05, 3.2487714634e-05, 1.82949879672e-05, 1.16385235742e-05, 1.45341464304e-05, 1.40170141094e-05, 1.04527825897e-05, 9.02772717382e-06, 1.02361273093e-05, 1.02190597318e-05, 7.88626766735e-06, 6.52106791676e-06, 4.66290975965e-06, 6.36125969322e-06, 4.45025989393e-06, 3.33858861268e-06, 3.16267710332e-06, 3.26018607666e-06, 3.62209289051e-06, 4.09203721574e-06, 2.97805922855e-06, 2.3768320716e-06, 2.76807440969e-06, 2.68758776656e-06, 2.64952609541e-06, 2.62610160462e-06, 2.16873490899e-06, 1.73377088686e-06, 1.78471111667e-06, 2.00430736186e-06, 1.94700646716e-06, 1.22307039874e-06, 9.73304963736e-07, 6.68513166602e-07, 3.97950344677e-07, 2.81910075728e-07, 1.25580712051e-07],
        "min": [4.59758094932e-25, 1.06697026748e-24, 9.4477630491e-25, 1.3240510632e-24, 7.93065928276e-25, 2.82588711697e-24, 2.12018575901e-24, 1.60575989917e-24, 1.33368118131e-24, 2.14425706067e-24, 1.99985252209e-24, 2.27860283384e-24, 2.19102329893e-24, 1.93258438055e-24, 2.65188865875e-24, 3.75903068175e-24, 3.43631399631e-24, 3.61150935374e-24, 3.81892889029e-24, 3.29084784818e-24, 4.16805584997e-24, 3.61833063399e-24, 3.61187222976e-24, 4.14826096328e-24, 3.76598094076e-24, 4.38169042716e-24, 4.68163861472e-24, 3.97967468251e-24, 3.43702673214e-24, 4.8727827675e-24, 4.25763810551e-24, 4.34005079871e-24, 4.69553676615e-24, 5.40871001739e-24, 4.87976497537e-24, 5.13678256361e-24, 5.82345758261e-24, 6.30859520641e-24, 6.59025602046e-24, 6.58225539316e-24],
        "var": [1.10039063657e-05, 5.57167413717e-06, 7.17089335467e-07, 4.83613121105e-07, 1.10371345841e-07, 7.95058596736e-08, 1.62572089124e-08, 3.65492489607e-08, 1.00789506519e-07, 8.95488838637e-08, 3.47130963974e-08, 4.87377285197e-08, 4.92796381479e-08, 1.62815947391e-08, 1.12636486804e-08, 6.13291506468e-09, 6.02558225538e-09, 2.79071987741e-09, 1.92436777624e-09, 2.15266782178e-09, 1.39418399048e-09, 1.03651232042e-09, 1.38841849129e-09, 9.3257890299e-10, 8.57162285595e-10, 1.02566266591e-09, 7.33096028327e-10, 7.74666941705e-10, 1.05230235636e-09, 5.53515899782e-10, 3.27950694379e-10, 3.62053914627e-10, 3.62102625662e-10, 2.87805196342e-10, 1.4491298439e-10, 8.43823969032e-11, 4.35429782508e-11, 1.61093135359e-11, 2.09621365405e-11, 6.87200600244e-12]
    },
    "mfcc": {
        "mean": [-700.295288086, 70.6185913086, 9.50864505768, 27.2282791138, 0.592615485191, 15.9774475098, 3.10724782944, 11.7959718704, 0.319671750069, 4.52185916901, 0.195101708174, 2.53248214722, 1.00244212151],
        "cov": [[16089.2314453, -189.227767944, -797.37109375, 113.543373108, -182.124816895, -66.8284225464, -211.62852478, -18.2681427002, -44.4545783997, -177.534469604, -225.783813477, -180.318283081, -190.114425659], [-189.227767944, 1932.65344238, -194.197097778, -142.124649048, -11.3659667969, 24.0389328003, 105.475868225, 86.7292022705, 95.6113204956, 62.960849762, 62.6563453674, 12.6068582535, 54.4369392395], [-797.37109375, -194.197097778, 1266.04833984, 320.210388184, 107.16368866, 196.078170776, 132.956222534, 107.030395508, -46.6700248718, 46.5220489502, 25.0097885132, 51.2952804565, 21.3877124786], [113.543373108, -142.124649048, 320.210388184, 912.862854004, 394.55557251, 147.403564453, -0.527721941471, 42.9127082825, 47.7309684753, 63.964630127, 4.67854404449, 57.4683837891, 35.1666717529], [-182.124816895, -11.3659667969, 107.16368866, 394.55557251, 533.639587402, 187.963043213, 59.7471504211, -0.773925960064, 96.6568222046, 98.5263900757, 66.4738082886, 9.90783500671, 43.615978241], [-66.8284225464, 24.0389328003, 196.078170776, 147.403564453, 187.963043213, 430.880401611, 213.385635376, 135.432525635, 72.7143707275, 96.8711700439, 74.7223815918, 64.3459243774, 37.212146759], [-211.62852478, 105.475868225, 132.956222534, -0.527721941471, 59.7471504211, 213.385635376, 345.104919434, 145.996047974, 70.0791931152, 50.7658729553, 90.6424331665, 24.3359775543, 30.8315353394], [-18.2681427002, 86.7292022705, 107.030395508, 42.9127082825, -0.773925960064, 135.432525635, 145.996047974, 293.171966553, 81.800567627, 62.2247123718, 21.7374286652, 79.6264877319, 31.4611968994], [-44.4545783997, 95.6113204956, -46.6700248718, 47.7309684753, 96.6568222046, 72.7143707275, 70.0791931152, 81.800567627, 223.79800415, 99.6506195068, 56.8616065979, 7.50366640091, 30.6915798187], [-177.534469604, 62.960849762, 46.5220489502, 63.964630127, 98.5263900757, 96.8711700439, 50.7658729553, 62.2247123718, 99.6506195068, 188.080184937, 72.5158920288, 28.4061946869, 20.662115097], [-225.783813477, 62.6563453674, 25.0097885132, 4.67854404449, 66.4738082886, 74.7223815918, 90.6424331665, 21.7374286652, 56.8616065979, 72.5158920288, 152.808273315, 1.35429823399, 17.4608478546], [-180.318283081, 12.6068582535, 51.2952804565, 57.4683837891, 9.90783500671, 64.3459243774, 24.3359775543, 79.6264877319, 7.50366640091, 28.4061946869, 1.35429823399, 151.993774414, 29.3616275787], [-190.114425659, 54.4369392395, 21.3877124786, 35.1666717529, 43.615978241, 37.212146759, 30.8315353394, 31.4611968994, 30.6915798187, 20.662115097, 17.4608478546, 29.3616275787, 97.3631591797]],
