{
"lowlevel": {
    "average_loudness": 0.96921402216,
    "barkbands_crest": {
        "dmean": 3.59196019173,
        "dmean2": 5.82690620422,
        "dvar": 9.77929973602,
        "dvar2": 23.9423770905,
        "max": 26.730014801,
        "mean": 12.8073949814,
        "median": 11.4356403351,
        "min": 2.21359372139,
        "var": 37.99376297
    },
    "barkbands_flatness_db": {
        "dmean": 0.0449413172901,
        "dmean2": 0.0675952285528,
        "dvar": 0.00155465095304,
        "dvar2": 0.00346124893986,
        "max": 0.675757586956,
        "mean": 0.183865040541,
        "median": 0.174084722996,
        "min": 0.0261364653707,
        "var": 0.00693533010781
    },
    "barkbands_kurtosis": {
        "dmean": 17.4959926605,
        "dmean2": 29.1358833313,
        "dvar": 2796.12597656,
        "dvar2": 6879.25292969,
        "max": 1896.00183105,
        "mean": 15.7284450531,
        "median": 0.954072713852,
        "min": -1.98472094536,
        "var": 3204.45166016
    },
    "barkbands_skewness": {
        "dmean": 1.58975338936,
        "dmean2": 2.39827728271,
        "dvar": 3.88098287582,
        "dvar2": 8.59537601471,
        "max": 34.5054244995,
        "mean": 1.71219623089,
        "median": 0.951896309853,
        "min": -9.14559364319,
        "var": 10.3579330444
    },
    "barkbands_spread": {
        "dmean": 11.5399017334,
        "dmean2": 18.6861286163,
        "dvar": 164.670761108,
        "dvar2": 403.311767578,
        "max": 138.796691895,
        "mean": 23.6830444336,
        "median": 20.5829086304,
        "min": 0.0662980526686,
        "var": 304.177581787
    },
    "dissonance": {
        "dmean": 0.0223684925586,
        "dmean2": 0.0382626205683,
        "dvar": 0.000838365464006,
        "dvar2": 0.00231684255414,
        "max": 0.500000178814,
        "mean": 0.469661653042,
        "median": 0.479913651943,
        "min": 0.164419591427,
        "var": 0.00103164219763
    },
    "dynamic_complexity": 3.06869149208,
    "erbbands_crest": {
        "dmean": 3.58958768845,
        "dmean2": 5.88574552536,
        "dvar": 9.81911182404,
        "dvar2": 23.893075943,
        "max": 30.6194419861,
        "mean": 10.6309185028,
        "median": 9.74256896973,
        "min": 2.22537589073,
        "var": 20.0064735413
    },
    "erbbands_flatness_db": {
        "dmean": 0.0372304990888,
        "dmean2": 0.0534437857568,
        "dvar": 0.00113857560791,
        "dvar2": 0.00218354910612,
        "max": 0.400393933058,
        "mean": 0.189705938101,
        "median": 0.189379706979,
        "min": 0.024118123576,
        "var": 0.00343438587151
    },
    "erbbands_kurtosis": {
        "dmean": 2.62509727478,
        "dmean2": 4.22521924973,
        "dvar": 17.9507980347,
        "dvar2": 41.7159729004,
        "max": 112.823326111,
        "mean": 2.09428596497,
        "median": 0.561614513397,
        "min": -1.90982604027,
        "var": 26.6092376709
    },
    "erbbands_skewness": {
        "dmean": 0.728495717049,
        "dmean2": 1.12435162067,
        "dvar": 0.523202180862,
        "dvar2": 1.22795689106,
        "max": 8.96992969513,
        "mean": -0.525306522846,
        "median": -0.536387085915,
        "min": -5.04785966873,
        "var": 1.40533864498
    },
    "erbbands_spread": {
        "dmean": 16.9682579041,
        "dmean2": 26.3693733215,
        "dvar": 382.756408691,
        "dvar2": 847.772216797,
        "max": 227.803451538,
        "mean": 38.2157363892,
        "median": 30.4474239349,
        "min": 1.69516861439,
        "var": 787.183776855
    },
    "hfc": {
        "dmean": 14.0231285095,
        "dmean2": 21.7968730927,
        "dvar": 388.450897217,
        "dvar2": 928.506713867,
        "max": 220.857772827,
        "mean": 24.3259277344,
        "median": 16.9182128906,
        "min": 1.19378308957e-16,
        "var": 683.419189453
    },
    "melbands_crest": {
        "dmean": 4.48956108093,
        "dmean2": 7.43881607056,
        "dvar": 17.1026344299,
        "dvar2": 43.6172866821,
        "max": 39.9373283386,
        "mean": 15.9389820099,
        "median": 16.2344074249,
        "min": 2.06513214111,
        "var": 49.5171356201
    },
    "melbands_flatness_db": {
        "dmean": 0.0519087612629,
        "dmean2": 0.0764697641134,
        "dvar": 0.0023016158957,
        "dvar2": 0.00463686091825,
        "max": 0.841279625893,
        "mean": 0.230902686715,
        "median": 0.212809696794,
        "min": 0.00289330701344,
        "var": 0.0151655785739
    },
    "melbands_kurtosis": {
        "dmean": 40.6432113647,
        "dmean2": 66.673866272,
        "dvar": 8777.32910156,
        "dvar2": 21213.9140625,
        "max": 1177.07397461,
        "mean": 41.7993125916,
        "median": 5.10963916779,
        "min": -1.93811023235,
        "var": 10834.0820312
    },
    "melbands_skewness": {
        "dmean": 2.05215835571,
        "dmean2": 3.12701487541,
        "dvar": 6.45103645325,
        "dvar2": 14.5727205276,
        "max": 31.0120887756,
        "mean": 3.46891140938,
        "median": 2.22040295601,
        "min": -5.57682609558,
        "var": 17.2311706543
    },
    "melbands_spread": {
        "dmean": 18.3677768707,
        "dmean2": 29.5776615143,
        "dvar": 692.182678223,
        "dvar2": 1737.9362793,
        "max": 274.334655762,
        "mean": 35.2713508606,
        "median": 26.8098964691,
        "min": 0.141913235188,
        "var": 1249.6628418
    },
    "pitch_salience": {
        "dmean": 0.118509113789,
        "dmean2": 0.193469375372,
        "dvar": 0.0130290109664,
        "dvar2": 0.0341831669211,
        "max": 0.982243835926,
        "mean": 0.47822958231,
        "median": 0.493390023708,
        "min": 0.00799412280321,
        "var": 0.0446971654892
    },
    "silence_rate_20dB": {
        "dmean": 0,
        "dmean2": 0,
        "dvar": 0,
        "dvar2": 0,
        "max": 1,
        "mean": 1,
        "median": 1,
        "min": 1,
        "var": 0
    },
    "silence_rate_30dB": {
        "dmean": 0.0132228769362,
        "dmean2": 0.0264478605241,
        "dvar": 0.0130470944569,
        "dvar2": 0.0389744490385,
        "max": 1,
        "mean": 0.993389070034,
        "median": 1,
        "min": 0,
        "var": 0.00656673219055
    },
    "silence_rate_60dB": {
        "dmean": 0.0970208719373,
        "dmean2": 0.194057196379,
        "dvar": 0.087598644197,
        "dvar2": 0.19492995739,
        "max": 1,
        "mean": 0.120748706162,
        "median": 0,
        "min": 0,
        "var": 0.106162250042
    },
    "spectral_centroid": {
        "dmean": 531.524719238,
        "dmean2": 795.841003418,
        "dvar": 353125.09375,
        "dvar2": 714648.125,
        "max": 11317.4648438,
        "mean": 1985.06286621,
        "median": 1962.60986328,
        "min": 80.5626754761,
        "var": 1125826
    },
    "spectral_complexity": {
        "dmean": 5.33694458008,
        "dmean2": 7.0407075882,
        "dvar": 36.1185264587,
        "dvar2": 52.9297142029,
        "max": 60,
        "mean": 14.6988449097,
        "median": 13,
        "min": 0,
        "var": 129.422866821
    },
    "spectral_decrease": {
        "dmean": 4.28613722292e-09,
        "dmean2": 6.99549573824e-09,
        "dvar": 3.68212468274e-17,
        "dvar2": 9.03477767021e-17,
        "max": 6.16524601196e-29,
        "mean": -7.55996598656e-09,
        "median": -5.36142374941e-09,
        "min": -3.98840462879e-08,
        "var": 5.61463465324e-17
    },
    "spectral_energy": {
        "dmean": 0.016944155097,
        "dmean2": 0.0274579878896,
        "dvar": 0.000545529415831,
        "dvar2": 0.00133948447183,
        "max": 0.154280617833,
        "mean": 0.0307394526899,
        "median": 0.0231258105487,
        "min": 1.05952756868e-20,
        "var": 0.000835153274238
    },
    "spectral_energyband_high": {
        "dmean": 0.000919380341657,
        "dmean2": 0.00142159196548,
        "dvar": 4.07755351262e-06,
        "dvar2": 8.87402893568e-06,
        "max": 0.0256355889142,
        "mean": 0.00112474430352,
        "median": 0.000214519284782,
        "min": 7.52422387548e-21,
        "var": 6.76777699482e-06
    },
    "spectral_energyband_low": {
        "dmean": 0.0119857117534,
        "dmean2": 0.0206863842905,
        "dvar": 0.000414517737227,
        "dvar2": 0.00108457822353,
        "max": 0.118293829262,
        "mean": 0.0188465341926,
        "median": 0.00180208717939,
        "min": 2.88170068262e-23,
        "var": 0.000619117112365
    },
    "spectral_energyband_middle_high": {
        "dmean": 0.00336448219605,
        "dmean2": 0.00488935317844,
        "dvar": 1.49214638441e-05,
        "dvar2": 3.0892486393e-05,
        "max": 0.0518266744912,
        "mean": 0.00590584706515,
        "median": 0.0034594796598,
        "min": 1.93419485114e-21,
        "var": 4.24329482485e-05
    },
    "spectral_energyband_middle_low": {
        "dmean": 0.00628099637106,
        "dmean2": 0.0113001549616,
        "dvar": 0.000178119604243,
        "dvar2": 0.000509183621034,
        "max": 0.093398205936,
        "mean": 0.00561617547646,
        "median": 0.00215063290671,
        "min": 2.25758182853e-22,
        "var": 0.000118078321975
    },
    "spectral_entropy": {
        "dmean": 0.313295662403,
        "dmean2": 0.455154806376,
        "dvar": 0.0986523702741,
        "dvar2": 0.206453874707,
        "max": 9.79161262512,
        "mean": 7.4910326004,
        "median": 7.44874620438,
        "min": 3.56518578529,
        "var": 0.333070933819
    },
    "spectral_flux": {
        "dmean": 0.044796127826,
        "dmean2": 0.0694073811173,
        "dvar": 0.00241545494646,
        "dvar2": 0.00508904410526,
        "max": 0.374972373247,
        "mean": 0.110267750919,
        "median": 0.0974914133549,
        "min": 1.02933356283e-10,
        "var": 0.00481091020629
    },
    "spectral_kurtosis": {
        "dmean": 3.07616972923,
        "dmean2": 4.84807300568,
        "dvar": 16.3580799103,
        "dvar2": 38.9096412659,
        "max": 117.416442871,
        "mean": 5.93436431885,
        "median": 4.6449174881,
        "min": -1.47536325455,
        "var": 32.53490448
    },
    "spectral_rms": {
        "dmean": 0.00148516532499,
        "dmean2": 0.00228288443759,
        "dvar": 2.77732578979e-06,
        "dvar2": 6.13766178503e-06,
        "max": 0.0122685646638,
        "mean": 0.00479706469923,
        "median": 0.00474992254749,
        "min": 3.21509789278e-12,
        "var": 6.97776931702e-06
    },
    "spectral_rolloff": {
        "dmean": 1157.97314453,
        "dmean2": 1980.47558594,
        "dvar": 3767404.25,
        "dvar2": 8165598.5,
        "max": 18647.7539062,
        "mean": 2483.80786133,
        "median": 1981.0546875,
        "min": 21.533203125,
        "var": 7282195.5
    },
    "spectral_skewness": {
        "dmean": 0.401194483042,
        "dmean2": 0.612827599049,
        "dvar": 0.159231677651,
        "dvar2": 0.366340070963,
        "max": 9.73648357391,
        "mean": 1.55288791656,
        "median": 1.49757146835,
        "min": -0.518219172955,
        "var": 0.509594202042
    },
    "spectral_spread": {
        "dmean": 1389716,
        "dmean2": 2005241.5,
        "dvar": 2.58749130342e+12,
        "dvar2": 4.79138991309e+12,
        "max": 40298612,
        "mean": 4623288.5,
        "median": 3722426.5,
        "min": 789623.1875,
        "var": 6.27261728358e+12
    },
    "spectral_strongpeak": {
        "dmean": 0.708512842655,
        "dmean2": 1.15593504906,
        "dvar": 1.27550935745,
        "dvar2": 3.21735882759,
        "max": 17.6717090607,
        "mean": 0.994651436806,
        "median": 0.556774973869,
        "min": 0,
        "var": 1.75167810917
    },
    "zerocrossingrate": {
        "dmean": 0.0233628619462,
        "dmean2": 0.0268197599798,
        "dvar": 0.000927926274016,
        "dvar2": 0.00101706001442,
        "max": 0.52294921875,
        "mean": 0.0850432738662,
        "median": 0.0693359375,
        "min": 0,
        "var": 0.00516152568161
    },
    "barkbands": {
        "dmean": [0.000307116337353, 0.00866995751858, 0.00445635057986, 0.00134083488956, 0.00245423614979, 0.00129104591906, 0.000684848055243, 0.000736528716516, 0.000578638049774, 0.000326300505549, 0.000262813497102, 0.000287237198791, 0.000446808116976, 0.000831787474453, 0.000508017546963, 0.000415362184867, 0.0008080410189, 0.000516501138918, 0.0004090401344, 0.000312192627462, 0.000103709651739, 0.000146952384966, 0.000208350262255, 0.000260649743723, 0.000148867155076, 6.90941451467e-05, 5.13700160809e-06],
        "dmean2": [0.000455538509414, 0.0150164552033, 0.00756220100448, 0.00253566983156, 0.00462131528184, 0.0023755626753, 0.00114350370131, 0.00117948767729, 0.000952654751018, 0.000513559323736, 0.000415271555539, 0.000447557569714, 0.00070691871224, 0.00126361066941, 0.000788944656961, 0.000636123877484, 0.00136056053452, 0.000812276441138, 0.00060062558623, 0.000451861007605, 0.000138006813359, 0.000233450191445, 0.000351702736225, 0.00041322314064, 0.00023483154655, 0.000120172153402, 9.26739630813e-06],
        "dvar": [4.32068588907e-07, 0.000181921204785, 0.000124684695038, 1.24858306663e-05, 4.94038577017e-05, 1.11273675429e-05, 1.89219315416e-06, 2.52235099651e-06, 3.56846067007e-06, 7.19711749753e-07, 3.855424211e-07, 1.06457957827e-06, 1.06747768314e-06, 1.85550857168e-06, 1.11904398636e-06, 7.46676278141e-07, 2.85243231701e-06, 7.75034038725e-07, 5.3300863101e-07, 4.85931821004e-07, 5.81509880249e-08, 1.28523623744e-07, 3.24858120848e-07, 8.201258197e-07, 2.44051705067e-07, 3.8523243262e-08, 2.21719059779e-10],
        "dvar2": [9.02620229226e-07, 0.000514721614309, 0.00032863492379, 3.644174285e-05, 0.000141879892908, 3.11682306346e-05, 4.66772189611e-06, 5.89109276916e-06, 8.40972097649e-06, 1.53484040766e-06, 9.21404478049e-07, 2.52916288446e-06, 2.5642214041e-06, 4.32750630353e-06, 2.57988472185e-06, 1.66039853866e-06, 7.84214626037e-06, 1.77190884187e-06, 1.10027986011e-06, 1.08155302314e-06, 1.15002649181e-07, 2.91048394274e-07, 8.33381989196e-07, 1.74769741079e-06, 4.98197550769e-07, 1.03215000991e-07, 6.12703332514e-10],
        "max": [0.0059928051196, 0.078415542841, 0.0763877630234, 0.0300764776766, 0.0466391034424, 0.0364327840507, 0.0285184495151, 0.0247193221003, 0.0910424143076, 0.0241893623024, 0.0137736266479, 0.0302580613643, 0.018343783915, 0.0220425911248, 0.0281360577792, 0.0154624851421, 0.0249773021787, 0.0144403157756, 0.0118745788932, 0.0149336801842, 0.00633508851752, 0.00847196765244, 0.0114854415879, 0.0165458321571, 0.0140661774203, 0.00246821693145, 0.000214649480768],
        "mean": [0.000390074681491, 0.0136217148975, 0.00415464304388, 0.0009892124217, 0.0016409852542, 0.000935256946832, 0.000657545519061, 0.000728573068045, 0.000554908998311, 0.000337650679285, 0.000287045142613, 0.000302644300973, 0.000488808727823, 0.000971478992142, 0.000599956721999, 0.00052795157535, 0.000874144665431, 0.000690755143296, 0.000587341492064, 0.000428537081461, 0.000127043400425, 0.000158123802976, 0.000197064306121, 0.000278324849205, 0.000151764164912, 5.41161280125e-05, 3.49319770976e-06],
        "median": [4.1987050281e-06, 0.000743916956708, 0.000315467244945, 7.80310438131e-05, 0.000292334414553, 0.000144692239701, 0.000110509114165, 6.76616691635e-05, 3.46720844391e-05, 3.77122269128e-05, 5.52636265638e-05, 2.89989147859e-05, 0.000103082777059, 0.000240882873186, 0.000142185061122, 0.00012716492347, 0.000207841367228, 0.000161448973813, 0.000168882063008, 4.89692902192e-05, 1.0936392755e-05, 2.38304692175e-05, 3.26017252519e-05, 2.82781093119e-05, 1.28735164253e-05, 4.61484842162e-06, 1.43089295079e-07],
        "min": [4.84509059428e-24, 3.69477677773e-24, 8.54218267877e-24, 1.97732924163e-23, 1.22867547234e-23, 2.53059825746e-23, 2.70028918014e-23, 6.12340151032e-23, 4.32177920242e-23, 1.14942259305e-22, 5.9471756639e-23, 1.07754815069e-22, 1.61181524281e-22, 6.39229642501e-23, 2.07188384522e-22, 1.2344394581e-22, 1.21158180316e-22, 4.7280425055e-22, 2.7818926125e-22, 4.74309422401e-22, 2.64703273867e-22, 4.72896288529e-22, 5.01689130968e-22, 5.73973831487e-22, 1.1397480534e-21, 1.86507518679e-21, 2.71864580933e-21],
        "var": [6.87544286393e-07, 0.000310659961542, 0.000109789332782, 8.13745737105e-06, 2.79646992567e-05, 7.03139994584e-06, 2.10133362089e-06, 3.04583977595e-06, 4.01632951252e-06, 1.04726689187e-06, 4.86701424052e-07, 1.21850064261e-06, 1.33156788706e-06, 2.79269488601e-06, 1.66474251273e-06, 1.24133055124e-06, 2.64304753728e-06, 1.44218972764e-06, 1.05393155536e-06, 9.65186927715e-07, 1.06506796271e-07, 1.87402775964e-07, 3.18901811625e-07, 1.20576612517e-06, 3.5118375763e-07, 2.9368802501e-08, 1.47007073181e-10]
    },
    "erbbands": {
        "dmean": [0.193315625191, 2.22314143181, 5.57606506348, 4.95003604889, 3.6401412487, 10.2461481094, 13.2133922577, 9.35130405426, 8.79387378693, 13.0084075928, 14.8366651535, 13.8254528046, 10.3190221786, 9.62027072906, 10.5757627487, 11.6741724014, 18.949924469, 39.8953208923, 27.1854534149, 26.1160564423, 23.9027767181, 45.9403266907, 30.6976833344, 19.5353603363, 21.24974823, 15.300661087, 4.98843717575, 4.26815271378, 4.69414138794, 7.04299688339, 5.18278121948, 5.54116725922, 4.07988071442, 1.87451827526, 0.962373256683, 0.423013448715, 0.113016396761, 0.0118649490178, 0.000900248647667, 5.89649462199e-05],
        "dmean2": [0.311327219009, 3.86856818199, 9.5624704361, 9.29561042786, 6.7095451355, 19.3123264313, 25.0579891205, 16.9787807465, 14.9660758972, 20.7559318542, 23.9007301331, 22.7794456482, 16.3834724426, 15.1329250336, 16.1577415466, 17.8527202606, 29.3499794006, 59.389541626, 41.9288101196, 39.4828071594, 36.5142974854, 77.3416137695, 48.2538871765, 29.4999809265, 30.4178829193, 22.2772216797, 6.66635704041, 5.93856906891, 7.4622836113, 11.7725124359, 8.62660121918, 9.09251880646, 6.30942440033, 2.87420749664, 1.5558732748, 0.725184619427, 0.198490232229, 0.0204965081066, 0.00163011287805, 0.000102808277006],
        "dvar": [0.116394765675, 12.838309288, 162.155105591, 185.905990601, 89.9688034058, 862.379638672, 1218.2722168, 684.179321289, 413.164703369, 834.213378906, 1227.49963379, 2485.22460938, 812.301879883, 565.720275879, 828.561584473, 1529.71911621, 1981.92480469, 4022.62353516, 3241.96655273, 2286.07958984, 2317.07543945, 10618.7265625, 2603.13330078, 1107.76879883, 1630.4017334, 1229.74230957, 131.485137939, 103.875915527, 128.74331665, 354.833404541, 220.717712402, 324.884552002, 270.142730713, 46.4258003235, 9.96213436127, 1.33621275425, 0.125222012401, 0.000946493120864, 7.39289453122e-06, 2.27043610579e-08],
        "dvar2": [0.29878783226, 36.1597976685, 424.032928467, 537.378601074, 257.940338135, 2471.33984375, 3482.02783203, 1927.05969238, 1088.73840332, 1858.05334473, 2916.27539062, 5903.64746094, 1807.77587891, 1225.43786621, 1908.89794922, 3628.78515625, 4685.34863281, 9193.78710938, 7625.40820312, 5164.59375, 5336.39941406, 29638.1875, 6112.27783203, 2407.79174805, 3355.94677734, 2761.94970703, 260.469116211, 219.527954102, 293.010406494, 908.260192871, 552.774047852, 756.673400879, 570.73840332, 92.3137359619, 21.7276554108, 3.46276044846, 0.343256920576, 0.00249084015377, 2.05521573662e-05, 6.37765324996e-08],
        "max": [2.69782447815, 18.6762390137, 77.7271270752, 91.8804931641, 80.07421875, 197.951293945, 236.65713501, 365.643035889, 495.22164917, 487.650939941, 797.676757812, 2711.67358398, 888.138793945, 918.654052734, 649.995788574, 987.046508789, 993.502929688, 1002.71417236, 1245.53271484, 831.207397461, 1034.1595459, 1623.40112305, 809.006530762, 548.098632812, 585.018981934, 821.284790039, 298.10925293, 252.850357056, 271.647583008, 320.222961426, 367.927185059, 476.190124512, 343.059204102, 154.305923462, 103.221672058, 18.1721611023, 4.75311994553, 0.360895097256, 0.0419222526252, 0.00277087581344],
        "mean": [0.300576537848, 3.29507613182, 5.94473648071, 4.03952312469, 2.84472417831, 6.66079044342, 8.28631782532, 7.24165344238, 8.07270908356, 14.0680122375, 14.9508314133, 13.210278511, 10.7949638367, 10.3742322922, 12.6462364197, 13.1065893173, 21.9523277283, 48.0988807678, 33.9258003235, 32.7441101074, 31.6114597321, 51.12940979, 41.5513305664, 28.4237060547, 30.9564247131, 20.9948577881, 6.6160941124, 5.09971237183, 5.19948720932, 6.78836679459, 5.09132146835, 5.53094244003, 4.48568868637, 1.99859535694, 0.922628164291, 0.343701422215, 0.0856756865978, 0.00950017478317, 0.000621305720415, 6.5494365117e-05],
        "median": [0.0113557744771, 0.197286620736, 0.497406154871, 0.427545905113, 0.619590640068, 0.927941322327, 0.928491652012, 1.18426215649, 1.57410526276, 2.27306461334, 1.87015521526, 1.14878964424, 1.44719493389, 1.48378109932, 2.76087975502, 1.91841161251, 5.32344579697, 13.5801620483, 9.51913738251, 8.70348739624, 8.57113647461, 12.8116445541, 10.980802536, 9.13498878479, 7.25853967667, 2.69898295403, 0.84820497036, 0.500009655952, 0.816067993641, 1.05153286457, 0.886816322803, 0.574406147003, 0.42426520586, 0.163650497794, 0.0712963789701, 0.0277453046292, 0.00720457034186, 0.000935150193982, 4.54707551398e-05, 3.81952413591e-05],
        "min": [8.01876857722e-23, 1.01574618729e-21, 5.87404580936e-21, 5.24853885795e-20, 2.74574267907e-20, 7.0413646246e-20, 1.10264106232e-19, 2.68366212787e-19, 4.73230235237e-19, 3.35003857085e-19, 1.56816745431e-18, 9.50182059447e-19, 3.28013860376e-18, 3.3010046483e-18, 2.00543384107e-18, 5.05060227926e-18, 5.65878227514e-18, 5.01038310351e-18, 9.25033762912e-18, 9.00278646002e-18, 6.81455997244e-18, 7.26915072655e-18, 2.54005411265e-17, 1.61922507423e-17, 1.78906130129e-17, 2.29798119531e-17, 1.04940235324e-17, 1.25296240301e-17, 1.92104375828e-17, 1.25696893502e-17, 1.60265780461e-17, 1.0179371472e-17, 1.12262148593e-17, 1.19662826e-17, 7.59614680322e-18, 6.13968150864e-18, 3.96415679295e-18, 1.59047072517e-18, 3.8704096224e-19, 3.65470269676e-20],
        "var": [0.191237837076, 19.8367958069, 149.032516479, 128.507293701, 56.1036453247, 489.189849854, 692.18939209, 437.825256348, 370.979797363, 1148.33203125, 1474.33544922, 2618.55908203, 1061.0369873, 860.235351562, 1064.4753418, 1825.44885254, 2576.30151367, 6205.38183594, 4933.5546875, 3795.90405273, 3580.60571289, 9310.71582031, 4668.96630859, 2185.27709961, 3251.64404297, 2371.0402832, 241.897186279, 167.825042725, 186.702346802, 366.048309326, 231.026550293, 398.709869385, 397.611175537, 69.7975463867, 12.7087450027, 1.16057133675, 0.0871211960912, 0.000767523539253, 4.79236814499e-06, 1.50501637819e-08]
    },
    "gfcc": {
        "mean": [-50.1811332703, 59.6231079102, -123.102668762, 38.6857833862, -41.1591339111, 15.8823299408, -46.4692802429, 10.7272176743, -19.1964015961, 2.13298201561, -8.4200630188, -0.355701982975, -15.2874574661],
        "cov": [[11564.3623047, 215.535522461, -964.573669434, 99.9438095093, -583.637145996, -173.522277832, -463.292572021, 642.773803711, 26.3735122681, -9.42247009277, -35.3182258606, -14.1712789536, -168.665023804], [215.535522461, 2950.79443359, 199.049133301, 186.75692749, 992.067565918, 57.677532196, 582.692932129, 161.112564087, 333.164886475, -54.0665016174, 305.170562744, -105.438079834, 49.9483833313], [-964.573669434, 199.049133301, 2786.125, 890.221923828, 528.893737793, 728.788085938, 399.5546875, 40.6071777344, 125.689971924, 132.541915894, -115.824272156, 194.491073608, 32.3596534729], [99.9438095093, 186.75692749, 890.221923828, 1035.59521484, 402.987030029, 238.491516113, 216.321914673, 87.4226760864, 119.189620972, 160.178283691, 88.6916885376, -1.15354716778, 120.307609558], [-583.637145996, 992.067565918, 528.893737793, 402.987030029, 1107.8326416, 398.19442749, 292.97076416, 137.09715271, 255.307189941, 66.0007781982, 133.315490723, 33.7206497192, 83.6678161621], [-173.522277832, 57.677532196, 728.788085938, 238.491516113, 398.19442749, 651.559326172, 231.212295532, 11.6761817932, 78.1433944702, 84.5100097656, 22.2894191742, 80.7030487061, 33.1935844421], [-463.292572021, 582.692932129, 399.5546875, 216.321914673, 292.97076416, 231.212295532, 523.600036621, 93.7657318115, 77.0205993652, 63.7579498291, 98.3290710449, 26.2353858948, 26.9921512604], [642.773803711, 161.112564087, 40.6071777344, 87.4226760864, 137.09715271, 11.6761817932, 93.7657318115, 363.241241455, 121.911331177, -2.51493763924, 70.5171279907, -13.2780914307, -44.4089927673], [26.3735122681, 333.164886475, 125.689971924, 119.189620972, 255.307189941, 78.1433944702, 77.0205993652, 121.911331177, 248.742614746, 51.5842819214, 47.320350647, 1.54149460793, 9.57965373993], [-9.42247009277, -54.0665016174, 132.541915894, 160.178283691, 66.0007781982, 84.5100097656, 63.7579498291, -2.51493763924, 51.5842819214, 191.724822998, 47.7100524902, -11.505645752, 32.1054115295], [-35.3182258606, 305.170562744, -115.824272156, 88.6916885376, 133.315490723, 22.2894191742, 98.3290710449, 70.5171279907, 47.320350647, 47.7100524902, 205.969177246, -37.5117416382, 25.3310070038], [-14.1712789536, -105.438079834, 194.491073608, -1.15354716778, 33.7206497192, 80.7030487061, 26.2353858948, -13.2780914307, 1.54149460793, -11.505645752, -37.5117416382, 197.763076782, 12.3857307434], [-168.665023804, 49.9483833313, 32.3596534729, 120.307609558, 83.6678161621, 33.1935844421, 26.9921512604, -44.4089927673, 9.57965373993, 32.1054115295, 25.3310070038, 12.3857307434, 131.609649658]],
        "icov": [[0.000151080545038, -0.000194536201889, 0.000135131005663, -0.000188759455341, 0.000257409439655, -0.00027683749795, 0.000331672141328, -0.000440710340627, 0.000190793551155, -0.000216597487452, 0.000285515474388, -0.000197516899789, 9.88049578154e-05], [-0.000194536201889, 0.00113391678315, -0.000314297561999, 0.000481558497995, -0.00101477641147, 0.000993573805317, -0.00124705280177, 0.00100382405799, -0.000945837353356, 0.00107276719064, -0.00117915635929, 0.000754713546485, -9.04900371097e-05], [0.000135131005663, -0.000314297561999, 0.000942679063883, -0.000836278428324, 0.00034874904668, -0.000929232977796, 0.000175296256202, -0.000407959654694, 0.000237422354985, -0.000288504874334, 0.00113298546057, -0.00065964035457, 0.000561294902582], [-0.000188759455341, 0.000481558497995, -0.000836278428324, 0.00219507724978, -0.000791115104221, 0.000830578443129, -0.000624563719612, 0.000275511207292, -0.000318942009471, -0.000368506181985, -0.00103971653152, 0.000852173136082, -0.00147808180191], [0.000257409439655, -0.00101477641147, 0.00034874904668, -0.000791115104221, 0.00267681642435, -0.00169785018079, 0.000921452359762, -0.00108462595381, -0.000450336781796, -0.000343439402059, 0.000569821451791, -0.000712011766154, -0.000402140954975], [-0.00027683749795, 0.000993573805317, -0.000929232977796, 0.000830578443129, -0.00169785018079, 0.00376872671768, -0.00165178382304, 0.00133993139025, -0.00062649208121, 0.000217384062125, -0.00121574511286, 0.00028513930738, -0.00014315538283], [0.000331672141328, -0.00124705280177, 0.000175296256202, -0.000624563719612, 0.000921452359762, -0.00165178382304, 0.00423585623503, -0.00180191919208, 0.0012345550349, -0.00143830373418, 0.000302398606436, -0.00102403038181, 7.93821527623e-05], [-0.000440710340627, 0.00100382405799, -0.000407959654694, 0.000275511207292, -0.00108462595381, 0.00133993139025, -0.00180191919208, 0.00545873586088, -0.002667974215, 0.00182081095409, -0.00222719670273, 0.000755858956836, 0.00157332664821], [0.000190793551155, -0.000945837353356, 0.000237422354985, -0.000318942009471, -0.000450336781796, -0.00062649208121, 0.0012345550349, -0.002667974215, 0.00717013236135, -0.00243992777541, 0.00117070763372, -0.000714880821761, 4.27551094617e-05], [-0.000216597487452, 0.00107276719064, -0.000288504874334, -0.000368506181985, -0.000343439402059, 0.000217384062125, -0.00143830373418, 0.00182081095409, -0.00243992777541, 0.00795917864889, -0.00235639559105, 0.00119529967196, -0.000626981840469], [0.000285515474388, -0.00117915635929, 0.00113298546057, -0.00103971653152, 0.000569821451791, -0.00121574511286, 0.000302398606436, -0.00222719670273, 0.00117070763372, -0.00235639559105, 0.00845203176141, -2.97875958495e-05, -0.000518244458362], [-0.000197516899789, 0.000754713546485, -0.00065964035457, 0.000852173136082, -0.000712011766154, 0.00028513930738, -0.00102403038181, 0.000755858956836, -0.000714880821761, 0.00119529967196, -2.97875958495e-05, 0.00643158657476, -0.00114965217654], [9.88049578154e-05, -9.04900371097e-05, 0.000561294902582, -0.00147808180191, -0.000402140954975, -0.00014315538283, 7.93821527623e-05, 0.00157332664821, 4.27551094617e-05, -0.000626981840469, -0.000518244458362, -0.00114965217654, 0.0101364757866]]
    },
    "melbands": {
        "dmean": [0.00203165272251, 0.00285773724318, 0.000784163246863, 0.000461066898424, 0.000495568208862, 0.00021813987405, 0.00013164516713, 0.000147455590195, 0.000119603246276, 8.39624262881e-05, 5.15281644766e-05, 4.00266762881e-05, 3.52848728653e-05, 3.24142056343e-05, 3.60690282832e-05, 4.77049106848e-05, 8.33461308503e-05, 4.84637566842e-05, 3.67388747691e-05, 3.15713004966e-05, 2.85869846266e-05, 4.87391880597e-05, 4.19854513893e-05, 2.10946436709e-05, 1.59715636983e-05, 1.65997407748e-05, 1.50373152792e-05, 9.37184904615e-06, 3.22191135638e-06, 2.23534311772e-06, 2.77074286714e-06, 2.63184756477e-06, 3.08376706926e-06, 4.67135760118e-06, 3.12484962706e-06, 2.82407518171e-06, 3.78407025892e-06, 3.1652286907e-06, 2.10455709748e-06, 1.46745037455e-06],
        "dmean2": [0.00346208945848, 0.00492663867772, 0.00145395181607, 0.000860919652041, 0.000939020479564, 0.000396066316171, 0.000221972193685, 0.000234345614444, 0.000194497450138, 0.000138881106977, 8.1952632172e-05, 6.35692995274e-05, 5.46523697267e-05, 4.96811808262e-05, 5.67069328099e-05, 7.44700155337e-05, 0.000124867030536, 7.58321839385e-05, 5.68438554183e-05, 4.79317204736e-05, 4.43391800218e-05, 8.25458264444e-05, 6.84016413288e-05, 3.32746494678e-05, 2.43656759267e-05, 2.44079401455e-05, 2.17575470742e-05, 1.38551422424e-05, 4.50718562206e-06, 2.98365284834e-06, 4.00468934458e-06, 4.21069307777e-06, 4.99778980156e-06, 8.01504847914e-06, 5.26302756043e-06, 4.66296751256e-06, 6.29395390206e-06, 4.95597032568e-06, 3.24584721056e-06, 2.3065467758e-06],
        "dvar": [1.0271976862e-05, 3.17805097438e-05, 4.39418545284e-06, 1.66223424003e-06, 1.77307538252e-06, 3.54734055463e-07, 8.12130025452e-08, 1.01253974094e-07, 8.90606912662e-08, 9.58603223467e-08, 2.08308730265e-08, 1.01484234349e-08, 7.59421681096e-09, 1.61101123552e-08, 1.15436620263e-08, 1.11319264917e-08, 1.87508817362e-08, 1.16039675646e-08, 6.88853818431e-09, 3.87511889244e-09, 3.71645869635e-09, 1.28905348618e-08, 6.04825656225e-09, 1.41140266141e-09, 8.53243253829e-10, 1.10032039036e-09, 1.01183927903e-09, 5.84239101542e-10, 6.69590147218e-11, 2.84255258221e-11, 5.01016311771e-11, 3.93481879024e-11, 7.79153755404e-11, 1.70781125353e-10, 7.94110333047e-11, 9.30222565643e-11, 1.7050492962e-10, 1.79768408493e-10, 7.6691271389e-11, 3.17988274601e-11],
        "dvar2": [2.80934928014e-05, 8.3230312157e-05, 1.25287451738e-05, 4.76535478811e-06, 5.07592494614e-06, 9.96217409011e-07, 2.10978100768e-07, 2.25763088224e-07, 2.12090256468e-07, 2.23282626166e-07, 4.65445673115e-08, 2.18433733323e-08, 1.76086061288e-08, 3.74699276051e-08, 2.76551634926e-08, 2.66019579698e-08, 4.29722000206e-08, 2.76020326595e-08, 1.56499950776e-08, 8.52478709845e-09, 8.75929107025e-09, 3.59157787955e-08, 1.54457318047e-08, 3.37129635319e-09, 1.90436555414e-09, 2.28255281343e-09, 2.19355622555e-09, 1.34466826562e-09, 1.39164707535e-10, 5.24229271104e-11, 1.12260090113e-10, 9.28403950939e-11, 1.81425846568e-10, 4.54829368612e-10, 2.05717276547e-10, 2.28302599048e-10, 4.04018596356e-10, 4.00136285217e-10, 1.57352714192e-10, 6.72679689728e-11],
        "max": [0.0232097599655, 0.032864280045, 0.0145595418289, 0.00896164774895, 0.00900775846094, 0.00770053267479, 0.00673313392326, 0.0052108974196, 0.00734398048371, 0.0177222955972, 0.00433334801346, 0.00363545445725, 0.00209295400418, 0.00436039362103, 0.00227424548939, 0.002062282525, 0.00219196313992, 0.00238115503453, 0.00189711456187, 0.00141112972051, 0.00146831059828, 0.00177468021866, 0.000914182513952, 0.00082956982078, 0.00048694157158, 0.000553202291485, 0.000699436874129, 0.000688484462444, 0.000256633531535, 8.94474796951e-05, 0.000177225098014, 0.000159050367074, 0.000274723715847, 0.000206466938835, 0.000254923303146, 0.00025573282619, 0.00030705309473, 0.000321257975884, 0.000219837282202, 0.000148047911352],
        "mean": [0.00330475741066, 0.00375768425874, 0.000663806335069, 0.000321452884236, 0.000311277253786, 0.00016783628962, 0.000123367717606, 0.000157817703439, 0.000118657604617, 7.91771235527e-05, 5.26612748217e-05, 4.1550185415e-05, 4.04142483603e-05, 3.55347947334e-05, 3.88587541238e-05, 5.30899815203e-05, 9.69151878962e-05, 5.68005671084e-05, 4.34616667917e-05, 3.9718390326e-05, 3.59158329957e-05, 5.13581690029e-05, 5.11264479428e-05, 2.76973059954e-05, 2.20209949475e-05, 2.31382382481e-05, 2.05433243536e-05, 1.21633938761e-05, 4.05644095736e-06, 2.89200647785e-06, 3.05182902594e-06, 2.81312713923e-06, 3.1964111713e-06, 4.17788214691e-06, 2.96035295833e-06, 2.74829403679e-06, 3.67375878341e-06, 3.40595897796e-06, 2.27982695833e-06, 1.49845163833e-06],
        "median": [0.000159006624017, 0.000317651720252, 7.85631418694e-05, 6.56368210912e-05, 3.79302182409e-05, 2.65237140411e-05, 2.47343559749e-05, 2.16710886889e-05, 1.11388717414e-05, 5.1142033044e-06, 6.64117578708e-06, 4.945443834e-06, 8.78184164321e-06, 4.19155321651e-06, 6.15205590293e-06, 1.01528776213e-05, 2.4123062758e-05, 1.32684408527e-05, 9.91633260128e-06, 1.03453730844e-05, 7.93966501078e-06, 1.17325052997e-05, 1.18460429803e-05, 6.46141870675e-06, 6.09665175944e-06, 5.38048698218e-06, 2.71473186331e-06, 1.17654690257e-06, 4.26900385264e-07, 2.02603672506e-07, 2.64214804702e-07, 4.22621070584e-07, 4.72021952191e-07, 6.19288414327e-07, 5.43849353107e-07, 3.02909086258e-07, 3.45345455344e-07, 3.07837666469e-07, 1.80208147071e-07, 1.09313845087e-07],
        "min": [1.23122225061e-24, 2.62247420496e-24, 7.79998762926e-24, 3.1649689191e-24, 3.49701171537e-24, 5.95759272992e-24, 6.37110612226e-24, 6.12517400189e-24, 1.10315405503e-23, 6.02367797453e-24, 1.65505763151e-23, 1.37387857481e-23, 6.35995123463e-24, 9.23113356148e-24, 1.82539983777e-23, 1.28959833231e-23, 7.67135833663e-24, 1.34728496929e-23, 1.44174948497e-23, 8.96702608586e-24, 8.21651486468e-24, 6.10287250967e-24, 1.52864424917e-23, 2.52463588896e-23, 1.18002373819e-23, 1.00633179188e-23, 1.55834785993e-23, 1.53688248138e-23, 7.0919691896e-24, 5.48966607892e-24, 7.3490108381e-24, 1.04623221869e-23, 1.03665300183e-23, 6.05843715817e-24, 1.05396692098e-23, 5.37210844911e-24, 7.13604205952e-24, 7.53751388457e-24, 9.09594567929e-24, 1.00781272045e-23],
        "var": [1.85614353541e-05, 3.54618277925e-05, 3.15115380545e-06, 9.6026542451e-07, 1.00196234598e-06, 2.28416283221e-07, 7.72005606109e-08, 1.37860496352e-07, 1.05806748252e-07, 1.03903644799e-07, 2.67321755842e-08, 1.52791166386e-08, 9.8917869451e-09, 1.87009607799e-08, 1.31564661388e-08, 1.46213308128e-08, 2.75052087773e-08, 1.64479860842e-08, 9.82912773395e-09, 6.75859457289e-09, 5.21658938268e-09, 1.0919206872e-08, 7.91497001273e-09, 2.45088260797e-09, 1.53477353049e-09, 2.04640682178e-09, 1.97290339621e-09, 9.86294268479e-10, 1.08867033444e-10, 5.79007883306e-11, 6.90636298151e-11, 5.27189646105e-11, 1.03362499115e-10, 1.46966480652e-10, 7.56533100055e-11, 9.9710933954e-11, 1.97850902328e-10, 2.45059861292e-10, 1.11275551273e-10, 4.23559624874e-11]
    },
    "mfcc": {
        "mean": [-692.060668945, 91.3532562256, -13.1531114578, 22.4671802521, 24.3699874878, 4.71842575073, -3.09991979599, 6.59563398361, -9.85957813263, 7.00949192047, 3.47930407524, -3.00049972534, 0.364548832178],
        "cov": [[9590.24609375, 152.009429932, -857.509460449, -33.5550956726, -378.43157959, -869.561706543, -419.6171875, 117.293373108, -133.53213501, 87.8002243042, 115.983718872, 58.1295585632, -66.6064071655], [152.009429932, 2666.77783203, -203.352523804, 286.013397217, 444.28894043, 180.221664429, 335.464904785, 390.423370361, 149.630508423, 179.84236145, 262.055389404, 104.333152771, 98.3399047852], [-857.509460449, -203.352523804, 2130.24365234, 523.028686523, 269.142913818, 643.748352051, 273.095367432, 176.452850342, 259.747497559, 29.2916107178, 13.4778146744, 83.2018203735, 95.1185302734], [-33.5550956726, 286.013397217, 523.028686523, 910.119628906, 324.177246094, 229.319320679, 212.844039917, 90.5567245483, 173.068908691, 157.726287842, 24.2519340515, 72.2244186401, 176.976745605], [-378.43157959, 444.28894043, 269.142913818, 324.177246094, 882.457275391, 346.462554932, 169.953781128, 200.059265137, 195.981185913, 164.586074829, 93.5473556519, 77.7355270386, 65.2417984009], [-869.561706543, 180.221664429, 643.748352051, 229.319320679, 346.462554932, 781.06652832, 281.079223633, 109.788635254, 208.242752075, 40.8649940491, 69.6673278809, 47.2053222656, 18.8459587097], [-419.6171875, 335.464904785, 273.095367432, 212.844039917, 169.953781128, 281.079223633, 453.910186768, 154.041534424, 102.956130981, 133.283630371, 85.0838775635, 51.9294242859, 102.728240967], [117.293373108, 390.423370361, 176.452850342, 90.5567245483, 200.059265137, 109.788635254, 154.041534424, 397.449462891, 126.696479797, 29.8271064758, 139.135620117, 77.8537902832, 30.5793476105], [-133.53213501, 149.630508423, 259.747497559, 173.068908691, 195.981185913, 208.242752075, 102.956130981, 126.696479797, 245.174285889, 72.6729888916, 66.2577819824, 56.0667572021, 18.3675365448], [87.8002243042, 179.84236145, 29.2916107178, 157.726287842, 164.586074829, 40.8649940491, 133.283630371, 29.8271064758, 72.6729888916, 258.840515137, 86.7708587646, 32.2707023621, 77.1676635742], [115.983718872, 262.055389404, 13.4778146744, 24.2519340515, 93.5473556519, 69.6673278809, 85.0838775635, 139.135620117, 66.2577819824, 86.7708587646, 197.21156311, 74.06640625, 21.326417923], [58.1295585632, 104.333152771, 83.2018203735, 72.2244186401, 77.7355270386, 47.2053222656, 51.9294242859, 77.8537902832, 56.0667572021, 32.2707023621, 74.06640625, 144.857391357, 59.6976661682], [-66.6064071655, 98.3399047852, 95.1185302734, 176.976745605, 65.2417984009, 18.8459587097, 102.728240967, 30.5793476105, 18.3675365448, 77.1676635742, 21.326417923, 59.6976661682, 198.664245605]],
