{
"lowlevel": {
    "average_loudness": 0.963543057442,
    "barkbands_crest": {
        "dmean": 3.5037484169,
        "dmean2": 5.49891805649,
        "dvar": 11.2429857254,
        "dvar2": 22.0957565308,
        "max": 25.7531108856,
        "mean": 12.8322067261,
        "median": 11.4470157623,
        "min": 1.94149768353,
        "var": 47.1270217896
    },
    "barkbands_flatness_db": {
        "dmean": 0.029569465667,
        "dmean2": 0.0418492816389,
        "dvar": 0.000753990316298,
        "dvar2": 0.00148171372712,
        "max": 0.549131393433,
        "mean": 0.134749382734,
        "median": 0.121811307967,
        "min": 0.0168385766447,
        "var": 0.00501192267984
    },
    "barkbands_kurtosis": {
        "dmean": 7.14997053146,
        "dmean2": 11.3737916946,
        "dvar": 295.793609619,
        "dvar2": 683.855529785,
        "max": 946.865966797,
        "mean": 9.70462322235,
        "median": 2.17496156693,
        "min": -1.86652135849,
        "var": 609.637023926
    },
    "barkbands_skewness": {
        "dmean": 0.933714747429,
        "dmean2": 1.39312267303,
        "dvar": 1.0365704298,
        "dvar2": 2.21627855301,
        "max": 24.5622730255,
        "mean": 2.03787136078,
        "median": 1.52844071388,
        "min": -2.45829415321,
        "var": 4.97145414352
    },
    "barkbands_spread": {
        "dmean": 7.66705513,
        "dmean2": 11.5035247803,
        "dvar": 61.0387992859,
        "dvar2": 123.325050354,
        "max": 96.9781036377,
        "mean": 23.3795318604,
        "median": 20.1758480072,
        "min": 0.206591635942,
        "var": 239.987884521
    },
    "dissonance": {
        "dmean": 0.0146392397583,
        "dmean2": 0.0244827773422,
        "dvar": 0.000213307779632,
        "dvar2": 0.000544274284039,
        "max": 0.500000059605,
        "mean": 0.475228875875,
        "median": 0.481215506792,
        "min": 0.276232808828,
        "var": 0.000440036150394
    },
    "dynamic_complexity": 1.90288579464,
    "erbbands_crest": {
        "dmean": 2.8364071846,
        "dmean2": 4.54778242111,
        "dvar": 8.06331920624,
        "dvar2": 18.6232395172,
        "max": 29.6514644623,
        "mean": 8.13672542572,
        "median": 6.84315538406,
        "min": 2.47230887413,
        "var": 18.1428222656
    },
    "erbbands_flatness_db": {
        "dmean": 0.0188399646431,
        "dmean2": 0.0260520242155,
        "dvar": 0.000268268602667,
        "dvar2": 0.000493969244417,
        "max": 0.384532541037,
        "mean": 0.140384346247,
        "median": 0.137930959463,
        "min": 0.0495296604931,
        "var": 0.00128894147929
    },
    "erbbands_kurtosis": {
        "dmean": 0.871340990067,
        "dmean2": 1.3740465641,
        "dvar": 1.00701642036,
        "dvar2": 2.42210650444,
        "max": 13.6299438477,
        "mean": 0.204220458865,
        "median": -0.157328367233,
        "min": -1.71855926514,
        "var": 2.00550198555
    },
    "erbbands_skewness": {
        "dmean": 0.404563486576,
        "dmean2": 0.612515091896,
        "dvar": 0.130761668086,
        "dvar2": 0.285698235035,
        "max": 3.48895144463,
        "mean": 0.00150340702385,
        "median": -0.0742446631193,
        "min": -2.46187210083,
        "var": 0.469008356333
    },
    "erbbands_spread": {
        "dmean": 9.97341632843,
        "dmean2": 15.2780542374,
        "dvar": 93.8528366089,
        "dvar2": 202.275421143,
        "max": 133.793792725,
        "mean": 40.0420227051,
        "median": 37.4154853821,
        "min": 5.89339113235,
        "var": 311.42477417
    },
    "hfc": {
        "dmean": 9.12154006958,
        "dmean2": 12.4219760895,
        "dvar": 100.121795654,
        "dvar2": 177.931243896,
        "max": 158.412734985,
        "mean": 27.5536823273,
        "median": 22.9964771271,
        "min": 1.22737866619e-16,
        "var": 329.034881592
    },
    "melbands_crest": {
        "dmean": 4.4785490036,
        "dmean2": 7.05208015442,
        "dvar": 16.9479904175,
        "dvar2": 35.7595825195,
        "max": 36.7532920837,
        "mean": 18.8273773193,
        "median": 16.9947929382,
        "min": 2.30771589279,
        "var": 97.9709625244
    },
    "melbands_flatness_db": {
        "dmean": 0.037494763732,
        "dmean2": 0.0518338680267,
        "dvar": 0.00114759337157,
        "dvar2": 0.00211405567825,
        "max": 0.65545552969,
        "mean": 0.199613556266,
        "median": 0.188824787736,
        "min": 0.00698148272932,
        "var": 0.0100821191445
    },
    "melbands_kurtosis": {
        "dmean": 19.8367977142,
        "dmean2": 31.1616191864,
        "dvar": 1656.96276855,
        "dvar2": 3682.5246582,
        "max": 2095.54614258,
        "mean": 30.6793079376,
        "median": 8.58468437195,
        "min": -1.58997809887,
        "var": 3728.08911133
    },
    "melbands_skewness": {
        "dmean": 1.37735080719,
        "dmean2": 2.07886075974,
        "dvar": 2.42082905769,
        "dvar2": 5.09211063385,
        "max": 30.0103435516,
        "mean": 3.67965292931,
        "median": 2.56157588959,
        "min": -1.23802065849,
        "var": 10.7350616455
    },
    "melbands_spread": {
        "dmean": 10.5916452408,
        "dmean2": 15.6045761108,
        "dvar": 171.460571289,
        "dvar2": 326.500946045,
        "max": 221.754241943,
        "mean": 28.8839263916,
        "median": 19.2092227936,
        "min": 0.110351800919,
        "var": 664.803466797
    },
    "pitch_salience": {
        "dmean": 0.106817178428,
        "dmean2": 0.165849864483,
        "dvar": 0.0101519497111,
        "dvar2": 0.0217133332044,
        "max": 0.959789335728,
        "mean": 0.465676009655,
        "median": 0.499829798937,
        "min": 0.027911009267,
        "var": 0.0392223000526
    },
    "silence_rate_20dB": {
        "dmean": 0.000153444838361,
        "dmean2": 0.000306913221721,
        "dvar": 0.000153397777467,
        "dvar2": 0.00046018147259,
        "max": 1,
        "mean": 0.999923288822,
        "median": 1,
        "min": 0,
        "var": 7.67047677073e-05
    },
    "silence_rate_30dB": {
        "dmean": 0.0819395408034,
        "dmean2": 0.163891658187,
        "dvar": 0.0752252116799,
        "dvar2": 0.166185230017,
        "max": 1,
        "mean": 0.727502882481,
        "median": 1,
        "min": 0,
        "var": 0.198235109448
    },
    "silence_rate_60dB": {
        "dmean": 0.0070584625937,
        "dmean2": 0.0141180083156,
        "dvar": 0.00700996443629,
        "dvar2": 0.0171404015273,
        "max": 1,
        "mean": 0.008668968454,
        "median": 0,
        "min": 0,
        "var": 0.00859485659748
    },
    "spectral_centroid": {
        "dmean": 388.186096191,
        "dmean2": 575.414550781,
        "dvar": 144154.125,
        "dvar2": 293639.8125,
        "max": 11175.2226562,
        "mean": 1869.20690918,
        "median": 1852.75012207,
        "min": 227.132949829,
        "var": 489123.90625
    },
    "spectral_complexity": {
        "dmean": 5.52309322357,
        "dmean2": 7.80096673965,
        "dvar": 26.9438419342,
        "dvar2": 44.4656562805,
        "max": 62,
        "mean": 25.5891056061,
        "median": 24,
        "min": 0,
        "var": 123.075874329
    },
    "spectral_decrease": {
        "dmean": 6.62545796004e-09,
        "dmean2": 1.05012878393e-08,
        "dvar": 8.0765458406e-17,
        "dvar2": 2.06079436768e-16,
        "max": 1.82754253748e-16,
        "mean": -1.63001807607e-08,
        "median": -9.07630059999e-09,
        "min": -1.08845163993e-07,
        "var": 2.68004744992e-16
    },
    "spectral_energy": {
        "dmean": 0.025483943522,
        "dmean2": 0.0402802452445,
        "dvar": 0.00115785968956,
        "dvar2": 0.00296135642566,
        "max": 0.413382679224,
        "mean": 0.0640199184418,
        "median": 0.0374873392284,
        "min": 1.09467087015e-20,
        "var": 0.00385007215664
    },
    "spectral_energyband_high": {
        "dmean": 0.000745341822039,
        "dmean2": 0.000996100017801,
        "dvar": 1.25047154143e-06,
        "dvar2": 2.37952031057e-06,
        "max": 0.0190267357975,
        "mean": 0.00149112555664,
        "median": 0.000784957548603,
        "min": 8.13255543929e-21,
        "var": 2.82016003439e-06
    },
    "spectral_energyband_low": {
        "dmean": 0.0220163799822,
        "dmean2": 0.034886110574,
        "dvar": 0.00119750516023,
        "dvar2": 0.00299204210751,
        "max": 0.411745607853,
        "mean": 0.0473365038633,
        "median": 0.00955193024129,
        "min": 4.8971595161e-23,
        "var": 0.00374338100664
    },
    "spectral_energyband_middle_high": {
        "dmean": 0.00204994110391,
        "dmean2": 0.00300109805539,
        "dvar": 6.06593584962e-06,
        "dvar2": 1.19793912745e-05,
        "max": 0.0469083338976,
        "mean": 0.00651190849021,
        "median": 0.00501972995698,
        "min": 1.12120020433e-21,
        "var": 2.44738112087e-05
    },
    "spectral_energyband_middle_low": {
        "dmean": 0.00712615810335,
        "dmean2": 0.0113533129916,
        "dvar": 0.000103604674223,
        "dvar2": 0.000247601506999,
        "max": 0.104239694774,
        "mean": 0.0101353209466,
        "median": 0.00534872710705,
        "min": 2.99753613442e-22,
        "var": 0.000148595339851
    },
    "spectral_entropy": {
        "dmean": 0.143379807472,
        "dmean2": 0.203965753317,
        "dvar": 0.0183481592685,
        "dvar2": 0.0372934602201,
        "max": 9.80500602722,
        "mean": 7.87409210205,
        "median": 7.88374853134,
        "min": 6.62546300888,
        "var": 0.0680019184947
    },
    "spectral_flux": {
        "dmean": 0.0425462760031,
        "dmean2": 0.0671590715647,
        "dvar": 0.00200937502086,
        "dvar2": 0.0044189915061,
        "max": 0.499037325382,
        "mean": 0.128195017576,
        "median": 0.11458773911,
        "min": 1.04626522723e-10,
        "var": 0.00424376316369
    },
    "spectral_kurtosis": {
        "dmean": 1.07237648964,
        "dmean2": 1.75381135941,
        "dvar": 0.986807644367,
        "dvar2": 2.74839758873,
        "max": 27.109582901,
        "mean": 3.31197190285,
        "median": 3.22214889526,
        "min": -1.22181880474,
        "var": 1.99203646183
    },
    "spectral_rms": {
        "dmean": 0.0015126458602,
        "dmean2": 0.00231879297644,
        "dvar": 2.48080164056e-06,
        "dvar2": 5.84269810133e-06,
        "max": 0.0200823340565,
        "mean": 0.0069903251715,
        "median": 0.00604756269604,
        "min": 3.26798332319e-12,
        "var": 1.35938689709e-05
    },
    "spectral_rolloff": {
        "dmean": 636.192810059,
        "dmean2": 974.606933594,
        "dvar": 949007.4375,
        "dvar2": 1848290.5,
        "max": 18820.0195312,
        "mean": 1702.46630859,
        "median": 1055.12695312,
        "min": 64.599609375,
        "var": 3180976
    },
    "spectral_skewness": {
        "dmean": 0.199760332704,
        "dmean2": 0.308998942375,
        "dvar": 0.030149884522,
        "dvar2": 0.072715960443,
        "max": 3.79703569412,
        "mean": 1.24924051762,
        "median": 1.24229860306,
        "min": -0.009072445333,
        "var": 0.0760877728462
    },
    "spectral_spread": {
        "dmean": 586501.125,
        "dmean2": 811415.0625,
        "dvar": 585460416512,
        "dvar2": 948894302208,
        "max": 39510628,
        "mean": 4471342,
        "median": 4188814,
        "min": 1706960.25,
        "var": 1.62047787008e+12
    },
    "spectral_strongpeak": {
        "dmean": 0.515859246254,
        "dmean2": 0.861957132816,
        "dvar": 0.531799197197,
        "dvar2": 1.33356368542,
        "max": 7.66902208328,
        "mean": 0.912017226219,
        "median": 0.73926115036,
        "min": 0,
        "var": 0.797600507736
    },
    "zerocrossingrate": {
        "dmean": 0.0144089795649,
        "dmean2": 0.0147667517886,
        "dvar": 0.00023869459983,
        "dvar2": 0.000264643749688,
        "max": 0.5107421875,
        "mean": 0.0652768537402,
        "median": 0.056640625,
        "min": 0.001953125,
        "var": 0.00215848512016
    },
    "barkbands": {
        "dmean": [0.00122667721007, 0.0198921114206, 0.00385301513597, 0.00239127036184, 0.00213618273847, 0.00113112304825, 0.00131898466498, 0.00154549826402, 0.000939689169172, 0.000664740917273, 0.000468199461466, 0.000395673385356, 0.00050342240138, 0.000451796106063, 0.000345137057593, 0.000377798103727, 0.000283637695247, 0.000216281827306, 0.00028944958467, 0.000220262096263, 0.000269479351118, 0.000180829883902, 0.000137474402436, 8.08049080661e-05, 7.09075320628e-05, 6.00831044721e-05, 7.90188187239e-06],
        "dmean2": [0.0017009092262, 0.031102983281, 0.00657076574862, 0.00417623948306, 0.0037098035682, 0.0018785870634, 0.00212862319313, 0.00240709143691, 0.00144361867569, 0.00106354663149, 0.00073401449481, 0.000642407976557, 0.000801574322395, 0.000726026133634, 0.000551973760594, 0.000610871356912, 0.000461804767838, 0.000334017211571, 0.000419882766437, 0.000321341532981, 0.000404932128731, 0.000260856206296, 0.000197749817744, 0.000113308451546, 0.000101227080449, 8.97976060514e-05, 1.29887921503e-05],
        "dvar": [4.89597732667e-06, 0.0011228263611, 5.28762793692e-05, 2.5235243811e-05, 1.78281425178e-05, 1.12293091661e-05, 1.15990278573e-05, 1.92527004401e-05, 6.59643183099e-06, 2.54281962953e-06, 7.52222319989e-07, 7.91560694324e-07, 8.54983852605e-07, 8.33938258893e-07, 4.10248730986e-07, 3.37082468604e-07, 1.31818936211e-07, 9.54287315835e-08, 2.1049447696e-07, 1.21927570262e-07, 1.84355229749e-07, 1.01929060747e-07, 6.19709368266e-08, 3.44436656974e-08, 2.64293742447e-08, 1.64309383877e-08, 5.37155708802e-10],
        "dvar2": [8.11374593468e-06, 0.00285793864168, 0.000140073316288, 6.87529027346e-05, 4.67763420602e-05, 2.82560613414e-05, 2.75144248008e-05, 4.31583139289e-05, 1.37057140819e-05, 5.41637018614e-06, 1.79970561476e-06, 1.88141484614e-06, 2.04342518373e-06, 2.05826768251e-06, 9.76011392595e-07, 8.11854079075e-07, 3.38296558766e-07, 2.11604699984e-07, 4.21886937829e-07, 2.33844858144e-07, 4.0084321995e-07, 2.27950977205e-07, 1.33517033873e-07, 6.86077470391e-08, 5.69183775667e-08, 3.95496151384e-08, 1.39404932042e-09],
        "max": [0.0286213494837, 0.393448591232, 0.0841197893023, 0.060250595212, 0.0731664970517, 0.0748799294233, 0.0520911961794, 0.0590740963817, 0.0524112731218, 0.0377554520965, 0.0223985705525, 0.0231888834387, 0.0237119458616, 0.0247032102197, 0.0117695387453, 0.00971876922995, 0.00673993024975, 0.00661186221987, 0.00924912467599, 0.00507086329162, 0.0108656939119, 0.00551440101117, 0.00504594342783, 0.00549658667296, 0.00477570435032, 0.00232122954912, 0.00098387140315],
        "mean": [0.00386554608122, 0.0390240699053, 0.00328003498726, 0.00189187237993, 0.00198629312217, 0.00117984157987, 0.00158119190019, 0.00181626353879, 0.00124817620963, 0.00107431516517, 0.000712498906069, 0.000571329321247, 0.000780903210398, 0.000701753888279, 0.000522458867636, 0.000675965973642, 0.000527409429196, 0.000387598236557, 0.000507493328769, 0.000404999009334, 0.000512205355335, 0.00026371065178, 0.000204215088161, 0.000127477120259, 9.76026785793e-05, 6.77056741551e-05, 7.14317775419e-06],
        "median": [0.000169831313542, 0.00488302670419, 0.000602987129241, 0.000278385967249, 0.000784949224908, 0.000259211403318, 0.000572115939576, 0.000236869818764, 0.000297115650028, 0.000433672918007, 0.000372907583369, 0.000271748634987, 0.000336864119163, 0.000300281913951, 0.000267108873231, 0.000415045942646, 0.000381602498237, 0.000246128824074, 0.00027067339397, 0.000221575406613, 0.000325280445395, 9.90313492366e-05, 7.05909405951e-05, 4.45656987722e-05, 2.65423059318e-05, 1.36277503771e-05, 1.32996888169e-06],
        "min": [9.6578852231e-24, 1.54376576609e-23, 8.51082072462e-24, 7.28701031525e-24, 2.50970448752e-23, 1.19066523514e-23, 2.34831963907e-23, 6.87487608844e-23, 4.05088310539e-23, 4.53080935627e-23, 2.01083531972e-23, 6.9732142267e-23, 7.0554823217e-23, 5.84780254012e-23, 7.77303777415e-23, 8.00366220643e-23, 7.13698490607e-23, 9.49978676919e-23, 2.14087307615e-22, 2.39271912896e-22, 5.4226384453e-22, 5.32608388998e-22, 6.75458906299e-22, 7.55370591729e-22, 1.29551680542e-21, 2.05038585832e-21, 2.17330013136e-21],
        "var": [3.18869861076e-05, 0.00292710377835, 4.50705592812e-05, 1.8826485757e-05, 1.47111404658e-05, 1.16658366096e-05, 1.2891768165e-05, 2.78950283246e-05, 1.11969493446e-05, 5.78276285523e-06, 1.25363703773e-06, 1.19493336115e-06, 1.58055149768e-06, 1.24999962736e-06, 6.01773933795e-07, 6.30144086244e-07, 2.42481235091e-07, 1.90544014345e-07, 4.47973263817e-07, 2.66988365638e-07, 2.95589813959e-07, 1.60975957897e-07, 1.06635120289e-07, 7.33377660822e-08, 4.7207961984e-08, 1.83439734514e-08, 4.24847407254e-10]
    },
    "erbbands": {
        "dmean": [0.918552458286, 3.47490310669, 3.87875890732, 7.25110292435, 6.82567358017, 7.49359464645, 8.9117269516, 8.87128257751, 13.5127925873, 28.2962532043, 29.6657867432, 21.2602920532, 22.4684295654, 16.1264152527, 15.5539655685, 15.0340566635, 21.7178440094, 21.2802886963, 18.7381649017, 18.4323635101, 18.1893024445, 14.8151950836, 11.6789093018, 12.6629428864, 14.6613960266, 10.4965391159, 10.3727111816, 10.4586696625, 6.24615383148, 5.83078765869, 3.69014024734, 2.01243400574, 1.28582811356, 0.830546855927, 0.480963438749, 0.274841159582, 0.109897702932, 0.0186038352549, 0.00113756884821, 7.23983903299e-05],
        "dmean2": [1.38716363907, 5.76348304749, 6.50485372543, 12.5148553848, 12.2821264267, 12.9791193008, 14.8135576248, 14.6841669083, 21.8347072601, 44.7626228333, 45.2604789734, 32.3549194336, 34.9853515625, 24.3680953979, 24.6466388702, 24.2690734863, 34.4244041443, 33.9790420532, 30.1877403259, 28.8810310364, 29.6215896606, 23.9735832214, 18.0821418762, 19.1007976532, 21.7763900757, 15.4363565445, 15.9799518585, 15.3967256546, 8.9403591156, 8.5599822998, 5.23455667496, 2.86257338524, 1.80870056152, 1.17345583439, 0.708695232868, 0.412724286318, 0.165195986629, 0.0279601085931, 0.00191077380441, 0.000121252829558],
        "dvar": [2.48755598068, 35.4064598083, 50.5065078735, 210.550735474, 186.031463623, 260.999511719, 691.266540527, 763.661499023, 1605.12072754, 5373.58105469, 8040.25537109, 3593.00854492, 2892.68505859, 1323.53979492, 1126.04785156, 1088.63671875, 1651.75683594, 1947.77807617, 1064.32128906, 1063.53613281, 679.725952148, 383.77557373, 283.039001465, 416.112243652, 588.636230469, 286.521514893, 268.745635986, 316.887664795, 126.248420715, 114.567565918, 44.4186325073, 16.87251091, 10.6095905304, 4.0051112175, 1.30794537067, 0.412302225828, 0.0548391900957, 0.00123662303668, 1.79943490366e-05, 1.06626352192e-07],
        "dvar2": [5.65963506699, 98.1511611938, 133.719589233, 554.601867676, 519.205444336, 696.224121094, 1705.87524414, 1923.11901855, 3968.44140625, 12282.9052734, 17915.4101562, 7418.89892578, 6078.03759766, 2843.26928711, 2720.64331055, 2607.11157227, 3845.72924805, 4841.47998047, 2606.7565918, 2478.07080078, 1750.13708496, 979.65838623, 649.390869141, 876.696289062, 1230.01037598, 552.649841309, 604.366271973, 649, 276.118560791, 259.541900635, 94.4989242554, 35.601234436, 21.1152019501, 8.41575336456, 2.9734992981, 1.00544428825, 0.132734596729, 0.00277807516977, 4.73488362331e-05, 3.02248963635e-07],
        "max": [16.8868579865, 79.4871749878, 85.8553924561, 135.349197388, 145.525482178, 326.599243164, 484.031219482, 648.485473633, 964.416931152, 1639.1706543, 1937.67248535, 1425.25183105, 1310.88110352, 1157.35620117, 753.553466797, 1045.46716309, 1206.1394043, 1356.40283203, 631.231323242, 725.974853516, 562.758666992, 302.690155029, 405.29864502, 321.106567383, 451.625091553, 237.450592041, 433.999572754, 319.461242676, 237.091201782, 225.364425659, 110.177047729, 104.727462769, 96.2241973877, 57.1711654663, 33.8354759216, 13.7837705612, 3.95596218109, 0.734901547432, 0.160597622395, 0.0188916753978],
        "mean": [1.98597478867, 5.32164144516, 4.02267551422, 6.05828666687, 5.42045021057, 7.16015481949, 8.77621555328, 9.79001808167, 15.3223247528, 35.9667167664, 36.9904518127, 28.937002182, 37.6086997986, 28.9215698242, 24.3202152252, 24.5587215424, 35.777671814, 35.348033905, 31.9810390472, 32.5067214966, 35.5404129028, 29.3662014008, 21.7454357147, 22.7269229889, 25.6183261871, 19.4914588928, 20.9882316589, 17.4815654755, 9.31847572327, 8.52466583252, 5.38115406036, 3.0280175209, 2.02320623398, 1.19687819481, 0.621855258942, 0.314761340618, 0.120886214077, 0.0214023701847, 0.000983531936072, 0.000111984118121],
        "median": [0.136116683483, 1.11928737164, 1.19433605671, 1.02707755566, 1.5071747303, 2.62513637543, 1.92195558548, 2.21343564987, 4.89587497711, 11.7996416092, 6.34074020386, 7.32200241089, 15.986497879, 14.7409582138, 12.1153068542, 13.3032569885, 17.045085907, 16.4372673035, 16.6951007843, 16.9217281342, 25.0794334412, 21.282535553, 14.2244005203, 13.2774629593, 13.5770301819, 10.6294002533, 13.8486890793, 9.32079410553, 3.52213931084, 3.16941809654, 1.82725942135, 1.04395985603, 0.664711534977, 0.34365427494, 0.157249540091, 0.064850255847, 0.0237509720027, 0.00505471881479, 0.000160757364938, 7.66226730775e-05],
        "min": [2.70081033321e-22, 3.50221203161e-21, 1.20494616271e-20, 1.54437851538e-20, 4.7871084317e-20, 7.79298745808e-20, 2.82591625522e-19, 1.09092689237e-19, 2.579978657e-19, 7.40578059442e-19, 1.48802357913e-18, 7.76779774047e-19, 1.53842648558e-18, 1.29791338273e-18, 1.68555896229e-18, 2.54356549435e-18, 2.92721124207e-18, 3.70921517867e-18, 4.15240531599e-18, 4.34233921952e-18, 4.33033848319e-18, 3.88832252875e-18, 4.22907461901e-18, 8.24450502941e-18, 1.1871864069e-17, 1.41387500562e-17, 1.89569811714e-17, 2.02343862652e-17, 1.39214248938e-17, 2.19764352526e-17, 1.94267502761e-17, 1.27464322045e-17, 1.36571944549e-17, 1.42118397351e-17, 9.606696136e-18, 8.05918348498e-18, 3.63069423184e-18, 1.30369620239e-18, 3.05538572141e-19, 3.11772903171e-20],
        "var": [8.39801120758, 55.3997993469, 48.7892875671, 170.033279419, 125.628746033, 207.462478638, 722.830993652, 806.601257324, 1631.38964844, 6972.86523438, 11832.0517578, 5906.89208984, 6132.58447266, 3281.81420898, 1874.90930176, 1692.01391602, 2893.6027832, 3096.77954102, 1781.65429688, 2058.41601562, 1167.11071777, 726.497253418, 566.045776367, 823.33215332, 1164.8782959, 613.213378906, 471.704833984, 487.314666748, 197.298675537, 180.458648682, 77.3135223389, 30.312204361, 23.2279434204, 7.91126728058, 1.92890894413, 0.460918545723, 0.0589154809713, 0.00148031092249, 1.33408339025e-05, 6.7652706548e-08]
    },
    "gfcc": {
        "mean": [32.6370506287, 71.3414764404, -122.92162323, 40.7906951904, -45.9268798828, 20.6155281067, -20.733007431, 16.1276874542, -16.1393184662, 11.8979911804, -16.2371959686, 4.76832723618, -7.86755752563],
        "cov": [[2325.30200195, -368.531188965, 436.351654053, -20.4336738586, -213.50440979, 15.8053321838, -202.982452393, 82.1195831299, -48.0664710999, 32.4850311279, -40.7414360046, 77.5793609619, -156.523376465], [-368.531188965, 1214.98193359, 215.709655762, 175.31237793, 195.072982788, -71.4537734985, 220.993423462, -56.285861969, 139.399017334, -29.4856987, 92.5307006836, -94.3323059082, 97.0608901978], [436.351654053, 215.709655762, 806.330566406, 195.761398315, 155.28666687, 91.8068161011, 49.1990699768, 123.009254456, 42.7137832642, 23.3334083557, 26.503408432, 42.81016922, -3.25944161415], [-20.4336738586, 175.31237793, 195.761398315, 295.365722656, 169.742767334, 57.9228401184, 66.7704238892, -4.24925231934, 40.6987075806, -32.5930175781, 18.031665802, -4.07362270355, 24.7834682465], [-213.50440979, 195.072982788, 155.28666687, 169.742767334, 423.217010498, 159.66027832, 178.761810303, 59.2542953491, 64.4206695557, 50.1023635864, 44.7993583679, 0.215252101421, 48.125377655], [15.8053321838, -71.4537734985, 91.8068161011, 57.9228401184, 159.66027832, 221.952453613, 104.251838684, 76.7812576294, 19.542432785, 25.9210224152, 20.4240589142, 8.69385147095, 3.05783128738], [-202.982452393, 220.993423462, 49.1990699768, 66.7704238892, 178.761810303, 104.251838684, 256.93371582, 79.7792510986, 85.4809799194, 24.4192066193, 57.5238418579, 4.92315626144, 37.9434432983], [82.1195831299, -56.285861969, 123.009254456, -4.24925231934, 59.2542953491, 76.7812576294, 79.7792510986, 172.216842651, 73.9307785034, 42.844367981, 33.9532203674, 39.7108078003, 9.82672214508], [-48.0664710999, 139.399017334, 42.7137832642, 40.6987075806, 64.4206695557, 19.542432785, 85.4809799194, 73.9307785034, 152.005844116, 56.7440643311, 58.8589859009, 4.8382024765, 40.5223312378], [32.4850311279, -29.4856987, 23.3334083557, -32.5930175781, 50.1023635864, 25.9210224152, 24.4192066193, 42.844367981, 56.7440643311, 120.054649353, 46.2465858459, 19.5516166687, 16.0878696442], [-40.7414360046, 92.5307006836, 26.503408432, 18.031665802, 44.7993583679, 20.4240589142, 57.5238418579, 33.9532203674, 58.8589859009, 46.2465858459, 111.203231812, 35.7657585144, 41.6858215332], [77.5793609619, -94.3323059082, 42.81016922, -4.07362270355, 0.215252101421, 8.69385147095, 4.92315626144, 39.7108078003, 4.8382024765, 19.5516166687, 35.7657585144, 90.8696670532, 29.2543182373], [-156.523376465, 97.0608901978, -3.25944161415, 24.7834682465, 48.125377655, 3.05783128738, 37.9434432983, 9.82672214508, 40.5223312378, 16.0878696442, 41.6858215332, 29.2543182373, 103.778770447]],
        "icov": [[0.000652102695312, -3.13753321279e-06, -0.000337395496899, -7.81161797931e-05, 0.000363342318451, -0.000274797348538, 0.000409023021348, -4.73485597468e-05, -0.000169626786374, -0.000269714248134, 0.000101854609966, -0.000656636198983, 0.000941293721553], [-3.13753321279e-06, 0.00211521214806, -0.000927683722693, 0.000300288695144, -0.000526494055521, 0.00166630838066, -0.00176454964094, 0.00152884947602, -0.00112746923696, 0.00132775015663, -0.00158877752256, 0.00273198750801, -0.00128596031573], [-0.000337395496899, -0.000927683722693, 0.00240503600799, -0.00150357827079, -0.000117377414426, -0.000480536342366, 0.000947673164774, -0.00221953145228, 0.00113328977022, -0.000905784545466, 0.000605978420936, -0.00117957417388, 0.000512638420332], [-7.81161797931e-05, 0.000300288695144, -0.00150357827079, 0.00670964410529, -0.00252130813897, -0.000405176280765, 0.000116493298265, 0.00294068129733, -0.00325736938976, 0.00416160048917, -0.000733690161724, -0.000227073687711, -0.000202639057534], [0.000363342318451, -0.000526494055521, -0.000117377414426, -0.00252130813897, 0.00569893978536, -0.00252110837027, -0.00168826524168, -0.000291552016279, 0.00127086509019, -0.00318648573011, 0.00106786249671, -4.37385242549e-05, -0.000703641097061], [-0.000274797348538, 0.00166630838066, -0.000480536342366, -0.000405176280765, -0.00252110837027, 0.00912738870829, -0.00301632774062, -0.00196048012003, 0.0017728083767, 0.000223336464842, -0.00156404008158, 0.00300761801191, -0.000649023044389], [0.000409023021348, -0.00176454964094, 0.000947673164774, 0.000116493298265, -0.00168826524168, -0.00301632774062, 0.00926741864532, -0.00285712420009, -0.00163588253781, 0.000982478843071, -0.000766944896895, -0.00183538161218, 0.00133504916448], [-4.73485597468e-05, 0.00152884947602, -0.00221953145228, 0.00294068129733, -0.000291552016279, -0.00196048012003, -0.00285712420009, 0.0135334748775, -0.00701976474375, 0.00148693774827, 0.000342808285495, -0.00315115856938, 0.000943914230447], [-0.000169626786374, -0.00112746923696, 0.00113328977022, -0.00325736938976, 0.00127086509019, 0.0017728083767, -0.00163588253781, -0.00701976474375, 0.0155693395063, -0.00599570618942, -0.00254752184264, 0.00368592212908, -0.00293225212954], [-0.000269714248134, 0.00132775015663, -0.000905784545466, 0.00416160048917, -0.00318648573011, 0.000223336464842, 0.000982478843071, 0.00148693774827, -0.00599570618942, 0.0151407783851, -0.00464726286009, 0.00037823166349, 5.42914349353e-05], [0.000101854609966, -0.00158877752256, 0.000605978420936, -0.000733690161724, 0.00106786249671, -0.00156404008158, -0.000766944896895, 0.000342808285495, -0.00254752184264, -0.00464726286009, 0.0164832696319, -0.00694441702217, -0.00131564389449], [-0.000656636198983, 0.00273198750801, -0.00117957417388, -0.000227073687711, -4.37385242549e-05, 0.00300761801191, -0.00183538161218, -0.00315115856938, 0.00368592212908, 0.00037823166349, -0.00694441702217, 0.0209200438112, -0.0072328443639], [0.000941293721553, -0.00128596031573, 0.000512638420332, -0.000202639057534, -0.000703641097061, -0.000649023044389, 0.00133504916448, 0.000943914230447, -0.00293225212954, 5.42914349353e-05, -0.00131564389449, -0.0072328443639, 0.0157945938408]]
    },
    "melbands": {
        "dmean": [0.00658935727552, 0.00251453905366, 0.00120767694898, 0.000509116856847, 0.00030538631836, 0.000202124705538, 0.000224028262892, 0.000322870764649, 0.000228258752031, 0.000134330955916, 0.000114708098408, 6.83272592141e-05, 5.82655520702e-05, 4.58541035186e-05, 4.32017804997e-05, 5.17273692822e-05, 4.17286246375e-05, 3.49492365785e-05, 2.65663347818e-05, 2.67604864348e-05, 2.40226727328e-05, 1.83312276931e-05, 1.18419611681e-05, 1.04169675978e-05, 1.10504297481e-05, 1.21840776046e-05, 9.19764988794e-06, 7.18653473086e-06, 6.50031961413e-06, 6.76371701047e-06, 6.55966823615e-06, 3.4448291899e-06, 3.79309540222e-06, 3.17840090247e-06, 2.23185179493e-06, 1.68519693489e-06, 1.12020950382e-06, 9.35984644457e-07, 8.78925163761e-07, 6.73454621847e-07],
        "dmean2": [0.0101380748674, 0.00427006557584, 0.0020946089644, 0.000896076497156, 0.000507272954565, 0.000334391603246, 0.000361374142813, 0.000506744836457, 0.000348827481503, 0.000205454634852, 0.000179444425157, 0.000104061691673, 9.18337682378e-05, 7.40067844163e-05, 6.9857625931e-05, 8.24579037726e-05, 6.68019274599e-05, 5.69614421693e-05, 4.24393401772e-05, 4.29943029303e-05, 3.96299219574e-05, 3.01036816381e-05, 1.87683872355e-05, 1.61739480973e-05, 1.72020900209e-05, 1.85009666893e-05, 1.39211788337e-05, 1.084393989e-05, 1.01762398117e-05, 1.05198514575e-05, 9.75711736828e-06, 5.0039548114e-06, 5.74889918425e-06, 4.774214176e-06, 3.23855647366e-06, 2.42281294049e-06, 1.64371920164e-06, 1.35033940296e-06, 1.26228826502e-06, 9.82200617727e-07],
        "dvar": [0.000124316691654, 1.69587983692e-05, 5.60795388083e-06, 9.26640666421e-07, 6.78891296957e-07, 3.74832296757e-07, 3.90509427461e-07, 6.86696409957e-07, 4.74255159588e-07, 1.44586877582e-07, 7.45277048964e-08, 2.56817127564e-08, 1.32772886019e-08, 1.17592637849e-08, 8.1666540197e-09, 8.87218298828e-09, 7.9592687996e-09, 4.05703248774e-09, 2.8591438106e-09, 2.18196594126e-09, 1.21805032727e-09, 5.71917402326e-10, 3.2558081231e-10, 2.41317188454e-10, 3.38331807015e-10, 3.94890259381e-10, 2.47725229219e-10, 1.36713890209e-10, 1.10247477814e-10, 1.05773625969e-10, 1.40117792369e-10, 3.83991519137e-11, 5.01936200936e-11, 3.75171664568e-11, 1.71331386578e-11, 9.68361588832e-12, 6.43270853251e-12, 5.98497510232e-12, 5.13765245624e-12, 2.67765670747e-12],
        "dvar2": [0.000303866137983, 4.51221385447e-05, 1.49990491991e-05, 2.5111917239e-06, 1.66978566085e-06, 9.42213091548e-07, 9.44657926993e-07, 1.54257259055e-06, 1.05125479877e-06, 2.9778186672e-07, 1.5634388717e-07, 5.41654863184e-08, 3.17852801857e-08, 2.82376362293e-08, 2.00835792441e-08, 2.13643467362e-08, 1.96891036808e-08, 1.01190611446e-08, 6.85092738095e-09, 5.0950688113e-09, 3.2466440647e-09, 1.48636403186e-09, 7.78880016039e-10, 5.37433153536e-10, 7.59908636017e-10, 8.55875204042e-10, 5.20144205485e-10, 2.82540102425e-10, 2.51952098074e-10, 2.46128201153e-10, 2.87299739554e-10, 8.50228359939e-11, 1.15479362184e-10, 8.61170371125e-11, 3.70895605895e-11, 2.09627089992e-11, 1.39382585335e-11, 1.20233762183e-11, 1.13378195721e-11, 5.80832777708e-12],
        "max": [0.119690001011, 0.0466350987554, 0.0218735635281, 0.0153101421893, 0.0151791702956, 0.0143633568659, 0.0131439315155, 0.0163498967886, 0.0171612203121, 0.00989647302777, 0.00674407370389, 0.00482749287039, 0.00279050483368, 0.00300001795404, 0.00230242707767, 0.00199055857956, 0.00277536478825, 0.00134230579715, 0.00118061702233, 0.000896545068827, 0.00083332444774, 0.000350926915416, 0.000456102367025, 0.000468523299787, 0.000277445389656, 0.000345771637512, 0.000298400846077, 0.000204710115213, 0.000260654574959, 0.000347651191987, 0.00018620287301, 0.000140473639476, 0.000112652414828, 0.000142404809594, 7.21220494597e-05, 5.60813605262e-05, 7.25820355001e-05, 7.72335552028e-05, 7.03263285686e-05, 5.24321367266e-05],
        "mean": [0.0135234510526, 0.00359062245116, 0.00101142912172, 0.000447158119641, 0.000311251962557, 0.000218718560063, 0.000264238158707, 0.000408574822359, 0.000282570981653, 0.000177075969987, 0.000187566081877, 0.000117541327199, 8.99453589227e-05, 6.47162232781e-05, 6.7583481723e-05, 8.01186033641e-05, 6.35801116005e-05, 5.40800829185e-05, 4.08692940255e-05, 4.44315337518e-05, 4.22084522143e-05, 3.32881318172e-05, 2.03122908715e-05, 1.81128070835e-05, 1.81697341759e-05, 2.00606482395e-05, 1.54920435307e-05, 1.22942847156e-05, 1.22337405628e-05, 1.2813495232e-05, 9.47649459704e-06, 4.89268632009e-06, 5.32916055818e-06, 4.43301541964e-06, 3.19055288855e-06, 2.32840056924e-06, 1.65423898579e-06, 1.42972965023e-06, 1.25907877191e-06, 9.22794640701e-07],
        "median": [0.0012907278724, 0.0014086428564, 0.000197793371626, 0.000177683716174, 8.32838195493e-05, 4.82330178784e-05, 8.95206467248e-05, 0.000118716416182, 4.64853073936e-05, 4.08760206483e-05, 7.72321363911e-05, 5.63214416616e-05, 4.56303569081e-05, 2.96476264339e-05, 3.36095508828e-05, 3.72410213458e-05, 2.51160909102e-05, 2.45259161602e-05, 2.06354598049e-05, 2.32447528106e-05, 3.0049624911e-05, 2.36061205214e-05, 1.25954902614e-05, 1.11935314635e-05, 1.00355191535e-05, 1.05963590613e-05, 8.06739899417e-06, 6.60479508952e-06, 7.80588288762e-06, 8.70817893883e-06, 4.07899415222e-06, 1.78190782663e-06, 1.8636698087e-06, 1.60253932791e-06, 1.06081461126e-06, 7.48668639972e-07, 5.65710195133e-07, 4.61136352214e-07, 3.68324862166e-07, 2.52237242648e-07],
        "min": [4.16143139052e-24, 5.78076916359e-24, 3.48615265058e-24, 3.46026341897e-24, 1.17933790252e-23, 2.39040158184e-24, 3.87330941122e-24, 8.79481775025e-24, 1.18743516528e-23, 4.98446969446e-24, 7.94693190552e-24, 5.47807297906e-24, 4.1084680582e-24, 6.53846178001e-24, 5.35128252121e-24, 9.79651411656e-24, 6.50418656254e-24, 6.04259446461e-24, 6.39975360603e-24, 5.16120766939e-24, 4.55121111366e-24, 4.37447550532e-24, 3.08212866329e-24, 4.73266923782e-24, 6.62603559568e-24, 7.88594112463e-24, 8.17454667566e-24, 8.90119485446e-24, 1.23003523188e-23, 1.03518682495e-23, 1.01222710719e-23, 6.18186509641e-24, 1.22115005485e-23, 1.17761692357e-23, 1.35792433632e-23, 7.21705097473e-24, 7.69381641774e-24, 8.19531974988e-24, 1.22857891577e-23, 1.15020597926e-23],
        "var": [0.000366060296074, 2.36397117988e-05, 4.44153465651e-06, 6.90744911935e-07, 7.11854340807e-07, 3.94492332134e-07, 4.15794147557e-07, 9.54188067226e-07, 7.0989545975e-07, 2.37092493194e-07, 1.59562333124e-07, 6.33635082181e-08, 2.22052634058e-08, 1.74837353484e-08, 1.27260433302e-08, 1.52449413093e-08, 1.19455076941e-08, 6.24282670003e-09, 4.08386613415e-09, 4.1711372134e-09, 1.81464809845e-09, 9.97198879027e-10, 5.94008453536e-10, 4.41339853552e-10, 5.96980243017e-10, 7.43470840447e-10, 4.63464405742e-10, 2.66970723306e-10, 1.86267473667e-10, 1.69568734054e-10, 1.99871161288e-10, 5.94068544357e-11, 7.27038568238e-11, 5.61889076933e-11, 2.88876318699e-11, 1.5375140397e-11, 1.12766037827e-11, 1.27439205022e-11, 9.32070479825e-12, 4.92776522712e-12]
    },
    "mfcc": {
        "mean": [-608.270080566, 101.849555969, -12.0395002365, 29.0732421875, 1.47489500046, 14.4710903168, 7.19793701172, 8.46178245544, 10.903842926, 7.89187717438, 1.71277809143, 7.41068696976, 3.46318411827],
        "cov": [[1900.06323242, -377.780792236, 276.330474854, -112.655158997, -40.9633789062, -121.846832275, -170.316589355, -4.33478689194, -156.848007202, -3.97267985344, 57.6189956665, -117.554130554, -13.9837017059], [-377.780792236, 964.816833496, 137.140365601, 235.743927002, 46.7262077332, 82.1081314087, 94.9485092163, 17.7835197449, 99.8310546875, 56.513633728, 30.8428268433, 103.703445435, 32.448890686], [276.330474854, 137.140365601, 612.102172852, 133.756225586, 108.714836121, -19.5344600677, 6.78891611099, 68.0136947632, 20.0951461792, -6.5768904686, 26.2766609192, 16.546087265, 37.3499908447], [-112.655158997, 235.743927002, 133.756225586, 300.474212646, 113.354133606, 83.8856811523, 46.6818313599, 47.9826507568, 49.4226379395, 6.1015162468, -0.583479881287, 34.8035202026, 30.2095222473], [-40.9633789062, 46.7262077332, 108.714836121, 113.354133606, 255.477172852, 108.198722839, 93.0636978149, 50.7952613831, 61.3717002869, 31.8963813782, 26.8137950897, 35.6963500977, 21.3870487213], [-121.846832275, 82.1081314087, -19.5344600677, 83.8856811523, 108.198722839, 199.752380371, 116.393180847, 42.1169624329, 52.0940361023, 30.8975849152, 21.1662311554, 33.101348877, 0.0595741942525], [-170.316589355, 94.9485092163, 6.78891611099, 46.6818313599, 93.0636978149, 116.393180847, 195.952087402, 90.3724746704, 72.2652816772, 26.7698669434, 36.5579795837, 59.6811599731, 19.049407959], [-4.33478689194, 17.7835197449, 68.0136947632, 47.9826507568, 50.7952613831, 42.1169624329, 90.3724746704, 162.51109314, 65.7326431274, 24.8633575439, 33.2753295898, 31.0572357178, 40.2880363464], [-156.848007202, 99.8310546875, 20.0951461792, 49.4226379395, 61.3717002869, 52.0940361023, 72.2652816772, 65.7326431274, 136.097000122, 55.7810783386, 33.3053398132, 49.4255256653, 28.416633606], [-3.97267985344, 56.513633728, -6.5768904686, 6.1015162468, 31.8963813782, 30.8975849152, 26.7698669434, 24.8633575439, 55.7810783386, 98.6214141846, 60.1665077209, 32.924861908, 17.40117836], [57.6189956665, 30.8428268433, 26.2766609192, -0.583479881287, 26.8137950897, 21.1662311554, 36.5579795837, 33.2753295898, 33.3053398132, 60.1665077209, 100.244743347, 48.6530952454, 26.8015518188], [-117.554130554, 103.703445435, 16.546087265, 34.8035202026, 35.6963500977, 33.101348877, 59.6811599731, 31.0572357178, 49.4255256653, 32.924861908, 48.6530952454, 111.198554993, 43.8805084229], [-13.9837017059, 32.448890686, 37.3499908447, 30.2095222473, 21.3870487213, 0.0595741942525, 19.049407959, 40.2880363464, 28.416633606, 17.40117836, 26.8015518188, 43.8805084229, 85.751121521]],
