{
"lowlevel": {
    "average_loudness": 0.889111280441,
    "barkbands_crest": {
        "dmean": 3.64199066162,
        "dmean2": 5.92398166656,
        "dvar": 10.6098423004,
        "dvar2": 24.4658107758,
        "max": 26.5049152374,
        "mean": 10.7843341827,
        "median": 9.3655128479,
        "min": 2.38963794708,
        "var": 30.6620616913
    },
    "barkbands_flatness_db": {
        "dmean": 0.0340857170522,
        "dmean2": 0.0507345423102,
        "dvar": 0.00125004339498,
        "dvar2": 0.00261247181334,
        "max": 0.503803491592,
        "mean": 0.132251724601,
        "median": 0.114534296095,
        "min": 0.0225875210017,
        "var": 0.00517757702619
    },
    "barkbands_kurtosis": {
        "dmean": 10.5628566742,
        "dmean2": 16.9535713196,
        "dvar": 1600.48742676,
        "dvar2": 3975.11108398,
        "max": 1128.51989746,
        "mean": 10.0237722397,
        "median": 0.37802863121,
        "min": -1.92729699612,
        "var": 1756.93859863
    },
    "barkbands_skewness": {
        "dmean": 1.01945352554,
        "dmean2": 1.50029146671,
        "dvar": 2.61178946495,
        "dvar2": 5.90486574173,
        "max": 29.6073188782,
        "mean": 1.51370787621,
        "median": 0.902798175812,
        "min": -4.03530454636,
        "var": 6.22751426697
    },
    "barkbands_spread": {
        "dmean": 8.44616508484,
        "dmean2": 12.897810936,
        "dvar": 78.4898529053,
        "dvar2": 163.587738037,
        "max": 118.869720459,
        "mean": 25.456653595,
        "median": 24.3693122864,
        "min": 0.219313248992,
        "var": 243.180969238
    },
    "dissonance": {
        "dmean": 0.0158653911203,
        "dmean2": 0.0257836319506,
        "dvar": 0.000353923329385,
        "dvar2": 0.000880906416569,
        "max": 0.500000238419,
        "mean": 0.471182584763,
        "median": 0.478900849819,
        "min": 0.266737222672,
        "var": 0.000697475625202
    },
    "dynamic_complexity": 4.51906967163,
    "erbbands_crest": {
        "dmean": 2.95414733887,
        "dmean2": 4.82576751709,
        "dvar": 8.57907485962,
        "dvar2": 20.9981575012,
        "max": 30.7072944641,
        "mean": 8.75119781494,
        "median": 7.80531978607,
        "min": 2.44637775421,
        "var": 18.6271934509
    },
    "erbbands_flatness_db": {
        "dmean": 0.0238027218729,
        "dmean2": 0.0341432392597,
        "dvar": 0.00050852104323,
        "dvar2": 0.000946024723817,
        "max": 0.374296009541,
        "mean": 0.167587727308,
        "median": 0.158608496189,
        "min": 0.0507003255188,
        "var": 0.00238768267445
    },
    "erbbands_kurtosis": {
        "dmean": 1.45490670204,
        "dmean2": 2.30613183975,
        "dvar": 9.68054199219,
        "dvar2": 23.7521018982,
        "max": 115.954811096,
        "mean": 0.863861560822,
        "median": -0.107808113098,
        "min": -1.89177453518,
        "var": 14.110042572
    },
    "erbbands_skewness": {
        "dmean": 0.532605290413,
        "dmean2": 0.795332610607,
        "dvar": 0.314277529716,
        "dvar2": 0.689785897732,
        "max": 9.3631811142,
        "mean": 0.123373664916,
        "median": 0.0147048979998,
        "min": -4.30518341064,
        "var": 0.897823154926
    },
    "erbbands_spread": {
        "dmean": 11.7044115067,
        "dmean2": 17.3595275879,
        "dvar": 158.215316772,
        "dvar2": 332.720550537,
        "max": 148.50831604,
        "mean": 38.676700592,
        "median": 36.4929656982,
        "min": 2.35255599022,
        "var": 444.335998535
    },
    "hfc": {
        "dmean": 7.95292282104,
        "dmean2": 11.6419429779,
        "dvar": 235.155563354,
        "dvar2": 561.345275879,
        "max": 148.167037964,
        "mean": 13.7267780304,
        "median": 8.64220333099,
        "min": 1.1013324874e-16,
        "var": 320.388519287
    },
    "melbands_crest": {
        "dmean": 4.54401922226,
        "dmean2": 7.25236415863,
        "dvar": 15.3993501663,
        "dvar2": 35.3174591064,
        "max": 38.0426445007,
        "mean": 14.9017820358,
        "median": 13.4254217148,
        "min": 1.98033154011,
        "var": 49.1912994385
    },
    "melbands_flatness_db": {
        "dmean": 0.0416553169489,
        "dmean2": 0.0605760589242,
        "dvar": 0.00177939643618,
        "dvar2": 0.00348643772304,
        "max": 0.6220459342,
        "mean": 0.181534081697,
        "median": 0.159660354257,
        "min": 0.0043838978745,
        "var": 0.00847073365003
    },
    "melbands_kurtosis": {
        "dmean": 20.0671272278,
        "dmean2": 31.1651096344,
        "dvar": 3520.18383789,
        "dvar2": 8449.54980469,
        "max": 783.020080566,
        "mean": 24.1195049286,
        "median": 4.28181934357,
        "min": -1.88320171833,
        "var": 4814.46923828
    },
    "melbands_skewness": {
        "dmean": 1.21894097328,
        "dmean2": 1.79116094112,
        "dvar": 2.9042339325,
        "dvar2": 6.25284910202,
        "max": 22.2241649628,
        "mean": 2.68779802322,
        "median": 1.93695747852,
        "min": -2.65661668777,
        "var": 8.50077724457
    },
    "melbands_spread": {
        "dmean": 12.4328079224,
        "dmean2": 18.9877719879,
        "dvar": 214.811187744,
        "dvar2": 431.807891846,
        "max": 197.984191895,
        "mean": 32.1458816528,
        "median": 28.0360774994,
        "min": 0.245874196291,
        "var": 623.147888184
    },
    "pitch_salience": {
        "dmean": 0.100123517215,
        "dmean2": 0.154349133372,
        "dvar": 0.00865262188017,
        "dvar2": 0.0188325755298,
        "max": 0.955173134804,
        "mean": 0.592527627945,
        "median": 0.632694602013,
        "min": 0.0386024154723,
        "var": 0.0307383947074
    },
    "silence_rate_20dB": {
        "dmean": 0,
        "dmean2": 0,
        "dvar": 0,
        "dvar2": 0,
        "max": 1,
        "mean": 1,
        "median": 1,
        "min": 1,
        "var": 0
    },
    "silence_rate_30dB": {
        "dmean": 0.0439615137875,
        "dmean2": 0.0879303216934,
        "dvar": 0.0420255772769,
        "dvar2": 0.0938035771251,
        "max": 1,
        "mean": 0.952143967152,
        "median": 1,
        "min": 0,
        "var": 0.0455675944686
    },
    "silence_rate_60dB": {
        "dmean": 0.115958862007,
        "dmean2": 0.231936961412,
        "dvar": 0.102504990995,
        "dvar2": 0.202862977982,
        "max": 1,
        "mean": 0.232147306204,
        "median": 0,
        "min": 0,
        "var": 0.17823573947
    },
    "spectral_centroid": {
        "dmean": 417.324279785,
        "dmean2": 620.615722656,
        "dvar": 172996.609375,
        "dvar2": 335384.25,
        "max": 11058.3837891,
        "mean": 1695.10986328,
        "median": 1677.73840332,
        "min": 128.422683716,
        "var": 606195.1875
    },
    "spectral_complexity": {
        "dmean": 4.23374271393,
        "dmean2": 5.9172129631,
        "dvar": 26.2840366364,
        "dvar2": 41.66979599,
        "max": 60,
        "mean": 14.162976265,
        "median": 12,
        "min": 0,
        "var": 113.828048706
    },
    "spectral_decrease": {
        "dmean": 3.90395449301e-09,
        "dmean2": 6.31604546442e-09,
        "dvar": 6.83791831217e-17,
        "dvar2": 1.79023232434e-16,
        "max": 1.99267827521e-30,
        "mean": -5.38153122065e-09,
        "median": -2.05994776792e-09,
        "min": -7.23711579553e-08,
        "var": 8.7553130459e-17
    },
    "spectral_energy": {
        "dmean": 0.0153643414378,
        "dmean2": 0.024766927585,
        "dvar": 0.00101664429531,
        "dvar2": 0.00265283021145,
        "max": 0.275247216225,
        "mean": 0.0215562023222,
        "median": 0.00871745403856,
        "min": 1.05457393619e-20,
        "var": 0.00130549259484
    },
    "spectral_energyband_high": {
        "dmean": 0.000448701204732,
        "dmean2": 0.000654896197375,
        "dvar": 8.3643334392e-07,
        "dvar2": 2.07569996746e-06,
        "max": 0.0108946897089,
        "mean": 0.000627428758889,
        "median": 0.000265943584964,
        "min": 7.63656615021e-21,
        "var": 1.09405164039e-06
    },
    "spectral_energyband_low": {
        "dmean": 0.00858440808952,
        "dmean2": 0.0138974748552,
        "dvar": 0.000745625933632,
        "dvar2": 0.00193089363165,
        "max": 0.269403576851,
        "mean": 0.00948707945645,
        "median": 0.000453808141174,
        "min": 4.81442504654e-23,
        "var": 0.00088529731147
    },
    "spectral_energyband_middle_high": {
        "dmean": 0.0021587072406,
        "dmean2": 0.00325368018821,
        "dvar": 2.59845728579e-05,
        "dvar2": 6.17210171185e-05,
        "max": 0.0708796456456,
        "mean": 0.00363530847244,
        "median": 0.00144723278936,
        "min": 1.63650181811e-21,
        "var": 3.61728452845e-05
    },
    "spectral_energyband_middle_low": {
        "dmean": 0.00768268015236,
        "dmean2": 0.0123941618949,
        "dvar": 0.000267618597718,
        "dvar2": 0.000685887702275,
        "max": 0.136903330684,
        "mean": 0.00842683948576,
        "median": 0.00309144542553,
        "min": 3.43110191343e-22,
        "var": 0.000240997382207
    },
    "spectral_entropy": {
        "dmean": 0.229055792093,
        "dmean2": 0.330005258322,
        "dvar": 0.0562951490283,
        "dvar2": 0.11503418535,
        "max": 9.78760719299,
        "mean": 7.65858697891,
        "median": 7.72014427185,
        "min": 4.70052957535,
        "var": 0.201793327928
    },
    "spectral_flux": {
        "dmean": 0.0363235585392,
        "dmean2": 0.055933073163,
        "dvar": 0.00282691698521,
        "dvar2": 0.00564941111952,
        "max": 0.435910433531,
        "mean": 0.0893603265285,
        "median": 0.0635444521904,
        "min": 1.05893960267e-10,
        "var": 0.00626425491646
    },
    "spectral_kurtosis": {
        "dmean": 1.98171246052,
        "dmean2": 3.18042230606,
        "dvar": 5.47892951965,
        "dvar2": 14.2147445679,
        "max": 34.9784660339,
        "mean": 4.48688459396,
        "median": 3.51383399963,
        "min": -1.23415768147,
        "var": 11.1733989716
    },
    "spectral_rms": {
        "dmean": 0.00126214616466,
        "dmean2": 0.00187327642925,
        "dvar": 3.50499135493e-06,
        "dvar2": 7.93193248683e-06,
        "max": 0.0163870025426,
        "mean": 0.00364806363359,
        "median": 0.00291630462743,
        "min": 3.20757331286e-12,
        "var": 7.72205748945e-06
    },
    "spectral_rolloff": {
        "dmean": 822.812927246,
        "dmean2": 1289.48425293,
        "dvar": 1349522.5,
        "dvar2": 2830350.25,
        "max": 18906.1523438,
        "mean": 2059.85180664,
        "median": 1722.65625,
        "min": 21.533203125,
        "var": 3013675.5
    },
    "spectral_skewness": {
        "dmean": 0.278781861067,
        "dmean2": 0.429624825716,
        "dvar": 0.0753327161074,
        "dvar2": 0.173634618521,
        "max": 4.80287790298,
        "mean": 1.41174507141,
        "median": 1.30460214615,
        "min": -0.0297880042344,
        "var": 0.234625056386
    },
    "spectral_spread": {
        "dmean": 778616.9375,
        "dmean2": 1065371.75,
        "dvar": 878140129280,
        "dvar2": 1.4245241815e+12,
        "max": 40184824,
        "mean": 4317745.5,
        "median": 3997668.25,
        "min": 1126582.5,
        "var": 2.44629163213e+12
    },
    "spectral_strongpeak": {
        "dmean": 0.408587068319,
        "dmean2": 0.652234315872,
        "dvar": 0.279293417931,
        "dvar2": 0.621651232243,
        "max": 7.06086444855,
        "mean": 0.712748706341,
        "median": 0.449321269989,
        "min": 0,
        "var": 0.679071545601
    },
    "zerocrossingrate": {
        "dmean": 0.0181016828865,
        "dmean2": 0.0201339963824,
        "dvar": 0.000355385709554,
        "dvar2": 0.000437401351519,
        "max": 0.50390625,
        "mean": 0.072291135788,
        "median": 0.0654296875,
        "min": 0.001953125,
        "var": 0.00198551570065
    },
    "barkbands": {
        "dmean": [0.000243478978518, 0.00703320838511, 0.00246249558404, 0.00139882520307, 0.00360410776921, 0.00159712543245, 0.00144803675357, 0.000484706717543, 0.000606740650255, 0.000606617250014, 0.000274900143268, 0.000430651591159, 0.00036025265581, 0.000247859716183, 0.000219117617235, 0.000231779034948, 0.000189692320419, 0.000214804080315, 0.000195753818844, 0.000202025374165, 0.000128384068375, 8.29788550618e-05, 6.52200178592e-05, 5.19257955602e-05, 3.87846557715e-05, 9.58294003794e-06, 3.55762409754e-07],
        "dmean2": [0.000388175423723, 0.0120880287141, 0.00372951896861, 0.00232115061954, 0.00632236711681, 0.0027785776183, 0.00238327914849, 0.000770052545704, 0.000991248176433, 0.000979929929599, 0.000440874020569, 0.000708006846253, 0.000594972632825, 0.000396375457058, 0.000338367884979, 0.000378425378585, 0.00030159149901, 0.000332588562742, 0.000308849965222, 0.000315637560561, 0.000198230525712, 0.000123264675494, 9.6758667496e-05, 7.62927156757e-05, 5.78564395255e-05, 1.36219550768e-05, 5.68939242385e-07],
        "dvar": [2.45662988618e-07, 0.000668580643833, 7.90534322732e-05, 2.08657984331e-05, 0.000107996835141, 2.76291921182e-05, 2.44357361225e-05, 2.22895846491e-06, 3.4736294765e-06, 6.29446003586e-06, 1.15957550406e-06, 1.70028056345e-06, 1.09438963136e-06, 6.34377386177e-07, 3.7224660332e-07, 4.05748750154e-07, 1.5687477628e-07, 2.30182948258e-07, 1.50004495936e-07, 1.81555435574e-07, 7.73430741674e-08, 3.19425907946e-08, 2.1133669037e-08, 7.60181606552e-09, 4.19997547851e-09, 2.0452739502e-10, 5.89684442769e-13],
        "dvar2": [5.91768696268e-07, 0.00186192174442, 0.000184198055649, 4.99333982589e-05, 0.000301500724163, 7.79699039413e-05, 6.43084131298e-05, 5.39321035831e-06, 8.82528638613e-06, 1.59428545885e-05, 2.73321256827e-06, 4.18336912844e-06, 2.84022212327e-06, 1.48074514073e-06, 8.30447959288e-07, 1.03184936506e-06, 3.57786348104e-07, 5.30496834017e-07, 3.72727242848e-07, 4.50661076457e-07, 1.93172994045e-07, 7.55634204097e-08, 5.17073459605e-08, 1.74322742907e-08, 9.70097069342e-09, 4.20960960534e-10, 1.43999092164e-12],
        "max": [0.00891959294677, 0.258456915617, 0.100895084441, 0.0543975681067, 0.0927446708083, 0.0614968389273, 0.125391229987, 0.0475684031844, 0.07284796983, 0.0609299726784, 0.0302601885051, 0.0230771657079, 0.028698746115, 0.0235925409943, 0.0189901739359, 0.0157913304865, 0.00713127525523, 0.00622455310076, 0.00796226784587, 0.00617592781782, 0.00310682062991, 0.00322028947994, 0.00195351243019, 0.00107286358252, 0.00177533493843, 0.000175971668796, 1.75832810783e-05],
        "mean": [0.000288933049887, 0.00661198422313, 0.00208180095069, 0.0011956243543, 0.00296214642003, 0.00150315032806, 0.0014288041275, 0.000493877276313, 0.000643188366666, 0.000627216126304, 0.000320372317219, 0.000561044027563, 0.000410510867368, 0.000281946879113, 0.000279334315564, 0.00027502127341, 0.000268670060905, 0.000291751202894, 0.000271017401246, 0.000283342058538, 0.000170090454048, 0.000109127722681, 7.78667672421e-05, 6.18300182396e-05, 4.48041901109e-05, 1.23479840113e-05, 3.73050397684e-07],
        "median": [7.20847820048e-05, 9.70267719822e-05, 0.000118543903227, 0.000104649610876, 0.000484763062559, 0.000211831313209, 0.00012394443911, 4.25045982411e-05, 6.20257924311e-05, 4.70575432701e-05, 6.11562791164e-05, 0.000240517751081, 0.000109914522909, 6.9895402703e-05, 7.44186108932e-05, 7.63824791647e-05, 9.40061654546e-05, 9.44761268329e-05, 9.74736249191e-05, 0.000114178401418, 5.23706548847e-05, 3.52211063728e-05, 1.93654304894e-05, 1.74171782419e-05, 1.08486128738e-05, 2.85011856249e-06, 5.2884587376e-08],
        "min": [2.28490453085e-23, 2.79324539377e-23, 7.37034952559e-24, 5.96480370746e-24, 2.05273945323e-23, 3.62022658229e-23, 5.52157889464e-23, 6.28806770459e-23, 6.87439393665e-23, 4.78821561628e-23, 2.89603744071e-23, 7.61129288959e-23, 5.31740023535e-23, 2.03984511153e-22, 9.03715014053e-23, 2.00169150675e-22, 1.9110176886e-22, 1.80326888149e-22, 2.44593000582e-22, 4.00952098243e-22, 3.46878649307e-22, 4.16025702907e-22, 5.37005966689e-22, 8.09402237348e-22, 1.40555666654e-21, 1.3916246509e-21, 2.17469276747e-21],
        "var": [3.58445305437e-07, 0.000584819237702, 7.48010279494e-05, 1.7599282728e-05, 7.08414809196e-05, 1.95233442355e-05, 2.05656288017e-05, 2.31094281844e-06, 3.51950393451e-06, 5.92441983827e-06, 1.4697889128e-06, 1.96442192646e-06, 1.14781585125e-06, 6.99012844052e-07, 4.84442352899e-07, 4.23834023877e-07, 2.42544274442e-07, 3.22352065041e-07, 2.1810920714e-07, 2.44737066168e-07, 1.04609654272e-07, 4.40321485939e-08, 2.53784921966e-08, 1.03695434461e-08, 5.52048406988e-09, 3.23357451926e-10, 6.56814067111e-13]
    },
    "erbbands": {
        "dmean": [0.214348137379, 1.58756041527, 2.57960534096, 3.86540794373, 10.948176384, 10.9076766968, 11.1052007675, 13.1521406174, 20.1966781616, 15.8606920242, 11.279001236, 13.0028409958, 18.4318180084, 14.0443649292, 13.1566009521, 16.0607147217, 15.7879257202, 13.5127658844, 10.7515487671, 12.2826194763, 11.1715240479, 10.5317611694, 11.8361139297, 9.84562015533, 9.58244037628, 8.76470947266, 6.59233856201, 4.63032197952, 3.19439387321, 2.67465639114, 1.59592664242, 1.43021583557, 0.633235991001, 0.568714022636, 0.203071802855, 0.0692223384976, 0.0113709466532, 0.00159541610628, 4.92782637593e-05, 1.89307847904e-05],
        "dmean2": [0.349418908358, 2.76276302338, 3.99715399742, 6.33477306366, 19.0149154663, 19.1137065887, 19.9890975952, 22.2763767242, 32.8814888, 26.6088466644, 17.9112510681, 21.0230445862, 29.8483791351, 22.3567523956, 20.7607288361, 26.2728824615, 25.9747619629, 21.4819374084, 16.7192687988, 19.3009490967, 17.7646808624, 16.4831390381, 18.2202835083, 15.5690555573, 14.9520998001, 13.3532066345, 10.134308815, 7.40123271942, 4.77704906464, 4.10924816132, 2.33932614326, 2.14457941055, 0.929080843925, 0.867491424084, 0.294087797403, 0.0998537316918, 0.0158464927226, 0.00228570052423, 7.20853204257e-05, 2.99986040773e-05],
        "dvar": [0.563563168049, 33.7977752686, 76.5607376099, 185.712860107, 1123.5177002, 885.889770508, 1444.47509766, 1460.26879883, 4558.95800781, 2916.08618164, 1221.54907227, 1975.93664551, 4459.59960938, 4405.59375, 1610.26818848, 2444.36572266, 2124.40356445, 1719.67932129, 1026.20324707, 1308.02880859, 769.819702148, 492.858093262, 686.76159668, 395.073699951, 356.928710938, 308.275146484, 219.981399536, 129.018493652, 51.6546783447, 39.5039520264, 11.19115448, 6.45959234238, 1.07359576225, 0.875055074692, 0.148985669017, 0.0117324935272, 0.000294854631647, 7.13896770321e-06, 1.24230474796e-08, 1.30893440531e-09],
        "dvar2": [1.46059060097, 96.9793548584, 178.104309082, 430.750427246, 3079.55639648, 2491.34741211, 4110.90185547, 3992.06567383, 11829.0117188, 7662.53027344, 2922.95874023, 5097.328125, 11413.0478516, 10959.2548828, 3775.31176758, 6116.69775391, 5581.79101562, 4052.73901367, 2419.99414062, 3113.32470703, 1892.19189453, 1119.87768555, 1554.29150391, 974.563171387, 854.475830078, 724.292236328, 545.652160645, 345.268157959, 126.019981384, 99.1000900269, 26.119260788, 15.1241512299, 2.42313313484, 2.05806565285, 0.354451596737, 0.0250710267574, 0.000578203937039, 1.44447230923e-05, 3.03588763018e-08, 3.3654352638e-09],
        "max": [7.66844367981, 56.0479164124, 95.2540740967, 174.616500854, 342.909118652, 274.092010498, 444.736083984, 526.219970703, 1314.46582031, 1416.3782959, 1077.93676758, 2098.59521484, 1548.16040039, 2292.75195312, 851.369812012, 937.203063965, 1165.12036133, 1395.33068848, 1288.09143066, 1158.68713379, 560.881591797, 438.542602539, 329.117553711, 348.274414062, 340.444885254, 311.651153564, 278.268920898, 149.781051636, 133.282409668, 96.8599014282, 63.3616600037, 32.0469856262, 26.4484882355, 16.9933013916, 19.0778045654, 1.46951377392, 0.179474323988, 0.0454686395824, 0.00331881921738, 0.00030190491816],
        "mean": [0.210779696703, 1.39540696144, 2.41657972336, 3.50227117538, 8.49906349182, 9.12112236023, 8.92179393768, 13.5624485016, 20.6235675812, 15.3951253891, 12.0189228058, 14.2520151138, 19.3262176514, 16.0503826141, 16.8597221375, 20.7670841217, 19.5604972839, 16.4074230194, 14.0251502991, 15.0580253601, 15.0065097809, 15.4146738052, 16.4041595459, 14.0515871048, 13.7835464478, 12.8518018723, 8.85140132904, 5.96964883804, 4.19519662857, 3.12839412689, 1.97031342983, 1.57105779648, 0.815519034863, 0.628331065178, 0.253739923239, 0.0855189189315, 0.0152205768973, 0.0020535888616, 6.46415428491e-05, 2.78349689324e-05],
        "median": [0.00376338278875, 0.0205008350313, 0.117415800691, 0.338888972998, 1.06985402107, 1.38770771027, 1.52191126347, 2.16278409958, 2.43954372406, 1.74820137024, 1.3621827364, 1.50488233566, 1.709664464, 2.02135205269, 4.50315856934, 8.51499080658, 6.63167905807, 4.32138109207, 3.76026463509, 3.96544337273, 4.92364454269, 5.39614868164, 5.31892347336, 5.41552114487, 4.99250364304, 5.17185592651, 3.28578996658, 1.85065579414, 1.3943066597, 0.794382095337, 0.521553575993, 0.383368045092, 0.261684447527, 0.149414211512, 0.0628145262599, 0.018260858953, 0.00410543149337, 0.000500116031617, 2.24573122978e-05, 1.38445984703e-05],
        "min": [8.86028272931e-22, 6.39864149202e-21, 9.23710732113e-21, 1.36585629864e-20, 4.06766001599e-20, 7.20544947003e-20, 2.05795673389e-19, 3.8595081574e-19, 5.668789196e-19, 9.28961464615e-19, 1.26096126021e-18, 1.47657384848e-18, 1.61479841718e-18, 1.3136921631e-18, 4.00839317134e-18, 2.97287533419e-18, 2.60058532872e-18, 5.75808778922e-18, 7.41675283506e-18, 6.79530444855e-18, 1.23961327956e-17, 1.15506590838e-17, 8.85529436654e-18, 1.14907579726e-17, 1.1909207965e-17, 1.74920492696e-17, 1.75651323311e-17, 1.13771645678e-17, 1.29433210426e-17, 1.89044105347e-17, 1.62972183076e-17, 1.33167169886e-17, 1.47183158067e-17, 1.171238861e-17, 1.01797850623e-17, 4.85455923331e-18, 2.54812098478e-18, 1.05526253497e-18, 3.06185168887e-19, 3.36474875019e-20],
        "var": [0.553525269032, 27.9494018555, 82.7483978271, 166.774597168, 750.250549316, 590.827331543, 908.919128418, 1217.21948242, 4055.71679688, 2410.39086914, 1328.82373047, 1944.22387695, 4078.82348633, 4414.48681641, 2211.39550781, 2703.19067383, 2197.30957031, 1947.59094238, 1286.45800781, 1463.07971191, 945.491577148, 772.150024414, 984.147888184, 589.445617676, 540.572814941, 477.658050537, 277.014190674, 144.889968872, 67.218536377, 44.7290229797, 14.9499282837, 7.64587497711, 1.82030630112, 1.13407146931, 0.17946152389, 0.0168483238667, 0.00049865123583, 1.13268652058e-05, 1.35147617542e-08, 1.73528635905e-09]
    },
    "gfcc": {
        "mean": [-50.5763092041, 76.8394165039, -132.454040527, 37.9717979431, -55.573261261, 12.643330574, -41.6850395203, 5.25595617294, -31.9123687744, 4.60110139847, -11.1305036545, 2.79784989357, -9.77950000763],
        "cov": [[9472.88085938, -743.974853516, 95.9848022461, 65.4563751221, -1047.51159668, -362.12097168, -342.486083984, 125.228042603, -180.844223022, 38.089717865, -285.547058105, -36.1306343079, -169.775787354], [-743.974853516, 1311.74133301, -70.9204101562, -237.270462036, 254.391098022, -145.230102539, 273.538665771, 47.6802406311, 199.431793213, -69.9318695068, 136.801223755, -64.4975357056, 79.1201400757], [95.9848022461, -70.9204101562, 1123.89941406, 414.024139404, 92.09815979, 170.458480835, -30.359292984, 66.9612045288, -5.65388870239, 11.7420148849, -30.0972213745, -17.1200904846, -28.8728027344], [65.4563751221, -237.270462036, 414.024139404, 592.375732422, 181.108612061, 64.7785568237, 3.8702442646, 13.380408287, 23.8664855957, 37.681930542, -5.18530702591, 11.1559076309, 13.3945169449], [-1047.51159668, 254.391098022, 92.09815979, 181.108612061, 519.842041016, 180.431381226, 150.297332764, 17.5065498352, 66.3623352051, 4.20894527435, 59.1571769714, -2.32145404816, 43.0288276672], [-362.12097168, -145.230102539, 170.458480835, 64.7785568237, 180.431381226, 369.843444824, 103.788101196, 12.9107675552, -30.0891437531, 10.9248313904, -9.05376625061, 0.725318312645, -11.7872972488], [-342.486083984, 273.538665771, -30.359292984, 3.8702442646, 150.297332764, 103.788101196, 349.483917236, 119.174438477, 117.173522949, 21.5762290955, 62.2851524353, 10.7425909042, 45.8201141357], [125.228042603, 47.6802406311, 66.9612045288, 13.380408287, 17.5065498352, 12.9107675552, 119.174438477, 207.07421875, 107.923789978, 32.2854194641, 34.1901130676, -17.4354400635, 8.34693717957], [-180.844223022, 199.431793213, -5.65388870239, 23.8664855957, 66.3623352051, -30.0891437531, 117.173522949, 107.923789978, 213.563613892, 51.4082717896, 59.1474227905, 3.32420611382, 34.8335762024], [38.089717865, -69.9318695068, 11.7420148849, 37.681930542, 4.20894527435, 10.9248313904, 21.5762290955, 32.2854194641, 51.4082717896, 101.364952087, 49.2393989563, 27.5696640015, 10.64884758], [-285.547058105, 136.801223755, -30.0972213745, -5.18530702591, 59.1571769714, -9.05376625061, 62.2851524353, 34.1901130676, 59.1474227905, 49.2393989563, 137.879837036, 33.9290046692, 32.5427856445], [-36.1306343079, -64.4975357056, -17.1200904846, 11.1559076309, -2.32145404816, 0.725318312645, 10.7425909042, -17.4354400635, 3.32420611382, 27.5696640015, 33.9290046692, 94.863899231, 32.4905319214], [-169.775787354, 79.1201400757, -28.8728027344, 13.3945169449, 43.0288276672, -11.7872972488, 45.8201141357, 8.34693717957, 34.8335762024, 10.64884758, 32.5427856445, 32.4905319214, 85.0783233643]],
        "icov": [[0.000159455332323, -0.000117574643809, 6.18174599367e-05, -0.00019789673388, 0.000360316917067, -3.67684915545e-05, 8.53965757415e-05, -0.000290851632599, 0.000196410663193, -0.000249600270763, 0.000333848496666, -0.000145103447721, 0.000153430053615], [-0.000117574643809, 0.00268730288371, -0.000937202712521, 0.00188616430387, -0.00170091364998, 0.00205069198273, -0.00196355651133, 0.00193804898299, -0.00176144717261, 0.00237762369215, -0.00222863419913, 0.00241751712747, -0.000984185840935], [6.18174599367e-05, -0.000937202712521, 0.00171682389919, -0.00165818375535, 0.000860864587594, -0.00139721110463, 0.00111718242988, -0.00134271837305, 0.000585621048231, -0.000427557330113, 0.000695597496815, -0.000798254739493, 0.000592235301156], [-0.00019789673388, 0.00188616430387, -0.00165818375535, 0.00415647635236, -0.00248232088052, 0.00192890246399, -0.0012979983585, 0.00166775169782, -0.00124881020747, 0.000437599315774, -0.000831176294014, 0.00137318694033, -0.00105792563409], [0.000360316917067, -0.00170091364998, 0.000860864587594, -0.00248232088052, 0.0049364855513, -0.00279513490386, 0.000648583401926, -0.000771387014538, 0.000353644689312, -0.000435873487731, 0.000311130803311, -0.000587663904298, -0.000158580311108], [-3.67684915545e-05, 0.00205069198273, -0.00139721110463, 0.00192890246399, -0.00279513490386, 0.00597656331956, -0.00301387486979, 0.00137792807072, 0.000467799050966, 9.40008103498e-05, -0.000391394190956, 0.00133875990286, 0.000406518171076], [8.53965757415e-05, -0.00196355651133, 0.00111718242988, -0.0012979983585, 0.000648583401926, -0.00301387486979, 0.00657111639157, -0.00357659137808, -0.000287169445073, -0.000561848224606, 0.000774681859184, -0.00220172037371, -0.000621317129117], [-0.000290851632599, 0.00193804898299, -0.00134271837305, 0.00166775169782, -0.000771387014538, 0.00137792807072, -0.00357659137808, 0.00980414263904, -0.00436791405082, 0.000904333253857, -0.00244928803295, 0.00385458767414, -0.000415579852415], [0.000196410663193, -0.00176144717261, 0.000585621048231, -0.00124881020747, 0.000353644689312, 0.000467799050966, -0.000287169445073, -0.00436791405082, 0.00994601566344, -0.00482433335856, 0.00113678933121, -0.000739796902053, -0.000726132537238], [-0.000249600270763, 0.00237762369215, -0.000427557330113, 0.000437599315774, -0.000435873487731, 9.40008103498e-05, -0.000561848224606, 0.000904333253857, -0.00482433335856, 0.0172263439745, -0.00663914810866, -0.000933387258556, 0.000239181521465], [0.000333848496666, -0.00222863419913, 0.000695597496815, -0.000831176294014, 0.000311130803311, -0.000391394190956, 0.000774681859184, -0.00244928803295, 0.00113678933121, -0.00663914810866, 0.013444185257, -0.00449311546981, -0.000343840918504], [-0.000145103447721, 0.00241751712747, -0.000798254739493, 0.00137318694033, -0.000587663904298, 0.00133875990286, -0.00220172037371, 0.00385458767414, -0.000739796902053, -0.000933387258556, -0.00449311546981, 0.0167087633163, -0.00597711885348], [0.000153430053615, -0.000984185840935, 0.000592235301156, -0.00105792563409, -0.000158580311108, 0.000406518171076, -0.000621317129117, -0.000415579852415, -0.000726132537238, 0.000239181521465, -0.000343840918504, -0.00597711885348, 0.0165362507105]]
    },
    "melbands": {
        "dmean": [0.00195960630663, 0.00153546198271, 0.000821031630039, 0.000869491661433, 0.000383955484722, 0.000300975021673, 0.000300713116303, 0.00015367087326, 9.45353021962e-05, 8.33253579913e-05, 9.46268046391e-05, 6.07416041021e-05, 3.94190356019e-05, 5.13065751875e-05, 3.94300259359e-05, 3.31231567543e-05, 2.55784616456e-05, 1.7841508452e-05, 1.66345380421e-05, 1.71638293978e-05, 1.3082307305e-05, 1.14350268632e-05, 1.14012609629e-05, 1.03737365862e-05, 8.14659597381e-06, 8.0252693806e-06, 6.70055123919e-06, 6.2190679273e-06, 5.02922512169e-06, 3.13014743369e-06, 2.59892385657e-06, 1.93674623006e-06, 1.559306952e-06, 1.51760491462e-06, 8.79419360444e-07, 1.02114029232e-06, 7.75477474235e-07, 4.24517111242e-07, 4.66392094722e-07, 5.05790808347e-07],
        "dmean2": [0.00330510083586, 0.00249425880611, 0.00131071556825, 0.00152735610027, 0.000689442211296, 0.000511212099809, 0.000490594247822, 0.000256540923147, 0.000151703003212, 0.000135035035782, 0.000153704619152, 9.67309097177e-05, 6.12848307355e-05, 8.39257118059e-05, 6.60993682686e-05, 5.39136162843e-05, 4.08322630392e-05, 2.82500404865e-05, 2.56094390352e-05, 2.79109044641e-05, 2.09663285204e-05, 1.81514315045e-05, 1.79535327334e-05, 1.61447624123e-05, 1.31280412461e-05, 1.28236788441e-05, 1.0237301467e-05, 9.79328979156e-06, 8.05210947874e-06, 4.96119582749e-06, 4.20587639383e-06, 2.97549740935e-06, 2.36656546804e-06, 2.38584880208e-06, 1.30310888835e-06, 1.56447572408e-06, 1.16563819574e-06, 6.39830659566e-07, 6.89451098879e-07, 7.90732713085e-07],
        "dvar": [5.12726364832e-05, 2.36396062974e-05, 6.48320337859e-06, 6.45743966743e-06, 1.35035270432e-06, 7.77161744736e-07, 1.02463832263e-06, 2.56269743204e-07, 8.64496456643e-08, 7.6105379776e-08, 1.21664356811e-07, 8.64361169306e-08, 1.851017295e-08, 2.67121116337e-08, 1.29906299051e-08, 1.01205248626e-08, 7.03381974887e-09, 3.31848282187e-09, 2.21775087184e-09, 2.66409405647e-09, 1.06074760087e-09, 6.26757257205e-10, 6.20922979699e-10, 5.33462940489e-10, 2.77828038353e-10, 2.98644553531e-10, 1.76904352278e-10, 1.68274796875e-10, 1.56697238518e-10, 4.96174212827e-11, 4.14453887876e-11, 2.02500290841e-11, 1.06699033289e-11, 1.42687623869e-11, 3.80109225345e-12, 3.47351813111e-12, 1.82893240483e-12, 5.53353099019e-13, 5.60999868521e-13, 7.33738644929e-13],
        "dvar2": [0.000139611744089, 6.05265413469e-05, 1.46027687151e-05, 1.80716215255e-05, 3.8214216147e-06, 2.13737553167e-06, 2.67573659585e-06, 6.68699726702e-07, 2.10103934251e-07, 1.93539420934e-07, 3.10902180445e-07, 2.15422943484e-07, 4.26363371275e-08, 6.58037464518e-08, 3.32730039077e-08, 2.62062638257e-08, 1.66753988395e-08, 7.8710407081e-09, 4.81434492272e-09, 6.68658151071e-09, 2.59553267767e-09, 1.43482559167e-09, 1.4367651513e-09, 1.24973575932e-09, 7.01451341456e-10, 7.629456511e-10, 4.01207983503e-10, 4.18339501929e-10, 4.08800521212e-10, 1.23701368593e-10, 1.11489859012e-10, 5.10100538198e-11, 2.45472878135e-11, 3.67813279833e-11, 8.86955613122e-12, 8.29685539022e-12, 4.22815558607e-12, 1.29582542613e-12, 1.28175150615e-12, 1.76191006229e-12],
        "max": [0.0724774897099, 0.0451035313308, 0.0268156565726, 0.0250424873084, 0.0119599597529, 0.0112425116822, 0.0221947338432, 0.0126057295129, 0.00834688358009, 0.012273198925, 0.00773663492873, 0.00960228312761, 0.00351071218029, 0.00341696711257, 0.00305152265355, 0.00368571910076, 0.00288622453809, 0.00245872093365, 0.00187500333413, 0.00164986110758, 0.000765009899624, 0.000493835366797, 0.000555651262403, 0.000371655827621, 0.000338262150763, 0.000332671159413, 0.000240089182626, 0.00020557413518, 0.000287014991045, 0.000124753685668, 9.50575995375e-05, 8.45656759338e-05, 8.81496016518e-05, 6.61447775201e-05, 4.69009246444e-05, 2.12412996916e-05, 2.01036509679e-05, 1.69676950463e-05, 2.15122399823e-05, 1.21873299577e-05],
        "mean": [0.00186705333181, 0.0015069412766, 0.000747048121411, 0.000695534457918, 0.000316490913974, 0.000306737842038, 0.000307318347041, 0.000148224295117, 9.83567806543e-05, 9.00018058019e-05, 9.76284136414e-05, 6.71680973028e-05, 5.00071364513e-05, 6.17712721578e-05, 4.89294470754e-05, 3.99919626943e-05, 2.89681902359e-05, 2.20158908633e-05, 2.072676034e-05, 1.93893502001e-05, 1.70878211065e-05, 1.59056271514e-05, 1.52462580445e-05, 1.37205333886e-05, 1.10210839921e-05, 1.03950642369e-05, 9.49856803345e-06, 8.44770329422e-06, 6.21163189862e-06, 4.1480652726e-06, 3.17059061672e-06, 2.48916830969e-06, 1.86946954273e-06, 1.69614088463e-06, 1.09809218429e-06, 1.08426445422e-06, 8.68407255439e-07, 5.40015946626e-07, 5.58874717171e-07, 5.31067087195e-07],
        "median": [3.75987510779e-05, 5.4832908063e-05, 7.94168590801e-05, 0.000100863049738, 5.69938529225e-05, 4.66172350571e-05, 3.46242813976e-05, 1.44922405525e-05, 9.29055659071e-06, 8.25385723147e-06, 7.74983163865e-06, 6.95160952091e-06, 1.23173622342e-05, 2.16181160795e-05, 2.0466355636e-05, 1.13343039629e-05, 6.92600315233e-06, 5.80665437155e-06, 5.00093347e-06, 4.97340852235e-06, 5.61126262255e-06, 5.38172162123e-06, 4.85332839162e-06, 4.40603116658e-06, 4.05286755267e-06, 3.41404188475e-06, 3.14218050335e-06, 3.09379333885e-06, 2.15378895518e-06, 1.19388289477e-06, 9.2867605872e-07, 8.16646831936e-07, 5.17153921464e-07, 3.86264133567e-07, 2.84507677861e-07, 2.42847050913e-07, 2.1295235797e-07, 1.73841058881e-07, 1.53682961468e-07, 1.10290088173e-07],
        "min": [9.969375629e-24, 6.17663258203e-24, 5.98233614107e-24, 2.96627438138e-24, 6.76818911966e-24, 8.21841996377e-24, 9.05233744845e-24, 1.13332411923e-23, 9.51431253835e-24, 9.81619540728e-24, 8.86745290696e-24, 4.01195092645e-24, 1.2093408071e-23, 8.78137556042e-24, 5.83433676335e-24, 5.667543169e-24, 1.2036892498e-23, 1.4011121043e-23, 5.78186607467e-24, 1.21954172524e-23, 1.63017254094e-23, 1.23988289811e-23, 6.54342805384e-24, 9.21413282011e-24, 9.07114389243e-24, 7.51983393396e-24, 1.16594911858e-23, 1.02517602229e-23, 1.13610430172e-23, 9.28358097877e-24, 5.7487228726e-24, 6.93998409216e-24, 9.06031440993e-24, 1.04789916067e-23, 8.94319459791e-24, 8.48505179429e-24, 7.98168438383e-24, 8.10529336566e-24, 1.12800688119e-23, 8.65082144719e-24],
        "var": [4.58117792732e-05, 2.68667572527e-05, 6.12716439718e-06, 4.1847151806e-06, 8.75077773799e-07, 6.28210102604e-07, 8.92737148206e-07, 2.16725041469e-07, 9.32585280111e-08, 7.72918156144e-08, 1.11415111803e-07, 8.55917861031e-08, 2.5535277004e-08, 2.97661770787e-08, 1.51588590569e-08, 1.08210560512e-08, 7.51399831245e-09, 3.99425470476e-09, 2.9210003305e-09, 2.69701372346e-09, 1.28129706845e-09, 9.31276555871e-10, 8.6001711308e-10, 7.32978733264e-10, 3.87868681617e-10, 3.76727260498e-10, 2.93117252692e-10, 2.2742331629e-10, 1.63046784407e-10, 6.84439241394e-11, 4.31634172848e-11, 2.44584387465e-11, 1.4391947703e-11, 1.48695934038e-11, 5.10217432539e-12, 4.0304448147e-12, 2.22883712354e-12, 8.55380545041e-13, 9.20563213332e-13, 8.50499737911e-13]
    },
    "mfcc": {
        "mean": [-685.062133789, 103.374084473, -14.7292947769, 24.534078598, 5.26310348511, 6.37492179871, 4.52846002579, -1.30655491352, -7.14932250977, -5.69497728348, -3.22848010063, 2.40760660172, 1.77525246143],
        "cov": [[7700.03515625, -557.308959961, 170.02293396, 119.922012329, -615.31036377, -445.089874268, -405.883758545, -208.568344116, -171.240768433, -16.825422287, -85.1737594604, -187.749038696, -161.775970459], [-557.308959961, 1436.78710938, -276.572174072, -77.9371871948, -49.1864891052, -102.36050415, 52.9570083618, 100.000572205, 54.8208885193, 70.5503082275, 76.1873550415, 4.40704631805, 35.3041191101], [170.02293396, -276.572174072, 979.520996094, 196.266998291, 148.406555176, 59.2477493286, 31.2510166168, 20.4202213287, 33.1757698059, 18.0347175598, 2.84859681129, 33.586517334, -24.2264060974], [119.922012329, -77.9371871948, 196.266998291, 502.60723877, 144.818466187, 34.326675415, 10.8628997803, 21.677028656, 51.2328338623, 32.6619644165, 16.4025707245, 35.8532524109, 20.2512798309], [-615.31036377, -49.1864891052, 148.406555176, 144.818466187, 395.16003418, 157.800857544, 85.7235412598, 23.7040786743, 25.9342460632, 13.4473524094, 0.0551288947463, 29.7637672424, 19.6183414459], [-445.089874268, -102.36050415, 59.2477493286, 34.326675415, 157.800857544, 326.325866699, 141.890670776, 50.4693374634, 44.4397850037, -20.0872783661, -6.15254592896, 29.544500351, 6.88173151016], [-405.883758545, 52.9570083618, 31.2510166168, 10.8628997803, 85.7235412598, 141.890670776, 239.644973755, 97.4760055542, 48.3706817627, 36.078792572, 28.3583717346, 29.1456642151, 22.8195228577], [-208.568344116, 100.000572205, 20.4202213287, 21.677028656, 23.7040786743, 50.4693374634, 97.4760055542, 162.633148193, 90.1669692993, 65.1464538574, 49.0047492981, 20.6337127686, 22.2670326233], [-171.240768433, 54.8208885193, 33.1757698059, 51.2328338623, 25.9342460632, 44.4397850037, 48.3706817627, 90.1669692993, 150.134170532, 82.1034622192, 46.5174026489, 21.244222641, 5.66609144211], [-16.825422287, 70.5503082275, 18.0347175598, 32.6619644165, 13.4473524094, -20.0872783661, 36.078792572, 65.1464538574, 82.1034622192, 150.114990234, 71.1436157227, 18.5956935883, 26.9524097443], [-85.1737594604, 76.1873550415, 2.84859681129, 16.4025707245, 0.0551288947463, -6.15254592896, 28.3583717346, 49.0047492981, 46.5174026489, 71.1436157227, 103.185096741, 41.0667419434, 33.6733283997], [-187.749038696, 4.40704631805, 33.586517334, 35.8532524109, 29.7637672424, 29.544500351, 29.1456642151, 20.6337127686, 21.244222641, 18.5956935883, 41.0667419434, 100.550834656, 53.1892204285], [-161.775970459, 35.3041191101, -24.2264060974, 20.2512798309, 19.6183414459, 6.88173151016, 22.8195228577, 22.2670326233, 5.66609144211, 26.9524097443, 33.6733283997, 53.1892204285, 91.4018783569]],
