{
"lowlevel": {
    "average_loudness": 0.926673591137,
    "barkbands_crest": {
        "dmean": 3.47114229202,
        "dmean2": 5.53101921082,
        "dvar": 10.3278903961,
        "dvar2": 24.4695625305,
        "max": 26.3969497681,
        "mean": 8.69827079773,
        "median": 7.30059623718,
        "min": 1.93733417988,
        "var": 22.3787708282
    },
    "barkbands_flatness_db": {
        "dmean": 0.0316068120301,
        "dmean2": 0.0462895072997,
        "dvar": 0.00102178624365,
        "dvar2": 0.00209169997834,
        "max": 0.475617945194,
        "mean": 0.138658285141,
        "median": 0.128631427884,
        "min": 0.0162407979369,
        "var": 0.00350222946145
    },
    "barkbands_kurtosis": {
        "dmean": 6.30511283875,
        "dmean2": 10.7147932053,
        "dvar": 1028.35839844,
        "dvar2": 2808.34423828,
        "max": 652.331787109,
        "mean": 4.41929674149,
        "median": 0.0852788686752,
        "min": -1.91825532913,
        "var": 755.102661133
    },
    "barkbands_skewness": {
        "dmean": 0.963368833065,
        "dmean2": 1.42313289642,
        "dvar": 2.18325257301,
        "dvar2": 4.89640235901,
        "max": 23.9443359375,
        "mean": 0.260742515326,
        "median": -0.124255470932,
        "min": -5.52877283096,
        "var": 4.51600551605
    },
    "barkbands_spread": {
        "dmean": 9.69897174835,
        "dmean2": 15.4226398468,
        "dvar": 99.1074142456,
        "dvar2": 240.444778442,
        "max": 126.346473694,
        "mean": 27.4236068726,
        "median": 24.6466331482,
        "min": 0.335737317801,
        "var": 265.751434326
    },
    "dissonance": {
        "dmean": 0.0114780860022,
        "dmean2": 0.018705394119,
        "dvar": 0.000259808119154,
        "dvar2": 0.000653450493701,
        "max": 0.500000119209,
        "mean": 0.483574330807,
        "median": 0.491354495287,
        "min": 0.314025402069,
        "var": 0.000450735038612
    },
    "dynamic_complexity": 4.9952378273,
    "erbbands_crest": {
        "dmean": 2.84652495384,
        "dmean2": 4.68946933746,
        "dvar": 7.991502285,
        "dvar2": 20.3114490509,
        "max": 29.6183376312,
        "mean": 8.20877361298,
        "median": 7.3310546875,
        "min": 2.5551609993,
        "var": 14.5622243881
    },
    "erbbands_flatness_db": {
        "dmean": 0.0264130532742,
        "dmean2": 0.0361384749413,
        "dvar": 0.000568328425288,
        "dvar2": 0.00103412882891,
        "max": 0.389270365238,
        "mean": 0.199565663934,
        "median": 0.192307561636,
        "min": 0.0250858236104,
        "var": 0.00286402762868
    },
    "erbbands_kurtosis": {
        "dmean": 1.73520195484,
        "dmean2": 2.74385023117,
        "dvar": 4.19274711609,
        "dvar2": 9.6748752594,
        "max": 35.5011405945,
        "mean": 1.64212059975,
        "median": 0.882427334785,
        "min": -1.85176944733,
        "var": 8.67743492126
    },
    "erbbands_skewness": {
        "dmean": 0.538135051727,
        "dmean2": 0.854735851288,
        "dvar": 0.244139224291,
        "dvar2": 0.571324527264,
        "max": 3.95084261894,
        "mean": -0.54164493084,
        "median": -0.590754270554,
        "min": -4.69412660599,
        "var": 0.686055243015
    },
    "erbbands_spread": {
        "dmean": 11.1251983643,
        "dmean2": 16.6706218719,
        "dvar": 157.584747314,
        "dvar2": 327.064697266,
        "max": 147.735412598,
        "mean": 29.3869094849,
        "median": 25.1309604645,
        "min": 2.73674726486,
        "var": 374.513885498
    },
    "hfc": {
        "dmean": 10.1278533936,
        "dmean2": 13.5971088409,
        "dvar": 185.527786255,
        "dvar2": 253.697677612,
        "max": 119.604751587,
        "mean": 16.931968689,
        "median": 6.66919374466,
        "min": 1.05834576385e-16,
        "var": 465.278656006
    },
    "melbands_crest": {
        "dmean": 4.36872959137,
        "dmean2": 7.00542449951,
        "dvar": 16.237493515,
        "dvar2": 34.3857574463,
        "max": 36.8195800781,
        "mean": 12.226770401,
        "median": 10.4504699707,
        "min": 1.00291705132,
        "var": 48.9534645081
    },
    "melbands_flatness_db": {
        "dmean": 0.0383578911424,
        "dmean2": 0.0555794872344,
        "dvar": 0.00170048256405,
        "dvar2": 0.00306645547971,
        "max": 0.578128099442,
        "mean": 0.1355946064,
        "median": 0.112080544233,
        "min": -3.45145423353e-07,
        "var": 0.00698856869712
    },
    "melbands_kurtosis": {
        "dmean": 12.075592041,
        "dmean2": 19.1597423553,
        "dvar": 1800.85327148,
        "dvar2": 4080.75219727,
        "max": 573.428894043,
        "mean": 11.3088302612,
        "median": 0.611562132835,
        "min": -1.87085962296,
        "var": 2189.60986328
    },
    "melbands_skewness": {
        "dmean": 1.1870906353,
        "dmean2": 1.69030880928,
        "dvar": 2.40582633018,
        "dvar2": 4.36766624451,
        "max": 19.4732875824,
        "mean": 1.50033771992,
        "median": 0.862154304981,
        "min": -4.08718204498,
        "var": 7.04433393478
    },
    "melbands_spread": {
        "dmean": 20.5400295258,
        "dmean2": 31.7328872681,
        "dvar": 496.633392334,
        "dvar2": 1052.20397949,
        "max": 259.966339111,
        "mean": 53.7558822632,
        "median": 48.0153884888,
        "min": 0.351056784391,
        "var": 1304.71679688
    },
    "pitch_salience": {
        "dmean": 0.100255340338,
        "dmean2": 0.16191136837,
        "dvar": 0.0105078937486,
        "dvar2": 0.0231560617685,
        "max": 0.996029794216,
        "mean": 0.610139906406,
        "median": 0.659742116928,
        "min": 0.0405693054199,
        "var": 0.0269216448069
    },
    "silence_rate_20dB": {
        "dmean": 0,
        "dmean2": 0,
        "dvar": 0,
        "dvar2": 0,
        "max": 1,
        "mean": 1,
        "median": 1,
        "min": 1,
        "var": 0
    },
    "silence_rate_30dB": {
        "dmean": 0,
        "dmean2": 0,
        "dvar": 0,
        "dvar2": 0,
        "max": 1,
        "mean": 1,
        "median": 1,
        "min": 1,
        "var": 0
    },
    "silence_rate_60dB": {
        "dmean": 0.184857666492,
        "dmean2": 0.369760125875,
        "dvar": 0.15068769455,
        "dvar2": 0.286589384079,
        "max": 1,
        "mean": 0.398498058319,
        "median": 0,
        "min": 0,
        "var": 0.239708006382
    },
    "spectral_centroid": {
        "dmean": 431.475769043,
        "dmean2": 664.355163574,
        "dvar": 219537.734375,
        "dvar2": 462318.1875,
        "max": 11776.4873047,
        "mean": 2613.71533203,
        "median": 2622.45117188,
        "min": 250.523025513,
        "var": 1754802.125
    },
    "spectral_complexity": {
        "dmean": 7.19612360001,
        "dmean2": 9.25127220154,
        "dvar": 73.599861145,
        "dvar2": 120.15297699,
        "max": 59,
        "mean": 14.0601987839,
        "median": 8,
        "min": 0,
        "var": 221.129333496
    },
    "spectral_decrease": {
        "dmean": 2.19095896981e-09,
        "dmean2": 3.08714520614e-09,
        "dvar": 1.38529450925e-17,
        "dvar2": 2.87716478841e-17,
        "max": 2.33368325813e-28,
        "mean": -2.65766453289e-09,
        "median": -9.19543274858e-10,
        "min": -2.93302040433e-08,
        "var": 1.79891798547e-17
    },
    "spectral_energy": {
        "dmean": 0.00907496362925,
        "dmean2": 0.0126056708395,
        "dvar": 0.000209654201171,
        "dvar2": 0.000424838712206,
        "max": 0.111903131008,
        "mean": 0.0115664536133,
        "median": 0.00418867124245,
        "min": 9.98534630735e-21,
        "var": 0.000293863180559
    },
    "spectral_energyband_high": {
        "dmean": 0.000718542258255,
        "dmean2": 0.00101818237454,
        "dvar": 1.20120785141e-06,
        "dvar2": 2.58079944615e-06,
        "max": 0.0135107729584,
        "mean": 0.000993032706901,
        "median": 0.000237393862335,
        "min": 6.9586577109e-21,
        "var": 2.41394832301e-06
    },
    "spectral_energyband_low": {
        "dmean": 0.00361878494732,
        "dmean2": 0.00561148999259,
        "dvar": 0.000146832739119,
        "dvar2": 0.000317510712193,
        "max": 0.110067278147,
        "mean": 0.00332108186558,
        "median": 5.83017535973e-05,
        "min": 9.08293736297e-24,
        "var": 0.000152371372678
    },
    "spectral_energyband_middle_high": {
        "dmean": 0.00310668395832,
        "dmean2": 0.00406642537564,
        "dvar": 1.95052107301e-05,
        "dvar2": 2.99102175632e-05,
        "max": 0.0420291423798,
        "mean": 0.00448854081333,
        "median": 0.00159475835972,
        "min": 1.1140127601e-21,
        "var": 4.26345941378e-05
    },
    "spectral_energyband_middle_low": {
        "dmean": 0.0029277165886,
        "dmean2": 0.0044762333855,
        "dvar": 6.32684241282e-05,
        "dvar2": 0.000141340424307,
        "max": 0.0758160725236,
        "mean": 0.00291006825864,
        "median": 0.000469343562145,
        "min": 1.79115248286e-22,
        "var": 6.68357606628e-05
    },
    "spectral_entropy": {
        "dmean": 0.18049941957,
        "dmean2": 0.257621496916,
        "dvar": 0.0304930508137,
        "dvar2": 0.0611040629447,
        "max": 9.8236579895,
        "mean": 7.84431266785,
        "median": 7.85571861267,
        "min": 6.3814663887,
        "var": 0.173630461097
    },
    "spectral_flux": {
        "dmean": 0.0300096776336,
        "dmean2": 0.0447837561369,
        "dvar": 0.00158664316405,
        "dvar2": 0.00324015761726,
        "max": 0.298279941082,
        "mean": 0.0721142739058,
        "median": 0.0582343116403,
        "min": 6.42065151046e-11,
        "var": 0.00322358985431
    },
    "spectral_kurtosis": {
        "dmean": 1.9973320961,
        "dmean2": 3.33299064636,
        "dvar": 4.75147008896,
        "dvar2": 13.5887393951,
        "max": 26.2542419434,
        "mean": 4.06462049484,
        "median": 3.46094298363,
        "min": -1.26116657257,
        "var": 8.04718971252
    },
    "spectral_rms": {
        "dmean": 0.00114787567873,
        "dmean2": 0.00146195548587,
        "dvar": 1.89448223864e-06,
        "dvar2": 3.31588103109e-06,
        "max": 0.0104486262426,
        "mean": 0.00261417543516,
        "median": 0.00202151131816,
        "min": 3.12118581848e-12,
        "var": 4.4503844947e-06
    },
    "spectral_rolloff": {
        "dmean": 967.122436523,
        "dmean2": 1545.89819336,
        "dvar": 1594427.25,
        "dvar2": 3299017.5,
        "max": 19961.2792969,
        "mean": 3566.69335938,
        "median": 3186.9140625,
        "min": 64.599609375,
        "var": 7511011.5
    },
    "spectral_skewness": {
        "dmean": 0.283945828676,
        "dmean2": 0.461507707834,
        "dvar": 0.0768264010549,
        "dvar2": 0.216290384531,
        "max": 3.62712192535,
        "mean": 1.16822361946,
        "median": 1.14097285271,
        "min": -0.20876853168,
        "var": 0.198166996241
    },
    "spectral_spread": {
        "dmean": 625456,
        "dmean2": 885479.6875,
        "dvar": 644043702272,
        "dvar2": 1.3230187479e+12,
        "max": 42529524,
        "mean": 4260270.5,
        "median": 3441230.5,
        "min": 1566158.375,
        "var": 2.3942081282e+13
    },
    "spectral_strongpeak": {
        "dmean": 0.669390380383,
        "dmean2": 1.05826938152,
        "dvar": 0.865765273571,
        "dvar2": 1.98362386227,
        "max": 13.0670261383,
        "mean": 0.877386808395,
        "median": 0.389756977558,
        "min": 0,
        "var": 1.37301838398
    },
    "zerocrossingrate": {
        "dmean": 0.0195268727839,
        "dmean2": 0.0225380789489,
        "dvar": 0.000449962506536,
        "dvar2": 0.000530627381522,
        "max": 0.52685546875,
        "mean": 0.116340875626,
        "median": 0.11279296875,
        "min": 0.0029296875,
        "var": 0.00520450947806
    },
    "barkbands": {
        "dmean": [7.84488147474e-05, 0.00284256017767, 0.00111532246228, 0.00084010703722, 0.00149921386037, 0.000306951464154, 0.000242802241701, 0.000229643206694, 0.000236461346503, 0.000272322329693, 0.000101078439911, 0.000227342927246, 0.000216426182305, 0.000371232541511, 0.000563440844417, 0.00055359757971, 0.00050100957742, 0.000697661540471, 0.000336288823746, 0.000228225413593, 0.000247326563112, 0.000214501473238, 0.000107335625216, 5.82737557124e-05, 2.1320201995e-05, 7.27006181478e-06, 5.32774663498e-07],
        "dmean2": [0.000103912883787, 0.00453735329211, 0.00212709116749, 0.00136847177055, 0.00231962185353, 0.000540539098438, 0.000409954547649, 0.000379171222448, 0.000381848862162, 0.000425768026616, 0.000159648057888, 0.000364062987501, 0.000342205195921, 0.000559392676223, 0.000899536069483, 0.000759755435865, 0.000755038752686, 0.000908941496164, 0.000523194728885, 0.000323536456563, 0.000376870884793, 0.000310832081595, 0.000152100430569, 8.4183026047e-05, 3.05277681036e-05, 1.07179594124e-05, 8.90889339189e-07],
        "dvar": [5.79132439782e-08, 0.000101391320641, 2.04209645744e-05, 5.98938822804e-06, 2.55644572462e-05, 8.69851589869e-07, 5.61457000003e-07, 4.28550350762e-07, 7.59333374845e-07, 1.27720625187e-06, 1.16014511775e-07, 7.79633808179e-07, 3.77883935698e-07, 5.35881270025e-07, 1.19038213597e-06, 8.37299694467e-07, 8.35240655306e-07, 1.38118525683e-06, 2.41255122546e-07, 1.20780867974e-07, 1.71540946781e-07, 1.21687378396e-07, 2.9363336651e-08, 1.06543396328e-08, 1.66668578938e-09, 3.82641723862e-10, 5.01699940272e-12],
        "dvar2": [8.92521470064e-08, 0.000228710865485, 5.90692870901e-05, 1.30115704451e-05, 6.03847183811e-05, 2.35942661675e-06, 1.33770981847e-06, 1.03217530523e-06, 1.73367732259e-06, 2.81228062704e-06, 2.66280920869e-07, 1.94289850697e-06, 8.36800666093e-07, 1.15510852083e-06, 2.86206864075e-06, 1.45316698763e-06, 1.95016900761e-06, 2.32240176956e-06, 5.26029452885e-07, 2.39114427814e-07, 4.14489676359e-07, 2.68299402251e-07, 6.31994083733e-08, 2.27632082073e-08, 3.63632146616e-09, 8.80662154312e-10, 1.30718335462e-11],
        "max": [0.00217769993469, 0.082205273211, 0.0389701873064, 0.0219638645649, 0.0499590933323, 0.0192472878844, 0.0123082073405, 0.0127623518929, 0.0208674203604, 0.0283517148346, 0.00969424284995, 0.0226382575929, 0.0233965273947, 0.0132567193359, 0.012955323793, 0.0126921907067, 0.0127910235897, 0.00976632256061, 0.00721405399963, 0.00566563382745, 0.00418552197516, 0.00586549704894, 0.00369075988419, 0.00261891796254, 0.00085825502174, 0.000516999920364, 6.69071960147e-05],
        "mean": [9.19630547287e-05, 0.00245427992195, 0.000647468375973, 0.000691586988978, 0.00130961707328, 0.000238040141994, 0.000204162308364, 0.0002109202469, 0.000223096343689, 0.000271174649242, 0.000104604179796, 0.000222206523176, 0.000239646295086, 0.000390192784835, 0.000570867094211, 0.000692183442879, 0.000535683240741, 0.000864015426487, 0.000435228139395, 0.000326965557178, 0.000316264719004, 0.000280988868326, 0.000135380585562, 7.19610761735e-05, 2.77955296042e-05, 9.56266922003e-06, 5.70991915083e-07],
        "median": [2.18973539745e-07, 1.1765760064e-05, 1.34321098813e-05, 1.25306505652e-05, 6.71944435453e-05, 1.46198399307e-05, 1.86031502381e-05, 2.09390927921e-05, 1.9593300749e-05, 2.55100057984e-05, 1.91061008081e-05, 3.14598728437e-05, 4.82133909827e-05, 5.2170791605e-05, 9.53608541749e-05, 0.000122119541629, 0.000144443038153, 0.000132978020702, 0.000113697074994, 6.3387757109e-05, 5.2336443332e-05, 5.36628285772e-05, 3.37433884852e-05, 1.59401188284e-05, 4.61889885628e-06, 6.53304596199e-07, 9.83354730977e-09],
        "min": [6.90293967709e-25, 9.09688462099e-25, 4.27883874233e-25, 1.08406498191e-24, 3.80321596435e-24, 7.11443673704e-24, 7.46566601104e-24, 9.66303254051e-24, 1.22635590574e-23, 8.22931886604e-24, 1.32681166222e-23, 1.35748541411e-23, 2.09463727586e-23, 2.13723260929e-23, 4.75411063499e-23, 4.9598692249e-23, 5.8825654314e-23, 8.33524063973e-23, 1.18900523514e-22, 1.52891138903e-22, 1.90285506082e-22, 3.17022700047e-22, 4.41447723765e-22, 5.17467207353e-22, 7.6907920197e-22, 1.25796914679e-21, 1.96043198619e-21],
        "var": [9.72935794152e-08, 9.74439826678e-05, 1.12870029625e-05, 6.04349952482e-06, 2.38155680563e-05, 6.33591525911e-07, 5.32824572019e-07, 4.49989670415e-07, 8.44075259465e-07, 1.5242929976e-06, 1.39635560004e-07, 7.48378170101e-07, 5.12593089752e-07, 6.71034001698e-07, 1.36032588216e-06, 1.53010705617e-06, 9.72478005679e-07, 2.53866141975e-06, 3.9184882894e-07, 3.09519208486e-07, 2.80668388086e-07, 2.55665071336e-07, 4.84457949312e-08, 1.58800474992e-08, 3.24660254236e-09, 7.22873316761e-10, 6.14674543903e-12]
    },
    "erbbands": {
        "dmean": [0.0634160190821, 0.738095581532, 1.52977049351, 1.65396749973, 6.67710781097, 3.46704220772, 2.02744650841, 2.90169596672, 2.33539676666, 5.54984712601, 5.18679046631, 4.18935537338, 5.40425157547, 8.5725479126, 5.42645072937, 7.98749446869, 10.4994115829, 16.8640117645, 22.7749404907, 36.2618675232, 24.9174194336, 30.5326976776, 36.2600898743, 26.045042038, 13.7277936935, 10.5315113068, 8.92945194244, 11.0029773712, 7.56077337265, 4.86903619766, 2.99729752541, 1.5205053091, 0.89359921217, 0.317261576653, 0.112519674003, 0.041311506182, 0.0120289037004, 0.00191227684263, 6.27819244983e-05, 1.26190152514e-05],
        "dmean2": [0.100555025041, 1.20335793495, 2.76897764206, 2.83581805229, 10.3502159119, 5.95731878281, 3.58475422859, 5.06231403351, 4.04709529877, 9.03673458099, 8.42124843597, 6.69384098053, 8.37988185883, 13.5147018433, 8.5346660614, 12.6044435501, 15.9966421127, 25.4951210022, 36.0658378601, 55.4529457092, 34.1222190857, 45.1446609497, 48.7445144653, 33.7852783203, 20.5153160095, 15.3055181503, 12.8780956268, 17.0749530792, 10.9269781113, 7.1339058876, 4.33032035828, 2.16842961311, 1.31700468063, 0.451660573483, 0.166410133243, 0.0607470646501, 0.0181390177459, 0.00303132575937, 9.8362499557e-05, 1.74824726855e-05],
        "dvar": [0.0490206591785, 7.10883378983, 34.8940963745, 17.3407592773, 529.442016602, 150.10949707, 46.6983146667, 72.4006729126, 38.7152900696, 370.850830078, 334.615570068, 197.930801392, 336.464996338, 1348.96679688, 276.414825439, 799.658935547, 976.79510498, 1094.23864746, 2063.56103516, 4965.55175781, 1420.83996582, 3189.96630859, 3853.84643555, 1626.96813965, 395.341430664, 283.892028809, 202.627166748, 359.019592285, 155.656066895, 62.7587928772, 25.5219726562, 7.35805416107, 2.46092319489, 0.337295740843, 0.0588030591607, 0.0107095297426, 0.00113524415065, 4.53836473753e-05, 7.89755887354e-08, 3.16950715673e-10],
        "dvar2": [0.118640840054, 16.6363792419, 96.9485397339, 42.8988418579, 1189.63354492, 411.747650146, 130.372848511, 193.262023926, 103.807731628, 854.809936523, 783.941894531, 445.58807373, 801.80279541, 3061.53491211, 650.289855957, 2008.76965332, 2144.89819336, 2340.63452148, 5008.734375, 11297.1591797, 2487.02392578, 7509.43896484, 7405.86083984, 2817.20703125, 791.364318848, 553.561523438, 426.731872559, 861.169494629, 347.611541748, 142.600357056, 56.1126899719, 15.8645277023, 5.38519382477, 0.735262572765, 0.135136917233, 0.023829896003, 0.00270119681954, 0.000112126988824, 2.03609829441e-07, 6.11587502863e-10],
        "max": [1.77407371998, 21.8418273926, 49.32056427, 29.2911930084, 220.306442261, 130.518127441, 65.5212020874, 232.014190674, 71.0542526245, 514.290893555, 393.111724854, 331.367034912, 455.136230469, 925.415100098, 375.065826416, 739.606384277, 1223.85412598, 597.177124023, 799.514038086, 728.387023926, 473.048675537, 760.268859863, 525.238708496, 547.738098145, 270.025360107, 333.149749756, 113.807289124, 234.022338867, 189.622772217, 142.938339233, 116.547912598, 65.2167205811, 37.7642669678, 12.9794979095, 4.85013198853, 3.15096020699, 0.606697559357, 0.0910573378205, 0.010143827647, 0.000225500567467],
        "mean": [0.0550576001406, 0.592809140682, 0.981102466583, 1.25498902798, 5.59890174866, 2.77602648735, 1.65219736099, 2.29980349541, 2.01195120811, 4.94918346405, 4.83681726456, 4.21357965469, 5.68374824524, 8.70321178436, 6.04108095169, 8.28294181824, 11.9494256973, 18.6909637451, 23.3771381378, 37.4031982422, 33.4482307434, 33.1167678833, 42.9314956665, 32.6547088623, 20.0231781006, 15.8143930435, 11.8832416534, 13.7550210953, 9.95416259766, 6.66776943207, 3.49111151695, 1.83201992512, 1.06879341602, 0.410000085831, 0.142987817526, 0.0522656403482, 0.0156683549285, 0.00255349511281, 7.80446935096e-05, 1.81770465133e-05],
        "median": [0.000234035469475, 0.00343686365522, 0.0187652260065, 0.0413726121187, 0.117584690452, 0.219028308988, 0.16620349884, 0.150817990303, 0.233545094728, 0.47573029995, 0.50835108757, 0.491572797298, 0.74126625061, 0.93249887228, 1.0581972599, 1.49652957916, 2.38132047653, 2.83929133415, 3.84235811234, 6.58447217941, 7.42888450623, 8.59802341461, 7.87487363815, 6.4519777298, 5.69363832474, 3.16684246063, 1.90197920799, 2.4278216362, 1.85732543468, 1.59616208076, 0.79167252779, 0.410412460566, 0.218352675438, 0.0760066956282, 0.0179655067623, 0.00406002812088, 0.000986694823951, 0.000129498919705, 9.35836214921e-06, 7.00672444509e-06],
        "min": [5.11349010432e-23, 3.42205790714e-22, 1.47347544478e-21, 4.71380019615e-21, 7.27267776652e-21, 9.50944118973e-21, 2.13776250547e-20, 6.99219326083e-20, 1.24618688389e-19, 2.3804732915e-19, 2.64787053975e-19, 2.94921450485e-19, 2.79760315532e-19, 4.35202571129e-19, 6.47668667751e-19, 8.4202286938e-19, 1.21145305298e-18, 2.08390908617e-18, 3.15336056038e-18, 3.05343714239e-18, 3.99496637564e-18, 3.50130167734e-18, 4.73273414065e-18, 5.83780401204e-18, 6.44323032366e-18, 6.86762319515e-18, 7.93077858413e-18, 9.94787587863e-18, 1.05945259769e-17, 9.88393481728e-18, 1.25083497719e-17, 1.0734157373e-17, 8.84211986093e-18, 8.750632858e-18, 5.86784266239e-18, 3.92218275354e-18, 2.14173935074e-18, 9.01711136708e-19, 2.46763357114e-19, 2.71794004009e-20],
        "var": [0.0463322661817, 6.25286006927, 21.8041152954, 14.2899494171, 511.823822021, 104.636070251, 31.3499069214, 56.2570533752, 29.9631462097, 387.00793457, 346.118835449, 234.946044922, 371.644317627, 1531.72998047, 332.230102539, 789.007385254, 1332.58166504, 1428.71484375, 2317.94995117, 5846.39794922, 2895.59667969, 3761.03100586, 6239.12890625, 3075.1262207, 758.997924805, 770.060668945, 350.962036133, 611.326049805, 330.055450439, 133.76864624, 35.582572937, 10.4683732986, 3.65538787842, 0.63381165266, 0.10713147372, 0.0182703360915, 0.00217916700058, 8.76543999766e-05, 8.85381368221e-08, 5.72710545654e-10]
    },
    "gfcc": {
        "mean": [-112.067222595, 41.2496795654, -163.176300049, 51.4865455627, -56.6586685181, 12.2253427505, -43.108505249, 2.45316386223, -19.8418884277, -5.1977186203, -16.3863201141, -3.45566344261, -11.8105249405],
        "cov": [[30010.1699219, -312.467498779, -3203.50366211, 1228.17785645, -1374.51477051, 167.323257446, -1029.26025391, -106.578887939, -748.69934082, -224.376968384, -668.065856934, -121.452056885, -398.183044434], [-312.467498779, 1820.2454834, 101.29598999, 173.305999756, 300.586761475, -86.9080581665, 226.55355835, 29.4215927124, 154.171936035, -85.8642425537, 156.856948853, -93.1110458374, 76.4251022339], [-3203.50366211, 101.29598999, 1872.20690918, 268.150634766, 349.148986816, 120.59375, 181.647064209, 104.321357727, 4.66129922867, 197.28616333, -4.75055837631, 68.7176132202, -37.2924003601], [1228.17785645, 173.305999756, 268.150634766, 849.101013184, 344.831359863, 122.945335388, 32.4401283264, -24.2369651794, -13.9226236343, 1.51713871956, 3.19788193703, -39.6526908875, 60.9107818604], [-1374.51477051, 300.586761475, 349.148986816, 344.831359863, 727.974060059, 239.488723755, 345.643188477, 139.517562866, 184.285247803, 29.9358062744, 102.909416199, -38.5527038574, 76.5358276367], [167.323257446, -86.9080581665, 120.59375, 122.945335388, 239.488723755, 351.549591064, 248.600448608, 134.777954102, 65.0830459595, 37.3147392273, 15.8773374557, -3.20195412636, 5.55558681488], [-1029.26025391, 226.55355835, 181.647064209, 32.4401283264, 345.643188477, 248.600448608, 534.772277832, 192.986709595, 134.136993408, 31.4135189056, 78.015663147, -6.47948408127, 36.9051589966], [-106.578887939, 29.4215927124, 104.321357727, -24.2369651794, 139.517562866, 134.777954102, 192.986709595, 228.121765137, 144.450866699, 74.5235290527, 34.5286445618, -1.19342935085, -6.31874847412], [-748.69934082, 154.171936035, 4.66129922867, -13.9226236343, 184.285247803, 65.0830459595, 134.136993408, 144.450866699, 286.812927246, 54.2076187134, 103.716316223, -28.2685279846, 32.6217002869], [-224.376968384, -85.8642425537, 197.28616333, 1.51713871956, 29.9358062744, 37.3147392273, 31.4135189056, 74.5235290527, 54.2076187134, 173.295944214, 24.6872768402, 26.6469974518, -27.4262390137], [-668.065856934, 156.856948853, -4.75055837631, 3.19788193703, 102.909416199, 15.8773374557, 78.015663147, 34.5286445618, 103.716316223, 24.6872768402, 148.517944336, 13.1584596634, 34.9344673157], [-121.452056885, -93.1110458374, 68.7176132202, -39.6526908875, -38.5527038574, -3.20195412636, -6.47948408127, -1.19342935085, -28.2685279846, 26.6469974518, 13.1584596634, 107.128692627, 14.1273040771], [-398.183044434, 76.4251022339, -37.2924003601, 60.9107818604, 76.5358276367, 5.55558681488, 36.9051589966, -6.31874847412, 32.6217002869, -27.4262390137, 34.9344673157, 14.1273040771, 110.071434021]],
        "icov": [[8.60522850417e-05, -7.18623778084e-05, 0.000184334465303, -0.000248149008257, 0.000164299301105, -0.000175720328116, 0.000136178307002, -0.000273404584732, 0.000134838410304, -3.69085937564e-05, 0.000226958902203, -0.000137375565828, 0.000290676689474], [-7.18623778084e-05, 0.000846462033223, -0.000230006582569, 5.76241873205e-05, -0.000228115022765, 0.000805047748145, -0.000538778607734, 0.000167660749867, -0.00018914451357, 0.000507805787493, -0.000857299310155, 0.000700951728504, -0.000284533656668], [0.000184334465303, -0.000230006582569, 0.00114216899965, -0.000652858405374, -5.88669499848e-05, -0.000231297002756, 0.000186844757991, -0.000613585638348, 0.000523359165527, -0.000873880053405, 0.000855056045111, -0.000869879149832, 0.000996927847154], [-0.000248149008257, 5.76241873205e-05, -0.000652858405374, 0.00253674411215, -0.00143941293936, -0.000168599988683, 0.000329262547893, 0.00112546177115, 0.000212616840145, -0.000261569715803, -0.000466066092486, 0.001040180563, -0.00171283318195], [0.000164299301105, -0.000228115022765, -5.88669499848e-05, -0.00143941293936, 0.0036964956671, -0.00120906438679, -0.000940823694691, -0.000232144229813, -0.000948525965214, 0.000276654318441, -0.000226114003453, 0.000478134286823, -0.00031736647361], [-0.000175720328116, 0.000805047748145, -0.000231297002756, -0.000168599988683, -0.00120906438679, 0.0060893711634, -0.00222787237726, -0.0012453221716, 0.000221897338633, 0.000212394981645, -0.000220669506234, 0.000209718156839, 5.9414000134e-05], [0.000136178307002, -0.000538778607734, 0.000186844757991, 0.000329262547893, -0.000940823694691, -0.00222787237726, 0.004708760418, -0.00274318223819, 0.0010654659709, 0.000386327970773, -0.00049601792125, -0.000182467352715, -0.000260473607341], [-0.000273404584732, 0.000167660749867, -0.000613585638348, 0.00112546177115, -0.000232144229813, -0.0012453221716, -0.00274318223819, 0.0115372678265, -0.0050321733579, -0.00222199293785, 0.00143266213126, -0.000518725253642, 0.000419792486355], [0.000134838410304, -0.00018914451357, 0.000523359165527, 0.000212616840145, -0.000948525965214, 0.000221897338633, 0.0010654659709, -0.0050321733579, 0.00844004936516, -0.00115877832286, -0.00355633744039, 0.00252939178608, -0.00130503228866], [-3.69085937564e-05, 0.000507805787493, -0.000873880053405, -0.000261569715803, 0.000276654318441, 0.000212394981645, 0.000386327970773, -0.00222199293785, -0.00115877832286, 0.00897361245006, -0.00168539781589, -0.00165705662221, 0.00222935364582], [0.000226958902203, -0.000857299310155, 0.000855056045111, -0.000466066092486, -0.000226114003453, -0.000220669506234, -0.00049601792125, 0.00143266213126, -0.00355633744039, -0.00168539781589, 0.0119404159486, -0.00324945989996, -0.000357770943083], [-0.000137375565828, 0.000700951728504, -0.000869879149832, 0.001040180563, 0.000478134286823, 0.000209718156839, -0.000182467352715, -0.000518725253642, 0.00252939178608, -0.00165705662221, -0.00324945989996, 0.0128924120218, -0.00395151553676], [0.000290676689474, -0.000284533656668, 0.000996927847154, -0.00171283318195, -0.00031736647361, 5.9414000134e-05, -0.000260473607341, 0.000419792486355, -0.00130503228866, 0.00222935364582, -0.000357770943083, -0.00395151553676, 0.013511762023]]
    },
    "melbands": {
        "dmean": [0.000684771628585, 0.000865200534463, 0.000487867946504, 0.000372249574866, 8.04029914434e-05, 6.17953846813e-05, 3.97864896513e-05, 5.6992223108e-05, 4.42971759185e-05, 2.76853988908e-05, 2.92391287076e-05, 3.81304053008e-05, 1.63640470419e-05, 2.56590883509e-05, 2.02588671527e-05, 2.60425185843e-05, 3.29323956976e-05, 3.52747156285e-05, 4.74554362881e-05, 4.51140658697e-05, 2.71598528343e-05, 3.11397234327e-05, 3.10285577143e-05, 3.65674786735e-05, 2.02332867048e-05, 1.19964579426e-05, 8.66551818035e-06, 7.01477210896e-06, 5.71205737288e-06, 6.35916603642e-06, 6.70357621857e-06, 4.5341630539e-06, 3.73125021724e-06, 2.33190689869e-06, 1.79734399808e-06, 1.32937827857e-06, 8.0090666188e-07, 7.22107813544e-07, 4.13861414472e-07, 2.27593005775e-07],
        "dmean2": [0.00108321965672, 0.00145019032061, 0.000799708359409, 0.000576598220505, 0.000143418074003, 0.000107865576865, 6.83757680235e-05, 9.30384194362e-05, 7.22221666365e-05, 4.43232675025e-05, 4.54100882052e-05, 6.01170431764e-05, 2.60526485363e-05, 4.12119079556e-05, 3.25321125274e-05, 4.07754123444e-05, 5.01372160215e-05, 5.64776273677e-05, 7.56007939344e-05, 6.36323020444e-05, 3.78919430659e-05, 4.67005556857e-05, 4.72176834592e-05, 5.03007649968e-05, 2.72059423878e-05, 1.88552912732e-05, 1.2461330698e-05, 1.03252923509e-05, 8.45566137286e-06, 1.01418263512e-05, 1.03051715996e-05, 6.63266655465e-06, 5.62058312426e-06, 3.48817161466e-06, 2.62761113845e-06, 1.97612871489e-06, 1.14878650948e-06, 1.09147583771e-06, 6.03632429375e-07, 3.29991962644e-07],
        "dvar": [5.73602119402e-06, 9.9014123407e-06, 1.82559278983e-06, 1.62386481861e-06, 7.34841520966e-08, 3.32421201676e-08, 1.10125837338e-08, 3.57781502203e-08, 3.1210170448e-08, 9.17502518405e-09, 9.89234560933e-09, 2.81874914521e-08, 2.62728461209e-09, 1.47982008869e-08, 4.01791311333e-09, 5.31053467867e-09, 4.36215863431e-09, 5.43056088986e-09, 9.10277275779e-09, 6.92377533085e-09, 1.6217686083e-09, 3.25534488255e-09, 3.34925331913e-09, 4.39276703901e-09, 1.02162078797e-09, 3.29244520536e-10, 1.67076713575e-10, 1.30729843617e-10, 8.51083023501e-11, 1.31042898754e-10, 1.36308395127e-10, 5.84388024083e-11, 4.34720523468e-11, 1.44486384662e-11, 9.64349693849e-12, 5.46364429393e-12, 2.17549502718e-12, 1.70490488047e-12, 6.0278052081e-13, 1.93654269595e-13],
        "dvar2": [1.30577782329e-05, 2.49547865678e-05, 4.12133749705e-06, 3.83257338399e-06, 2.07760066928e-07, 8.91311415785e-08, 2.82696070997e-08, 8.19651049255e-08, 7.1694273629e-08, 2.13807354044e-08, 2.32133530176e-08, 6.34756460727e-08, 6.22071327783e-09, 3.73151642918e-08, 9.74002567489e-09, 1.18132073013e-08, 9.31943677784e-09, 1.33440565264e-08, 2.16495816829e-08, 1.36340805312e-08, 3.13986081579e-09, 7.53593543124e-09, 8.27999269148e-09, 7.02836810973e-09, 1.930917648e-09, 7.60165652647e-10, 3.40351524741e-10, 2.65576921565e-10, 1.79843709369e-10, 3.31809912879e-10, 3.19591381137e-10, 1.3108282515e-10, 9.94410456756e-11, 3.34362433574e-11, 2.13838096536e-11, 1.22223854301e-11, 4.73045300847e-12, 3.81580704534e-12, 1.41130033007e-12, 4.31470451815e-13],
        "max": [0.0207896418869, 0.0286899339408, 0.0120832929388, 0.012716322206, 0.00264516239986, 0.004553492181, 0.00147453357931, 0.00516471732408, 0.00438525108621, 0.00186150730588, 0.00224712095223, 0.00427205581218, 0.00155349401757, 0.00342406146228, 0.00233472837135, 0.00280564255081, 0.00105483678635, 0.00130868330598, 0.00125716428738, 0.00128204002976, 0.000580162508413, 0.000687694409862, 0.000712922599632, 0.0005104438751, 0.000523858179804, 0.000293371384032, 0.000196144392248, 0.000210636848351, 7.93106300989e-05, 0.000125053935335, 0.000160649156896, 0.000120011318359, 0.000148659135448, 6.01385581831e-05, 8.36238104966e-05, 4.17030132667e-05, 3.75738782168e-05, 2.97571787087e-05, 1.89121692529e-05, 9.19006561162e-06],
        "mean": [0.000607333844528, 0.000638842175249, 0.000386782950955, 0.000318518810673, 6.52982125757e-05, 4.87217475893e-05, 3.41479899362e-05, 5.22441077919e-05, 4.04724560212e-05, 2.6973650165e-05, 3.01011114061e-05, 3.78086260753e-05, 1.73976059159e-05, 2.49541590165e-05, 2.09787267522e-05, 2.90501066047e-05, 3.49348410964e-05, 3.47828463418e-05, 4.72173051094e-05, 5.10134086653e-05, 3.53510476998e-05, 3.27744710376e-05, 3.35246040777e-05, 4.5094111556e-05, 2.41884044954e-05, 1.5605464796e-05, 1.23634381453e-05, 9.87500425254e-06, 7.02804345565e-06, 7.66216817283e-06, 8.26569248602e-06, 5.7932134041e-06, 4.71883822684e-06, 3.23663971358e-06, 2.06445497497e-06, 1.440916094e-06, 9.9357214367e-07, 8.27114206459e-07, 5.05629884628e-07, 2.86109553826e-07],
        "median": [2.75402840089e-06, 7.54129268898e-06, 9.02877582121e-06, 1.39847052196e-05, 7.27699898562e-06, 2.75516777037e-06, 3.5906505218e-06, 4.95986478199e-06, 3.42213843396e-06, 2.72507872978e-06, 3.53553014065e-06, 3.55033125743e-06, 3.14676799462e-06, 3.26858753397e-06, 4.09251151723e-06, 4.95206404594e-06, 4.87422084916e-06, 5.0258581723e-06, 7.85575593909e-06, 8.07987726148e-06, 8.19928754936e-06, 8.06916796137e-06, 7.75515582063e-06, 5.84904137213e-06, 4.66531582788e-06, 4.29194778917e-06, 2.80560288957e-06, 1.69703389474e-06, 1.07440951069e-06, 1.21161269817e-06, 1.41543546306e-06, 1.01387365703e-06, 8.90222338512e-07, 7.99391045803e-07, 4.6422513833e-07, 2.9839969784e-07, 2.16876060222e-07, 1.57668779366e-07, 9.41148314837e-08, 4.70907970396e-08],
        "min": [5.32230598383e-25, 7.72780665921e-25, 1.36751838376e-24, 5.76055519453e-25, 8.85485322058e-25, 1.55962810229e-24, 2.00598966272e-24, 2.80293935045e-24, 2.01696311234e-24, 1.80946449249e-24, 1.36959160883e-24, 1.87129363531e-24, 1.75126055997e-24, 3.04171630519e-24, 2.35611768689e-24, 2.13212871868e-24, 2.66964572051e-24, 3.56906508717e-24, 3.05305401134e-24, 3.58079781541e-24, 4.10551771842e-24, 3.22501385576e-24, 3.48153071454e-24, 3.68536842814e-24, 4.25414857929e-24, 4.49271037222e-24, 4.20283869943e-24, 3.56409763005e-24, 5.17345907367e-24, 3.58140011071e-24, 5.65303010049e-24, 5.60689633147e-24, 5.04383384416e-24, 5.54827252772e-24, 6.06968631468e-24, 6.22214946183e-24, 4.85986872005e-24, 5.27604096807e-24, 5.77458054978e-24, 7.14192538415e-24],
        "var": [5.66475364394e-06, 7.69825419411e-06, 1.74679746578e-06, 1.49870083987e-06, 4.79827590993e-08, 2.54034198122e-08, 9.31603771903e-09, 3.86102811945e-08, 3.30743858967e-08, 1.00728367869e-08, 1.11901119482e-08, 3.21792121838e-08, 3.10604453269e-09, 1.33621824716e-08, 4.29190238904e-09, 6.98875046723e-09, 5.44250156054e-09, 5.76294567622e-09, 1.00182377949e-08, 1.02989599071e-08, 3.11495296224e-09, 3.80308939896e-09, 3.88968235399e-09, 7.63151319916e-09, 1.74516656681e-09, 5.00352759225e-10, 4.05517230906e-10, 3.12835979344e-10, 1.32537425479e-10, 1.72562672485e-10, 2.37851682794e-10, 1.1694602231e-10, 7.99362312454e-11, 2.97192964682e-11, 1.29612770169e-11, 7.0112852156e-12, 3.10712545103e-12, 2.30903187196e-12, 9.17332724538e-13, 3.50703190446e-13]
    },
    "mfcc": {
        "mean": [-720.735168457, 56.7591438293, -38.5755271912, 26.7671337128, 5.24657440186, 7.80881404877, -8.92584896088, 4.93552970886, -4.42041778564, -0.998374998569, -1.55347895622, -4.41043710709, -5.18428182602],
        "cov": [[12770.9970703, -681.177062988, -547.176513672, 363.743041992, -191.094238281, 86.8310699463, -217.676177979, -76.0123825073, -148.887741089, -145.22265625, -303.439147949, -137.386352539, -357.70602417], [-681.177062988, 1595.15673828, 66.0662689209, 175.58001709, 70.0084152222, -13.5094337463, 113.568206787, 131.463851929, 54.3441772461, 92.2184524536, 105.919403076, 51.5682373047, 92.080619812], [-547.176513672, 66.0662689209, 1048.40002441, 275.856018066, 114.935157776, 86.4717025757, 57.4982948303, -49.004535675, -1.90362679958, 2.49241328239, 23.5950145721, -4.31406450272, 90.3589782715], [363.743041992, 175.58001709, 275.856018066, 686.344787598, 314.652648926, 199.265289307, 144.986709595, 17.2811717987, 75.6157989502, 18.0141792297, -9.46289825439, 23.24741745, 36.9776725769], [-191.094238281, 70.0084152222, 114.935157776, 314.652648926, 465.308349609, 172.339431763, 100.960350037, 73.3848953247, 94.2548141479, 111.47089386, 38.3042831421, 32.9904251099, 55.5336494446], [86.8310699463, -13.5094337463, 86.4717025757, 199.265289307, 172.339431763, 285.924316406, 221.807144165, 106.195251465, 113.295181274, 62.5810813904, 44.0634346008, 42.0614128113, 6.92856788635], [-217.676177979, 113.568206787, 57.4982948303, 144.986709595, 100.960350037, 221.807144165, 378.434844971, 173.971374512, 164.774902344, 86.3832550049, 78.6350097656, 72.2038497925, 20.140007019], [-76.0123825073, 131.463851929, -49.004535675, 17.2811717987, 73.3848953247, 106.195251465, 173.971374512, 255.405517578, 138.904922485, 111.165588379, 79.6823425293, 46.6582145691, 35.6336097717], [-148.887741089, 54.3441772461, -1.90362679958, 75.6157989502, 94.2548141479, 113.295181274, 164.774902344, 138.904922485, 227.142593384, 133.118331909, 80.4121170044, 57.7987747192, 25.514415741], [-145.22265625, 92.2184524536, 2.49241328239, 18.0141792297, 111.47089386, 62.5810813904, 86.3832550049, 111.165588379, 133.118331909, 224.213043213, 115.857421875, 71.2930679321, 54.1453590393], [-303.439147949, 105.919403076, 23.5950145721, -9.46289825439, 38.3042831421, 44.0634346008, 78.6350097656, 79.6823425293, 80.4121170044, 115.857421875, 160.983352661, 72.494178772, 57.502910614], [-137.386352539, 51.5682373047, -4.31406450272, 23.24741745, 32.9904251099, 42.0614128113, 72.2038497925, 46.6582145691, 57.7987747192, 71.2930679321, 72.494178772, 115.148933411, 47.6737670898], [-357.70602417, 92.080619812, 90.3589782715, 36.9776725769, 55.5336494446, 6.92856788635, 20.140007019, 35.6336097717, 25.514415741, 54.1453590393, 57.502910614, 47.6737670898, 118.763717651]],
