{
"lowlevel": {
    "average_loudness": 0.901635229588,
    "barkbands_crest": {
        "dmean": 2.88785719872,
        "dmean2": 4.33115768433,
        "dvar": 9.06970405579,
        "dvar2": 17.2824344635,
        "max": 26.9435214996,
        "mean": 10.7157268524,
        "median": 8.97762393951,
        "min": 2.07836985588,
        "var": 35.1673736572
    },
    "barkbands_flatness_db": {
        "dmean": 0.0289288163185,
        "dmean2": 0.0410544462502,
        "dvar": 0.00125997106079,
        "dvar2": 0.00215604482219,
        "max": 0.609475851059,
        "mean": 0.144384741783,
        "median": 0.12540563941,
        "min": 0.0234147813171,
        "var": 0.00701803481206
    },
    "barkbands_kurtosis": {
        "dmean": 18.1689052582,
        "dmean2": 22.7259063721,
        "dvar": 13805.0410156,
        "dvar2": 17431.3574219,
        "max": 9900.65722656,
        "mean": 33.9124259949,
        "median": -0.0132172107697,
        "min": -1.96234190464,
        "var": 73331.984375
    },
    "barkbands_skewness": {
        "dmean": 1.02280461788,
        "dmean2": 1.39602220058,
        "dvar": 3.9093875885,
        "dvar2": 5.56007099152,
        "max": 93.7003479004,
        "mean": 1.6741874218,
        "median": 0.71558880806,
        "min": -5.29396247864,
        "var": 24.4882831573
    },
    "barkbands_spread": {
        "dmean": 10.9157314301,
        "dmean2": 16.6431350708,
        "dvar": 171.560623169,
        "dvar2": 385.67791748,
        "max": 130.290466309,
        "mean": 35.4760742188,
        "median": 35.0510597229,
        "min": 0.0412571951747,
        "var": 431.226623535
    },
    "dissonance": {
        "dmean": 0.00959293171763,
        "dmean2": 0.0157463010401,
        "dvar": 0.000155362242367,
        "dvar2": 0.000417552655563,
        "max": 0.500000059605,
        "mean": 0.482905387878,
        "median": 0.488183379173,
        "min": 0.259500294924,
        "var": 0.000318807520671
    },
    "dynamic_complexity": 3.45995903015,
    "erbbands_crest": {
        "dmean": 2.61335754395,
        "dmean2": 4.2498626709,
        "dvar": 6.90947151184,
        "dvar2": 15.8973741531,
        "max": 30.3106746674,
        "mean": 8.29551029205,
        "median": 7.21937608719,
        "min": 2.26993942261,
        "var": 16.4464969635
    },
    "erbbands_flatness_db": {
        "dmean": 0.0238997042179,
        "dmean2": 0.0319491811097,
        "dvar": 0.000560798333026,
        "dvar2": 0.000951199035626,
        "max": 0.40190038085,
        "mean": 0.164345577359,
        "median": 0.157772868872,
        "min": 0.0408275797963,
        "var": 0.00278904289007
    },
    "erbbands_kurtosis": {
        "dmean": 1.72402596474,
        "dmean2": 2.64375376701,
        "dvar": 6.06822490692,
        "dvar2": 12.9807634354,
        "max": 60.6999931335,
        "mean": 1.76936340332,
        "median": 0.407479643822,
        "min": -1.89360284805,
        "var": 17.2152881622
    },
    "erbbands_skewness": {
        "dmean": 0.488525748253,
        "dmean2": 0.715218603611,
        "dvar": 0.254257529974,
        "dvar2": 0.527969419956,
        "max": 6.79728651047,
        "mean": -0.6377363801,
        "median": -0.670945763588,
        "min": -4.51296281815,
        "var": 1.12350773811
    },
    "erbbands_spread": {
        "dmean": 13.3483686447,
        "dmean2": 19.9314746857,
        "dvar": 302.437988281,
        "dvar2": 701.173278809,
        "max": 209.080947876,
        "mean": 42.8000793457,
        "median": 37.2010726929,
        "min": 2.892827034,
        "var": 794.676574707
    },
    "hfc": {
        "dmean": 10.047039032,
        "dmean2": 14.7574014664,
        "dvar": 192.751968384,
        "dvar2": 410.472595215,
        "max": 146.52355957,
        "mean": 21.9614944458,
        "median": 15.4185943604,
        "min": 1.11729230866e-16,
        "var": 484.524536133
    },
    "melbands_crest": {
        "dmean": 3.61024212837,
        "dmean2": 5.52429580688,
        "dvar": 13.5910205841,
        "dvar2": 29.3864402771,
        "max": 39.9780807495,
        "mean": 16.2643146515,
        "median": 14.975479126,
        "min": 1.71710300446,
        "var": 64.8415298462
    },
    "melbands_flatness_db": {
        "dmean": 0.0376178249717,
        "dmean2": 0.0537247918546,
        "dvar": 0.00216300413013,
        "dvar2": 0.00389705761336,
        "max": 0.680431962013,
        "mean": 0.184317305684,
        "median": 0.160447120667,
        "min": 0.00388566288166,
        "var": 0.0125144198537
    },
    "melbands_kurtosis": {
        "dmean": 29.8163928986,
        "dmean2": 43.0744285583,
        "dvar": 16257.6699219,
        "dvar2": 25909.6914062,
        "max": 8694.265625,
        "mean": 55.6983375549,
        "median": 5.09460306168,
        "min": -1.90281248093,
        "var": 67805.6875
    },
    "melbands_skewness": {
        "dmean": 1.36834180355,
        "dmean2": 1.98424959183,
        "dvar": 5.31377220154,
        "dvar2": 10.2230596542,
        "max": 88.3424072266,
        "mean": 3.49492287636,
        "median": 2.29768896103,
        "min": -2.97922205925,
        "var": 23.5256252289
    },
    "melbands_spread": {
        "dmean": 17.7269630432,
        "dmean2": 27.5596313477,
        "dvar": 511.908813477,
        "dvar2": 1165.18493652,
        "max": 298.40512085,
        "mean": 46.7710571289,
        "median": 38.9717483521,
        "min": 0.0850651264191,
        "var": 1471.4317627
    },
    "pitch_salience": {
        "dmean": 0.0857046619058,
        "dmean2": 0.130621343851,
        "dvar": 0.00884909089655,
        "dvar2": 0.0189874246716,
        "max": 0.967919111252,
        "mean": 0.527598083019,
        "median": 0.553025841713,
        "min": 0.00335752009414,
        "var": 0.0330134145916
    },
    "silence_rate_20dB": {
        "dmean": 0,
        "dmean2": 0,
        "dvar": 0,
        "dvar2": 0,
        "max": 1,
        "mean": 1,
        "median": 1,
        "min": 1,
        "var": 0
    },
    "silence_rate_30dB": {
        "dmean": 0.000444197678007,
        "dmean2": 0.000888494018,
        "dvar": 0.000444011006039,
        "dvar2": 0.00110987061635,
        "max": 1,
        "mean": 0.99966686964,
        "median": 1,
        "min": 0,
        "var": 0.000332993833581
    },
    "silence_rate_60dB": {
        "dmean": 0.0579677969217,
        "dmean2": 0.115948468447,
        "dvar": 0.0546046048403,
        "dvar2": 0.109387330711,
        "max": 1,
        "mean": 0.145236507058,
        "median": 0,
        "min": 0,
        "var": 0.124149821699
    },
    "spectral_centroid": {
        "dmean": 379.777557373,
        "dmean2": 564.92401123,
        "dvar": 208474.78125,
        "dvar2": 433891.75,
        "max": 11475.6162109,
        "mean": 2350.67944336,
        "median": 2482.70507812,
        "min": 96.1683654785,
        "var": 1178110
    },
    "spectral_complexity": {
        "dmean": 5.71571350098,
        "dmean2": 8.1372718811,
        "dvar": 51.238319397,
        "dvar2": 90.3336334229,
        "max": 62,
        "mean": 17.6640014648,
        "median": 14,
        "min": 0,
        "var": 204.612121582
    },
    "spectral_decrease": {
        "dmean": 1.75408876313e-09,
        "dmean2": 2.40534525631e-09,
        "dvar": 5.16531113711e-18,
        "dvar2": 1.06603149597e-17,
        "max": 2.92922749481e-20,
        "mean": -4.2371408604e-09,
        "median": -3.14881454244e-09,
        "min": -3.22723430202e-08,
        "var": 1.55845029483e-17
    },
    "spectral_energy": {
        "dmean": 0.00721984962001,
        "dmean2": 0.00990970060229,
        "dvar": 8.10928613646e-05,
        "dvar2": 0.000164667246281,
        "max": 0.134168714285,
        "mean": 0.0179839469492,
        "median": 0.0139331351966,
        "min": 1.05062576436e-20,
        "var": 0.000255171151366
    },
    "spectral_energyband_high": {
        "dmean": 0.000893640273716,
        "dmean2": 0.00133089709561,
        "dvar": 1.80007782546e-06,
        "dvar2": 4.05939863413e-06,
        "max": 0.0141813131049,
        "mean": 0.00160793890245,
        "median": 0.00072910822928,
        "min": 7.36523879239e-21,
        "var": 4.16571265305e-06
    },
    "spectral_energyband_low": {
        "dmean": 0.00464746868238,
        "dmean2": 0.00659951847047,
        "dvar": 6.13346855971e-05,
        "dvar2": 0.000133286754135,
        "max": 0.0892077088356,
        "mean": 0.00846242066473,
        "median": 0.00356240896508,
        "min": 2.29800498613e-23,
        "var": 0.00014161382569
    },
    "spectral_energyband_middle_high": {
        "dmean": 0.00204319204204,
        "dmean2": 0.00297500472516,
        "dvar": 9.20988077269e-06,
        "dvar2": 1.8571228793e-05,
        "max": 0.0532261170447,
        "mean": 0.00427886052057,
        "median": 0.00232669757679,
        "min": 1.1951841996e-21,
        "var": 2.97650967696e-05
    },
    "spectral_energyband_middle_low": {
        "dmean": 0.00205195113085,
        "dmean2": 0.00314492033795,
        "dvar": 1.31885772134e-05,
        "dvar2": 2.9871784136e-05,
        "max": 0.0757389068604,
        "mean": 0.00422142399475,
        "median": 0.00255770469084,
        "min": 2.01600447279e-22,
        "var": 2.80994772766e-05
    },
    "spectral_entropy": {
        "dmean": 0.188009113073,
        "dmean2": 0.266985058784,
        "dvar": 0.0503548234701,
        "dvar2": 0.0891314968467,
        "max": 9.81613063812,
        "mean": 7.77100419998,
        "median": 7.82125473022,
        "min": 4.86043787003,
        "var": 0.194410964847
    },
    "spectral_flux": {
        "dmean": 0.0233141966164,
        "dmean2": 0.0348519720137,
        "dvar": 0.000664214021526,
        "dvar2": 0.00141203741077,
        "max": 0.289790332317,
        "mean": 0.0723492205143,
        "median": 0.0658818632364,
        "min": 6.4854427384e-11,
        "var": 0.00180461467244
    },
    "spectral_kurtosis": {
        "dmean": 1.67861151695,
        "dmean2": 2.68205451965,
        "dvar": 5.20663499832,
        "dvar2": 13.274474144,
        "max": 46.5066604614,
        "mean": 3.56950831413,
        "median": 2.90750050545,
        "min": -1.24686229229,
        "var": 10.3917922974
    },
    "spectral_rms": {
        "dmean": 0.0008203619509,
        "dmean2": 0.00108003406785,
        "dvar": 7.44177043543e-07,
        "dvar2": 1.40835118145e-06,
        "max": 0.0114409923553,
        "mean": 0.00373522099108,
        "median": 0.00368690956384,
        "min": 3.20156336338e-12,
        "var": 3.59340037903e-06
    },
    "spectral_rolloff": {
        "dmean": 1103.17443848,
        "dmean2": 1858.83190918,
        "dvar": 3098541.25,
        "dvar2": 7218427.5,
        "max": 20284.2773438,
        "mean": 2948.3046875,
        "median": 2950.04882812,
        "min": 21.533203125,
        "var": 6258617
    },
    "spectral_skewness": {
        "dmean": 0.245912149549,
        "dmean2": 0.375551253557,
        "dvar": 0.0671877264977,
        "dvar2": 0.16740372777,
        "max": 5.30849504471,
        "mean": 1.13117194176,
        "median": 1.09436225891,
        "min": -0.100168675184,
        "var": 0.230104595423
    },
    "spectral_spread": {
        "dmean": 888612.9375,
        "dmean2": 1162369.75,
        "dvar": 1.26251132518e+12,
        "dvar2": 2.31374480998e+12,
        "max": 41716100,
        "mean": 4697050.5,
        "median": 4061551.5,
        "min": 1268345.75,
        "var": 8.47808141722e+12
    },
    "spectral_strongpeak": {
        "dmean": 0.502480149269,
        "dmean2": 0.861759006977,
        "dvar": 1.25346767902,
        "dvar2": 3.24792265892,
        "max": 12.6716270447,
        "mean": 0.68007338047,
        "median": 0.289110541344,
        "min": 0,
        "var": 1.48010098934
    },
    "zerocrossingrate": {
        "dmean": 0.0206126812845,
        "dmean2": 0.0232414063066,
        "dvar": 0.000476093235193,
        "dvar2": 0.000624450796749,
        "max": 0.52734375,
        "mean": 0.0965983048081,
        "median": 0.09228515625,
        "min": 0,
        "var": 0.00378622603603
    },
    "barkbands": {
        "dmean": [7.39218012313e-05, 0.00376357813366, 0.00122894963715, 0.000754349166527, 0.000814387574792, 0.000255088205449, 0.000301605497953, 0.000231085272389, 0.000310480827466, 0.000201159942662, 0.00018479503342, 0.000148090693983, 0.000164416487678, 0.000147273545736, 0.000268839939963, 0.000439526163973, 0.000423012621468, 0.000484317919472, 0.000447007856565, 0.000326306093484, 0.000264500209596, 0.000161087955348, 9.40341487876e-05, 0.000251867662882, 0.000124832906295, 1.26886588987e-05, 1.12069460556e-06],
        "dmean2": [8.98251892067e-05, 0.00524598592892, 0.00210616318509, 0.00124339340255, 0.00129627331626, 0.000395318493247, 0.000449186743936, 0.000356926146196, 0.000475766602904, 0.000308515853249, 0.000289737916319, 0.000231591868214, 0.00025227208971, 0.000231830214034, 0.000438362185378, 0.000691475812346, 0.00068779324647, 0.000780840520747, 0.000692537345458, 0.000496563676279, 0.000397587165935, 0.000255366641795, 0.000139979485539, 0.00040188289131, 0.000193515559658, 1.85004173545e-05, 1.83190320513e-06],
        "dvar": [1.81916899322e-08, 5.10195022798e-05, 8.87854184839e-06, 4.36445543528e-06, 2.72693432635e-06, 5.79613413265e-07, 6.18702983957e-07, 3.8860119389e-07, 6.30842748706e-07, 4.79302457279e-07, 5.26207998064e-07, 2.85876069483e-07, 2.56798386999e-07, 1.61421553457e-07, 3.75387202212e-07, 7.90051899457e-07, 7.74687691774e-07, 6.65604716232e-07, 5.10045708779e-07, 2.6404967457e-07, 3.00844050116e-07, 1.17973762315e-07, 2.59774530775e-08, 2.22761428859e-07, 6.08335710695e-08, 4.4853259995e-10, 6.37687862584e-12],
        "dvar2": [2.7088447041e-08, 0.000104046419438, 2.44308266701e-05, 1.04080527308e-05, 6.62500360704e-06, 1.32999502966e-06, 1.4708047047e-06, 8.98793018678e-07, 1.49147410866e-06, 1.13376268018e-06, 1.30350292693e-06, 6.72833778026e-07, 5.89490639413e-07, 3.84244629004e-07, 9.17302486414e-07, 1.80327140242e-06, 1.8279216647e-06, 1.56724559019e-06, 1.17400043109e-06, 6.21371555098e-07, 6.51300581467e-07, 3.00534082953e-07, 5.49528991201e-08, 5.75097999445e-07, 1.56161448217e-07, 9.18634779357e-10, 1.6259339361e-11],
        "max": [0.00207701371983, 0.0871053114533, 0.0464355647564, 0.0431487560272, 0.0272669736296, 0.0240582358092, 0.0190626922995, 0.0145922657102, 0.0137200187892, 0.014637385495, 0.0180725902319, 0.0139688970521, 0.0203960333019, 0.0109676159918, 0.0162287913263, 0.0209281835705, 0.0240262188017, 0.0268384683877, 0.0127467596903, 0.0072200121358, 0.00564709398896, 0.00592699507251, 0.00413750763983, 0.00368830515072, 0.00237835408188, 0.000164628727362, 3.92065121559e-05],
        "mean": [0.000193661326193, 0.00603250646964, 0.00170604360756, 0.00113423971925, 0.00150847015902, 0.000397769588744, 0.000417371978983, 0.000298067549011, 0.00037260382669, 0.000268625211902, 0.000242222027737, 0.000189273778233, 0.000213994120713, 0.000199519126909, 0.000351573806256, 0.000559035339393, 0.000576800433919, 0.0007108860882, 0.000783153576776, 0.000585548870731, 0.000394477625377, 0.000269899202976, 0.000193165134988, 0.000255748047493, 0.000114191047032, 1.40188967634e-05, 1.06375466657e-06],
        "median": [2.6215253456e-05, 0.00147858075798, 0.000204858035431, 0.000139485491673, 0.000503608607687, 8.03851216915e-05, 8.21124122012e-05, 4.89858794026e-05, 6.08217997069e-05, 3.95956158172e-05, 4.45255791419e-05, 5.2267612773e-05, 4.91189857712e-05, 5.49845572095e-05, 0.000102938807686, 0.000148751933011, 0.000195467378944, 0.000294552242849, 0.000316392572131, 0.000206510216231, 0.000128634186694, 7.20893731341e-05, 6.70864392305e-05, 6.77487259964e-05, 1.77550900844e-05, 2.87210878014e-06, 1.46867009221e-07],
        "min": [8.72373110284e-26, 5.75213469602e-24, 1.16392925995e-24, 2.43780403641e-24, 1.19282071868e-23, 1.12544016446e-23, 6.07951631042e-24, 4.09425475684e-24, 8.89126388452e-24, 2.63992049497e-23, 1.98226798421e-23, 3.28138494886e-23, 4.88925576092e-23, 4.1992318696e-23, 5.02062918509e-23, 6.44670763263e-23, 6.58900993578e-23, 8.93077003865e-23, 1.46591358823e-22, 1.59469039784e-22, 2.2215958873e-22, 3.01096393542e-22, 4.13611182692e-22, 5.5113523543e-22, 8.73292296632e-22, 1.19114765514e-21, 2.05068554973e-21],
        "var": [9.52204572968e-08, 0.000105395760329, 1.21008888527e-05, 6.98202620697e-06, 5.80588630328e-06, 1.07935966298e-06, 9.0416023113e-07, 6.30387319234e-07, 8.88911074526e-07, 8.20305103844e-07, 7.2209127211e-07, 3.58984635795e-07, 3.72659599179e-07, 2.31788149563e-07, 6.2429501213e-07, 1.26094153075e-06, 1.45461774537e-06, 1.29035390728e-06, 1.19784488106e-06, 6.85731606609e-07, 4.64104829234e-07, 2.83824391545e-07, 1.03478548397e-07, 2.04685818517e-07, 5.40337197208e-08, 5.76804326524e-10, 5.8989059297e-12]
    },
    "erbbands": {
        "dmean": [0.119496546686, 0.828350543976, 1.39899802208, 1.97098183632, 2.63219189644, 2.89868712425, 2.16469812393, 2.23610067368, 3.45532202721, 5.56528377533, 5.20310974121, 7.71010875702, 6.10950231552, 6.21227693558, 6.85893726349, 6.09358167648, 6.89706993103, 7.44636249542, 8.36061763763, 21.0659008026, 20.965763092, 23.2504825592, 25.6373023987, 23.8196086884, 19.1256580353, 15.2087678909, 15.9471597672, 6.830909729, 6.40407180786, 4.1219367981, 2.60366821289, 2.51771998405, 4.65876054764, 2.52207732201, 0.618149101734, 0.0847365632653, 0.0295553337783, 0.00429439172149, 0.000142816410516, 1.3858634702e-05],
        "dmean2": [0.146255344152, 1.22596633434, 2.33095788956, 3.32900547981, 4.16930198669, 4.67275762558, 3.50032949448, 3.49904847145, 5.07225990295, 8.48405170441, 7.89393186569, 11.6847438812, 9.38329315186, 9.59445762634, 10.6628551483, 9.35563468933, 10.4475917816, 11.5973520279, 13.3552312851, 33.8939056396, 32.9161300659, 37.4760513306, 41.845539093, 37.0706443787, 29.1022338867, 22.5079479218, 24.348531723, 9.98183727264, 10.2735586166, 6.2679271698, 3.94229865074, 3.78971290588, 7.59453964233, 4.17256641388, 0.94505417347, 0.128142252564, 0.0436643883586, 0.00609444547445, 0.000216902772081, 1.99073911062e-05],
        "dvar": [0.056294426322, 2.54749178886, 9.57805252075, 24.7347488403, 53.7375411987, 35.842250824, 38.5744438171, 41.3524703979, 102.626983643, 206.872680664, 200.947052002, 385.59262085, 477.978668213, 684.417053223, 778.686523438, 418.651641846, 495.157806396, 341.013366699, 366.125274658, 2089.87548828, 1537.17675781, 2576.52197266, 2040.5612793, 1414.68811035, 950.292297363, 543.606323242, 1143.33288574, 125.747886658, 210.991119385, 59.1744232178, 19.8590660095, 13.9683599472, 80.1711196899, 25.3739528656, 1.24200344086, 0.0215918514878, 0.00260080560111, 5.35176550329e-05, 9.01715040413e-08, 3.37955247121e-10],
        "dvar2": [0.0978792235255, 5.56686353683, 25.6298885345, 66.5787353516, 120.844764709, 88.4504928589, 91.9819946289, 94.6969146729, 240.203460693, 508.708007812, 454.15737915, 881.281005859, 1148.33483887, 1708.11669922, 1941.6986084, 1007.20837402, 1108.9342041, 802.999816895, 848.928344727, 4978.34570312, 3481.20117188, 6265.62304688, 4900.32861328, 3206.99291992, 2179.30419922, 1243.97021484, 2546.42431641, 273.850921631, 553.058776855, 139.012664795, 43.5025863647, 31.5077114105, 213.279220581, 67.9408493042, 2.89421033859, 0.0477589443326, 0.00561509979889, 0.000112078618258, 2.24055895615e-07, 7.61658403015e-10],
        "max": [3.13659620285, 18.041765213, 47.774597168, 70.435760498, 162.022384644, 91.3302078247, 291.307128906, 212.442367554, 300.11932373, 258.525909424, 400.351348877, 376.440734863, 431.158416748, 787.130310059, 947.29284668, 684.173522949, 835.358764648, 370.429046631, 598.162841797, 1098.0435791, 927.626647949, 1514.04858398, 1633.25427246, 655.304138184, 509.509857178, 383.588500977, 361.130493164, 241.865432739, 254.055587769, 156.949630737, 123.56930542, 67.8168716431, 64.4472885132, 35.2899665833, 8.70852279663, 1.04101109505, 0.420246809721, 0.062491375953, 0.00483626034111, 0.000227301716222],
        "mean": [0.217702880502, 1.18326234818, 2.0508313179, 2.93091726303, 4.72571611404, 5.10729885101, 3.62229847908, 3.28222465515, 4.92006397247, 7.4879860878, 6.73950052261, 9.27596759796, 8.31345367432, 8.5282535553, 9.54767608643, 8.2382144928, 9.57152366638, 10.7213001251, 11.7824306488, 27.9856681824, 29.0912246704, 33.1440734863, 37.364276886, 41.9746551514, 34.0533447266, 27.6992721558, 23.3752155304, 11.4950742722, 10.0859498978, 7.77799415588, 5.13133430481, 3.94912075996, 4.22307872772, 2.06811928749, 0.575982809067, 0.0849823206663, 0.0302270073444, 0.00504079740494, 0.00016257876996, 2.9975817597e-05],
        "median": [0.0285206660628, 0.309700727463, 0.468888521194, 0.57921731472, 0.992187857628, 1.54163551331, 1.01556050777, 0.786840975285, 1.12326419353, 1.21581244469, 1.52405047417, 1.66779899597, 1.50273609161, 1.72129511833, 2.41320562363, 2.50368642807, 2.55338454247, 3.03616285324, 4.25423145294, 7.94015169144, 9.6374874115, 11.7334108353, 15.8274040222, 18.0816192627, 14.4386043549, 10.0174236298, 7.11563587189, 3.76584386826, 2.45659255981, 2.47883462906, 1.81789278984, 1.31773686409, 1.05875468254, 0.315081506968, 0.0800648853183, 0.0142199965194, 0.00509461667389, 0.00103126652539, 4.28258426837e-05, 2.36148880504e-05],
        "min": [1.0938275892e-22, 1.71237857467e-21, 2.75154300039e-21, 7.76604576547e-21, 1.79652836924e-20, 4.6161230905e-20, 6.50525594491e-20, 9.5986768526e-20, 9.11165811109e-20, 2.06113375368e-19, 1.20363632544e-19, 3.16656370713e-19, 8.84602456701e-19, 9.50202221974e-19, 1.30573313465e-18, 1.42129781424e-18, 2.33800056558e-18, 2.01407808527e-18, 3.06134478225e-18, 3.51431281479e-18, 4.31794979916e-18, 4.95459266633e-18, 4.33637731525e-18, 5.92501242325e-18, 8.84689765614e-18, 7.75066248729e-18, 9.33106301228e-18, 1.20254971514e-17, 8.6756390093e-18, 1.25940713259e-17, 1.14683479954e-17, 1.1186423336e-17, 8.71963012864e-18, 9.79348840756e-18, 7.21444844546e-18, 4.28432780239e-18, 2.17197176816e-18, 1.0124119943e-18, 2.52167017863e-19, 2.68790950644e-20],
        "var": [0.157054647803, 4.20301914215, 14.0585889816, 30.2696666718, 102.220535278, 76.2369537354, 67.0412063599, 76.4385147095, 142.955490112, 332.43258667, 298.992767334, 560.370239258, 714.886657715, 1054.13781738, 968.322814941, 523.800415039, 751.552246094, 531.916687012, 582.883300781, 3589.31420898, 2725.29125977, 4646.49853516, 3746.81201172, 3329.74169922, 2279.4140625, 1456.15783691, 1600.16003418, 344.448791504, 412.104980469, 196.676986694, 71.3653793335, 35.2371330261, 65.0547103882, 19.6566429138, 1.26793146133, 0.0240745209157, 0.00306209875271, 7.32208864065e-05, 9.14493298865e-08, 6.70422328763e-10]
    },
    "gfcc": {
        "mean": [-48.9009437561, 53.4227867126, -123.561515808, 65.2951278687, -48.8544120789, 17.2642040253, -34.5610198975, 17.5694961548, -19.5371646881, -0.596279799938, -10.5217542648, -2.45771288872, -7.7948589325],
        "cov": [[17325.0585938, 369.36730957, -1504.64379883, 412.706665039, -1102.35290527, -158.364746094, -703.096496582, -29.7713012695, -594.493286133, -100.051879883, -292.380554199, -110.103713989, -205.337585449], [369.36730957, 2086.24731445, -137.962585449, -229.942108154, 215.439544678, -254.047897339, 100.288642883, -219.980010986, -2.85872220993, -180.578781128, 39.1100921631, -159.656860352, 27.6283054352], [-1504.64379883, -137.962585449, 1919.58093262, 238.758132935, 255.715576172, 408.352539062, 47.1382789612, 145.132659912, -8.77338123322, 89.6042709351, -64.5366134644, 3.4978723526, -14.6444540024], [412.706665039, -229.942108154, 238.758132935, 728.08380127, 170.404296875, 121.692825317, 170.5181427, 20.5738124847, 120.066459656, -6.38859891891, 30.2268314362, 27.8192558289, -17.6343173981], [-1102.35290527, 215.439544678, 255.715576172, 170.404296875, 605.374511719, 178.522125244, 186.529251099, 82.4644546509, 109.547554016, 14.0389881134, 48.2235527039, 3.9740664959, 12.5879821777], [-158.364746094, -254.047897339, 408.352539062, 121.692825317, 178.522125244, 363.631500244, 123.647155762, 90.0821762085, 18.8953857422, 62.5039978027, 10.9580888748, 26.3908576965, -7.49320840836], [-703.096496582, 100.288642883, 47.1382789612, 170.5181427, 186.529251099, 123.647155762, 374.728973389, 76.811630249, 120.309242249, 25.221200943, 77.3826904297, 30.6608524323, 19.9800815582], [-29.7713012695, -219.980010986, 145.132659912, 20.5738124847, 82.4644546509, 90.0821762085, 76.811630249, 222.113967896, 75.7155761719, 75.8501434326, 23.564950943, 30.0476989746, 18.7549686432], [-594.493286133, -2.85872220993, -8.77338123322, 120.066459656, 109.547554016, 18.8953857422, 120.309242249, 75.7155761719, 211.000823975, 69.8234100342, 75.9189147949, 35.8255081177, 28.8428478241], [-100.051879883, -180.578781128, 89.6042709351, -6.38859891891, 14.0389881134, 62.5039978027, 25.221200943, 75.8501434326, 69.8234100342, 155.578262329, 55.5829048157, 41.7402191162, 7.55142211914], [-292.380554199, 39.1100921631, -64.5366134644, 30.2268314362, 48.2235527039, 10.9580888748, 77.3826904297, 23.564950943, 75.9189147949, 55.5829048157, 141.202468872, 64.0568466187, 38.4601631165], [-110.103713989, -159.656860352, 3.4978723526, 27.8192558289, 3.9740664959, 26.3908576965, 30.6608524323, 30.0476989746, 35.8255081177, 41.7402191162, 64.0568466187, 120.291130066, 45.1604194641], [-205.337585449, 27.6283054352, -14.6444540024, -17.6343173981, 12.5879821777, -7.49320840836, 19.9800815582, 18.7549686432, 28.8428478241, 7.55142211914, 38.4601631165, 45.1604194641, 103.472885132]],
        "icov": [[0.000152871987666, -0.000283481611405, 0.000256177940173, -0.000444675417384, 0.000345838489011, -0.000387106614653, 0.000401542172767, -0.00057292211568, 0.000546343799215, -0.000345665350324, 0.000329586648149, -0.000313682918204, 0.000183071926585], [-0.000283481611405, 0.00149323605001, -0.000685021048412, 0.00129350775387, -0.00111850001849, 0.00147538958117, -0.00127268361393, 0.00192509847693, -0.00119053514209, 0.00136185006704, -0.00153646804392, 0.00198599183932, -0.000761255680118], [0.000256177940173, -0.000685021048412, 0.00123259820975, -0.00104939250741, 0.000525799754541, -0.0015157670714, 0.00100186420605, -0.00134546915069, 0.00115923013072, -0.00108889851253, 0.00121903885156, -0.000763650925364, 0.000200092239538], [-0.000444675417384, 0.00129350775387, -0.00104939250741, 0.00336906639859, -0.0013210271718, 0.00116870482452, -0.00186017435044, 0.00249311840162, -0.00288234162144, 0.00218267436139, -0.00127500540111, 0.000961421814281, 4.89330559503e-05], [0.000345838489011, -0.00111850001849, 0.000525799754541, -0.0013210271718, 0.00338953151368, -0.00212375144474, 0.000703819154296, -0.00197934685275, 0.000402130768634, -0.000248401396675, 0.000581315136515, -0.000741295167245, 0.000504447089043], [-0.000387106614653, 0.00147538958117, -0.0015157670714, 0.00116870482452, -0.00212375144474, 0.0065200435929, -0.00270904810168, 0.00141631544102, 5.96856480115e-05, -0.000222081434913, -0.00104353087954, 0.00106613745447, -0.000258442596532], [0.000401542172767, -0.00127268361393, 0.00100186420605, -0.00186017435044, 0.000703819154296, -0.00270904810168, 0.00568402791396, -0.00266559422016, 5.45202456124e-05, -9.70206383499e-05, -0.000285773712676, -0.00122484448366, 0.00069791066926], [-0.00057292211568, 0.00192509847693, -0.00134546915069, 0.00249311840162, -0.00197934685275, 0.00141631544102, -0.00266559422016, 0.00941878277808, -0.00377259706147, -0.000290609634249, -0.000599794264417, 0.00177304632962, -0.00174371013418], [0.000546343799215, -0.00119053514209, 0.00115923013072, -0.00288234162144, 0.000402130768634, 5.96856480115e-05, 5.45202456124e-05, -0.00377259706147, 0.0109585048631, -0.00453635444865, -0.000568863470107, -0.00075134600047, -0.000480632908875], [-0.000345665350324, 0.00136185006704, -0.00108889851253, 0.00218267436139, -0.000248401396675, -0.000222081434913, -9.70206383499e-05, -0.000290609634249, -0.00453635444865, 0.0123681845143, -0.00475950120017, 0.000294500234304, 0.00125624227803], [0.000329586648149, -0.00153646804392, 0.00121903885156, -0.00127500540111, 0.000581315136515, -0.00104353087954, -0.000285773712676, -0.000599794264417, -0.000568863470107, -0.00475950120017, 0.0146205434576, -0.00663714203984, -0.000994530622847], [-0.000313682918204, 0.00198599183932, -0.000763650925364, 0.000961421814281, -0.000741295167245, 0.00106613745447, -0.00122484448366, 0.00177304632962, -0.00075134600047, 0.000294500234304, -0.00663714203984, 0.0157410334796, -0.00522967427969], [0.000183071926585, -0.000761255680118, 0.000200092239538, 4.89330559503e-05, 0.000504447089043, -0.000258442596532, 0.00069791066926, -0.00174371013418, -0.000480632908875, 0.00125624227803, -0.000994530622847, -0.00522967427969, 0.0130632268265]]
    },
    "melbands": {
        "dmean": [0.00106349342968, 0.000807397824246, 0.000359777302947, 0.000191982340766, 8.97517384146e-05, 4.93758052471e-05, 5.51523116883e-05, 5.83456203458e-05, 4.57097776234e-05, 4.6416236728e-05, 3.01037616737e-05, 2.58492691501e-05, 2.46906110988e-05, 1.81459399755e-05, 1.67976104422e-05, 1.48041344801e-05, 1.43760789797e-05, 1.29032951008e-05, 2.11554597627e-05, 3.53190698661e-05, 2.39934051933e-05, 2.48183059739e-05, 2.52867139352e-05, 2.40752597165e-05, 2.0547202439e-05, 1.78060599865e-05, 1.01371406345e-05, 1.14295808089e-05, 1.1248030205e-05, 6.39740801489e-06, 3.7264474031e-06, 3.79719358534e-06, 3.15386000693e-06, 2.26575434681e-06, 1.68759947883e-06, 1.30500802697e-06, 1.70239570707e-06, 1.86369732091e-06, 6.30007934888e-06, 8.22165191039e-07],
        "dmean2": [0.00141451659147, 0.00126310600899, 0.000594012846705, 0.000301087275147, 0.000146895035869, 7.68191021052e-05, 8.12202561065e-05, 8.90180745046e-05, 6.94957125233e-05, 7.05785496393e-05, 4.64499316877e-05, 3.97600488213e-05, 3.81689096685e-05, 2.8810247386e-05, 2.55611848843e-05, 2.29225988733e-05, 2.2649366656e-05, 2.09273202927e-05, 3.45034895872e-05, 5.64098518225e-05, 3.83984006476e-05, 4.05783430324e-05, 4.11600813095e-05, 3.91934263462e-05, 3.22514169966e-05, 2.76978371403e-05, 1.56098612933e-05, 1.73533499037e-05, 1.7454918634e-05, 9.89501586446e-06, 5.63302683076e-06, 6.20919718131e-06, 5.06370406583e-06, 3.46867886947e-06, 2.61973400484e-06, 2.00441877496e-06, 2.59393232227e-06, 2.79486130239e-06, 1.1008567526e-05, 1.23778283978e-06],
        "dvar": [4.24940617449e-06, 2.30895898312e-06, 8.36589606479e-07, 1.68865184946e-07, 4.69837679873e-08, 2.00895087232e-08, 2.39709034844e-08, 2.21164455638e-08, 1.50036179036e-08, 1.40204168275e-08, 1.23525145668e-08, 1.12648335104e-08, 8.56707238484e-09, 5.19058351856e-09, 3.95262444997e-09, 1.54091139848e-09, 1.41361156114e-09, 1.17879517259e-09, 2.34221819717e-09, 6.17819129189e-09, 2.67307820323e-09, 3.98484623076e-09, 1.79968506764e-09, 1.94329219383e-09, 1.17120035892e-09, 8.4562662428e-10, 2.70447941819e-10, 3.75843162148e-10, 4.78212913713e-10, 1.67954206098e-10, 4.42963478398e-11, 7.4861519761e-11, 4.57080207017e-11, 1.78105533793e-11, 9.6103229541e-12, 4.30814585395e-12, 6.69335984207e-12, 9.68552755359e-12, 1.84584569851e-10, 2.07345035239e-12],
        "dvar2": [8.10440087662e-06, 5.77706714466e-06, 2.10005737245e-06, 3.98494961473e-07, 1.13099886789e-07, 4.59477753623e-08, 5.61628468176e-08, 5.44425091675e-08, 3.4846351582e-08, 3.23104814015e-08, 2.94351014674e-08, 2.80413825493e-08, 2.12051158854e-08, 1.25756463021e-08, 9.20180287522e-09, 3.51088114137e-09, 3.35442362775e-09, 2.77693579243e-09, 5.57010571001e-09, 1.4343990884e-08, 6.16439432832e-09, 9.75604219633e-09, 4.35868896531e-09, 4.52374848692e-09, 2.77910672253e-09, 1.93948146432e-09, 6.22636942005e-10, 9.11738240461e-10, 1.09013154059e-09, 3.79070330681e-10, 1.01041536249e-10, 1.9490230263e-10, 1.18575413377e-10, 4.21055412758e-11, 2.2625158691e-11, 9.80346446383e-12, 1.57433423936e-11, 2.3440589747e-11, 5.07691721996e-10, 5.05096745679e-12],
        "max": [0.0264763683081, 0.017740143463, 0.0166728161275, 0.00702457735315, 0.00842136982828, 0.00411783717573, 0.00435702269897, 0.0025146054104, 0.00297484477051, 0.00218388438225, 0.00225604558364, 0.00293897092342, 0.00271923281252, 0.00162603205536, 0.00234273006208, 0.000923757266719, 0.000734322587959, 0.000956544128712, 0.00127961370163, 0.00220174435526, 0.00148384401109, 0.00209552934393, 0.00104998215102, 0.00201652408578, 0.000586732116062, 0.000461578776594, 0.000280766456854, 0.000319896236761, 0.00021813348576, 0.000130815038574, 0.00016260377015, 0.000157047092216, 0.000124522368424, 9.40102108871e-05, 8.96028213901e-05, 6.03446533205e-05, 4.65029406769e-05, 2.62417761405e-05, 9.48480228544e-05, 1.20808881547e-05],
        "mean": [0.0017791314749, 0.00124202773441, 0.000580149993766, 0.000362070393749, 0.000151352302055, 7.36687943572e-05, 7.85134907346e-05, 7.7889097156e-05, 5.69255062146e-05, 5.52267520106e-05, 4.0341168642e-05, 3.39849175361e-05, 3.32742820319e-05, 2.28904136748e-05, 2.18615350605e-05, 2.00479280466e-05, 1.9663337298e-05, 1.68396090885e-05, 2.78365532722e-05, 4.33796485595e-05, 3.18737256748e-05, 3.33900788974e-05, 3.41525264957e-05, 3.41589111486e-05, 3.41008853866e-05, 2.92425811494e-05, 1.77623569471e-05, 1.92917159438e-05, 1.61732023116e-05, 9.24796586332e-06, 5.90326453676e-06, 5.67315510125e-06, 5.09944220539e-06, 4.09758195019e-06, 3.02931084661e-06, 2.3570448775e-06, 2.42145051743e-06, 2.11474707612e-06, 4.56225188827e-06, 8.3496422576e-07],
        "median": [0.000346834189259, 0.000394867238356, 0.000130458269268, 0.000114967340778, 4.41447555204e-05, 1.59608680406e-05, 1.67392354342e-05, 1.22592464322e-05, 1.10414421215e-05, 9.03355976334e-06, 6.32401179246e-06, 6.04624619882e-06, 7.12049768481e-06, 5.98242877459e-06, 5.72990393266e-06, 4.77223829876e-06, 4.89706053486e-06, 5.147488082e-06, 8.08313416201e-06, 1.16823366625e-05, 9.75538932835e-06, 1.05651943159e-05, 1.32298628159e-05, 1.35642249006e-05, 1.35497493829e-05, 1.18209400171e-05, 7.18478304407e-06, 5.82761549595e-06, 4.38654933532e-06, 2.82780888483e-06, 1.58625675795e-06, 1.1857591744e-06, 1.4617467059e-06, 1.27950579554e-06, 1.06893412521e-06, 8.12268467598e-07, 7.56311806072e-07, 7.03410137248e-07, 5.25118878159e-07, 1.74540815578e-07],
        "min": [2.33994071353e-24, 1.28978669257e-24, 1.73231488204e-24, 3.01196086628e-24, 2.00699940468e-24, 2.07059697643e-24, 1.17506314416e-24, 2.08608468258e-24, 7.91709087519e-25, 1.64557942829e-24, 4.61982426305e-24, 3.23484582365e-24, 3.70840395544e-24, 3.01943532335e-24, 4.4260149437e-24, 4.38679238506e-24, 3.4466768676e-24, 3.13607708566e-24, 3.49557441081e-24, 5.77406502918e-24, 4.54077487832e-24, 3.82804772792e-24, 3.82913320053e-24, 4.12498246682e-24, 4.247197137e-24, 5.89207309858e-24, 4.86029154949e-24, 4.25885176801e-24, 5.8430891751e-24, 3.77361593103e-24, 5.29334778747e-24, 4.85950978834e-24, 5.45387190978e-24, 6.85435245204e-24, 5.57789031041e-24, 7.35668408812e-24, 5.96910339382e-24, 4.7201429155e-24, 7.42602338397e-24, 7.70570376273e-24],
        "var": [9.85467522696e-06, 3.70633665625e-06, 1.20913330193e-06, 3.76981745376e-07, 8.49035473038e-08, 3.73794648567e-08, 3.38881172013e-08, 3.59349456858e-08, 2.10184349925e-08, 2.0174656612e-08, 1.87845312638e-08, 1.7537510999e-08, 1.18670113736e-08, 6.1484550784e-09, 5.03622388237e-09, 2.37412733917e-09, 2.12004214184e-09, 1.65381031092e-09, 4.27046309426e-09, 9.22869070052e-09, 4.38958691618e-09, 6.45705444668e-09, 3.23955751114e-09, 3.61218099876e-09, 2.43055087168e-09, 1.8200067009e-09, 6.77173039865e-10, 8.85736262113e-10, 7.19003911964e-10, 2.57737137188e-10, 1.13565552795e-10, 1.44030037896e-10, 9.82397566074e-11, 5.60139677697e-11, 2.70928002255e-11, 1.43926181737e-11, 1.43676745848e-11, 1.08898445816e-11, 1.25780219573e-10, 2.15966112181e-12]
    },
    "mfcc": {
        "mean": [-679.075012207, 69.9524612427, -5.07395172119, 42.7369270325, 15.6455316544, 5.05569839478, 6.14599275589, 10.7662439346, 2.33527040482, 6.6623415947, -0.779676616192, 2.91977977753, 0.540725886822],
        "cov": [[11679.1787109, -178.400695801, -694.832458496, 129.504180908, -568.461608887, -328.163330078, -318.727081299, -265.441741943, -361.974029541, -228.550186157, -304.60067749, -165.8618927, -145.60887146], [-178.400695801, 2040.36730957, -121.018501282, -46.4918937683, 61.8987770081, -63.2257575989, 49.9752578735, -74.912940979, -41.3456077576, -52.0497207642, -73.2964782715, -63.6312408447, -24.0512752533], [-694.832458496, -121.018501282, 1405.12438965, 72.4250488281, 255.829406738, 180.461929321, 152.347351074, 29.5991668701, 136.743896484, 11.8076181412, 45.5329284668, 30.4795360565, -13.9511270523], [129.504180908, -46.4918937683, 72.4250488281, 547.127624512, 105.875923157, 151.077102661, 37.8614463806, 145.045684814, 33.7972297668, 89.9289245605, 3.91662621498, 47.0906143188, 56.9864044189], [-568.461608887, 61.8987770081, 255.829406738, 105.875923157, 456.039245605, 135.664810181, 121.761329651, 68.2817687988, 111.305389404, 29.6924343109, 44.9940338135, 35.2566986084, 44.2233810425], [-328.163330078, -63.2257575989, 180.461929321, 151.077102661, 135.664810181, 327.92666626, 136.558807373, 116.755332947, 49.6133384705, 63.9442672729, 39.4281234741, 41.3803291321, 26.6696071625], [-318.727081299, 49.9752578735, 152.347351074, 37.8614463806, 121.761329651, 136.558807373, 255.979980469, 113.640571594, 85.4298553467, 49.3651733398, 48.8944854736, 30.7873573303, 26.3566970825], [-265.441741943, -74.912940979, 29.5991668701, 145.045684814, 68.2817687988, 116.755332947, 113.640571594, 210.994476318, 75.5122833252, 70.2911376953, 31.7401447296, 38.4205780029, 50.2332611084], [-361.974029541, -41.3456077576, 136.743896484, 33.7972297668, 111.305389404, 49.6133384705, 85.4298553467, 75.5122833252, 175.565109253, 66.6916046143, 56.6590766907, 34.0289230347, 29.8907871246], [-228.550186157, -52.0497207642, 11.8076181412, 89.9289245605, 29.6924343109, 63.9442672729, 49.3651733398, 70.2911376953, 66.6916046143, 140.291534424, 58.332698822, 53.3967895508, 37.6531066895], [-304.60067749, -73.2964782715, 45.5329284668, 3.91662621498, 44.9940338135, 39.4281234741, 48.8944854736, 31.7401447296, 56.6590766907, 58.332698822, 133.8175354, 67.5199508667, 34.0208702087], [-165.8618927, -63.6312408447, 30.4795360565, 47.0906143188, 35.2566986084, 41.3803291321, 30.7873573303, 38.4205780029, 34.0289230347, 53.3967895508, 67.5199508667, 106.148925781, 59.6472663879], [-145.60887146, -24.0512752533, -13.9511270523, 56.9864044189, 44.2233810425, 26.6696071625, 26.3566970825, 50.2332611084, 29.8907871246, 37.6531066895, 34.0208702087, 59.6472663879, 106.396621704]],
