{
"lowlevel": {
    "average_loudness": 0.894242107868,
    "barkbands_crest": {
        "dmean": 3.96574687958,
        "dmean2": 6.2607717514,
        "dvar": 13.3940677643,
        "dvar2": 30.9279937744,
        "max": 26.6233024597,
        "mean": 13.2483377457,
        "median": 12.5953617096,
        "min": 2.38393378258,
        "var": 33.2684669495
    },
    "barkbands_flatness_db": {
        "dmean": 0.0395391471684,
        "dmean2": 0.0578084513545,
        "dvar": 0.00137656694278,
        "dvar2": 0.00292398873717,
        "max": 0.463953495026,
        "mean": 0.161046713591,
        "median": 0.152209281921,
        "min": 0.0165550746024,
        "var": 0.00464046513662
    },
    "barkbands_kurtosis": {
        "dmean": 8.97112083435,
        "dmean2": 13.9935369492,
        "dvar": 399.5496521,
        "dvar2": 888.46081543,
        "max": 561.393798828,
        "mean": 10.430603981,
        "median": 2.3135933876,
        "min": -1.96243047714,
        "var": 609.023193359
    },
    "barkbands_skewness": {
        "dmean": 1.15479934216,
        "dmean2": 1.67944943905,
        "dvar": 1.68448901176,
        "dvar2": 3.38376116753,
        "max": 20.3458404541,
        "mean": 2.05296349525,
        "median": 1.5774667263,
        "min": -6.6174826622,
        "var": 5.21010255814
    },
    "barkbands_spread": {
        "dmean": 10.9669933319,
        "dmean2": 16.941822052,
        "dvar": 166.847625732,
        "dvar2": 367.369689941,
        "max": 126.0364151,
        "mean": 25.9268074036,
        "median": 22.0097503662,
        "min": 0.323306649923,
        "var": 380.643432617
    },
    "dissonance": {
        "dmean": 0.0224577710032,
        "dmean2": 0.0369714051485,
        "dvar": 0.00051514635561,
        "dvar2": 0.00134175014682,
        "max": 0.500000119209,
        "mean": 0.463341861963,
        "median": 0.47146320343,
        "min": 0.25256216526,
        "var": 0.000953280075919
    },
    "dynamic_complexity": 4.03562927246,
    "erbbands_crest": {
        "dmean": 3.74853420258,
        "dmean2": 6.04746627808,
        "dvar": 12.7480306625,
        "dvar2": 31.0415859222,
        "max": 32.8620185852,
        "mean": 9.74065494537,
        "median": 8.31387710571,
        "min": 2.48508167267,
        "var": 26.6340751648
    },
    "erbbands_flatness_db": {
        "dmean": 0.0276716966182,
        "dmean2": 0.0393178276718,
        "dvar": 0.000638630066533,
        "dvar2": 0.00120467669331,
        "max": 0.417897254229,
        "mean": 0.149075716734,
        "median": 0.141965955496,
        "min": 0.0412944406271,
        "var": 0.00296622561291
    },
    "erbbands_kurtosis": {
        "dmean": 1.84127557278,
        "dmean2": 2.9212975502,
        "dvar": 12.7675857544,
        "dvar2": 28.6281871796,
        "max": 69.7917785645,
        "mean": 1.04253339767,
        "median": -0.147545933723,
        "min": -1.83226001263,
        "var": 19.3081569672
    },
    "erbbands_skewness": {
        "dmean": 0.605503618717,
        "dmean2": 0.88925075531,
        "dvar": 0.356859385967,
        "dvar2": 0.711991608143,
        "max": 6.99475860596,
        "mean": 0.0488180182874,
        "median": 0.0889805108309,
        "min": -6.56016349792,
        "var": 1.11932849884
    },
    "erbbands_spread": {
        "dmean": 15.844244957,
        "dmean2": 23.8813285828,
        "dvar": 278.392059326,
        "dvar2": 619.900817871,
        "max": 178.739151001,
        "mean": 47.0575828552,
        "median": 41.9410018921,
        "min": 1.514554739,
        "var": 692.613464355
    },
    "hfc": {
        "dmean": 15.1254501343,
        "dmean2": 20.9506244659,
        "dvar": 659.521728516,
        "dvar2": 1409.75512695,
        "max": 410.47668457,
        "mean": 24.1368122101,
        "median": 12.5125656128,
        "min": 1.20710162387e-16,
        "var": 1247.45532227
    },
    "melbands_crest": {
        "dmean": 4.73007774353,
        "dmean2": 7.37584638596,
        "dvar": 18.3436222076,
        "dvar2": 43.7314529419,
        "max": 35.8236122131,
        "mean": 18.9786472321,
        "median": 19.0136432648,
        "min": 1.68553221226,
        "var": 55.7448883057
    },
    "melbands_flatness_db": {
        "dmean": 0.0465059317648,
        "dmean2": 0.066853530705,
        "dvar": 0.00206566951238,
        "dvar2": 0.00416172435507,
        "max": 0.572715044022,
        "mean": 0.222379639745,
        "median": 0.216224491596,
        "min": 0.00511511368677,
        "var": 0.00869386922568
    },
    "melbands_kurtosis": {
        "dmean": 26.8745918274,
        "dmean2": 41.7181663513,
        "dvar": 2696.62915039,
        "dvar2": 5820.44335938,
        "max": 907.51965332,
        "mean": 36.3284568787,
        "median": 11.0520172119,
        "min": -1.95445787907,
        "var": 4623.88769531
    },
    "melbands_skewness": {
        "dmean": 1.74372625351,
        "dmean2": 2.56869244576,
        "dvar": 3.91143512726,
        "dvar2": 7.96313142776,
        "max": 24.8685874939,
        "mean": 3.90688347816,
        "median": 2.97915792465,
        "min": -6.41835021973,
        "var": 11.4620275497
    },
    "melbands_spread": {
        "dmean": 14.1138057709,
        "dmean2": 21.6440124512,
        "dvar": 509.289489746,
        "dvar2": 1115.76135254,
        "max": 293.740570068,
        "mean": 28.0734443665,
        "median": 19.5373497009,
        "min": 0.350306808949,
        "var": 998.635864258
    },
    "pitch_salience": {
        "dmean": 0.109113663435,
        "dmean2": 0.172171592712,
        "dvar": 0.0118824308738,
        "dvar2": 0.0282530896366,
        "max": 0.929866075516,
        "mean": 0.462123334408,
        "median": 0.45766043663,
        "min": 0.0388915613294,
        "var": 0.0276213251054
    },
    "silence_rate_20dB": {
        "dmean": 0,
        "dmean2": 0,
        "dvar": 0,
        "dvar2": 0,
        "max": 1,
        "mean": 1,
        "median": 1,
        "min": 1,
        "var": 0
    },
    "silence_rate_30dB": {
        "dmean": 0.0577579401433,
        "dmean2": 0.115525990725,
        "dvar": 0.0544233173132,
        "dvar2": 0.117580227554,
        "max": 1,
        "mean": 0.943297147751,
        "median": 1,
        "min": 0,
        "var": 0.0534876957536
    },
    "silence_rate_60dB": {
        "dmean": 0.0694845542312,
        "dmean2": 0.13898126781,
        "dvar": 0.0646511465311,
        "dvar2": 0.140652045608,
        "max": 1,
        "mean": 0.137644380331,
        "median": 0,
        "min": 0,
        "var": 0.118683204055
    },
    "spectral_centroid": {
        "dmean": 467.914886475,
        "dmean2": 694.036621094,
        "dvar": 278497.25,
        "dvar2": 523431.0625,
        "max": 11396.6894531,
        "mean": 1766.54272461,
        "median": 1590.41174316,
        "min": 185.759933472,
        "var": 905432.3125
    },
    "spectral_complexity": {
        "dmean": 5.09880113602,
        "dmean2": 7.18309116364,
        "dvar": 43.1049613953,
        "dvar2": 81.3570327759,
        "max": 61,
        "mean": 13.4547605515,
        "median": 10,
        "min": 0,
        "var": 133.329040527
    },
    "spectral_decrease": {
        "dmean": 4.96308061315e-09,
        "dmean2": 7.2115176053e-09,
        "dvar": 6.89761891483e-17,
        "dvar2": 1.44149416922e-16,
        "max": 2.41363498976e-29,
        "mean": -8.15474887617e-09,
        "median": -4.72969308163e-09,
        "min": -7.6991568676e-08,
        "var": 1.09134021178e-16
    },
    "spectral_energy": {
        "dmean": 0.0197142865509,
        "dmean2": 0.0284804906696,
        "dvar": 0.00102682912257,
        "dvar2": 0.00213738996536,
        "max": 0.293099969625,
        "mean": 0.0329672954977,
        "median": 0.0196826197207,
        "min": 1.09068174318e-20,
        "var": 0.00165942765307
    },
    "spectral_energyband_high": {
        "dmean": 0.00118807144463,
        "dmean2": 0.00165813136846,
        "dvar": 6.05026980338e-06,
        "dvar2": 1.24333319036e-05,
        "max": 0.0490949526429,
        "mean": 0.00159641937353,
        "median": 0.000425952137448,
        "min": 7.50618503733e-21,
        "var": 1.17065546874e-05
    },
    "spectral_energyband_low": {
        "dmean": 0.0136593431234,
        "dmean2": 0.0206439103931,
        "dvar": 0.000989844207652,
        "dvar2": 0.00218167155981,
        "max": 0.289154678583,
        "mean": 0.0201614741236,
        "median": 0.00760173518211,
        "min": 2.89179620894e-23,
        "var": 0.00127540633548
    },
    "spectral_energyband_middle_high": {
        "dmean": 0.00327714066952,
        "dmean2": 0.00486303353682,
        "dvar": 4.57470305264e-05,
        "dvar2": 0.000104885686596,
        "max": 0.114638410509,
        "mean": 0.00474690878764,
        "median": 0.00152600673027,
        "min": 1.58770906718e-21,
        "var": 7.23359116819e-05
    },
    "spectral_energyband_middle_low": {
        "dmean": 0.00618700776249,
        "dmean2": 0.0100913038477,
        "dvar": 0.000116568822705,
        "dvar2": 0.000294768542517,
        "max": 0.166332319379,
        "mean": 0.00724453199655,
        "median": 0.00320198037662,
        "min": 2.64766004086e-22,
        "var": 0.000127717008581
    },
    "spectral_entropy": {
        "dmean": 0.282995551825,
        "dmean2": 0.403577059507,
        "dvar": 0.0825624614954,
        "dvar2": 0.153947710991,
        "max": 9.81421089172,
        "mean": 7.67256689072,
        "median": 7.7336807251,
        "min": 5.83045530319,
        "var": 0.285726815462
    },
    "spectral_flux": {
        "dmean": 0.0442424714565,
        "dmean2": 0.0644773319364,
        "dvar": 0.00282790721394,
        "dvar2": 0.00511166825891,
        "max": 0.497505158186,
        "mean": 0.105004787445,
        "median": 0.0823330581188,
        "min": 1.04987775418e-10,
        "var": 0.00700924871489
    },
    "spectral_kurtosis": {
        "dmean": 1.2958753109,
        "dmean2": 1.9752727747,
        "dvar": 1.58204197884,
        "dvar2": 3.8035261631,
        "max": 16.9216918945,
        "mean": 2.96417474747,
        "median": 2.64518523216,
        "min": -1.42398059368,
        "var": 4.39011049271
    },
    "spectral_rms": {
        "dmean": 0.00149961281568,
        "dmean2": 0.00203036051244,
        "dvar": 3.30338548338e-06,
        "dvar2": 5.98488668402e-06,
        "max": 0.0169100910425,
        "mean": 0.00479348190129,
        "median": 0.0043820720166,
        "min": 3.26202346385e-12,
        "var": 9.18566456676e-06
    },
    "spectral_rolloff": {
        "dmean": 992.501953125,
        "dmean2": 1618.23718262,
        "dvar": 2679999.75,
        "dvar2": 5273493,
        "max": 19401.4160156,
        "mean": 1967.65014648,
        "median": 1076.66015625,
        "min": 43.06640625,
        "var": 6246077.5
    },
    "spectral_skewness": {
        "dmean": 0.245041847229,
        "dmean2": 0.356486856937,
        "dvar": 0.0486715994775,
        "dvar2": 0.100157156587,
        "max": 3.12698841095,
        "mean": 1.29972851276,
        "median": 1.31443166733,
        "min": -0.388346970081,
        "var": 0.189080968499
    },
    "spectral_spread": {
        "dmean": 1059535.5,
        "dmean2": 1426652.375,
        "dvar": 1.49507158835e+12,
        "dvar2": 2.76018941133e+12,
        "max": 47752748,
        "mean": 5821373.5,
        "median": 5378475,
        "min": 2168102,
        "var": 4.54320088678e+12
    },
    "spectral_strongpeak": {
        "dmean": 0.510890185833,
        "dmean2": 0.85158097744,
        "dvar": 0.9756051898,
        "dvar2": 2.47610139847,
        "max": 21.9084873199,
        "mean": 0.706254005432,
        "median": 0.312257826328,
        "min": 0,
        "var": 1.27291107178
    },
    "zerocrossingrate": {
        "dmean": 0.0218383539468,
        "dmean2": 0.0240380875766,
        "dvar": 0.000699886819348,
        "dvar2": 0.000805575284176,
        "max": 0.5087890625,
        "mean": 0.0777434930205,
        "median": 0.060302734375,
        "min": 0.00244140625,
        "var": 0.00398237630725
    },
    "barkbands": {
        "dmean": [0.00061620346969, 0.0117164077237, 0.00320690777153, 0.00129386119079, 0.0011640045559, 0.000554657017346, 0.00170585839078, 0.00156435801182, 0.000884608889464, 0.00123627623543, 0.000508644676302, 0.000663941376843, 0.000488757272251, 0.000380178971682, 0.000353227515006, 0.000238191321841, 0.000265324895736, 0.00020634381508, 0.000216728294617, 0.00016966034309, 0.000151808315422, 0.000224302479182, 0.000326649402268, 0.000233785613091, 0.00018583171186, 9.82940109679e-05, 8.68623646966e-06],
        "dmean2": [0.00097813794855, 0.0181205868721, 0.00587205495685, 0.00244409684092, 0.00200972682796, 0.00091261556372, 0.00278428802267, 0.00254503404722, 0.00138357200194, 0.00200885813683, 0.00080486322986, 0.00112051703036, 0.000774465675931, 0.000582110253163, 0.000568461429793, 0.000391345500248, 0.000420338619733, 0.000338806188665, 0.000342363084201, 0.000282779888948, 0.000230180390645, 0.000333956704708, 0.000489244644996, 0.00034301544656, 0.000265708455117, 0.000134334361064, 1.28685360323e-05],
        "dvar": [1.91118965631e-06, 0.000771575199906, 0.000125238439068, 1.88804187928e-05, 6.49956518828e-06, 4.11373684983e-06, 2.3203478122e-05, 2.27228483709e-05, 8.86312227522e-06, 2.00956492336e-05, 3.08459948428e-06, 5.43736996406e-06, 3.80266033062e-06, 9.25227141124e-07, 1.19392097986e-06, 2.79629290389e-07, 2.54620744045e-07, 1.83404083032e-07, 2.30083770703e-07, 2.6739473924e-07, 1.2943036154e-07, 2.72965905879e-07, 8.26880523164e-07, 2.78661190123e-07, 1.59124738275e-07, 6.35429415752e-08, 5.11178821494e-10],
        "dvar2": [4.67402060167e-06, 0.00178833026439, 0.000356786331395, 5.47761628695e-05, 1.72522723005e-05, 9.92496734398e-06, 5.7942350395e-05, 5.58883148187e-05, 2.05085088965e-05, 4.8455382057e-05, 7.59229033065e-06, 1.45764252011e-05, 9.54094684857e-06, 2.06569916372e-06, 3.06287256535e-06, 6.97450218468e-07, 5.81578774472e-07, 4.62008216573e-07, 5.30199997684e-07, 7.15824853614e-07, 2.99500243273e-07, 6.28885800324e-07, 1.76599087354e-06, 5.49687968032e-07, 3.24589990441e-07, 1.26655791632e-07, 1.15625775621e-09],
        "max": [0.0267040021718, 0.255568742752, 0.117659687996, 0.0456569045782, 0.0679770708084, 0.0679166018963, 0.0958322584629, 0.117251969874, 0.0937497243285, 0.114004611969, 0.0598515421152, 0.0570451393723, 0.0802135020494, 0.025458516553, 0.0507675074041, 0.0123158656061, 0.0123967770487, 0.0084161683917, 0.0108949933201, 0.00712217064574, 0.0100784627721, 0.0189132504165, 0.0243275687099, 0.0133307361975, 0.00891317054629, 0.00756321381778, 0.00099429115653],
        "mean": [0.00125058169942, 0.015683773905, 0.00266228616238, 0.00103471323382, 0.00122936500702, 0.000581979344133, 0.00158930791076, 0.00143220031168, 0.000955404248089, 0.00117904809304, 0.000543671194464, 0.000614235643297, 0.000533223967068, 0.000442500953795, 0.000440011295723, 0.000267243536655, 0.000331373041263, 0.00023526136647, 0.000269590935204, 0.000183113501407, 0.000201052971533, 0.000300747778965, 0.000391404813854, 0.000274462800007, 0.00021066730551, 0.000120963013615, 8.95472749107e-06],
        "median": [0.000163093151059, 0.00530708301812, 0.000406071252655, 0.000151626794832, 0.000508441124111, 0.000156602749485, 0.000161020245287, 0.000104701583041, 0.000106748484541, 9.46059299167e-05, 6.39278223389e-05, 5.50476434e-05, 9.01490129763e-05, 5.84323788644e-05, 8.53675155668e-05, 4.78973997815e-05, 9.81428020168e-05, 6.52968592476e-05, 6.90145025146e-05, 4.9167600082e-05, 5.91557618463e-05, 0.000100076053059, 6.99688171153e-05, 3.96482937504e-05, 2.17118285946e-05, 1.28442788991e-05, 4.73459579098e-07],
        "min": [7.2563567582e-24, 1.08738251672e-23, 5.94283156466e-24, 9.93832054174e-24, 4.05702864738e-23, 2.64205704584e-23, 4.28989975552e-23, 3.28461044333e-23, 2.24682006184e-23, 2.22710800554e-23, 2.39055083432e-23, 6.31049470458e-23, 7.9818694506e-23, 7.82687784648e-23, 1.11200408042e-22, 5.68274822629e-23, 2.09103132955e-22, 1.60223455867e-22, 3.12667026646e-22, 3.87190097896e-22, 3.92234743478e-22, 3.50515790329e-22, 5.67443527318e-22, 8.22625818039e-22, 1.00257006447e-21, 1.53250970547e-21, 2.4644965856e-21],
        "var": [4.84555403091e-06, 0.000881186279003, 7.460352208e-05, 1.05619701571e-05, 5.71468353883e-06, 3.96799896407e-06, 2.25011845032e-05, 2.25948333537e-05, 1.08995027404e-05, 2.0169905838e-05, 3.44546879205e-06, 5.03430192111e-06, 3.81610334443e-06, 1.29954571548e-06, 1.37126005484e-06, 3.30255545578e-07, 3.6737489495e-07, 2.08718006434e-07, 3.15837610287e-07, 2.27792469332e-07, 1.82590568443e-07, 3.90714831155e-07, 1.46105378462e-06, 5.795720881e-07, 2.76815882216e-07, 1.13651097422e-07, 6.36198260739e-10]
    },
    "erbbands": {
        "dmean": [0.405869483948, 2.53327250481, 4.09596776962, 3.90083289146, 3.71801686287, 4.15495634079, 5.27563095093, 4.09240102768, 13.0478363037, 39.0441665649, 28.4155807495, 19.0836105347, 36.7187919617, 29.1497058868, 21.8511562347, 24.3913764954, 21.4483852386, 17.2100849152, 20.2565822601, 15.2826080322, 12.495475769, 14.2258520126, 11.5408287048, 12.0703477859, 9.09648609161, 7.2633728981, 6.32689285278, 6.58596086502, 8.19682407379, 8.68525981903, 9.23993968964, 6.41220712662, 3.18448877335, 1.96893584728, 1.28995931149, 0.534558415413, 0.168479010463, 0.0336901322007, 0.000779110181611, 4.33238055848e-05],
        "dmean2": [0.635767757893, 4.02236652374, 7.25707244873, 7.19487905502, 6.84762191772, 7.05007266998, 8.69809055328, 6.6680316925, 20.8439311981, 63.7020721436, 45.969619751, 29.4943351746, 58.9444923401, 46.1779174805, 34.6867790222, 40.1441955566, 33.436466217, 26.1128616333, 31.7477626801, 24.7079486847, 20.1269207001, 22.4452819824, 18.6989173889, 18.9545936584, 14.6969766617, 12.0568742752, 9.96278953552, 9.85613441467, 12.331817627, 12.9969530106, 13.7486858368, 9.60433483124, 4.62005090714, 2.82995915413, 1.85146486759, 0.758309602737, 0.229496091604, 0.0458973534405, 0.00106215139385, 5.89237606619e-05],
        "dvar": [0.818328201771, 44.3373718262, 187.300079346, 167.937271118, 121.365974426, 87.8839569092, 275.655792236, 240.458328247, 1506.07995605, 10533.0400391, 9336.12597656, 3975.76733398, 19732.3183594, 8784.92578125, 4990.35986328, 7695.43945312, 6537.07275391, 1646.07141113, 3846.9128418, 1255.31787109, 673.867736816, 761.707885742, 486.043060303, 793.846862793, 442.797088623, 436.936645508, 310.70993042, 205.158157349, 331.988677979, 656.632385254, 663.815002441, 216.627532959, 49.6326255798, 20.5804252625, 7.99538898468, 1.753256917, 0.21698781848, 0.00642750505358, 3.49590277438e-06, 5.0065116497e-09],
        "dvar2": [1.96258926392, 107.92363739, 518.038085938, 478.764526367, 347.660186768, 224.387908936, 658.475524902, 584.334655762, 3709.77148438, 26092.0371094, 23002.0917969, 8972.97949219, 47837.7929688, 20295.7890625, 12678.6962891, 20449.5058594, 16217.9033203, 3403.78881836, 9709.58984375, 3090.51611328, 1655.5057373, 1757.70019531, 1217.39575195, 1784.42956543, 1097.48254395, 1176.21618652, 771.908569336, 453.936889648, 776.187561035, 1464.99707031, 1398.77697754, 430.004608154, 100.680938721, 41.5640258789, 16.6625995636, 3.63534235954, 0.448158353567, 0.0125284297392, 7.03831665305e-06, 9.69711333454e-09],
        "max": [10.126543045, 61.7218971252, 144.391433716, 136.029708862, 133.40612793, 390.842010498, 645.456970215, 604.48449707, 946.226257324, 1963.65039062, 2842.94799805, 2190.51342773, 5258.49755859, 2239.36328125, 2727.51318359, 2470.47265625, 3475.33300781, 1316.2454834, 2024.47570801, 1089.43664551, 396.350524902, 755.916748047, 418.527496338, 675.527648926, 583.762023926, 303.595825195, 218.87789917, 519.073852539, 567.778381348, 717.609802246, 737.480407715, 391.288818359, 179.465545654, 91.8503189087, 65.6771621704, 34.1801338196, 18.065776825, 3.09563326836, 0.0687257871032, 0.0020239870064],
        "mean": [0.594701945782, 2.91821479797, 3.69635677338, 3.38857960701, 3.21694636345, 4.37915325165, 5.57535600662, 4.45238304138, 13.0032577515, 35.8439674377, 26.7975177765, 21.5680007935, 35.8007850647, 30.6824474335, 23.6000442505, 24.810503006, 24.8217964172, 21.6099357605, 24.8100910187, 18.8983230591, 15.3049173355, 18.0492286682, 13.843205452, 15.1376543045, 11.2279567719, 8.43567562103, 7.64897012711, 8.90067863464, 10.8518543243, 11.0120220184, 11.0849018097, 7.37937450409, 3.71077728271, 2.28876161575, 1.46012365818, 0.631707906723, 0.201805248857, 0.039918821305, 0.000921690603718, 6.77073112456e-05],
        "median": [0.191662743688, 0.897894024849, 0.761973619461, 0.596209764481, 0.954405784607, 1.64435386658, 1.54517805576, 1.34647774696, 2.09702968597, 3.27181887627, 3.21611022949, 3.16950201988, 3.13798046112, 3.53872823715, 3.01809954643, 3.1757349968, 4.65246295929, 3.75077319145, 4.10959911346, 4.30961465836, 3.48159742355, 5.23480701447, 4.20652580261, 3.92770242691, 3.29112815857, 2.68189001083, 2.05562067032, 2.75586557388, 3.62973308563, 2.7146191597, 1.81726801395, 1.03587079048, 0.533464074135, 0.262445569038, 0.14448274672, 0.0655580982566, 0.0209268331528, 0.00337826972827, 9.16179124033e-05, 3.28925088979e-05],
        "min": [2.63858624719e-22, 2.82627279106e-21, 7.19095894591e-21, 2.31232944178e-20, 8.63521435672e-20, 1.3069893118e-19, 2.33324618991e-19, 1.70042316526e-19, 3.25655010103e-19, 8.0711202182e-19, 7.84833876575e-19, 7.39909077122e-19, 7.51068674164e-19, 5.1420504047e-19, 1.639355962e-18, 2.94243529445e-18, 2.50133358138e-18, 2.69382057787e-18, 5.82917734543e-18, 4.67266097584e-18, 4.97818220304e-18, 1.23040022462e-17, 9.74587092842e-18, 9.78479556651e-18, 1.38301091173e-17, 1.77228045364e-17, 1.28367106966e-17, 1.59548052387e-17, 1.44479700215e-17, 1.62758720848e-17, 1.24570918709e-17, 1.42064796047e-17, 1.39010365461e-17, 1.06269828897e-17, 6.91040869874e-18, 5.17238932162e-18, 2.66052345629e-18, 1.23126413205e-18, 3.59621605144e-19, 3.1653339222e-20],
        "var": [1.02606225014, 42.7122802734, 122.474067688, 99.6124725342, 73.2693328857, 85.5122756958, 272.7371521, 229.521453857, 1493.6730957, 10298.4404297, 9120.06933594, 5193.03027344, 20539.96875, 10736.984375, 5148.79833984, 7958.29248047, 7146.77490234, 2504.23754883, 4760.54638672, 1668.38244629, 885.844421387, 1122.01586914, 581.197387695, 1102.01342773, 529.191162109, 390.938171387, 344.361480713, 322.271972656, 468.676422119, 965.381896973, 1231.28527832, 446.816894531, 96.4747467041, 36.739151001, 13.4868412018, 2.98155236244, 0.360662043095, 0.0110568087548, 5.73190072828e-06, 9.73048930319e-09]
    },
    "gfcc": {
        "mean": [-28.4794960022, 52.2869987488, -106.307502747, 39.6702575684, -57.6670074463, 21.8681793213, -32.2278518677, 15.6888456345, -16.3286533356, 9.12614154816, -15.4785041809, 9.16860961914, -11.7564306259],
        "cov": [[9460.54199219, 315.866821289, 653.400146484, -510.994262695, 39.6582336426, 585.972045898, 54.2291946411, 327.597473145, 147.742492676, 214.324279785, -134.057632446, 71.7418136597, -461.708404541], [315.866821289, 2270.41650391, 271.780517578, 244.410629272, 491.323272705, 70.0538787842, 398.5859375, 112.118690491, 185.833251953, -65.1988143921, 121.995262146, -143.316238403, -4.07642507553], [653.400146484, 271.780517578, 2100.09790039, 886.274719238, 497.812896729, 457.535980225, 233.241287231, 179.256546021, 87.3937301636, 31.8841705322, -34.6516304016, 59.8547515869, -53.9566040039], [-510.994262695, 244.410629272, 886.274719238, 901.192626953, 408.4246521, 172.201934814, 95.5165405273, 46.0646591187, 87.1169509888, -36.441204071, 3.72119832039, 0.791634082794, 75.7905044556], [39.6582336426, 491.323272705, 497.812896729, 408.4246521, 570.09576416, 263.847961426, 233.140609741, 106.526306152, 103.230529785, 24.0258769989, 15.1782455444, 2.55676317215, 10.4332017899], [585.972045898, 70.0538787842, 457.535980225, 172.201934814, 263.847961426, 466.965881348, 259.973236084, 118.679550171, 43.0502853394, 58.9186897278, 26.9223136902, 8.91247558594, -28.7407016754], [54.2291946411, 398.5859375, 233.241287231, 95.5165405273, 233.140609741, 259.973236084, 447.17175293, 181.63923645, 60.5929756165, 19.253818512, 59.6583709717, 15.8823852539, 10.9317264557], [327.597473145, 112.118690491, 179.256546021, 46.0646591187, 106.526306152, 118.679550171, 181.63923645, 248.874404907, 115.43397522, 24.6491088867, 20.3908691406, 15.7587785721, -35.7842140198], [147.742492676, 185.833251953, 87.3937301636, 87.1169509888, 103.230529785, 43.0502853394, 60.5929756165, 115.43397522, 219.604919434, 82.3314361572, 19.3951587677, -7.86416339874, -7.64364624023], [214.324279785, -65.1988143921, 31.8841705322, -36.441204071, 24.0258769989, 58.9186897278, 19.253818512, 24.6491088867, 82.3314361572, 164.168640137, 46.104347229, 10.1487150192, -15.5918111801], [-134.057632446, 121.995262146, -34.6516304016, 3.72119832039, 15.1782455444, 26.9223136902, 59.6583709717, 20.3908691406, 19.3951587677, 46.104347229, 135.97593689, 35.8494911194, -0.380414128304], [71.7418136597, -143.316238403, 59.8547515869, 0.791634082794, 2.55676317215, 8.91247558594, 15.8823852539, 15.7587785721, -7.86416339874, 10.1487150192, 35.8494911194, 144.4087677, 40.4035873413], [-461.708404541, -4.07642507553, -53.9566040039, 75.7905044556, 10.4332017899, -28.7407016754, 10.9317264557, -35.7842140198, -7.64364624023, -15.5918111801, -0.380414128304, 40.4035873413, 178.834518433]],
        "icov": [[0.00017821486108, -0.000162237498444, -2.58218142335e-06, 7.96657259343e-05, 0.000152653592522, -0.000381924124667, 0.000291992066195, -0.000250985554885, 0.000103739155747, -0.00028774808743, 0.00048305929522, -0.000427683844464, 0.000360512844054], [-0.000162237498444, 0.0011483153794, -0.000305267807562, 0.000470619037515, -0.00107738131192, 0.00110537023284, -0.00112183275633, 0.000956547155511, -0.00120372348465, 0.00154721946456, -0.00184272532351, 0.0017361008795, -0.000496465305332], [-2.58218142335e-06, -0.000305267807562, 0.00127051502932, -0.00137790373992, 0.000408908439567, -0.000824776478112, 0.000208046389162, -0.0006190512795, 0.000771715713199, -0.000955554889515, 0.00128162140027, -0.00118799647316, 0.000881470739841], [7.96657259343e-05, 0.000470619037515, -0.00137790373992, 0.00346758682281, -0.00190869055223, 0.000463562930236, 0.000323182437569, 0.000749844242819, -0.00160320778377, 0.00215663318522, -0.00183197378647, 0.00152590940706, -0.00158189551439], [0.000152653592522, -0.00107738131192, 0.000408908439567, -0.00190869055223, 0.0047548385337, -0.00206003128551, -0.000184724107385, -0.000448411068646, 0.000195760396309, -0.00153534812853, 0.00229557370767, -0.00190171657596, 0.000923976011109], [-0.000381924124667, 0.00110537023284, -0.000824776478112, 0.000463562930236, -0.00206003128551, 0.00576955126598, -0.00303565897048, 0.000847678922582, -0.000101625009847, 5.73391007492e-05, -0.00186911935452, 0.00213942094706, -0.000490225967951], [0.000291992066195, -0.00112183275633, 0.000208046389162, 0.000323182437569, -0.000184724107385, -0.00303565897048, 0.00634552771226, -0.00398911163211, 0.00177608570084, -0.000734509492759, 5.0381931942e-05, -0.00107126869261, -0.000755085609853], [-0.000250985554885, 0.000956547155511, -0.0006190512795, 0.000749844242819, -0.000448411068646, 0.000847678922582, -0.00398911163211, 0.00942336954176, -0.00546837830916, 0.00302958115935, -0.0013613399351, 0.000199815651285, 0.00114345003385], [0.000103739155747, -0.00120372348465, 0.000771715713199, -0.00160320778377, 0.000195760396309, -0.000101625009847, 0.00177608570084, -0.00546837830916, 0.0102551626042, -0.00624654395506, 0.0023079039529, -0.000724113022443, -1.56369314936e-05], [-0.00028774808743, 0.00154721946456, -0.000955554889515, 0.00215663318522, -0.00153534812853, 5.73391007492e-05, -0.000734509492759, 0.00302958115935, -0.00624654395506, 0.0121055757627, -0.00577810965478, 0.00233501708135, -0.000911411596462], [0.00048305929522, -0.00184272532351, 0.00128162140027, -0.00183197378647, 0.00229557370767, -0.00186911935452, 5.0381931942e-05, -0.0013613399351, 0.0023079039529, -0.00577810965478, 0.0133448606357, -0.00588383339345, 0.00261100544594], [-0.000427683844464, 0.0017361008795, -0.00118799647316, 0.00152590940706, -0.00190171657596, 0.00213942094706, -0.00107126869261, 0.000199815651285, -0.000724113022443, 0.00233501708135, -0.00588383339345, 0.0117172347382, -0.0039966092445], [0.000360512844054, -0.000496465305332, 0.000881470739841, -0.00158189551439, 0.000923976011109, -0.000490225967951, -0.000755085609853, 0.00114345003385, -1.56369314936e-05, -0.000911411596462, 0.00261100544594, -0.0039966092445, 0.00841819960624]]
    },
    "melbands": {
        "dmean": [0.00335707305931, 0.00248199841008, 0.000679584161844, 0.000267688999884, 0.000184020987945, 9.24200285226e-05, 0.000250553333899, 0.000425960170105, 0.000205563468626, 0.000126695682411, 0.00018844884471, 0.000125075821416, 7.00482632965e-05, 7.54975553718e-05, 6.36228942312e-05, 3.93055379391e-05, 3.34945507348e-05, 3.52644419763e-05, 2.49661097769e-05, 1.73945500137e-05, 1.52493594214e-05, 1.51118420035e-05, 1.40998417919e-05, 9.50528556132e-06, 1.04554965219e-05, 7.95461619418e-06, 6.08836762694e-06, 4.69082715426e-06, 4.37269454778e-06, 3.43132023772e-06, 4.19588059231e-06, 4.77182265968e-06, 4.57807709608e-06, 5.36085599379e-06, 5.64269566894e-06, 4.72243391414e-06, 3.82327016268e-06, 2.38751636061e-06, 1.85013152532e-06, 1.5977421981e-06],
        "dmean2": [0.00515657383949, 0.00410447735339, 0.00124876399059, 0.000470472761663, 0.000302650034428, 0.000151339598233, 0.000406280712923, 0.000693982699886, 0.000331954273861, 0.000198592300876, 0.000303247012198, 0.000199610512936, 0.000110310422315, 0.000127689461806, 0.00010168456356, 6.17384066572e-05, 5.11839425599e-05, 5.59701802558e-05, 4.02332516387e-05, 2.86120703095e-05, 2.47198768193e-05, 2.3923930712e-05, 2.28940880334e-05, 1.55842899403e-05, 1.65249311976e-05, 1.27549847093e-05, 1.02030298876e-05, 7.88002034824e-06, 7.07920889909e-06, 5.36450534128e-06, 6.3553666223e-06, 7.33159185984e-06, 6.92211733622e-06, 8.18377793621e-06, 8.44504120323e-06, 7.26225744074e-06, 5.77860737394e-06, 3.5218110952e-06, 2.71441422228e-06, 2.32427782976e-06],
        "dvar": [5.72004501009e-05, 5.36655861652e-05, 4.78882748212e-06, 4.29935113289e-07, 2.39544760916e-07, 1.15021137503e-07, 5.350605079e-07, 1.17510376185e-06, 4.84184795368e-07, 1.88281546798e-07, 5.15454075867e-07, 1.73474518306e-07, 5.50568692859e-08, 7.96040708906e-08, 8.01301922593e-08, 1.30184343305e-08, 7.084058673e-09, 1.16311289489e-08, 5.95134297399e-09, 1.6143220094e-09, 1.07495090607e-09, 9.98536475727e-10, 7.12772896261e-10, 4.08075045977e-10, 6.61244725642e-10, 3.40421080214e-10, 2.8333208002e-10, 1.95582883222e-10, 1.73182052032e-10, 7.65392957347e-11, 8.09796257828e-11, 1.07256058202e-10, 1.46789261302e-10, 2.86987156262e-10, 2.88907731072e-10, 1.33057218021e-10, 8.1006951147e-11, 3.02270951325e-11, 1.74160841998e-11, 1.47157824121e-11],
        "dvar2": [0.000130117201479, 0.000138771982165, 1.35932077683e-05, 1.16999478905e-06, 5.73282534333e-07, 2.7830716931e-07, 1.33342439312e-06, 2.90243337986e-06, 1.18572256724e-06, 4.34106652847e-07, 1.25016674701e-06, 4.05492897926e-07, 1.36684860763e-07, 2.16678728293e-07, 1.96433362021e-07, 3.17392370164e-08, 1.50481707095e-08, 2.91730088975e-08, 1.54109436323e-08, 3.92964993878e-09, 2.66911515112e-09, 2.31686292373e-09, 1.73096614819e-09, 1.01083730275e-09, 1.49374690395e-09, 8.12101885739e-10, 7.48619943813e-10, 5.32267285802e-10, 4.45030984286e-10, 1.80039441688e-10, 1.81224674156e-10, 2.55181459297e-10, 3.49003548283e-10, 6.46450559749e-10, 6.22016937957e-10, 2.87229795504e-10, 1.65657002005e-10, 6.27257135122e-11, 3.67426436498e-11, 2.98989340231e-11],
        "max": [0.07194429636, 0.0746412798762, 0.0218055453151, 0.0173874963075, 0.0169938933104, 0.0131221534684, 0.017232786864, 0.0211702864617, 0.0192480385303, 0.0152154853567, 0.0255668461323, 0.00905051548034, 0.00942723825574, 0.00805957335979, 0.00969621352851, 0.00377718685195, 0.00290898163803, 0.00339449429885, 0.00408605393022, 0.00109472870827, 0.000565905764233, 0.000967761152424, 0.00040526027442, 0.000474817818031, 0.000652709859423, 0.000477472640341, 0.000391678710002, 0.000205487507628, 0.000172730273334, 0.00020410423167, 0.000313447875669, 0.000291972100968, 0.000536329112947, 0.000471950421343, 0.000470239087008, 0.000438555231085, 0.000235443541897, 0.000143827084685, 9.82732817647e-05, 8.77554994076e-05],
        "mean": [0.00478243874386, 0.0026338538155, 0.000588573631831, 0.00026372942375, 0.000199818052351, 9.91523993434e-05, 0.000241056928644, 0.000392238580389, 0.000192435676581, 0.00013891395065, 0.000181205716217, 0.000127559935208, 7.65124714235e-05, 7.02059987816e-05, 6.65707339067e-05, 4.4831456762e-05, 3.95864954044e-05, 4.05977334594e-05, 3.02105418086e-05, 1.96373475774e-05, 1.77616548171e-05, 1.85090593732e-05, 1.62250453286e-05, 1.0917930922e-05, 1.25477363326e-05, 9.69069424173e-06, 6.58468707115e-06, 5.20684534422e-06, 4.83560916109e-06, 4.45196246801e-06, 5.4596434893e-06, 6.15429689788e-06, 5.7918841776e-06, 6.41037104288e-06, 6.69327528158e-06, 5.29685303263e-06, 4.27900386057e-06, 2.72785678135e-06, 2.0665008833e-06, 1.85356043403e-06],
        "median": [0.00162765907589, 0.000798085064162, 0.000123182020616, 9.92249406409e-05, 6.35844189674e-05, 2.7554886401e-05, 3.2116418879e-05, 3.53653231286e-05, 2.04763437068e-05, 1.62416617968e-05, 1.45051553773e-05, 1.28188221424e-05, 9.83924292086e-06, 6.66674532113e-06, 8.7104326667e-06, 8.12210964796e-06, 5.79041943638e-06, 5.7194092733e-06, 5.89472710999e-06, 4.17008322984e-06, 3.75538525077e-06, 4.9722057156e-06, 4.52776248494e-06, 3.10791074298e-06, 2.89609261017e-06, 2.54003361988e-06, 1.80376014214e-06, 1.48701008129e-06, 1.22731239571e-06, 1.27820385387e-06, 1.62088576872e-06, 2.00458862309e-06, 1.76276807906e-06, 1.32788238716e-06, 1.04095261122e-06, 7.24429810361e-07, 5.66923063161e-07, 3.85751832255e-07, 2.437666069e-07, 2.00630637437e-07],
        "min": [3.82369361015e-24, 3.8213226887e-24, 4.95268057213e-24, 6.92161862142e-24, 8.27558476927e-24, 4.00699648553e-24, 6.14327125992e-24, 9.00061657206e-24, 7.30351880742e-24, 3.95894262906e-24, 3.64652649489e-24, 1.98818171943e-24, 4.46544260617e-24, 5.98881150581e-24, 6.00590020517e-24, 6.4163760886e-24, 4.34032611116e-24, 7.55951442635e-24, 9.67438424893e-24, 3.84639623814e-24, 5.7279434875e-24, 1.15297290889e-23, 1.20232459932e-23, 6.63397705841e-24, 7.43426461385e-24, 1.00704973419e-23, 1.13176375236e-23, 1.05408485568e-23, 6.91483362878e-24, 1.16505155264e-23, 7.29717084371e-24, 7.7822280037e-24, 6.72318539388e-24, 9.75097396536e-24, 7.6456178053e-24, 6.69964578447e-24, 8.77865241258e-24, 9.67376578198e-24, 9.3014542003e-24, 8.43724603457e-24],
        "var": [7.15323840268e-05, 4.34901849076e-05, 2.86799900096e-06, 3.36308630722e-07, 2.46958506978e-07, 1.11566954786e-07, 5.21564459177e-07, 1.16654871363e-06, 4.79201901271e-07, 2.39976856165e-07, 5.34240768957e-07, 2.02412010708e-07, 5.96132068154e-08, 6.97437272379e-08, 8.68232135076e-08, 1.47107801496e-08, 9.99615235031e-09, 1.43527962848e-08, 6.25874863047e-09, 1.94146121402e-09, 1.34456246137e-09, 1.40154754469e-09, 8.5642815062e-10, 4.79505712914e-10, 8.80802264458e-10, 4.39990238688e-10, 2.53586845966e-10, 1.6949285031e-10, 1.68464270311e-10, 1.03558002451e-10, 1.21271048759e-10, 1.49936799088e-10, 1.85276974318e-10, 4.07899908295e-10, 5.04018493608e-10, 2.45330533666e-10, 1.55931739743e-10, 5.58644762394e-11, 2.93200151658e-11, 2.54637717162e-11]
    },
    "mfcc": {
        "mean": [-679.205993652, 84.3435974121, 12.3119573593, 23.1126346588, 2.81675291061, 10.7329359055, -2.94449257851, 11.0707445145, 3.26725673676, 5.31826925278, 5.48173904419, 1.6885266304, 0.954668104649],
        "cov": [[9102.51269531, 637.311096191, -370.923065186, -890.580383301, 61.4587364197, 23.0583248138, 7.40768527985, 188.451171875, -13.2881937027, 96.7559814453, 349.976623535, 214.172164917, 95.3811721802], [637.311096191, 1907.40136719, -10.7588405609, 183.810623169, 131.101028442, 135.305435181, 248.738388062, 216.383834839, 152.545578003, 84.4205093384, 199.036819458, 126.566146851, 40.1123809814], [-370.923065186, -10.7588405609, 1674.28393555, 622.235961914, 441.046203613, 353.32244873, 272.979827881, 234.434692383, 162.674850464, 115.612236023, -1.81264221668, 62.3279304504, 46.6231994629], [-890.580383301, 183.810623169, 622.235961914, 768.975952148, 370.821289062, 188.626022339, 94.4998550415, 136.622817993, 133.71546936, 54.4288368225, -28.5324306488, -3.50927090645, 38.034526825], [61.4587364197, 131.101028442, 441.046203613, 370.821289062, 507.686096191, 249.245880127, 78.6203231812, 123.235572815, 110.568916321, 82.7976150513, 29.7407531738, 49.150352478, 34.836769104], [23.0583248138, 135.305435181, 353.32244873, 188.626022339, 249.245880127, 397.074157715, 228.727996826, 107.171829224, 116.901199341, 82.4457015991, 45.8231048584, 46.1821060181, 20.0941963196], [7.40768527985, 248.738388062, 272.979827881, 94.4998550415, 78.6203231812, 228.727996826, 408.428619385, 206.856307983, 106.743247986, 70.2281036377, 65.6110610962, 63.0241928101, 30.8368549347], [188.451171875, 216.383834839, 234.434692383, 136.622817993, 123.235572815, 107.171829224, 206.856307983, 329.140258789, 135.408676147, 43.9799499512, 79.6188278198, 58.2142295837, 61.5784873962], [-13.2881937027, 152.545578003, 162.674850464, 133.71546936, 110.568916321, 116.901199341, 106.743247986, 135.408676147, 241.810379028, 107.638595581, 18.1086673737, 23.0523891449, 35.5137710571], [96.7559814453, 84.4205093384, 115.612236023, 54.4288368225, 82.7976150513, 82.4457015991, 70.2281036377, 43.9799499512, 107.638595581, 203.504638672, 96.1766204834, 40.0182304382, 11.4099121094], [349.976623535, 199.036819458, -1.81264221668, -28.5324306488, 29.7407531738, 45.8231048584, 65.6110610962, 79.6188278198, 18.1086673737, 96.1766204834, 238.606933594, 108.373580933, 10.5381240845], [214.172164917, 126.566146851, 62.3279304504, -3.50927090645, 49.150352478, 46.1821060181, 63.0241928101, 58.2142295837, 23.0523891449, 40.0182304382, 108.373580933, 165.779815674, 39.651966095], [95.3811721802, 40.1123809814, 46.6231994629, 38.034526825, 34.836769104, 20.0941963196, 30.8368549347, 61.5784873962, 35.5137710571, 11.4099121094, 10.5381240845, 39.651966095, 152.157012939]],
