{
"lowlevel": {
    "average_loudness": 0.791681289673,
    "barkbands_crest": {
        "dmean": 3.444627285,
        "dmean2": 5.56046724319,
        "dvar": 9.13516902924,
        "dvar2": 23.1407184601,
        "max": 26.4510135651,
        "mean": 11.8179607391,
        "median": 10.9166307449,
        "min": 2.16771674156,
        "var": 26.382642746
    },
    "barkbands_flatness_db": {
        "dmean": 0.0361933596432,
        "dmean2": 0.0542879328132,
        "dvar": 0.00129548762925,
        "dvar2": 0.00276925344951,
        "max": 0.522369265556,
        "mean": 0.163266137242,
        "median": 0.154480084777,
        "min": 0.0199351813644,
        "var": 0.00542320311069
    },
    "barkbands_kurtosis": {
        "dmean": 8.74422931671,
        "dmean2": 13.7836427689,
        "dvar": 446.274597168,
        "dvar2": 1060.57275391,
        "max": 544.83203125,
        "mean": 10.1724481583,
        "median": 3.23693799973,
        "min": -1.96208441257,
        "var": 580.255065918
    },
    "barkbands_skewness": {
        "dmean": 1.06403446198,
        "dmean2": 1.5730535984,
        "dvar": 1.51148664951,
        "dvar2": 3.17438817024,
        "max": 19.1651973724,
        "mean": 1.84434151649,
        "median": 1.56901586056,
        "min": -7.02171421051,
        "var": 4.09319210052
    },
    "barkbands_spread": {
        "dmean": 9.08695030212,
        "dmean2": 14.5244445801,
        "dvar": 159.378936768,
        "dvar2": 400.983032227,
        "max": 117.468414307,
        "mean": 20.0573501587,
        "median": 15.5146226883,
        "min": 0.21823720634,
        "var": 293.122924805
    },
    "dissonance": {
        "dmean": 0.029552012682,
        "dmean2": 0.0481874793768,
        "dvar": 0.00110906374175,
        "dvar2": 0.00267447391525,
        "max": 0.500000298023,
        "mean": 0.445789575577,
        "median": 0.463185995817,
        "min": 0.0889272764325,
        "var": 0.00297838053666
    },
    "dynamic_complexity": 5.10713624954,
    "erbbands_crest": {
        "dmean": 3.59627437592,
        "dmean2": 5.87804698944,
        "dvar": 10.8339548111,
        "dvar2": 27.2605648041,
        "max": 32.3989181519,
        "mean": 10.7191486359,
        "median": 9.49439430237,
        "min": 2.4122774601,
        "var": 26.7380561829
    },
    "erbbands_flatness_db": {
        "dmean": 0.0299382600933,
        "dmean2": 0.0442910045385,
        "dvar": 0.000851094606332,
        "dvar2": 0.00177023152355,
        "max": 0.426255166531,
        "mean": 0.180103734136,
        "median": 0.174387022853,
        "min": 0.0437287166715,
        "var": 0.00346928462386
    },
    "erbbands_kurtosis": {
        "dmean": 2.63371944427,
        "dmean2": 4.22339773178,
        "dvar": 25.4384536743,
        "dvar2": 62.2166175842,
        "max": 115.003791809,
        "mean": 2.41022324562,
        "median": 0.715963602066,
        "min": -1.89722144604,
        "var": 35.4581947327
    },
    "erbbands_skewness": {
        "dmean": 0.691177785397,
        "dmean2": 1.05438530445,
        "dvar": 0.529094398022,
        "dvar2": 1.1485683918,
        "max": 8.86643028259,
        "mean": 0.602000057697,
        "median": 0.614581525326,
        "min": -6.06478309631,
        "var": 1.66506540775
    },
    "erbbands_spread": {
        "dmean": 13.7854757309,
        "dmean2": 21.433555603,
        "dvar": 286.521636963,
        "dvar2": 681.380004883,
        "max": 179.730041504,
        "mean": 36.3345413208,
        "median": 30.8830680847,
        "min": 1.42457389832,
        "var": 598.774719238
    },
    "hfc": {
        "dmean": 8.24973583221,
        "dmean2": 12.3325014114,
        "dvar": 131.48638916,
        "dvar2": 296.242401123,
        "max": 171.578842163,
        "mean": 17.639465332,
        "median": 12.0168523788,
        "min": 1.1636220992e-16,
        "var": 345.776245117
    },
    "melbands_crest": {
        "dmean": 4.48837327957,
        "dmean2": 7.34223985672,
        "dvar": 16.4395771027,
        "dvar2": 40.9463806152,
        "max": 37.4534072876,
        "mean": 15.6134881973,
        "median": 15.0317974091,
        "min": 2.07638430595,
        "var": 41.6305465698
    },
    "melbands_flatness_db": {
        "dmean": 0.0439060926437,
        "dmean2": 0.0642209425569,
        "dvar": 0.00197008159012,
        "dvar2": 0.00395908532664,
        "max": 0.664179444313,
        "mean": 0.221573263407,
        "median": 0.212335571647,
        "min": 0.0064580226317,
        "var": 0.00924616586417
    },
    "melbands_kurtosis": {
        "dmean": 18.6673622131,
        "dmean2": 29.5576667786,
        "dvar": 1855.91809082,
        "dvar2": 4344.70214844,
        "max": 859.564758301,
        "mean": 23.9713230133,
        "median": 8.87181663513,
        "min": -1.92556893826,
        "var": 2514.06567383
    },
    "melbands_skewness": {
        "dmean": 1.34036135674,
        "dmean2": 2.0215780735,
        "dvar": 2.64972996712,
        "dvar2": 5.75238132477,
        "max": 21.4777603149,
        "mean": 2.90076398849,
        "median": 2.36850070953,
        "min": -4.01820230484,
        "var": 6.6800570488
    },
    "melbands_spread": {
        "dmean": 13.267580986,
        "dmean2": 21.179391861,
        "dvar": 639.082580566,
        "dvar2": 1491.80395508,
        "max": 301.700958252,
        "mean": 25.4708843231,
        "median": 15.7516736984,
        "min": 0.349189668894,
        "var": 1055.5982666
    },
    "pitch_salience": {
        "dmean": 0.104129508138,
        "dmean2": 0.166735306382,
        "dvar": 0.00941139739007,
        "dvar2": 0.0231972336769,
        "max": 0.967360913754,
        "mean": 0.562158048153,
        "median": 0.578941345215,
        "min": 0.0645670369267,
        "var": 0.0285318102688
    },
    "silence_rate_20dB": {
        "dmean": 0,
        "dmean2": 0,
        "dvar": 0,
        "dvar2": 0,
        "max": 1,
        "mean": 1,
        "median": 1,
        "min": 1,
        "var": 0
    },
    "silence_rate_30dB": {
        "dmean": 0.0054689636454,
        "dmean2": 0.0109394229949,
        "dvar": 0.00543932523578,
        "dvar2": 0.0157434735447,
        "max": 1,
        "mean": 0.996719062328,
        "median": 1,
        "min": 0,
        "var": 0.003270462621
    },
    "silence_rate_60dB": {
        "dmean": 0.0738310068846,
        "dmean2": 0.147682204843,
        "dvar": 0.0683816894889,
        "dvar2": 0.146383151412,
        "max": 1,
        "mean": 0.185509234667,
        "median": 0,
        "min": 0,
        "var": 0.151102364063
    },
    "spectral_centroid": {
        "dmean": 413.758178711,
        "dmean2": 624.006103516,
        "dvar": 317610.53125,
        "dvar2": 602649.25,
        "max": 11100.8037109,
        "mean": 1385.0880127,
        "median": 1162.90991211,
        "min": 111.675765991,
        "var": 962240.6875
    },
    "spectral_complexity": {
        "dmean": 3.93984150887,
        "dmean2": 5.97976207733,
        "dvar": 21.1657829285,
        "dvar2": 48.050239563,
        "max": 61,
        "mean": 12.3481884003,
        "median": 11,
        "min": 0,
        "var": 89.4047851562
    },
    "spectral_decrease": {
        "dmean": 2.89607093862e-09,
        "dmean2": 4.50361614668e-09,
        "dvar": 2.03582201659e-17,
        "dvar2": 5.07600574033e-17,
        "max": 1.74984575441e-11,
        "mean": -5.96164850819e-09,
        "median": -4.1210945767e-09,
        "min": -4.2057628491e-08,
        "var": 3.89892508169e-17
    },
    "spectral_energy": {
        "dmean": 0.0114875808358,
        "dmean2": 0.0178653746843,
        "dvar": 0.000306333997287,
        "dvar2": 0.000761998235248,
        "max": 0.161250218749,
        "mean": 0.0241006147116,
        "median": 0.0169743988663,
        "min": 1.05680255786e-20,
        "var": 0.000600751372986
    },
    "spectral_energyband_high": {
        "dmean": 0.000494652311318,
        "dmean2": 0.000736629008316,
        "dvar": 1.04555169855e-06,
        "dvar2": 2.14015381061e-06,
        "max": 0.0231018960476,
        "mean": 0.000781602517236,
        "median": 0.000200984577532,
        "min": 7.56064567182e-21,
        "var": 2.43609088102e-06
    },
    "spectral_energyband_low": {
        "dmean": 0.00493724830449,
        "dmean2": 0.00769962184131,
        "dvar": 0.000197752917302,
        "dvar2": 0.000498495181091,
        "max": 0.140611439943,
        "mean": 0.00815094169229,
        "median": 0.000495229382068,
        "min": 7.34455882269e-23,
        "var": 0.000311575102387
    },
    "spectral_energyband_middle_high": {
        "dmean": 0.0023563655559,
        "dmean2": 0.00345605541952,
        "dvar": 1.55668858497e-05,
        "dvar2": 3.23348504025e-05,
        "max": 0.0781077593565,
        "mean": 0.00434616627172,
        "median": 0.00159580167383,
        "min": 1.53323702261e-21,
        "var": 4.54247747257e-05
    },
    "spectral_energyband_middle_low": {
        "dmean": 0.00712611852214,
        "dmean2": 0.0113268326968,
        "dvar": 0.000123536752653,
        "dvar2": 0.000304689165205,
        "max": 0.123260118067,
        "mean": 0.0115060312673,
        "median": 0.00629414664581,
        "min": 3.03562738763e-22,
        "var": 0.000216653163079
    },
    "spectral_entropy": {
        "dmean": 0.30394333601,
        "dmean2": 0.45307135582,
        "dvar": 0.111291065812,
        "dvar2": 0.228093266487,
        "max": 9.80464172363,
        "mean": 7.44589042664,
        "median": 7.50473737717,
        "min": 4.07700252533,
        "var": 0.435280352831
    },
    "spectral_flux": {
        "dmean": 0.0337418504059,
        "dmean2": 0.0526123084128,
        "dvar": 0.00155225617345,
        "dvar2": 0.00329364370555,
        "max": 0.367841273546,
        "mean": 0.0914653912187,
        "median": 0.0831502005458,
        "min": 6.97438565234e-11,
        "var": 0.00392968254164
    },
    "spectral_kurtosis": {
        "dmean": 2.51931333542,
        "dmean2": 3.98268866539,
        "dvar": 16.2648773193,
        "dvar2": 36.4205818176,
        "max": 122.738861084,
        "mean": 5.42652368546,
        "median": 3.94426870346,
        "min": -1.25325500965,
        "var": 36.0198059082
    },
    "spectral_rms": {
        "dmean": 0.00111963122617,
        "dmean2": 0.00166865973733,
        "dvar": 1.74685965248e-06,
        "dvar2": 4.03461990572e-06,
        "max": 0.0125426193699,
        "mean": 0.00412748195231,
        "median": 0.00406944565475,
        "min": 3.21096079413e-12,
        "var": 6.47665729048e-06
    },
    "spectral_rolloff": {
        "dmean": 852.89465332,
        "dmean2": 1423.50463867,
        "dvar": 2905831.75,
        "dvar2": 6019292,
        "max": 19078.4179688,
        "mean": 1802.7364502,
        "median": 990.52734375,
        "min": 21.533203125,
        "var": 5719870.5
    },
    "spectral_skewness": {
        "dmean": 0.369190007448,
        "dmean2": 0.558504223824,
        "dvar": 0.178107485175,
        "dvar2": 0.38088530302,
        "max": 9.58723640442,
        "mean": 1.68625760078,
        "median": 1.57724118233,
        "min": -0.244945928454,
        "var": 0.614282548428
    },
    "spectral_spread": {
        "dmean": 973510.625,
        "dmean2": 1432009.5,
        "dvar": 1.78991713485e+12,
        "dvar2": 3.43109271552e+12,
        "max": 41642900,
        "mean": 4997427,
        "median": 4635534,
        "min": 969302.8125,
        "var": 4.61137824973e+12
    },
    "spectral_strongpeak": {
        "dmean": 0.561419606209,
        "dmean2": 0.892657637596,
        "dvar": 0.681039333344,
        "dvar2": 1.57834458351,
        "max": 10.4564199448,
        "mean": 0.997830212116,
        "median": 0.540054440498,
        "min": 0,
        "var": 1.52925908566
    },
    "zerocrossingrate": {
        "dmean": 0.0182220898569,
        "dmean2": 0.0205785874277,
        "dvar": 0.00082731974544,
        "dvar2": 0.000879410945345,
        "max": 0.5517578125,
        "mean": 0.0679219588637,
        "median": 0.04931640625,
        "min": 0,
        "var": 0.00411748373881
    },
    "barkbands": {
        "dmean": [0.000125865524751, 0.00256718602031, 0.00250255037099, 0.00131035479717, 0.00190363847651, 0.00166614586487, 0.00154298380949, 0.0015988299856, 0.00158777821343, 0.000658470962662, 0.000544152979273, 0.000582894135732, 0.0004245149903, 0.00031719674007, 0.000270470045507, 0.000203970412258, 0.00023206921469, 0.000173840380739, 0.000137204566272, 0.000126258644741, 0.000124337850139, 9.24884807318e-05, 8.7721455202e-05, 8.24319286039e-05, 6.57133132336e-05, 3.27937159454e-05, 4.3435616135e-06],
        "dmean2": [0.000200340800802, 0.00380074349232, 0.00435928907245, 0.00228683161549, 0.00304754590616, 0.00265119667165, 0.00250925938599, 0.00253166095354, 0.00257267942652, 0.00108041800559, 0.000847508257721, 0.00090803479543, 0.000668327673338, 0.000503141316585, 0.00042215565918, 0.000325654487824, 0.000352843751898, 0.000271224795142, 0.000214520579902, 0.000197676476091, 0.000191808823729, 0.000141832657391, 0.000132741231937, 0.000127312887344, 0.000101484183688, 5.09885612701e-05, 7.2902375905e-06],
        "dvar": [1.5452212665e-07, 4.36700865976e-05, 8.55721882544e-05, 2.09734971577e-05, 2.11061687878e-05, 1.963226714e-05, 1.7639122234e-05, 2.36452269746e-05, 1.62528704095e-05, 2.53596681432e-06, 2.99713633467e-06, 3.90744025935e-06, 2.08353753806e-06, 9.48786635036e-07, 5.45991099443e-07, 6.10110532762e-07, 3.70819606132e-07, 1.73525620539e-07, 1.33220595444e-07, 1.09241774737e-07, 8.27300326023e-08, 4.96419261253e-08, 7.90369298898e-08, 6.70234712175e-08, 4.54960797924e-08, 1.33329276508e-08, 3.10916098423e-10],
        "dvar2": [3.89180883076e-07, 9.95855516521e-05, 0.000231536119827, 5.72869394091e-05, 5.02573602716e-05, 4.4910593715e-05, 4.20653923356e-05, 5.1775798056e-05, 3.86850952054e-05, 6.04920842306e-06, 6.01136980549e-06, 8.7888302005e-06, 4.68462576464e-06, 2.27415148402e-06, 1.27435203012e-06, 1.50568484969e-06, 7.93941012489e-07, 3.97949690978e-07, 3.0337881185e-07, 2.51813702334e-07, 1.82672849292e-07, 1.10433624911e-07, 1.65675146491e-07, 1.46185158201e-07, 1.00264145431e-07, 3.19746789046e-08, 7.88120069206e-10],
        "max": [0.00892207678407, 0.0996651723981, 0.0931951105595, 0.0538452416658, 0.100808866322, 0.0826500579715, 0.0720999538898, 0.116407185793, 0.0908644497395, 0.0344790406525, 0.0448543094099, 0.0714224949479, 0.0547065623105, 0.0199048928916, 0.0146491136402, 0.0386857911944, 0.0190947651863, 0.00945348478854, 0.0114526730031, 0.00679708225653, 0.00587460631505, 0.00694059254602, 0.00834450405091, 0.00862890854478, 0.00579705927521, 0.00197201571427, 0.000608727743383],
        "mean": [0.000160849303938, 0.00509753916413, 0.0023452306632, 0.0011544066947, 0.00247257039882, 0.00209991517477, 0.00180831982289, 0.001820523059, 0.00186935707461, 0.00073634047294, 0.000658720906358, 0.000695083756, 0.000525148643646, 0.000384097191272, 0.000346313754562, 0.000280800537439, 0.000335507327691, 0.000258879823377, 0.000198697875021, 0.000190584352822, 0.000196612920263, 0.000131777938805, 0.00011356316827, 0.000103129154013, 7.73153878981e-05, 3.54717922164e-05, 3.83700489692e-06],
        "median": [1.07533487608e-05, 8.63458262756e-05, 7.18095252523e-05, 6.53145834804e-05, 0.000766771903727, 0.00045338482596, 0.00032385106897, 0.000249415868893, 0.000272031844361, 0.000119189004181, 6.49465218885e-05, 7.67671444919e-05, 5.80872110731e-05, 4.96856227983e-05, 4.23998426413e-05, 5.0370592362e-05, 5.9958496422e-05, 5.17420412507e-05, 4.45245968876e-05, 3.59365258191e-05, 4.14747773902e-05, 2.73630230367e-05, 1.61124844453e-05, 1.91708841157e-05, 1.3474201296e-05, 5.56604936719e-06, 3.19519045888e-07],
        "min": [6.24345856703e-24, 3.21015964436e-23, 1.51238014612e-23, 1.05652046373e-23, 1.53655021317e-23, 1.92348964262e-23, 5.21787375702e-23, 8.76891976227e-23, 3.34007336031e-23, 2.57656739121e-23, 5.5176857083e-23, 1.15718750872e-22, 7.94514955319e-23, 4.69976001189e-23, 1.27875059556e-22, 1.18764801573e-22, 1.22150592578e-22, 8.26786308318e-23, 2.1974054992e-22, 3.47837096374e-22, 3.24320433348e-22, 4.36468130809e-22, 4.19469352126e-22, 8.31883384751e-22, 1.14072255536e-21, 1.59717852824e-21, 2.11926116512e-21],
        "var": [2.56404604215e-07, 0.000129769323394, 7.17472430551e-05, 1.580526623e-05, 2.84926099994e-05, 3.06174551952e-05, 2.44743860094e-05, 3.59900841431e-05, 2.67671748588e-05, 3.86946476283e-06, 5.67470897295e-06, 5.26577150595e-06, 3.5325058434e-06, 1.19411436117e-06, 8.92430705335e-07, 9.48502645315e-07, 7.13097392691e-07, 3.69605970718e-07, 2.73437649412e-07, 2.34205202787e-07, 2.07488184856e-07, 9.14603432989e-08, 1.34045507139e-07, 1.13079742903e-07, 6.07230958849e-08, 1.31416788562e-08, 2.71426853216e-10]
    },
    "erbbands": {
        "dmean": [0.0628019496799, 0.669080913067, 2.72535395622, 3.63778853416, 5.02668428421, 7.01805019379, 9.21741485596, 15.407951355, 20.3695392609, 28.2745571136, 33.5115737915, 36.7821998596, 25.171869278, 18.8958530426, 21.8930587769, 21.7681732178, 18.8345890045, 15.8852758408, 13.9888134003, 12.5068101883, 10.7842664719, 12.2934455872, 9.76793003082, 7.47814655304, 6.08364963531, 5.89630031586, 5.68025350571, 4.46120834351, 3.33650898933, 2.80714821815, 2.5166926384, 2.07404184341, 1.15441429615, 0.75494581461, 0.464329212904, 0.179370805621, 0.0547312609851, 0.0101253110915, 0.000715311267413, 3.09528659272e-05],
        "dmean2": [0.0935123413801, 1.02320945263, 4.6585149765, 6.31045246124, 8.38307952881, 11.1637096405, 14.5737571716, 24.4714031219, 32.7623901367, 45.3640937805, 52.3314247131, 59.0406723022, 40.8392028809, 30.0965595245, 33.1716690063, 33.3865280151, 29.1016616821, 24.7199230194, 21.6573581696, 19.1551380157, 16.635723114, 18.3111362457, 14.6856679916, 11.5238580704, 9.5459651947, 9.12753295898, 8.81527328491, 6.86747026443, 5.10329818726, 4.29045391083, 3.81046390533, 3.17841649055, 1.80902349949, 1.18163073063, 0.715616106987, 0.275735646486, 0.086988158524, 0.0161468852311, 0.0012133178534, 5.01431968587e-05],
        "dvar": [0.0286490060389, 3.29535579681, 92.5288238525, 166.170578003, 235.235748291, 366.813751221, 562.31842041, 2001.99768066, 3691.83276367, 6433.32421875, 10265.8164062, 9438.53222656, 4060.81811523, 2613.5625, 5041.98828125, 4524.66796875, 3908.51245117, 2273.10058594, 1465.40478516, 1879.91870117, 1308.58813477, 939.600769043, 521.241943359, 408.417114258, 243.652572632, 232.452407837, 206.248703003, 100.788154602, 56.7325668335, 72.9979171753, 67.4346923828, 51.0987968445, 11.6419649124, 6.07221794128, 2.51441001892, 0.356931179762, 0.0457867905498, 0.00132109317929, 8.85486588231e-06, 4.09439593341e-08],
        "dvar2": [0.0666151046753, 7.80099105835, 249.270950317, 456.350341797, 631.973510742, 799.378051758, 1246.64172363, 4678.8046875, 8802.84082031, 14804.9296875, 22382.6347656, 21427.5859375, 9939.07421875, 5968.37158203, 10160.4462891, 9913.72949219, 8681.09667969, 5470.38720703, 3392.59863281, 4791.26708984, 3068.75341797, 1988.94287109, 1140.87744141, 921.963989258, 569.08996582, 517.510559082, 447.766021729, 230.973861694, 121.59740448, 158.461517334, 142.867248535, 111.841499329, 24.7691726685, 13.9651403427, 5.40995168686, 0.801459372044, 0.114958442748, 0.00323623907752, 2.27240579989e-05, 1.10298891798e-07],
        "max": [4.38624382019, 20.5203952789, 90.1283035278, 153.175048828, 255.7628479, 600.475036621, 647.814086914, 958.477478027, 1195.71179199, 1567.01367188, 2670.22167969, 2896.97998047, 1367.5065918, 1421.84436035, 2398.16601562, 1490.1739502, 2288.55834961, 1148.34375, 958.425170898, 2276.32006836, 1827.9720459, 720.388183594, 617.138427734, 586.360168457, 376.370391846, 349.775543213, 364.858886719, 209.995132446, 220.332733154, 223.737411499, 225.489028931, 254.038864136, 132.786239624, 73.4759063721, 50.8410263062, 12.8857450485, 3.9345638752, 0.609277188778, 0.0753655731678, 0.0128750558943],
        "mean": [0.109718337655, 1.26573324203, 2.97832846642, 3.25686526299, 5.42508983612, 9.19707584381, 11.4350795746, 19.2850093842, 25.1068553925, 32.8226890564, 39.9078063965, 44.2218933105, 29.5978107452, 23.2446346283, 27.8317565918, 27.9620494843, 24.4319705963, 20.8019752502, 18.6532325745, 17.0037117004, 16.2195320129, 18.9890918732, 15.4348258972, 11.3182277679, 8.90556144714, 9.15326404572, 9.13102149963, 6.84292554855, 4.87690353394, 3.67223405838, 3.25759363174, 2.64387202263, 1.40020906925, 0.89892655611, 0.524659276009, 0.199126705527, 0.0568152070045, 0.0105450432748, 0.000614815973677, 4.578590233e-05],
        "median": [0.00276695424691, 0.0189013108611, 0.0915132686496, 0.350770443678, 1.04075312614, 2.24992918968, 2.65183329582, 3.85422515869, 4.78764677048, 6.69021129608, 6.95584583282, 7.02500915527, 5.44549608231, 4.07580471039, 3.34139156342, 3.61205387115, 3.40765380859, 3.24232554436, 2.57683253288, 2.46947693825, 3.33037590981, 3.96772408485, 3.27913880348, 2.6037569046, 2.06336307526, 1.77259504795, 1.68418884277, 1.47830164433, 1.01958417892, 0.698131144047, 0.440552204847, 0.421074599028, 0.26999309659, 0.172421738505, 0.0767461806536, 0.0291172340512, 0.00835287477821, 0.00156145927031, 5.89552837482e-05, 2.83077115455e-05],
        "min": [4.29937321768e-22, 6.43750969118e-21, 2.44275918383e-20, 2.51471032619e-20, 4.72211109948e-20, 7.58331138996e-20, 9.0333893768e-20, 1.41685014164e-19, 4.29206313019e-19, 1.42563317123e-18, 1.2634147813e-18, 6.87868611546e-19, 5.23844538039e-19, 1.21367899601e-18, 2.50766275384e-18, 3.72234832525e-18, 4.76874834375e-18, 3.31744341541e-18, 3.79751588188e-18, 8.41282056764e-18, 6.62060845268e-18, 8.48689210995e-18, 4.63812618527e-18, 7.76942459794e-18, 1.41179762423e-17, 1.59670574379e-17, 1.64016399338e-17, 1.21180412911e-17, 1.38801849772e-17, 1.70548264132e-17, 1.2497688241e-17, 1.68700789321e-17, 1.30201561954e-17, 1.11165331917e-17, 9.08774866228e-18, 5.4896312845e-18, 3.42611261402e-18, 1.09224650394e-18, 2.97948492088e-19, 3.19484617549e-20],
        "var": [0.0639076009393, 8.88108444214, 87.5532150269, 119.172920227, 246.143798828, 492.010528564, 881.485961914, 2954.90600586, 5724.41357422, 8578.66796875, 15167.9257812, 17350.6777344, 5762.68652344, 4292.24560547, 9031.57421875, 6921.02587891, 6431.18310547, 3336.98144531, 2226.43359375, 3213.41113281, 2344.43041992, 1955.4173584, 1216.7590332, 834.108642578, 454.833862305, 525.881225586, 519.084716797, 233.776321411, 117.63104248, 110.607276917, 116.139854431, 86.0599975586, 19.1613521576, 8.33329772949, 3.17559480667, 0.401031911373, 0.0405840948224, 0.00125899666455, 7.45714078221e-06, 2.83756858011e-08]
    },
    "gfcc": {
        "mean": [-68.7162857056, 72.1220703125, -111.231689453, 21.9270381927, -68.1059494019, 6.11426973343, -41.4819412231, 9.43025588989, -23.3431053162, 4.16535568237, -17.6714134216, 1.21557688713, -11.670132637],
        "cov": [[20555.921875, 246.401245117, -1548.34814453, -793.962585449, -499.756164551, -446.400604248, 66.1394729614, 210.929534912, -218.982025146, 205.033370972, -49.5326499939, 282.057861328, -28.3103065491], [246.401245117, 2512.13183594, 125.35647583, -288.620635986, 450.913696289, -90.9722366333, 207.327484131, 0.675645411015, 92.6432723999, -94.0455322266, 167.629104614, -63.6828155518, 62.4001197815], [-1548.34814453, 125.35647583, 1569.43530273, 572.640563965, 224.03414917, 154.663360596, -35.5359764099, -16.7175769806, 18.5320892334, -29.7648220062, -3.8386631012, 21.8356781006, -32.077003479], [-793.962585449, -288.620635986, 572.640563965, 997.746459961, 377.688262939, 184.621337891, -28.8381233215, 45.8784828186, 106.107368469, 47.0933914185, 16.0419597626, 12.1787528992, 53.8819046021], [-499.756164551, 450.913696289, 224.03414917, 377.688262939, 861.570800781, 262.896881104, 62.1331176758, 101.476882935, 81.1952133179, -2.30621743202, 28.4034004211, -1.89516878128, 35.4830245972], [-446.400604248, -90.9722366333, 154.663360596, 184.621337891, 262.896881104, 465.960906982, 217.868057251, 78.7928009033, 6.85187387466, 30.4815406799, 46.6123695374, 13.0564651489, 16.1030502319], [66.1394729614, 207.327484131, -35.5359764099, -28.8381233215, 62.1331176758, 217.868057251, 487.567199707, 130.970458984, -9.26496887207, 26.6062088013, 76.2830352783, 36.6798820496, 28.3859939575], [210.929534912, 0.675645411015, -16.7175769806, 45.8784828186, 101.476882935, 78.7928009033, 130.970458984, 212.024505615, 64.3819885254, 17.7085399628, 11.0427284241, 21.553850174, 4.78980255127], [-218.982025146, 92.6432723999, 18.5320892334, 106.107368469, 81.1952133179, 6.85187387466, -9.26496887207, 64.3819885254, 232.578567505, 72.255317688, 27.1284637451, -13.1576595306, 32.4799728394], [205.033370972, -94.0455322266, -29.7648220062, 47.0933914185, -2.30621743202, 30.4815406799, 26.6062088013, 17.7085399628, 72.255317688, 167.350997925, 53.4905204773, 21.0482254028, 24.3989334106], [-49.5326499939, 167.629104614, -3.8386631012, 16.0419597626, 28.4034004211, 46.6123695374, 76.2830352783, 11.0427284241, 27.1284637451, 53.4905204773, 180.78237915, 51.688949585, 37.1275367737], [282.057861328, -63.6828155518, 21.8356781006, 12.1787528992, -1.89516878128, 13.0564651489, 36.6798820496, 21.553850174, -13.1576595306, 21.0482254028, 51.688949585, 134.343460083, 39.1669654846], [-28.3103065491, 62.4001197815, -32.077003479, 53.8819046021, 35.4830245972, 16.1030502319, 28.3859939575, 4.78980255127, 32.4799728394, 24.3989334106, 37.1275367737, 39.1669654846, 130.537094116]],
        "icov": [[6.07975380262e-05, -4.2248833779e-05, 6.27571207588e-05, -1.93121250049e-05, 3.64841616829e-05, 1.96808596229e-05, 3.10311443172e-05, -0.000105323328171, 0.000109448606963, -0.000146772013977, 0.000105134997284, -0.000174553904799, 6.42180457362e-05], [-4.2248833779e-05, 0.000814386527054, -0.000270138611086, 0.000518750981428, -0.000717170943972, 0.000654006842524, -0.000584889785387, 0.000434079149272, -0.00049456366105, 0.000706555088982, -0.000931503309403, 0.000816243817098, -0.000442419492174], [6.27571207588e-05, -0.000270138611086, 0.000990806962363, -0.000669743050821, 0.000242479669396, -0.0003373651125, 0.000212740007555, 3.29632384819e-05, 0.000151585758431, -2.39819164563e-05, 0.000352392176865, -0.000698775460478, 0.000667102111038], [-1.93121250049e-05, 0.000518750981428, -0.000669743050821, 0.0019406665815, -0.00089458655566, 0.000109520689875, -5.73344295844e-05, 0.000132051442051, -0.000603604770731, 7.74651707616e-05, -0.000453082204331, 0.000550538126845, -0.00088112190133], [3.64841616829e-05, -0.000717170943972, 0.000242479669396, -0.00089458655566, 0.00232437974773, -0.00140137202106, 0.000782089831773, -0.000909257971216, 0.00013072193542, -0.000101616780739, 0.000609897775576, -0.000524461618625, 0.000154290653882], [1.96808596229e-05, 0.000654006842524, -0.0003373651125, 0.000109520689875, -0.00140137202106, 0.00408355146646, -0.00190009560902, 0.000175479028258, 0.000182451112778, -0.000109940323455, -0.000846910057589, 0.000800014822744, -0.000176554793143], [3.10311443172e-05, -0.000584889785387, 0.000212740007555, -5.73344295844e-05, 0.000782089831773, -0.00190009560902, 0.00381019595079, -0.00222366582602, 0.00105421966873, -0.000572783465032, -0.000345893291524, -0.000450592517154, -0.000284555339022], [-0.000105323328171, 0.000434079149272, 3.29632384819e-05, 0.000132051442051, -0.000909257971216, 0.000175479028258, -0.00222366582602, 0.00732259638608, -0.00263173575513, 0.000889951596037, 0.000385637627915, -0.000977191142738, 0.000835618178826], [0.000109448606963, -0.00049456366105, 0.000151585758431, -0.000603604770731, 0.00013072193542, 0.000182451112778, 0.00105421966873, -0.00263173575513, 0.00674243969843, -0.00302310776897, -2.71810040431e-05, 0.00114758091513, -0.00109334907029], [-0.000146772013977, 0.000706555088982, -2.39819164563e-05, 7.74651707616e-05, -0.000101616780739, -0.000109940323455, -0.000572783465032, 0.000889951596037, -0.00302310776897, 0.00870966631919, -0.00253106746823, 0.000111123605166, -0.000463556498289], [0.000105134997284, -0.000931503309403, 0.000352392176865, -0.000453082204331, 0.000609897775576, -0.000846910057589, -0.000345893291524, 0.000385637627915, -2.71810040431e-05, -0.00253106746823, 0.00846895575523, -0.00336800026707, -0.00017689827655], [-0.000174553904799, 0.000816243817098, -0.000698775460478, 0.000550538126845, -0.000524461618625, 0.000800014822744, -0.000450592517154, -0.000977191142738, 0.00114758091513, 0.000111123605166, -0.00336800026707, 0.0107892900705, -0.00323493522592], [6.42180457362e-05, -0.000442419492174, 0.000667102111038, -0.00088112190133, 0.000154290653882, -0.000176554793143, -0.000284555339022, 0.000835618178826, -0.00109334907029, -0.000463556498289, -0.00017689827655, -0.00323493522592, 0.00980438664556]]
    },
    "melbands": {
        "dmean": [0.000618604244664, 0.00122345832642, 0.000673179689329, 0.000427533930633, 0.000313551165164, 0.00034176139161, 0.000309112481773, 0.000322795152897, 0.000276575039607, 0.000231230689678, 0.000124731683172, 7.82153219916e-05, 7.41065232432e-05, 6.85345949023e-05, 4.9655805924e-05, 4.06896979257e-05, 3.04153909383e-05, 2.44939947152e-05, 2.10231446545e-05, 1.4233120055e-05, 1.3392247638e-05, 1.34402953336e-05, 1.20564309327e-05, 7.68201334722e-06, 6.2733474806e-06, 5.19936975252e-06, 3.90367040382e-06, 4.22418997914e-06, 3.9981464397e-06, 3.09038045998e-06, 2.62763273895e-06, 2.01416673917e-06, 1.74093111127e-06, 1.5491503973e-06, 1.48898107e-06, 1.44480043218e-06, 1.24227199194e-06, 8.77848833625e-07, 6.43641953957e-07, 6.60718114887e-07],
        "dmean2": [0.000896270910744, 0.00200495496392, 0.00115702406038, 0.000686988933012, 0.00049461715389, 0.000541252375115, 0.000499673595186, 0.000513407285325, 0.000436902948422, 0.000370858295355, 0.000203524148674, 0.000126131912111, 0.000113995010906, 0.00010552303138, 7.80941991252e-05, 6.3295578002e-05, 4.78105794173e-05, 3.86226711271e-05, 3.30072871293e-05, 2.2651080144e-05, 2.09978516068e-05, 2.00237172976e-05, 1.85413282452e-05, 1.190531475e-05, 9.84007056104e-06, 8.17386080598e-06, 6.24533777227e-06, 6.53621827951e-06, 6.23912455922e-06, 4.79386380903e-06, 4.11995642935e-06, 3.11725716529e-06, 2.70687382908e-06, 2.40114241024e-06, 2.28352155318e-06, 2.22416269935e-06, 1.94124777408e-06, 1.38233463076e-06, 1.01421790077e-06, 1.04357138753e-06],
        "dvar": [2.34216713579e-06, 1.54587178258e-05, 4.911112228e-06, 1.21624213989e-06, 5.53466520614e-07, 9.05793569927e-07, 7.51601419324e-07, 8.39530741814e-07, 6.65165373448e-07, 3.57148309149e-07, 1.03041521982e-07, 4.42072121132e-08, 5.55425430093e-08, 6.02845133812e-08, 2.34425172607e-08, 2.55524010839e-08, 9.39256317167e-09, 5.62089264022e-09, 4.06139788467e-09, 3.03549718694e-09, 2.42599051958e-09, 1.17930221144e-09, 8.86596907002e-10, 4.10618539171e-10, 3.19330617504e-10, 2.05361186389e-10, 1.16048962107e-10, 1.36896660674e-10, 1.21153503896e-10, 5.19732937243e-11, 3.60631455254e-11, 2.08983819833e-11, 2.68735953629e-11, 2.52972434667e-11, 2.52487943747e-11, 2.55623872764e-11, 1.82676478111e-11, 7.29636750324e-12, 3.38535905038e-12, 5.79032525053e-12],
        "dvar2": [5.2018540373e-06, 4.09322492487e-05, 1.33568073579e-05, 2.89346439786e-06, 1.24036739635e-06, 2.11256474358e-06, 1.79190908511e-06, 1.89951117591e-06, 1.49485447309e-06, 8.05384672731e-07, 2.52199100714e-07, 1.02841838157e-07, 1.10228953076e-07, 1.31573585804e-07, 5.30814006083e-08, 5.78193990464e-08, 2.28148664405e-08, 1.35288891201e-08, 9.72039959635e-09, 7.49466977368e-09, 5.88445603356e-09, 2.53939402839e-09, 2.00271021988e-09, 9.3828900205e-10, 7.28373861225e-10, 4.68068028781e-10, 2.93917862271e-10, 2.9382282718e-10, 2.64889138402e-10, 1.18257570403e-10, 8.58174156737e-11, 4.57954334177e-11, 6.34674743316e-11, 5.40548925065e-11, 5.431414693e-11, 5.5700700996e-11, 4.12039499742e-11, 1.60758871492e-11, 7.27707651083e-12, 1.4067419972e-11],
        "max": [0.032497305423, 0.0373573154211, 0.0255786795169, 0.0260227713734, 0.0171762146056, 0.0190249159932, 0.0167433079332, 0.0188715718687, 0.0176117587835, 0.0181359872222, 0.00677700759843, 0.00545932073146, 0.00613197730854, 0.00959762278944, 0.00345500814728, 0.00725092180073, 0.00253823120147, 0.0020133885555, 0.00160128227435, 0.00332219875418, 0.00264380499721, 0.000887613452505, 0.000753981352318, 0.000612874864601, 0.000498102162965, 0.000471815728815, 0.000317004101817, 0.000313922268106, 0.000248667027336, 0.000147920916788, 0.000129738604301, 0.000103003512777, 0.000181419862201, 0.000121785902593, 0.000150282605318, 0.000153889341163, 0.000144153949805, 0.000105586259451, 5.48280295334e-05, 7.75650260039e-05],
        "mean": [0.00122904684395, 0.00166433909908, 0.000632931478322, 0.000533686950803, 0.000409179949202, 0.000433913548477, 0.00038011034485, 0.000373534567188, 0.000323256186675, 0.000272633769782, 0.000141265947605, 9.10767048481e-05, 9.26343782339e-05, 8.23831142043e-05, 6.05210952926e-05, 5.08579032612e-05, 3.69020235667e-05, 2.98605045828e-05, 2.6866715416e-05, 1.85652497748e-05, 1.94028507394e-05, 1.9478280592e-05, 1.7750522602e-05, 1.12375419121e-05, 8.95051925909e-06, 7.26560165276e-06, 5.24936967849e-06, 6.33972285868e-06, 6.13438351138e-06, 4.61245235783e-06, 3.74838487005e-06, 2.85396527033e-06, 2.28305293604e-06, 1.93401160686e-06, 1.87338025626e-06, 1.8104327637e-06, 1.53608311848e-06, 1.02392493773e-06, 7.60263844768e-07, 7.63292803185e-07],
        "median": [2.68026924459e-05, 4.30429136031e-05, 7.68633472035e-05, 0.000136482776725, 0.000110730346933, 8.81265805219e-05, 7.33316337573e-05, 6.65347179165e-05, 4.98189037899e-05, 3.88920561818e-05, 2.27887212532e-05, 1.43134975588e-05, 9.91495198832e-06, 8.75277419254e-06, 7.4653480624e-06, 5.74472142034e-06, 4.84667498313e-06, 3.62170408152e-06, 3.24108486893e-06, 2.84263069261e-06, 3.51826406586e-06, 3.53273821929e-06, 3.10488417199e-06, 2.18591981138e-06, 1.82303745078e-06, 1.48685353452e-06, 1.14099600523e-06, 9.82492906587e-07, 9.80806589723e-07, 9.1026163318e-07, 7.4146072393e-07, 5.58301394449e-07, 4.39650222006e-07, 3.28360727053e-07, 2.32035262115e-07, 2.45709998126e-07, 2.41441483695e-07, 1.84721002938e-07, 1.492151398e-07, 1.30878987648e-07],
        "min": [7.13314062911e-24, 1.20096460312e-23, 5.7146661696e-24, 5.17769131243e-24, 3.25705462472e-24, 3.41270733373e-24, 9.48140678341e-24, 2.2458232572e-23, 8.36887545992e-24, 3.67782218473e-24, 2.48868753695e-24, 4.89500024603e-24, 7.09263972137e-24, 1.18127266278e-23, 4.72355473892e-24, 7.41060588644e-24, 5.34810893379e-24, 4.65519086958e-24, 8.72847454812e-24, 1.2776578181e-23, 7.26878052859e-24, 9.35119424695e-24, 5.24733708074e-24, 4.01317602744e-24, 6.02373595581e-24, 8.72202955452e-24, 1.20426346166e-23, 8.52400732351e-24, 9.26205059808e-24, 7.99060087865e-24, 5.74533510944e-24, 6.93481863095e-24, 9.8607786702e-24, 9.21739002679e-24, 7.52627813869e-24, 7.32084771492e-24, 1.13330116338e-23, 8.74528990717e-24, 8.55872824739e-24, 9.40402426178e-24],
        "var": [7.22192089597e-06, 1.86686229426e-05, 3.79563198294e-06, 1.57136059897e-06, 9.04976786842e-07, 1.39657072395e-06, 1.14351450975e-06, 1.20406696169e-06, 9.37467348194e-07, 6.61648527966e-07, 1.43624333759e-07, 6.87451873205e-08, 1.06995109661e-07, 8.55957651424e-08, 3.29014682166e-08, 4.27218687094e-08, 1.19421672551e-08, 7.28207982803e-09, 6.54161924629e-09, 5.16717912902e-09, 3.88758891745e-09, 2.30025887227e-09, 1.74339909176e-09, 8.58630944123e-10, 6.04109928748e-10, 4.08178019162e-10, 1.52786644447e-10, 3.16966952685e-10, 2.82886769565e-10, 1.25838284237e-10, 7.12347958398e-11, 4.2450164911e-11, 3.77707864985e-11, 3.72339763188e-11, 4.08343220348e-11, 4.285160074e-11, 2.89818117422e-11, 1.12118613005e-11, 5.19383928227e-12, 7.09263507301e-12]
    },
    "mfcc": {
        "mean": [-711.369873047, 106.171020508, 5.91357803345, 14.7173728943, -4.11809253693, -3.8056576252, -7.23536872864, -1.30347180367, -1.29121673107, -1.98924160004, -0.512962520123, 1.64174234867, -3.8955848217],
        "cov": [[16443.6953125, 1146.37158203, -1470.67883301, -263.149291992, -788.649597168, -418.658691406, -167.862503052, -126.733039856, -17.5928707123, -137.608108521, -26.8399848938, 122.748298645, -63.4824523926], [1146.37158203, 2606.40039062, -236.872741699, -116.894195557, 44.1189994812, -112.523948669, 118.352165222, 58.7334365845, -3.2379117012, -90.5132827759, 84.9275970459, 45.9128036499, -6.46866893768], [-1470.67883301, -236.872741699, 1300.49365234, 343.183959961, 151.119689941, 144.539764404, 8.46372318268, 42.8984985352, -40.4199256897, 36.6268310547, -48.6601867676, -10.5376415253, 53.4556045532], [-263.149291992, -116.894195557, 343.183959961, 702.372070312, 402.482696533, 149.29927063, 26.7506160736, 58.337223053, 69.1739578247, 49.8178291321, 15.8545980453, -11.6680984497, 65.906867981], [-788.649597168, 44.1189994812, 151.119689941, 402.482696533, 832.99621582, 238.541030884, 39.7691078186, 79.3036804199, 71.9909667969, 65.0350341797, 37.979888916, -23.9096031189, 21.0896072388], [-418.658691406, -112.523948669, 144.539764404, 149.29927063, 238.541030884, 392.2996521, 212.967819214, 98.8904342651, 70.6455993652, 93.2495040894, 16.6969280243, 33.183921814, 51.7465553284], [-167.862503052, 118.352165222, 8.46372318268, 26.7506160736, 39.7691078186, 212.967819214, 444.293609619, 204.959106445, 69.3252716064, 47.8720436096, 45.442024231, 53.9825668335, 49.2583732605], [-126.733039856, 58.7334365845, 42.8984985352, 58.337223053, 79.3036804199, 98.8904342651, 204.959106445, 276.403533936, 86.1859359741, 41.990272522, 53.7455215454, 12.5190477371, 35.803188324], [-17.5928707123, -3.2379117012, -40.4199256897, 69.1739578247, 71.9909667969, 70.6455993652, 69.3252716064, 86.1859359741, 205.809555054, 75.5418548584, 41.8261528015, 21.0981826782, 15.7637653351], [-137.608108521, -90.5132827759, 36.6268310547, 49.8178291321, 65.0350341797, 93.2495040894, 47.8720436096, 41.990272522, 75.5418548584, 214.64289856, 43.8628578186, 18.6675014496, 31.6673145294], [-26.8399848938, 84.9275970459, -48.6601867676, 15.8545980453, 37.979888916, 16.6969280243, 45.442024231, 53.7455215454, 41.8261528015, 43.8628578186, 174.788467407, 28.6344985962, 11.6961565018], [122.748298645, 45.9128036499, -10.5376415253, -11.6680984497, -23.9096031189, 33.183921814, 53.9825668335, 12.5190477371, 21.0981826782, 18.6675014496, 28.6344985962, 139.834503174, 46.9365310669], [-63.4824523926, -6.46866893768, 53.4556045532, 65.906867981, 21.0896072388, 51.7465553284, 49.2583732605, 35.803188324, 15.7637653351, 31.6673145294, 11.6961565018, 46.9365310669, 129.451171875]],
