{
"lowlevel": {
    "average_loudness": 0.943607032299,
    "barkbands_crest": {
        "dmean": 3.54737329483,
        "dmean2": 5.68168973923,
        "dvar": 12.0418977737,
        "dvar2": 26.9524803162,
        "max": 25.7991905212,
        "mean": 13.3516893387,
        "median": 12.7221593857,
        "min": 2.65276265144,
        "var": 28.2025356293
    },
    "barkbands_flatness_db": {
        "dmean": 0.0423236526549,
        "dmean2": 0.0635116398335,
        "dvar": 0.00156987691298,
        "dvar2": 0.00321266893297,
        "max": 0.479485064745,
        "mean": 0.188467264175,
        "median": 0.18064764142,
        "min": 0.0182881690562,
        "var": 0.00636500585824
    },
    "barkbands_kurtosis": {
        "dmean": 19.5753002167,
        "dmean2": 31.550283432,
        "dvar": 1416.73144531,
        "dvar2": 3582.97802734,
        "max": 674.603088379,
        "mean": 24.0979251862,
        "median": 8.15857124329,
        "min": -1.93789386749,
        "var": 1904.54638672
    },
    "barkbands_skewness": {
        "dmean": 1.5477232933,
        "dmean2": 2.34236836433,
        "dvar": 2.74527239799,
        "dvar2": 6.2517580986,
        "max": 19.846698761,
        "mean": 3.25505280495,
        "median": 2.5693154335,
        "min": -4.38574934006,
        "var": 8.1616601944
    },
    "barkbands_spread": {
        "dmean": 9.89876651764,
        "dmean2": 15.2959041595,
        "dvar": 162.444610596,
        "dvar2": 356.990814209,
        "max": 138.253051758,
        "mean": 20.6480560303,
        "median": 13.7045497894,
        "min": 0.283351778984,
        "var": 414.679962158
    },
    "dissonance": {
        "dmean": 0.0293513219804,
        "dmean2": 0.0490908324718,
        "dvar": 0.000905650143977,
        "dvar2": 0.00239697052166,
        "max": 0.500000119209,
        "mean": 0.455093473196,
        "median": 0.466088473797,
        "min": 0.189429670572,
        "var": 0.00158536143135
    },
    "dynamic_complexity": 3.13094615936,
    "erbbands_crest": {
        "dmean": 3.73460292816,
        "dmean2": 6.17573308945,
        "dvar": 11.1040782928,
        "dvar2": 28.6571865082,
        "max": 30.3532791138,
        "mean": 10.0764513016,
        "median": 8.87347602844,
        "min": 2.59636282921,
        "var": 21.5316371918
    },
    "erbbands_flatness_db": {
        "dmean": 0.0269632935524,
        "dmean2": 0.0393190570176,
        "dvar": 0.000605163746513,
        "dvar2": 0.00120368902571,
        "max": 0.367000848055,
        "mean": 0.139006301761,
        "median": 0.132086455822,
        "min": 0.0495244264603,
        "var": 0.00199728878215
    },
    "erbbands_kurtosis": {
        "dmean": 2.04035878181,
        "dmean2": 3.30624938011,
        "dvar": 8.4281206131,
        "dvar2": 20.8766345978,
        "max": 58.4061813354,
        "mean": 1.26084542274,
        "median": 0.273405075073,
        "min": -1.90696573257,
        "var": 11.8425617218
    },
    "erbbands_skewness": {
        "dmean": 0.66654419899,
        "dmean2": 1.0262336731,
        "dvar": 0.388877540827,
        "dvar2": 0.878482341766,
        "max": 6.53591299057,
        "mean": 0.641981780529,
        "median": 0.660148859024,
        "min": -4.20412492752,
        "var": 0.898640394211
    },
    "erbbands_spread": {
        "dmean": 20.1201896667,
        "dmean2": 30.7969284058,
        "dvar": 527.43548584,
        "dvar2": 1164.25646973,
        "max": 187.524887085,
        "mean": 50.0660171509,
        "median": 39.8812713623,
        "min": 2.12255048752,
        "var": 1130.38623047
    },
    "hfc": {
        "dmean": 14.5626306534,
        "dmean2": 22.0892181396,
        "dvar": 357.484130859,
        "dvar2": 705.596435547,
        "max": 169.953216553,
        "mean": 26.3163032532,
        "median": 18.2777614594,
        "min": 1.15106417401e-16,
        "var": 642.50177002
    },
    "melbands_crest": {
        "dmean": 4.77349281311,
        "dmean2": 7.26341247559,
        "dvar": 18.9585590363,
        "dvar2": 45.1034469604,
        "max": 38.7329711914,
        "mean": 23.6090087891,
        "median": 23.7497711182,
        "min": 1.93149662018,
        "var": 75.9867401123
    },
    "melbands_flatness_db": {
        "dmean": 0.0517398566008,
        "dmean2": 0.0745863988996,
        "dvar": 0.00236274371855,
        "dvar2": 0.00445733359084,
        "max": 0.63655257225,
        "mean": 0.279324233532,
        "median": 0.278735399246,
        "min": 0.00693730544299,
        "var": 0.011388046667
    },
    "melbands_kurtosis": {
        "dmean": 50.3676376343,
        "dmean2": 81.9577636719,
        "dvar": 8533.84960938,
        "dvar2": 21309.1347656,
        "max": 1485.01245117,
        "mean": 63.5600318909,
        "median": 20.1500282288,
        "min": -1.85842061043,
        "var": 12682.4443359
    },
    "melbands_skewness": {
        "dmean": 2.28765487671,
        "dmean2": 3.50561332703,
        "dvar": 6.77069568634,
        "dvar2": 15.6890497208,
        "max": 30.7763366699,
        "mean": 5.01336097717,
        "median": 3.76785230637,
        "min": -2.86678791046,
        "var": 18.0710849762
    },
    "melbands_spread": {
        "dmean": 9.85338783264,
        "dmean2": 15.1141357422,
        "dvar": 288.156921387,
        "dvar2": 635.962219238,
        "max": 284.139892578,
        "mean": 18.7731132507,
        "median": 9.90341567993,
        "min": 0.225733309984,
        "var": 596.633666992
    },
    "pitch_salience": {
        "dmean": 0.113485567272,
        "dmean2": 0.182997331023,
        "dvar": 0.0128511525691,
        "dvar2": 0.0320962779224,
        "max": 0.909002304077,
        "mean": 0.399430662394,
        "median": 0.399684250355,
        "min": 0.0424971953034,
        "var": 0.0323197841644
    },
    "silence_rate_20dB": {
        "dmean": 0,
        "dmean2": 0,
        "dvar": 0,
        "dvar2": 0,
        "max": 1,
        "mean": 1,
        "median": 1,
        "min": 1,
        "var": 0
    },
    "silence_rate_30dB": {
        "dmean": 0.101006232202,
        "dmean2": 0.202031821012,
        "dvar": 0.090798035264,
        "dvar2": 0.179024964571,
        "max": 1,
        "mean": 0.767918765545,
        "median": 1,
        "min": 0,
        "var": 0.178208559752
    },
    "silence_rate_60dB": {
        "dmean": 0.0318160019815,
        "dmean2": 0.0636381059885,
        "dvar": 0.0308012329042,
        "dvar2": 0.0662941560149,
        "max": 1,
        "mean": 0.0692794173956,
        "median": 0,
        "min": 0,
        "var": 0.0644810646772
    },
    "spectral_centroid": {
        "dmean": 402.923919678,
        "dmean2": 597.306396484,
        "dvar": 263290.53125,
        "dvar2": 500010.0625,
        "max": 11312.3847656,
        "mean": 1204.51733398,
        "median": 1001.42150879,
        "min": 143.55430603,
        "var": 630522.9375
    },
    "spectral_complexity": {
        "dmean": 4.47206497192,
        "dmean2": 6.04044485092,
        "dvar": 36.3393936157,
        "dvar2": 51.9892616272,
        "max": 62,
        "mean": 14.2151203156,
        "median": 11,
        "min": 0,
        "var": 116.890716553
    },
    "spectral_decrease": {
        "dmean": 9.88126380719e-09,
        "dmean2": 1.60849928932e-08,
        "dvar": 2.29161005171e-16,
        "dvar2": 6.11420992097e-16,
        "max": 1.27579389343e-28,
        "mean": -1.95103080358e-08,
        "median": -1.3492165607e-08,
        "min": -1.00568470884e-07,
        "var": 3.99738035336e-16
    },
    "spectral_energy": {
        "dmean": 0.0380994975567,
        "dmean2": 0.061927780509,
        "dvar": 0.00330764823593,
        "dvar2": 0.00878775678575,
        "max": 0.382488042116,
        "mean": 0.0760234072804,
        "median": 0.0531914681196,
        "min": 1.04667137251e-20,
        "var": 0.0058053121902
    },
    "spectral_energyband_high": {
        "dmean": 0.00113601295743,
        "dmean2": 0.00173624989111,
        "dvar": 3.48526350535e-06,
        "dvar2": 7.78349203756e-06,
        "max": 0.0171395801008,
        "mean": 0.00143754144665,
        "median": 0.000473963504191,
        "min": 7.77327955686e-21,
        "var": 4.51085588793e-06
    },
    "spectral_energyband_low": {
        "dmean": 0.033236194402,
        "dmean2": 0.0562669970095,
        "dvar": 0.00366948358715,
        "dvar2": 0.0100384792313,
        "max": 0.376841336489,
        "mean": 0.0577940456569,
        "median": 0.0359614193439,
        "min": 3.58769395856e-23,
        "var": 0.00540635781363
    },
    "spectral_energyband_middle_high": {
        "dmean": 0.00353234470822,
        "dmean2": 0.00508542312309,
        "dvar": 4.62241150672e-05,
        "dvar2": 9.53545968514e-05,
        "max": 0.098373837769,
        "mean": 0.00520404381678,
        "median": 0.00138078792952,
        "min": 1.25113319373e-21,
        "var": 8.17526306491e-05
    },
    "spectral_energyband_middle_low": {
        "dmean": 0.00985704362392,
        "dmean2": 0.016225868836,
        "dvar": 0.000250416022027,
        "dvar2": 0.000692591944244,
        "max": 0.157560795546,
        "mean": 0.0124532682821,
        "median": 0.00657069589943,
        "min": 1.90762546049e-22,
        "var": 0.000256315397564
    },
    "spectral_entropy": {
        "dmean": 0.320284515619,
        "dmean2": 0.44601932168,
        "dvar": 0.111585319042,
        "dvar2": 0.197039037943,
        "max": 9.80920791626,
        "mean": 7.56990385056,
        "median": 7.62086772919,
        "min": 4.90678405762,
        "var": 0.321500629187
    },
    "spectral_flux": {
        "dmean": 0.0608560293913,
        "dmean2": 0.0963194295764,
        "dvar": 0.00545855052769,
        "dvar2": 0.0120536927134,
        "max": 0.592743396759,
        "mean": 0.140034332871,
        "median": 0.10699993372,
        "min": 6.64920549176e-11,
        "var": 0.0110138123855
    },
    "spectral_kurtosis": {
        "dmean": 2.58195781708,
        "dmean2": 3.76833987236,
        "dvar": 17.0896129608,
        "dvar2": 36.1432685852,
        "max": 79.9384155273,
        "mean": 4.85975027084,
        "median": 3.61796355247,
        "min": -1.20340144634,
        "var": 29.6148910522
    },
    "spectral_rms": {
        "dmean": 0.00187582871877,
        "dmean2": 0.00291055138223,
        "dvar": 5.06038986714e-06,
        "dvar2": 1.17738582048e-05,
        "max": 0.0193173252046,
        "mean": 0.00757826678455,
        "median": 0.00720375729725,
        "min": 3.19553259721e-12,
        "var": 1.67386624526e-05
    },
    "spectral_rolloff": {
        "dmean": 822.757385254,
        "dmean2": 1428.51831055,
        "dvar": 3765217.5,
        "dvar2": 9336693,
        "max": 19078.4179688,
        "mean": 1411.79528809,
        "median": 344.53125,
        "min": 21.533203125,
        "var": 7425412
    },
    "spectral_skewness": {
        "dmean": 0.417383939028,
        "dmean2": 0.584956943989,
        "dvar": 0.234959304333,
        "dvar2": 0.453630447388,
        "max": 7.3261551857,
        "mean": 1.68548679352,
        "median": 1.60036635399,
        "min": -0.052107129246,
        "var": 0.591168403625
    },
    "spectral_spread": {
        "dmean": 1264805.5,
        "dmean2": 1737472,
        "dvar": 2.17728745472e+12,
        "dvar2": 3.56342877389e+12,
        "max": 43572840,
        "mean": 6108518.5,
        "median": 5541175,
        "min": 1044307.25,
        "var": 6.3614311465e+12
    },
    "spectral_strongpeak": {
        "dmean": 0.436183303595,
        "dmean2": 0.746241390705,
        "dvar": 0.649807393551,
        "dvar2": 1.79716837406,
        "max": 10.3998012543,
        "mean": 0.640052855015,
        "median": 0.327360332012,
        "min": 0,
        "var": 0.664436995983
    },
    "zerocrossingrate": {
        "dmean": 0.0179645381868,
        "dmean2": 0.0206271912903,
        "dvar": 0.000512614613399,
        "dvar2": 0.000629112124443,
        "max": 0.537109375,
        "mean": 0.0615823455155,
        "median": 0.03564453125,
        "min": 0.0009765625,
        "var": 0.00444154860452
    },
    "barkbands": {
        "dmean": [0.00466476008296, 0.0289236884564, 0.00529953371733, 0.00294064311311, 0.00299842469394, 0.00157543341629, 0.00182913127355, 0.00155829673167, 0.00111567194108, 0.00174968026113, 0.000518474611454, 0.000565878755879, 0.000447906961199, 0.000354040006641, 0.000253901584074, 0.00023930084717, 0.000242702255491, 0.000216066109715, 0.000136146205477, 9.90195549093e-05, 9.62341000559e-05, 0.000147837985423, 0.000502722105011, 0.000217826600419, 0.000100819641375, 7.88765901234e-05, 2.67376435659e-05],
        "dmean2": [0.00813799072057, 0.0499263182282, 0.00967739522457, 0.00528105720878, 0.00487905787304, 0.00258440198377, 0.00305381510407, 0.00257115066051, 0.00182153773494, 0.00279526878148, 0.000846063310746, 0.000842658802867, 0.000735004141461, 0.000594505458139, 0.000397711846745, 0.000348334870068, 0.00039333535824, 0.00031963273068, 0.000209891644772, 0.000143793979078, 0.000136450747959, 0.000218384579057, 0.000828298332635, 0.000342029175954, 0.000153911605594, 0.000119144053315, 4.43586068286e-05],
        "dvar": [3.88015214412e-05, 0.00332543184049, 0.000260197237367, 7.31253094273e-05, 3.03036104015e-05, 1.14627518997e-05, 3.72089452867e-05, 2.13612511288e-05, 1.21840876091e-05, 2.1446705432e-05, 1.93029609363e-06, 2.35782113123e-06, 1.56548674113e-06, 8.04737339877e-07, 3.76945109792e-07, 2.91101372341e-07, 2.72027108394e-07, 2.02084791567e-07, 8.87090649826e-08, 6.18781541561e-08, 5.61212338823e-08, 6.72354119047e-08, 8.86372390596e-07, 1.42725426144e-07, 2.97416651307e-08, 1.904234459e-08, 2.3854171971e-09],
        "dvar2": [0.000104472441308, 0.00917790830135, 0.000739239214454, 0.000207709133974, 7.78924877523e-05, 2.861061148e-05, 9.29466477828e-05, 5.61323067814e-05, 3.1286614103e-05, 5.12949372933e-05, 4.67235213364e-06, 5.20909497936e-06, 3.96673067371e-06, 2.05891296901e-06, 8.92013360954e-07, 6.17097384747e-07, 7.01802548519e-07, 4.58111145463e-07, 2.04865855835e-07, 1.06503762254e-07, 1.01787065887e-07, 1.254197457e-07, 2.26864199249e-06, 3.39453606557e-07, 6.51154863363e-08, 3.76400599578e-08, 6.05419137045e-09],
        "max": [0.0546352528036, 0.361175715923, 0.106448829174, 0.0920715108514, 0.0722332000732, 0.0908562913537, 0.149730116129, 0.0987196564674, 0.0691975280643, 0.0777601599693, 0.0272171553224, 0.0290460884571, 0.022359855473, 0.0233066324145, 0.0115470690653, 0.0142008662224, 0.00656773615628, 0.00823126453906, 0.00464286189526, 0.00272540887818, 0.00834621209651, 0.00574647122994, 0.00666848244146, 0.00382431270555, 0.00378236290999, 0.00511311693117, 0.000821063877083],
        "mean": [0.0104562491179, 0.0428335666656, 0.00394291384146, 0.00236006290652, 0.00338187906891, 0.00171623728238, 0.00170792802237, 0.0015587239759, 0.00120521057397, 0.00201615737751, 0.000546653114725, 0.000616764184088, 0.000466128287371, 0.000369425280951, 0.00029726876528, 0.000316481193295, 0.000296271726256, 0.00027359611704, 0.00016311458603, 0.00012242012599, 0.000130033586174, 0.000196322434931, 0.000545564049389, 0.00024141499307, 0.00012070005323, 9.81445336947e-05, 4.41758056695e-05],
        "median": [0.00866904389113, 0.0210599899292, 0.000295285542961, 0.000274419900961, 0.000932078750338, 0.000463495147415, 0.000335274176905, 0.000313545984682, 0.000324972672388, 0.000270050950348, 8.27178155305e-05, 9.81150224106e-05, 4.50210427516e-05, 3.57443932444e-05, 4.23283381679e-05, 5.14321218361e-05, 7.63515126891e-05, 6.42891172902e-05, 3.91293215216e-05, 2.83312219835e-05, 3.69964400306e-05, 7.08558800397e-05, 0.0001052112857, 6.02224099566e-05, 3.10404830088e-05, 2.97934166156e-05, 1.63082186191e-05],
        "min": [2.35351444591e-24, 8.01287515517e-24, 1.19259329008e-23, 1.03735619244e-23, 1.19072471526e-23, 1.46526937286e-23, 4.96262140283e-24, 5.5458941121e-23, 1.91536973955e-23, 2.68688674891e-23, 2.86884414313e-23, 3.74358044649e-23, 6.63150618829e-23, 6.42300646451e-23, 1.53011096248e-22, 1.19936342059e-22, 7.15607470889e-23, 1.88273961261e-22, 1.68632713116e-22, 3.05322971433e-22, 3.35943446817e-22, 4.91929369092e-22, 5.29362623959e-22, 8.06817297934e-22, 1.30774589126e-21, 1.4684349139e-21, 2.37344088305e-21],
        "var": [9.48785746004e-05, 0.00419925851747, 0.000163184216945, 4.7835517762e-05, 3.81888712582e-05, 1.34132296807e-05, 3.343357821e-05, 1.89161783055e-05, 1.11972367449e-05, 2.90544794552e-05, 2.24621362577e-06, 2.85912096842e-06, 1.66865424944e-06, 8.90177204838e-07, 4.97287658163e-07, 4.89321450914e-07, 3.38190346838e-07, 2.94155768188e-07, 1.21100754313e-07, 9.63153965472e-08, 1.06960975188e-07, 1.21670112208e-07, 8.48252000196e-07, 1.52914097384e-07, 4.15951504351e-08, 3.20687298938e-08, 5.03080199721e-09]
    },
    "erbbands": {
        "dmean": [1.24095523357, 5.17985486984, 6.34776210785, 9.05900478363, 6.44761991501, 10.5679244995, 19.717628479, 9.89849853516, 21.7237281799, 29.5853347778, 32.4917984009, 23.8774280548, 46.9393196106, 36.6847648621, 20.3988342285, 25.2049026489, 20.4914054871, 16.6815395355, 15.5516395569, 12.4452857971, 11.0643358231, 13.93866539, 11.5450229645, 8.69925689697, 5.70850372314, 4.48396730423, 3.67815947533, 4.27424478531, 5.55452632904, 9.12310314178, 14.0213975906, 7.71125793457, 2.24889802933, 1.28450763226, 0.663692951202, 0.293248564005, 0.157902181149, 0.046014405787, 0.00428228778765, 0.000120287419122],
        "dmean2": [2.11762189865, 8.65545845032, 10.5930891037, 16.233587265, 11.7020950317, 17.2036819458, 30.3026618958, 16.6496276855, 36.1315994263, 49.5381164551, 53.4990348816, 38.8148994446, 75.5775222778, 57.5534591675, 32.592540741, 37.0519294739, 32.7868537903, 27.7537078857, 24.5781097412, 18.3622779846, 15.7510662079, 22.3699932098, 17.2064743042, 13.0485973358, 8.44208049774, 6.34381008148, 4.94327688217, 6.1708779335, 8.27149868011, 14.6670560837, 23.2413272858, 12.4204759598, 3.40799975395, 1.96889150143, 1.01992678642, 0.444584608078, 0.246864259243, 0.0716960430145, 0.00721518276259, 0.000202606781386],
        "dvar": [6.5582408905, 136.871826172, 313.028808594, 704.606628418, 342.582519531, 384.570343018, 1420.50854492, 634.996520996, 5649.24365234, 7257.75341797, 9988.75097656, 5598.37451172, 13104.6611328, 9354.92675781, 3181.06591797, 4981.09765625, 3418.29199219, 1764.06384277, 1461.63415527, 808.934570312, 539.994750977, 973.376220703, 535.664367676, 359.436737061, 154.97668457, 121.2552948, 99.6848373413, 95.4065628052, 92.9825439453, 247.783233643, 683.694580078, 192.718643188, 13.009098053, 4.51108026505, 1.43727421761, 0.385081410408, 0.0741340890527, 0.00584125192836, 7.54117936594e-05, 3.38046000081e-08],
        "dvar2": [18.1279716492, 343.241577148, 832.068908691, 2018.1932373, 979.416809082, 979.294067383, 3421.40039062, 1645.79797363, 14123.5576172, 18437.7773438, 26591.125, 14220.8798828, 32546.671875, 22056.4609375, 7274.55322266, 10962.6992188, 8288.17382812, 4514.14111328, 3549.95483398, 1681.82348633, 1116.81359863, 2532.91918945, 1185.96130371, 829.382385254, 310.389312744, 202.383239746, 166.835159302, 179.882110596, 172.704483032, 601.792358398, 1742.73083496, 469.54119873, 28.3691082001, 9.89632415771, 3.15530991554, 0.728794455528, 0.16328497231, 0.013227079995, 0.000195545100723, 8.81356569948e-08],
        "max": [17.1520671844, 87.1312789917, 115.011177063, 275.352508545, 147.407119751, 275.565185547, 593.647705078, 871.297851562, 1714.00817871, 2283.00634766, 2502.76367188, 2091.42749023, 1948.88903809, 1722.61035156, 1044.49560547, 1397.70483398, 1174.63537598, 887.230773926, 760.730407715, 540.098571777, 497.125732422, 403.309906006, 451.892791748, 289.34362793, 193.996810913, 136.464355469, 295.235290527, 302.828186035, 225.859695435, 179.951416016, 180.656524658, 114.918380737, 55.7225418091, 38.548500061, 29.9827404022, 33.3064613342, 5.89750099182, 1.31712567806, 0.268244892359, 0.00458818906918],
        "mean": [1.99181079865, 6.63025140762, 5.74810504913, 7.5108795166, 5.1526594162, 11.9539489746, 23.5204601288, 10.6129379272, 21.0565338135, 29.083650589, 32.8770523071, 26.8251628876, 54.8030853271, 42.0989379883, 23.7976646423, 27.3337631226, 22.844379425, 17.7078971863, 18.0982646942, 16.6957893372, 16.1284217834, 17.2710876465, 15.476896286, 10.635559082, 7.53727245331, 5.73940086365, 4.73162078857, 5.87645196915, 7.36905002594, 11.5061655045, 14.517083168, 7.87491893768, 2.82433485985, 1.54920983315, 0.761618852615, 0.354203939438, 0.18918851018, 0.0737244263291, 0.00716866878793, 0.000222788803512],
        "median": [1.35971665382, 1.39521324635, 0.671897530556, 0.930072426796, 1.12106251717, 3.24678230286, 5.91725444794, 3.478764534, 4.59541416168, 6.28173494339, 7.5804605484, 9.26851654053, 9.55288887024, 6.51054334641, 4.3602399826, 4.05790901184, 2.54432845116, 2.03636932373, 2.37643003464, 2.59873199463, 3.17970657349, 4.34338092804, 4.03620386124, 2.9309387207, 1.85431683064, 1.38644623756, 1.14344334602, 1.84597873688, 2.69982147217, 3.18295574188, 2.89735651016, 1.67399847507, 0.794676303864, 0.396728098392, 0.19250176847, 0.0923042446375, 0.0559439212084, 0.0267020948231, 0.00244965520687, 0.000143601209857],
        "min": [2.54356422773e-22, 1.61669885979e-21, 9.31438408492e-21, 1.82324048692e-20, 3.56144842245e-20, 4.49868735421e-20, 4.16861482482e-20, 1.04732839948e-19, 5.07300402338e-20, 3.02441401133e-19, 1.01610442516e-18, 6.04790002941e-19, 7.77002544126e-19, 9.34154194308e-19, 1.38934144904e-18, 1.54870141296e-18, 3.04882829881e-18, 2.99232896784e-18, 3.68265564997e-18, 6.58911561881e-18, 6.85452106784e-18, 4.92542048767e-18, 1.13146876161e-17, 8.55384659027e-18, 9.20489149909e-18, 1.38940369438e-17, 1.20311021272e-17, 1.57362244162e-17, 1.77764769776e-17, 1.42136314083e-17, 1.58212999422e-17, 1.64649655728e-17, 1.22781760131e-17, 1.30593190615e-17, 9.03325565789e-18, 5.61329519967e-18, 2.66087976434e-18, 1.36454071311e-18, 3.32837264265e-19, 3.03538901785e-20],
        "var": [7.29813337326, 171.339447021, 246.622741699, 455.765136719, 208.946670532, 492.275115967, 2026.26062012, 613.986694336, 5025.64453125, 6773.84423828, 8465.2890625, 5157.30957031, 17113.5292969, 11766.9462891, 3982.44580078, 5925.35107422, 3886.96557617, 2017.03967285, 1814.62854004, 1318.28601074, 1094.10791016, 1164.66040039, 853.260559082, 471.437103271, 255.892456055, 200.428375244, 177.134857178, 181.288909912, 165.603240967, 317.235809326, 628.44744873, 185.664779663, 17.8153648376, 6.16559648514, 2.00719451904, 0.664725661278, 0.105764962733, 0.012782025151, 0.000175275476067, 6.17801845237e-08]
    },
    "gfcc": {
        "mean": [-2.01383185387, 65.4984741211, -73.6654434204, 19.3596363068, -50.7931976318, 18.4003753662, -24.0485019684, 15.7891387939, -5.77538108826, -0.120046630502, -11.1876211166, 16.7096595764, -9.4198513031],
        "cov": [[6562.39208984, -145.417953491, -618.759216309, 575.43145752, -479.216064453, 396.114868164, -164.726287842, 167.147216797, -106.592132568, 171.93838501, -73.8023681641, -180.012176514, -122.893875122], [-145.417953491, 2274.42480469, 560.191101074, 144.092681885, 435.42755127, -238.385482788, 212.867660522, 3.12322568893, 77.4347305298, 9.8601360321, 127.919265747, -83.7705459595, 28.1994514465], [-618.759216309, 560.191101074, 1542.92150879, 493.598083496, -11.1173810959, 183.920974731, 27.7432384491, -45.4532241821, 45.0250434875, -79.373550415, -30.0534896851, 2.99091172218, -13.7399425507], [575.43145752, 144.092681885, 493.598083496, 717.797790527, -50.5879478455, 129.321853638, -17.1136417389, 99.608833313, 26.7647132874, 20.6739139557, 3.02330875397, -33.3955993652, -9.94173049927], [-479.216064453, 435.42755127, -11.1173810959, -50.5879478455, 636.163391113, -4.07176733017, 202.273864746, 29.9802532196, 62.7442626953, 37.5682296753, 44.646686554, 10.5242109299, 46.3662414551], [396.114868164, -238.385482788, 183.920974731, 129.321853638, -4.07176733017, 452.598419189, 144.324203491, 53.1937294006, -1.27930057049, 42.5265159607, -16.2905483246, 2.63272404671, -7.36381101608], [-164.726287842, 212.867660522, 27.7432384491, -17.1136417389, 202.273864746, 144.324203491, 344.774902344, 71.8308792114, 4.29126644135, 46.029335022, 44.8744812012, 2.53120684624, 22.7458534241], [167.147216797, 3.12322568893, -45.4532241821, 99.608833313, 29.9802532196, 53.1937294006, 71.8308792114, 196.995651245, 96.418838501, 26.1614570618, 19.0578289032, 12.1697177887, 0.433959394693], [-106.592132568, 77.4347305298, 45.0250434875, 26.7647132874, 62.7442626953, -1.27930057049, 4.29126644135, 96.418838501, 194.788070679, 18.7144165039, 14.6073713303, 5.08715343475, 7.41137170792], [171.93838501, 9.8601360321, -79.373550415, 20.6739139557, 37.5682296753, 42.5265159607, 46.029335022, 26.1614570618, 18.7144165039, 149.375869751, 42.1547927856, -2.50498366356, 5.30551767349], [-73.8023681641, 127.919265747, -30.0534896851, 3.02330875397, 44.646686554, -16.2905483246, 44.8744812012, 19.0578289032, 14.6073713303, 42.1547927856, 126.532714844, 26.9614009857, -3.39062023163], [-180.012176514, -83.7705459595, 2.99091172218, -33.3955993652, 10.5242109299, 2.63272404671, 2.53120684624, 12.1697177887, 5.08715343475, -2.50498366356, 26.9614009857, 108.241172791, 33.7102279663], [-122.893875122, 28.1994514465, -13.7399425507, -9.94173049927, 46.3662414551, -7.36381101608, 22.7458534241, 0.433959394693, 7.41137170792, 5.30551767349, -3.39062023163, 33.7102279663, 94.7317352295]],
        "icov": [[0.000255068065599, -0.000137928218464, 0.000259870110312, -0.000249593489571, 0.000164421988302, -0.000361960497685, 0.000237125277636, -0.000123953155708, 0.000161588075571, -0.000185603406862, 0.000209836958675, 0.000113175869046, 0.000183460928383], [-0.000137928218464, 0.000863907276653, -0.000518587883562, 0.000131612294354, -0.000435181369539, 0.000860869069584, -0.000542920664884, 2.30003079196e-05, -0.000125223901705, 0.00012156736193, -0.000851632445119, 0.000879718572833, -0.000427870516432], [0.000259870110312, -0.000518587883562, 0.00151686614845, -0.00113429047633, 0.00037054301356, -0.000930226233322, 7.61667524785e-06, 0.00112863723189, -0.000638530473225, 0.000499521906022, 0.000749060709495, -0.000860410509631, 0.000686760700773], [-0.000249593489571, 0.000131612294354, -0.00113429047633, 0.00265581230633, -0.000197827554075, -2.67855575657e-05, 0.000743496057112, -0.00198323954828, 0.000828774820548, -0.000359215628123, -0.000753712840378, 0.0011544713052, -0.000805978372227], [0.000164421988302, -0.000435181369539, 0.00037054301356, -0.000197827554075, 0.00242768158205, -0.00011186478514, -0.00116105808411, 0.000554426922463, -0.000806676398497, -0.00023855555628, 0.000323588348692, -0.000347601133399, -0.000333105039317], [-0.000361960497685, 0.000860869069584, -0.000930226233322, -2.67855575657e-05, -0.00011186478514, 0.00417113024741, -0.00226228474639, -6.13867450738e-05, -0.000143212106195, -0.000670089619234, 0.000349948939402, -9.26874272409e-05, 0.00015314531629], [0.000237125277636, -0.000542920664884, 7.61667524785e-06, 0.000743496057112, -0.00116105808411, -0.00226228474639, 0.0058487332426, -0.00275772460736, 0.00199042027816, -0.000592797936406, -0.0011469097808, 0.00102829781827, -0.000980397569947], [-0.000123953155708, 2.30003079196e-05, 0.00112863723189, -0.00198323954828, 0.000554426922463, -6.13867450738e-05, -0.00275772460736, 0.00994637608528, -0.00517528085038, 0.000438350456534, 0.000452614825917, -0.00220481562428, 0.00130949134473], [0.000161588075571, -0.000125223901705, -0.000638530473225, 0.000828774820548, -0.000806676398497, -0.000143212106195, 0.00199042027816, -0.00517528085038, 0.0082130394876, -0.00094140751753, -0.000485221826239, 0.0010249922052, -0.000801184796728], [-0.000185603406862, 0.00012156736193, 0.000499521906022, -0.000359215628123, -0.00023855555628, -0.000670089619234, -0.000592797936406, 0.000438350456534, -0.00094140751753, 0.0085604051128, -0.00292137823999, 0.00090579688549, -0.000869884446729], [0.000209836958675, -0.000851632445119, 0.000749060709495, -0.000753712840378, 0.000323588348692, 0.000349948939402, -0.0011469097808, 0.000452614825917, -0.000485221826239, -0.00292137823999, 0.0113970609382, -0.00440642191097, 0.00287492526695], [0.000113175869046, 0.000879718572833, -0.000860410509631, 0.0011544713052, -0.000347601133399, -9.26874272409e-05, 0.00102829781827, -0.00220481562428, 0.0010249922052, 0.00090579688549, -0.00440642191097, 0.0134594039991, -0.00527071719989], [0.000183460928383, -0.000427870516432, 0.000686760700773, -0.000805978372227, -0.000333105039317, 0.00015314531629, -0.000980397569947, 0.00130949134473, -0.000801184796728, -0.000869884446729, 0.00287492526695, -0.00527071719989, 0.0134307406843]]
    },
    "melbands": {
        "dmean": [0.00914276111871, 0.00422969274223, 0.00147121830378, 0.000528711534571, 0.000678360520396, 0.00023900695669, 0.000344960601069, 0.000331136892783, 0.000256950006587, 0.000151832486154, 0.000249372649705, 0.000170337065356, 6.94488771842e-05, 6.29509231658e-05, 6.09421404079e-05, 4.02358928113e-05, 3.1590279832e-05, 2.76024165942e-05, 1.7946036678e-05, 1.80260831257e-05, 1.24616317407e-05, 1.46707052409e-05, 1.28055726236e-05, 1.04783148345e-05, 7.11540678822e-06, 4.70254826723e-06, 3.69798340216e-06, 3.04383820549e-06, 2.42742225964e-06, 2.37112089962e-06, 2.557115522e-06, 3.04597824652e-06, 3.27407633449e-06, 7.19863373888e-06, 8.7850194177e-06, 7.67592973716e-06, 3.56114878741e-06, 1.6245369352e-06, 1.22265862501e-06, 1.04766684217e-06],
        "dmean2": [0.0157456584275, 0.00672949012369, 0.00264424271882, 0.000917770143133, 0.00103734922595, 0.000399503944209, 0.000575253157876, 0.000552014680579, 0.000423918594606, 0.000246238254476, 0.000401960831368, 0.000269694864983, 0.000112104899017, 9.5492512628e-05, 9.06015484361e-05, 6.65558691253e-05, 5.29877797817e-05, 4.4677821279e-05, 2.81164775515e-05, 2.67068480753e-05, 1.82733238034e-05, 2.37214590015e-05, 2.03850577236e-05, 1.54130739247e-05, 1.10609389594e-05, 7.03370460542e-06, 5.53688732907e-06, 4.31967328041e-06, 3.30556849804e-06, 3.31777027895e-06, 3.78810727852e-06, 4.55759663964e-06, 4.94758933201e-06, 1.18703346743e-05, 1.48766212078e-05, 1.26787763293e-05, 5.66347171116e-06, 2.44604825639e-06, 1.91034405361e-06, 1.61244440733e-06],
        "dvar": [0.000318951730151, 0.000103094476799, 1.87051336979e-05, 1.3161560446e-06, 1.54561348609e-06, 3.16609941819e-07, 1.42079863963e-06, 8.40736106511e-07, 6.37118830582e-07, 2.38405988284e-07, 3.81146008976e-07, 2.17654459789e-07, 3.6586953911e-08, 3.1636986364e-08, 2.73989204658e-08, 1.36158471165e-08, 6.83345469099e-09, 5.01685493148e-09, 1.8492147813e-09, 1.96000859987e-09, 7.12907677336e-10, 1.10508813211e-09, 7.03699432059e-10, 5.43265099573e-10, 2.63628369135e-10, 1.06709606429e-10, 7.4670415684e-11, 6.17157991378e-11, 4.86419793333e-11, 3.35128938489e-11, 3.48419001983e-11, 2.84180439597e-11, 3.30014487959e-11, 1.58626917157e-10, 2.77219330824e-10, 2.01817437762e-10, 3.85686066418e-11, 6.49223209914e-12, 4.20605781107e-12, 3.02677999851e-12],
        "dvar2": [0.000884958950337, 0.000253359467024, 5.35109247721e-05, 3.70600946553e-06, 3.66392077922e-06, 8.10258825368e-07, 3.54477720066e-06, 2.14251735997e-06, 1.69561542407e-06, 6.03860200954e-07, 9.43501959227e-07, 5.15518536304e-07, 8.54200621347e-08, 7.0874541791e-08, 5.75731000652e-08, 3.58708405201e-08, 1.76041812239e-08, 1.24620394004e-08, 4.31858415695e-09, 4.21482981849e-09, 1.51851220487e-09, 2.85013035395e-09, 1.7639605332e-09, 1.24161669834e-09, 6.3690275276e-10, 2.33053382148e-10, 1.51228168876e-10, 1.0907162673e-10, 8.33181579285e-11, 5.91871412992e-11, 7.16637998943e-11, 5.43835289302e-11, 6.70102168199e-11, 4.10242811943e-10, 7.22680471021e-10, 4.97576480019e-10, 9.13590522678e-11, 1.41833021022e-11, 9.62410880156e-12, 6.67476924426e-12],
        "max": [0.115128792822, 0.070858322084, 0.0411260947585, 0.00993619672954, 0.01906593889, 0.0184604879469, 0.0256571676582, 0.0200893413275, 0.0173291843385, 0.0118154566735, 0.0106875747442, 0.00796777196229, 0.00439880555496, 0.00336105329916, 0.0030030363705, 0.00206097192131, 0.00212564109825, 0.00154602061957, 0.000979554955848, 0.00125478464179, 0.000551948847715, 0.00041980255628, 0.000606065499596, 0.000642805243842, 0.000252149591688, 0.000178584246896, 0.000107179468614, 9.33520423132e-05, 0.000193797342945, 0.000143094192026, 0.000189103579032, 0.000121664757899, 0.000126364597236, 0.000136626884341, 0.000130762840854, 0.000105190323666, 6.13914453425e-05, 3.71505884686e-05, 5.19502209499e-05, 3.56951713911e-05],
        "mean": [0.0150383990258, 0.00498736696318, 0.00119321106467, 0.000516434258316, 0.000823810056318, 0.000258091837168, 0.000329162285198, 0.000328029040247, 0.000256297935266, 0.000166778598214, 0.000287806236884, 0.000190335078514, 7.62414492783e-05, 6.94475020282e-05, 6.75875126035e-05, 3.99177952204e-05, 3.22688101733e-05, 3.05575376842e-05, 2.196425703e-05, 2.28171411436e-05, 1.77095462277e-05, 1.75245058927e-05, 1.59940864251e-05, 1.27620205603e-05, 8.17672935227e-06, 5.68167934034e-06, 4.70634586236e-06, 3.60093008567e-06, 2.93103880722e-06, 3.02962507703e-06, 3.46429214915e-06, 4.00695807912e-06, 4.07058450946e-06, 8.36989784148e-06, 8.85839199327e-06, 7.30481224309e-06, 3.81294307772e-06, 2.01813145395e-06, 1.46555566971e-06, 1.229880354e-06],
        "median": [0.00958507321775, 0.000806368421763, 0.000142987235449, 0.000140569725772, 0.000219580921112, 8.18269618321e-05, 6.72963360557e-05, 6.88053114573e-05, 5.578749915e-05, 5.02448820043e-05, 4.46318445029e-05, 2.60830238403e-05, 1.22429237308e-05, 1.07149480755e-05, 8.22323636385e-06, 3.88813350582e-06, 3.29058661919e-06, 3.19923196912e-06, 3.09721917802e-06, 3.28920305037e-06, 3.42355087923e-06, 4.05083983424e-06, 4.23579467679e-06, 2.7241708267e-06, 2.08867641049e-06, 1.27008763684e-06, 1.10049404611e-06, 7.6713490671e-07, 5.45206830793e-07, 7.98522364676e-07, 1.09982943286e-06, 1.50411597133e-06, 1.30542366605e-06, 1.7604529603e-06, 1.75571085492e-06, 1.32706031764e-06, 8.93568994798e-07, 5.962896239e-07, 3.78750797836e-07, 3.10085141564e-07],
        "min": [2.94835422263e-24, 4.11055893403e-24, 4.55952925748e-24, 2.76756722189e-24, 2.31977742879e-24, 2.5110657459e-24, 7.4215008444e-25, 4.46161229205e-24, 7.57657906545e-24, 3.09917121429e-24, 3.76076420359e-24, 3.47501630118e-24, 3.85195415765e-24, 4.73759409645e-24, 4.37440095796e-24, 5.28893174412e-24, 5.56150882485e-24, 4.83237967851e-24, 1.03711306551e-23, 7.52504988226e-24, 7.28814864154e-24, 4.83807762083e-24, 6.05193733874e-24, 9.39860478736e-24, 6.1228764445e-24, 6.29483313349e-24, 8.34201474609e-24, 9.06603680693e-24, 6.89378050894e-24, 9.01449184653e-24, 8.51996362251e-24, 1.0938247493e-23, 8.2470863802e-24, 7.6322316246e-24, 9.12824716678e-24, 9.28867623135e-24, 9.75767849419e-24, 9.17332820093e-24, 7.82178937809e-24, 1.04990057967e-23],
        "var": [0.000407557643484, 0.000116072369565, 1.18614352687e-05, 1.06039567527e-06, 2.3272357339e-06, 3.28277252493e-07, 1.26996815197e-06, 7.95545531673e-07, 5.42737382148e-07, 2.22888516532e-07, 5.00332873798e-07, 2.72514768085e-07, 4.49130794777e-08, 3.77190367828e-08, 3.49436746205e-08, 1.30698074585e-08, 7.46334638535e-09, 5.7797180375e-09, 2.58682453236e-09, 2.86554890927e-09, 1.40734923715e-09, 1.30946231636e-09, 9.48694789393e-10, 7.39028838126e-10, 3.13096243376e-10, 1.57034316106e-10, 1.14367584847e-10, 9.25729284895e-11, 7.9813822218e-11, 6.16895007299e-11, 6.17754875032e-11, 4.98988905751e-11, 5.30564724099e-11, 1.80339645994e-10, 2.42656783556e-10, 1.82017706463e-10, 4.01651593929e-11, 9.0686199869e-12, 5.43432790087e-12, 4.10561732181e-12]
    },
    "mfcc": {
        "mean": [-665.320007324, 113.735160828, 29.9941043854, 14.7613325119, 6.52918624878, 7.92851495743, -4.46516466141, 23.4648418427, 4.4117064476, 4.56162643433, 4.35453987122, 5.09087562561, 3.58701777458],
        "cov": [[7460.828125, -1060.29040527, -327.743927002, -100.212760925, -120.155082703, 7.30654430389, -22.4743270874, -98.4873046875, -78.4755554199, 325.730682373, 129.095397949, -241.218688965, -133.263916016], [-1060.29040527, 2229.97021484, -15.0403585434, 330.717285156, 184.805023193, 9.63726043701, 150.6690979, -15.5794725418, 46.1599769592, -37.9519424438, 107.453201294, 31.6117362976, -0.188878178596], [-327.743927002, -15.0403585434, 1660.51843262, 305.53326416, 111.594421387, 170.763183594, -40.9148216248, 112.245170593, -23.6368522644, 39.7197952271, -77.7174758911, 8.22594451904, 0.90724414587], [-100.212760925, 330.717285156, 305.53326416, 549.506225586, 178.51890564, -12.3107681274, 32.9256744385, 21.2493839264, 28.2005443573, 16.5938034058, 28.5463466644, -5.50219869614, 38.7382049561], [-120.155082703, 184.805023193, 111.594421387, 178.51890564, 307.041351318, 52.2441825867, -18.0513725281, 49.4649467468, 50.0230064392, 38.3539390564, 5.90289402008, 12.0586566925, 30.5284404755], [7.30654430389, 9.63726043701, 170.763183594, -12.3107681274, 52.2441825867, 299.504394531, 185.390136719, 29.9371795654, 62.8573074341, 47.1791534424, -9.7034406662, 29.4795513153, 6.05167722702], [-22.4743270874, 150.6690979, -40.9148216248, 32.9256744385, -18.0513725281, 185.390136719, 324.516906738, 52.5519943237, 49.3069610596, 24.9932899475, 39.7339019775, 37.3254089355, 9.7980260849], [-98.4873046875, -15.5794725418, 112.245170593, 21.2493839264, 49.4649467468, 29.9371795654, 52.5519943237, 206.959106445, 66.6404647827, 29.002363205, 32.4161071777, 29.2391166687, 8.27438735962], [-78.4755554199, 46.1599769592, -23.6368522644, 28.2005443573, 50.0230064392, 62.8573074341, 49.3069610596, 66.6404647827, 178.5105896, 62.9259033203, -0.378432095051, 23.5390968323, 22.5848922729], [325.730682373, -37.9519424438, 39.7197952271, 16.5938034058, 38.3539390564, 47.1791534424, 24.9932899475, 29.002363205, 62.9259033203, 158.487670898, 59.7560501099, 1.5029001236, 4.33755970001], [129.095397949, 107.453201294, -77.7174758911, 28.5463466644, 5.90289402008, -9.7034406662, 39.7339019775, 32.4161071777, -0.378432095051, 59.7560501099, 156.27583313, 40.3895645142, 0.239870741963], [-241.218688965, 31.6117362976, 8.22594451904, -5.50219869614, 12.0586566925, 29.4795513153, 37.3254089355, 29.2391166687, 23.5390968323, 1.5029001236, 40.3895645142, 113.349655151, 47.5122947693], [-133.263916016, -0.188878178596, 0.90724414587, 38.7382049561, 30.5284404755, 6.05167722702, 9.7980260849, 8.27438735962, 22.5848922729, 4.33755970001, 0.239870741963, 47.5122947693, 97.8248672485]],
