{
"lowlevel": {
    "average_loudness": 0.95471394062,
    "barkbands_crest": {
        "dmean": 3.28761744499,
        "dmean2": 5.09282445908,
        "dvar": 8.09277057648,
        "dvar2": 18.4171657562,
        "max": 26.5081005096,
        "mean": 12.4960575104,
        "median": 12.037858963,
        "min": 2.25246238708,
        "var": 26.9085865021
    },
    "barkbands_flatness_db": {
        "dmean": 0.0370304509997,
        "dmean2": 0.0527138672769,
        "dvar": 0.00122786639258,
        "dvar2": 0.00240055192262,
        "max": 0.576784074306,
        "mean": 0.16100500524,
        "median": 0.152868047357,
        "min": 0.0155868772417,
        "var": 0.00466472562402
    },
    "barkbands_kurtosis": {
        "dmean": 15.0478153229,
        "dmean2": 23.3321170807,
        "dvar": 1025.55456543,
        "dvar2": 2240.14428711,
        "max": 925.951965332,
        "mean": 18.8997039795,
        "median": 4.76483821869,
        "min": -1.95470678806,
        "var": 1864.96350098
    },
    "barkbands_skewness": {
        "dmean": 1.40187287331,
        "dmean2": 2.03186058998,
        "dvar": 2.36616826057,
        "dvar2": 4.7420797348,
        "max": 25.2707023621,
        "mean": 2.77084374428,
        "median": 2.12521028519,
        "min": -5.8042550087,
        "var": 8.08163833618
    },
    "barkbands_spread": {
        "dmean": 12.2744903564,
        "dmean2": 18.9575099945,
        "dvar": 211.296096802,
        "dvar2": 459.426177979,
        "max": 114.445571899,
        "mean": 25.1780185699,
        "median": 19.4291133881,
        "min": 0.0883681327105,
        "var": 443.203094482
    },
    "dissonance": {
        "dmean": 0.0236485470086,
        "dmean2": 0.0370519459248,
        "dvar": 0.000671880668961,
        "dvar2": 0.00149930652697,
        "max": 0.500000059605,
        "mean": 0.458534955978,
        "median": 0.470677673817,
        "min": 0.163989171386,
        "var": 0.00150926306378
    },
    "dynamic_complexity": 2.41284871101,
    "erbbands_crest": {
        "dmean": 3.52747416496,
        "dmean2": 5.69043159485,
        "dvar": 9.2320318222,
        "dvar2": 22.0265464783,
        "max": 29.6121673584,
        "mean": 9.67317676544,
        "median": 8.77074050903,
        "min": 2.59658336639,
        "var": 18.8663406372
    },
    "erbbands_flatness_db": {
        "dmean": 0.0267437566072,
        "dmean2": 0.0401059314609,
        "dvar": 0.000596433063038,
        "dvar2": 0.00122708978597,
        "max": 0.349581331015,
        "mean": 0.136102899909,
        "median": 0.129979118705,
        "min": 0.0360513404012,
        "var": 0.00179245206527
    },
    "erbbands_kurtosis": {
        "dmean": 2.022108078,
        "dmean2": 3.15089964867,
        "dvar": 8.4396944046,
        "dvar2": 18.072971344,
        "max": 66.572227478,
        "mean": 1.24211347103,
        "median": 0.0158050060272,
        "min": -1.87984824181,
        "var": 14.2547740936
    },
    "erbbands_skewness": {
        "dmean": 0.711920022964,
        "dmean2": 1.04350161552,
        "dvar": 0.47676935792,
        "dvar2": 0.957775712013,
        "max": 7.00476551056,
        "mean": 0.159116998315,
        "median": 0.168313294649,
        "min": -6.51797580719,
        "var": 1.50623202324
    },
    "erbbands_spread": {
        "dmean": 20.1497459412,
        "dmean2": 31.0855312347,
        "dvar": 386.795257568,
        "dvar2": 882.91418457,
        "max": 178.828598022,
        "mean": 55.4128379822,
        "median": 50.6186141968,
        "min": 4.31109476089,
        "var": 909.145690918
    },
    "hfc": {
        "dmean": 14.4260053635,
        "dmean2": 21.5868091583,
        "dvar": 357.979980469,
        "dvar2": 827.23260498,
        "max": 177.275161743,
        "mean": 28.1142883301,
        "median": 21.1480140686,
        "min": 1.16666797674e-16,
        "var": 628.01348877
    },
    "melbands_crest": {
        "dmean": 3.56920194626,
        "dmean2": 5.54822587967,
        "dvar": 11.052438736,
        "dvar2": 25.8086490631,
        "max": 38.4649925232,
        "mean": 17.0662574768,
        "median": 16.8147773743,
        "min": 1.00057125092,
        "var": 44.8861312866
    },
    "melbands_flatness_db": {
        "dmean": 0.0460736788809,
        "dmean2": 0.064021281898,
        "dvar": 0.00196537957527,
        "dvar2": 0.00381341949105,
        "max": 0.717890620232,
        "mean": 0.233818203211,
        "median": 0.230329722166,
        "min": 8.6286569001e-09,
        "var": 0.00903704855591
    },
    "melbands_kurtosis": {
        "dmean": 42.2492904663,
        "dmean2": 64.9649810791,
        "dvar": 6208.58300781,
        "dvar2": 14302.9111328,
        "max": 1788.2388916,
        "mean": 61.2432403564,
        "median": 20.2121715546,
        "min": -1.94475317001,
        "var": 12293.8447266
    },
    "melbands_skewness": {
        "dmean": 2.02181267738,
        "dmean2": 2.95095610619,
        "dvar": 4.7436580658,
        "dvar2": 9.48745536804,
        "max": 37.0460624695,
        "mean": 5.0223698616,
        "median": 3.9281141758,
        "min": -4.1763920784,
        "var": 16.4513893127
    },
    "melbands_spread": {
        "dmean": 13.885884285,
        "dmean2": 21.5474815369,
        "dvar": 501.578765869,
        "dvar2": 1144.88818359,
        "max": 317.189941406,
        "mean": 24.5960178375,
        "median": 14.0675106049,
        "min": 0.0837521031499,
        "var": 957.170471191
    },
    "pitch_salience": {
        "dmean": 0.0888730213046,
        "dmean2": 0.137442812324,
        "dvar": 0.00719396118075,
        "dvar2": 0.0150911621749,
        "max": 0.996091365814,
        "mean": 0.461652338505,
        "median": 0.462188780308,
        "min": 0.052822496742,
        "var": 0.0326140969992
    },
    "silence_rate_20dB": {
        "dmean": 0,
        "dmean2": 0,
        "dvar": 0,
        "dvar2": 0,
        "max": 1,
        "mean": 1,
        "median": 1,
        "min": 1,
        "var": 0
    },
    "silence_rate_30dB": {
        "dmean": 0.0546229928732,
        "dmean2": 0.109255895019,
        "dvar": 0.0516438782215,
        "dvar2": 0.10585822165,
        "max": 1,
        "mean": 0.897931396961,
        "median": 1,
        "min": 0,
        "var": 0.0916557312012
    },
    "silence_rate_60dB": {
        "dmean": 0.023772796616,
        "dmean2": 0.0475499108434,
        "dvar": 0.0232070758939,
        "dvar2": 0.0549054257572,
        "max": 1,
        "mean": 0.0442750863731,
        "median": 0,
        "min": 0,
        "var": 0.0423081293702
    },
    "spectral_centroid": {
        "dmean": 513.560241699,
        "dmean2": 751.791442871,
        "dvar": 343826.15625,
        "dvar2": 634782.875,
        "max": 11033.6738281,
        "mean": 1475.69726562,
        "median": 1197.16845703,
        "min": 95.740020752,
        "var": 1107066.375
    },
    "spectral_complexity": {
        "dmean": 5.73831796646,
        "dmean2": 8.10925579071,
        "dvar": 42.0024681091,
        "dvar2": 76.4675674438,
        "max": 60,
        "mean": 14.4576301575,
        "median": 12,
        "min": 0,
        "var": 106.62878418
    },
    "spectral_decrease": {
        "dmean": 3.67519570332e-09,
        "dmean2": 5.12342257508e-09,
        "dvar": 2.68552556933e-17,
        "dvar2": 4.73527085543e-17,
        "max": 1.27887520018e-10,
        "mean": -1.15271516776e-08,
        "median": -8.42244674004e-09,
        "min": -6.66596591259e-08,
        "var": 1.16843867265e-16
    },
    "spectral_energy": {
        "dmean": 0.014437395148,
        "dmean2": 0.0202151518315,
        "dvar": 0.000385849212762,
        "dvar2": 0.000681217992678,
        "max": 0.25344273448,
        "mean": 0.0460561476648,
        "median": 0.0345943942666,
        "min": 1.06098280879e-20,
        "var": 0.0017004343681
    },
    "spectral_energyband_high": {
        "dmean": 0.00126799137797,
        "dmean2": 0.00192303047515,
        "dvar": 4.04471529691e-06,
        "dvar2": 8.45546492201e-06,
        "max": 0.0237212143838,
        "mean": 0.0018859609263,
        "median": 0.000744513119571,
        "min": 7.80736440642e-21,
        "var": 7.88968918641e-06
    },
    "spectral_energyband_low": {
        "dmean": 0.0123395975679,
        "dmean2": 0.0172303859144,
        "dvar": 0.000421256670961,
        "dvar2": 0.000730440253392,
        "max": 0.251606941223,
        "mean": 0.0333666838706,
        "median": 0.0191482193768,
        "min": 5.41696773446e-23,
        "var": 0.00171179417521
    },
    "spectral_energyband_middle_high": {
        "dmean": 0.00300947017968,
        "dmean2": 0.00444894656539,
        "dvar": 2.94439068966e-05,
        "dvar2": 6.84189581079e-05,
        "max": 0.0559050738811,
        "mean": 0.00434791576117,
        "median": 0.00215946719982,
        "min": 1.50108259773e-21,
        "var": 4.03592493967e-05
    },
    "spectral_energyband_middle_low": {
        "dmean": 0.00538258533925,
        "dmean2": 0.00850949808955,
        "dvar": 6.32568044239e-05,
        "dvar2": 0.000167593505466,
        "max": 0.0831359401345,
        "mean": 0.0110442498699,
        "median": 0.00890841521323,
        "min": 1.53936486888e-22,
        "var": 9.54922870733e-05
    },
    "spectral_entropy": {
        "dmean": 0.295491218567,
        "dmean2": 0.42498165369,
        "dvar": 0.0880547761917,
        "dvar2": 0.175166219473,
        "max": 9.80175495148,
        "mean": 7.69399547577,
        "median": 7.76843595505,
        "min": 5.03768491745,
        "var": 0.251300483942
    },
    "spectral_flux": {
        "dmean": 0.0370818823576,
        "dmean2": 0.0555656813085,
        "dvar": 0.00156435510144,
        "dvar2": 0.00339784007519,
        "max": 0.439256459475,
        "mean": 0.109207212925,
        "median": 0.0962741971016,
        "min": 6.67987332115e-11,
        "var": 0.00410244893283
    },
    "spectral_kurtosis": {
        "dmean": 1.34430646896,
        "dmean2": 2.00536131859,
        "dvar": 2.06773638725,
        "dvar2": 4.55988883972,
        "max": 27.6814537048,
        "mean": 2.94119668007,
        "median": 2.49991750717,
        "min": -1.2437235117,
        "var": 4.95866155624
    },
    "spectral_rms": {
        "dmean": 0.00104839645792,
        "dmean2": 0.00146023719572,
        "dvar": 1.31954914195e-06,
        "dvar2": 2.33470291278e-06,
        "max": 0.0157245416194,
        "mean": 0.00607733055949,
        "median": 0.00580952875316,
        "min": 3.21730511156e-12,
        "var": 7.99895678938e-06
    },
    "spectral_rolloff": {
        "dmean": 1055.73254395,
        "dmean2": 1779.296875,
        "dvar": 3219494.75,
        "dvar2": 7126815.5,
        "max": 19013.8183594,
        "mean": 1771.32971191,
        "median": 624.462890625,
        "min": 43.06640625,
        "var": 5873458
    },
    "spectral_skewness": {
        "dmean": 0.287107437849,
        "dmean2": 0.412761062384,
        "dvar": 0.0762744396925,
        "dvar2": 0.157358407974,
        "max": 4.31681919098,
        "mean": 1.34853065014,
        "median": 1.35724055767,
        "min": -0.138209968805,
        "var": 0.240586936474
    },
    "spectral_spread": {
        "dmean": 1098078.75,
        "dmean2": 1603890.875,
        "dvar": 1.33540361011e+12,
        "dvar2": 2.65012799078e+12,
        "max": 41999088,
        "mean": 6239173.5,
        "median": 6081790,
        "min": 1575412.625,
        "var": 3.62298762854e+12
    },
    "spectral_strongpeak": {
        "dmean": 0.431299120188,
        "dmean2": 0.701567173004,
        "dvar": 0.483649373055,
        "dvar2": 1.23562157154,
        "max": 10.6709280014,
        "mean": 0.862586081028,
        "median": 0.741826713085,
        "min": 0,
        "var": 0.620912849903
    },
    "zerocrossingrate": {
        "dmean": 0.0221111960709,
        "dmean2": 0.0252200365067,
        "dvar": 0.000588046154007,
        "dvar2": 0.000676580006257,
        "max": 0.533203125,
        "mean": 0.0709451138973,
        "median": 0.0546875,
        "min": 0.00146484375,
        "var": 0.00349400308914
    },
    "barkbands": {
        "dmean": [0.000399744138122, 0.00684188259766, 0.00863637123257, 0.00314218690619, 0.00108401302714, 0.00108259310946, 0.00111970084254, 0.000982313416898, 0.000638401601464, 0.000623193394858, 0.000449568789918, 0.000412835506722, 0.0002981594007, 0.000356348697096, 0.00037026318023, 0.000510811223648, 0.000360088073649, 0.00030625067302, 0.000385524326703, 0.00024171305995, 0.000209790887311, 0.000308323447825, 0.000295792124234, 0.000249492441071, 0.000192420993699, 9.0483299573e-05, 1.49813295138e-05],
        "dmean2": [0.000399782526074, 0.0090697016567, 0.0132087953389, 0.00529340421781, 0.00175147049595, 0.00169999268837, 0.00177122256719, 0.00154972437304, 0.000979510718025, 0.000943181570619, 0.000713404093403, 0.000638404220808, 0.000468436046503, 0.000568632443901, 0.000596340745687, 0.000866013288032, 0.000581120315474, 0.000488692428917, 0.00061309337616, 0.000377393880626, 0.000322648469592, 0.000473104271805, 0.000463670730824, 0.000395668263081, 0.000305845285766, 0.00014307393576, 2.5137571356e-05],
        "dvar": [1.07551193196e-06, 0.000314889795845, 0.000349957728758, 5.11490325152e-05, 3.25762653119e-06, 4.22498533226e-06, 5.38218091606e-06, 5.44741897102e-06, 2.84741508949e-06, 2.38476491177e-06, 1.18954005757e-06, 9.6417977602e-07, 5.53477434551e-07, 6.81658093526e-07, 8.07850710771e-07, 3.82924599762e-06, 5.32931380803e-07, 6.30948136404e-07, 5.6759608924e-07, 2.26579913942e-07, 1.84630110311e-07, 6.81278322645e-07, 3.4465389831e-07, 3.02557538134e-07, 1.04927089239e-07, 2.76718150616e-08, 1.59661983634e-09],
        "dvar2": [9.03154386833e-07, 0.000506510259584, 0.000759627786465, 0.000140597083373, 7.65270033298e-06, 9.65157141763e-06, 1.24055004562e-05, 1.18911329992e-05, 6.03233092988e-06, 5.02592183693e-06, 2.8278877835e-06, 2.07551124731e-06, 1.27758744384e-06, 1.6651470105e-06, 1.94840686163e-06, 1.05097751657e-05, 1.3482238046e-06, 1.46696595493e-06, 1.39241626584e-06, 5.36191691936e-07, 3.99826916464e-07, 1.49502761815e-06, 7.63733623899e-07, 6.85784641519e-07, 2.44035675223e-07, 6.4259985777e-08, 3.86014598064e-09],
        "max": [0.0161269791424, 0.228436976671, 0.170507207513, 0.0739860311151, 0.0331926085055, 0.0448259860277, 0.0380134545267, 0.0345248319209, 0.0481620319188, 0.0295133348554, 0.0220291819423, 0.0289353672415, 0.013279796578, 0.0169630441815, 0.0184528157115, 0.020799048245, 0.00746675487608, 0.00866127759218, 0.0108599374071, 0.0126754995435, 0.0104011427611, 0.0196614842862, 0.0126690724865, 0.0112741505727, 0.0072155627422, 0.0033614190761, 0.00151776021812],
        "mean": [0.000956781499553, 0.0133205037564, 0.0146399596706, 0.00503999879584, 0.00148764520418, 0.0013822306646, 0.00118489866145, 0.00101304019336, 0.00070072337985, 0.000697057694197, 0.000472897401778, 0.000446630321676, 0.000306733010802, 0.000368964625522, 0.000374953961, 0.000432906497736, 0.000396322226152, 0.000309066148475, 0.000465073651867, 0.000298992119497, 0.000270946591627, 0.000416534690885, 0.000397637661081, 0.000317034311593, 0.000235826344579, 0.000109076347144, 1.37229571919e-05],
        "median": [3.23667773046e-05, 0.00231566885486, 0.00492986291647, 0.00193688366562, 0.000684549217112, 0.000418127776356, 0.000194782856852, 0.000134379748488, 7.38906965125e-05, 0.000100794175523, 8.36585313664e-05, 7.5867457781e-05, 3.94300732296e-05, 6.91635868861e-05, 5.63171415706e-05, 7.03586920281e-05, 0.000119410164189, 7.13356130291e-05, 0.000162698415807, 9.30479727685e-05, 8.1583908468e-05, 0.000124851125292, 0.00013067969121, 0.000108479282062, 0.000102448277175, 4.51662963314e-05, 2.74181320492e-06],
        "min": [5.44993707158e-24, 1.14537878161e-23, 1.90429791897e-23, 5.32555776709e-24, 2.03069757513e-23, 2.19837374707e-23, 1.45899982193e-23, 1.78094026824e-23, 1.79457225799e-23, 3.57959141043e-23, 4.40974729077e-23, 3.72279175283e-23, 2.90184882123e-23, 1.15923438188e-22, 1.33636621928e-22, 8.07110728947e-23, 1.67810215182e-22, 2.16418347414e-22, 1.41748156762e-22, 3.45370044333e-22, 3.46943070844e-22, 5.06593144739e-22, 4.49784506786e-22, 9.51331415599e-22, 9.32551527832e-22, 1.67285767831e-21, 2.22995210785e-21],
        "var": [6.60253408569e-06, 0.000952528615016, 0.000524554518051, 5.9504465753e-05, 5.4565971368e-06, 6.36028335066e-06, 6.55987923892e-06, 7.48637603465e-06, 3.96751238441e-06, 3.46464912582e-06, 1.43717079482e-06, 1.26509166876e-06, 7.01680619386e-07, 7.82282882028e-07, 9.63168076851e-07, 2.65992412096e-06, 5.39261691301e-07, 6.24459289611e-07, 6.85088707542e-07, 3.13499867843e-07, 3.00447624113e-07, 1.08222241124e-06, 5.48192645056e-07, 4.279188488e-07, 1.37558672009e-07, 3.35133343299e-08, 1.74753123083e-09]
    },
    "erbbands": {
        "dmean": [0.225996404886, 1.7100995779, 7.14620733261, 13.0476436615, 3.39190244675, 3.84260225296, 9.66380500793, 7.99171590805, 11.3655462265, 22.5310649872, 17.8033180237, 15.287481308, 18.5869865417, 15.1986970901, 17.6342697144, 17.6698513031, 13.0851144791, 16.1316318512, 18.592508316, 23.1034374237, 25.8653259277, 20.1839561462, 17.4226894379, 13.8159008026, 21.0607814789, 10.8745651245, 8.56105232239, 8.20053768158, 10.3149871826, 10.9371109009, 8.26361083984, 6.43843507767, 3.70975255966, 2.89750766754, 0.956158995628, 0.415977090597, 0.156208306551, 0.0291971042752, 0.00340007338673, 0.000107558385935],
        "dmean2": [0.272821694613, 2.1990146637, 10.4397411346, 20.6103382111, 5.87114429474, 6.15446615219, 14.9989128113, 12.6189174652, 18.0334968567, 35.0463943481, 27.7483119965, 23.1743450165, 28.1049232483, 23.0242443085, 27.4798183441, 26.63945961, 20.1908168793, 25.104970932, 29.517326355, 37.5893211365, 43.9074516296, 32.5013542175, 27.6817893982, 21.3013572693, 33.5158653259, 16.9535827637, 13.2298126221, 12.4927825928, 15.7420883179, 17.3020610809, 12.9751491547, 10.0546951294, 6.01190662384, 4.68203449249, 1.5059274435, 0.657343685627, 0.249114796519, 0.0457359068096, 0.00571033312008, 0.000180205752258],
        "dvar": [0.283034443855, 21.0584526062, 245.708404541, 777.595031738, 71.8444290161, 51.7350959778, 351.78225708, 338.956970215, 628.946166992, 2097.05517578, 1948.46276855, 1840.00708008, 2143.69165039, 1388.10498047, 1651.14831543, 1857.65136719, 1024.24475098, 1146.92041016, 2213.16162109, 4514.27441406, 9210.86230469, 1701.6027832, 1917.76171875, 793.463195801, 1693.04016113, 459.533569336, 413.225616455, 292.918029785, 973.571472168, 644.022216797, 273.722167969, 256.098999023, 51.6837463379, 26.1177005768, 2.44125533104, 0.491776317358, 0.0954447984695, 0.00342849153094, 9.016898548e-05, 8.08343614267e-08],
        "dvar2": [0.458148002625, 31.8894462585, 487.557159424, 1894.09362793, 203.329925537, 115.423377991, 755.838684082, 792.754089355, 1483.47460938, 4728.04150391, 4224.93603516, 3946.34960938, 4554.97998047, 2930.40112305, 3863.8046875, 3758.51391602, 2359.50244141, 2662.89916992, 5426.16748047, 11354.0136719, 25628.3144531, 4306.13134766, 4525.35009766, 1768.47900391, 4131.01757812, 1105.24145508, 923.435180664, 616.457885742, 2192.02368164, 1522.24145508, 599.667724609, 575.026977539, 120.582183838, 61.9354629517, 5.73976898193, 1.15525531769, 0.224517971277, 0.00765855703503, 0.000220864691073, 2.06677782444e-07],
        "max": [7.30234241486, 61.3279533386, 182.851333618, 269.224060059, 123.85206604, 198.097366333, 340.036102295, 523.446289062, 549.953369141, 564.058776855, 821.931884766, 1380.73608398, 847.671875, 860.016662598, 925.696533203, 1474.65100098, 564.032836914, 653.161682129, 1094.30773926, 1102.63378906, 1024.99194336, 481.707519531, 432.108734131, 361.949737549, 756.262939453, 575.723083496, 517.149597168, 408.13470459, 917.451599121, 572.555541992, 345.165893555, 409.273010254, 145.377319336, 105.531707764, 41.3095359802, 9.41893100739, 6.75689077377, 2.12309837341, 0.339773178101, 0.0100189838558],
        "mean": [0.444263100624, 2.88627815247, 11.4885406494, 24.8889274597, 4.83978843689, 5.40999031067, 12.6011514664, 9.93598365784, 12.4471483231, 24.1530742645, 19.20844841, 16.893699646, 20.9810810089, 18.1455554962, 19.5716114044, 19.9509353638, 14.3902292252, 18.0265102386, 19.1764354706, 22.5848655701, 23.2492733002, 22.4235248566, 18.1493740082, 16.5013160706, 25.8065605164, 13.8115625381, 10.8752412796, 11.137638092, 13.9123020172, 14.1399230957, 10.9478120804, 8.22853755951, 4.53131818771, 3.37627649307, 1.23884665966, 0.521036267281, 0.18318888545, 0.0340736322105, 0.00309062912129, 0.000141263139085],
        "median": [0.0691583827138, 0.756593167782, 4.30899763107, 9.30291652679, 2.64603757858, 2.17732334137, 4.20356178284, 2.95101118088, 2.74038004875, 4.4215297699, 2.9308950901, 2.1205034256, 3.20361971855, 3.09782981873, 4.48249530792, 3.55032491684, 2.3706009388, 3.72870087624, 3.40804815292, 3.55035591125, 4.80095434189, 6.92892074585, 4.66455364227, 5.72115516663, 8.83727455139, 4.71155691147, 2.81685018539, 3.83013224602, 4.17079257965, 4.30058526993, 3.58184456825, 2.46922445297, 1.6645796299, 1.38586449623, 0.572728395462, 0.22111171484, 0.0727373957634, 0.0127741564065, 0.000555131700821, 7.71825216361e-05],
        "min": [4.88950933237e-22, 2.20708973237e-21, 1.447647336e-20, 3.54113306048e-20, 3.94526378097e-20, 7.49782162742e-20, 1.34165141064e-19, 2.50684141519e-19, 2.22099855627e-19, 2.54811100691e-19, 2.89851867306e-19, 3.7362765992e-19, 9.50666787286e-19, 1.55561809045e-18, 2.02155373005e-18, 1.27208073899e-18, 1.3878113717e-18, 5.5188320009e-18, 6.03227541482e-18, 6.88519251136e-18, 4.72214995112e-18, 1.07950783979e-17, 1.29498086202e-17, 8.09079832799e-18, 1.02324384171e-17, 1.54071339182e-17, 1.41318182827e-17, 1.45989106309e-17, 1.66069196921e-17, 1.69339389298e-17, 1.19552132691e-17, 1.67592648542e-17, 1.64884277237e-17, 1.00330531478e-17, 7.04087203855e-18, 5.74483428786e-18, 2.72550076815e-18, 1.11400859188e-18, 2.69313851576e-19, 3.18695080117e-20],
        "var": [1.09108364582, 49.0269966125, 375.033691406, 1290.44946289, 57.5441055298, 92.356880188, 567.671691895, 446.872253418, 740.631713867, 2691.54711914, 2676.234375, 2523.92895508, 2934.04980469, 2150.67211914, 2127.95874023, 2591.91699219, 1339.96008301, 1534.23486328, 2414.28320312, 4392.30371094, 6246.86425781, 1725.83410645, 1886.32702637, 970.340881348, 2199.50830078, 614.295654297, 625.664245605, 487.643890381, 1432.79211426, 890.731201172, 435.260437012, 357.291351318, 70.0877532959, 31.9695911407, 3.29923462868, 0.638022303581, 0.109599351883, 0.00488617038354, 8.94097393029e-05, 7.16850365734e-08]
    },
    "gfcc": {
        "mean": [7.82340764999, 51.927822113, -83.1601867676, 44.9516830444, -53.7079467773, 20.1778259277, -37.4745521545, 12.3839206696, -26.023223877, 0.578128099442, -18.6107444763, 1.68135094643, -18.3303909302],
        "cov": [[5332.09179688, -120.792076111, -193.624145508, 27.0460796356, 111.175949097, 225.45640564, -5.74932813644, 219.644241333, 55.414352417, 57.3919334412, -118.689659119, -59.9290161133, -133.964035034], [-120.792076111, 1829.96618652, 109.964874268, -355.087585449, 180.551330566, -104.169960022, 59.6925125122, 29.5989665985, 58.0970687866, -102.568824768, 62.9380149841, -44.9864196777, -47.3651809692], [-193.624145508, 109.964874268, 1291.98742676, 544.196838379, 256.244506836, 238.267379761, 202.822067261, -9.96604919434, 21.3887004852, -1.20848619938, 21.7823085785, 40.3705787659, 34.0224304199], [27.0460796356, -355.087585449, 544.196838379, 911.398864746, 272.98739624, 182.401046753, 82.5319137573, 8.11525344849, 21.2802467346, 33.525718689, 8.0489692688, 9.82022857666, 34.0298843384], [111.175949097, 180.551330566, 256.244506836, 272.98739624, 541.82244873, 154.608383179, 67.8915557861, 4.05148363113, 39.4786224365, 33.4703025818, 3.39262795448, -23.8702583313, -11.2954454422], [225.45640564, -104.169960022, 238.267379761, 182.401046753, 154.608383179, 397.372375488, 235.612564087, 44.2240791321, 8.73105430603, 21.3802242279, 0.229490220547, 1.61588549614, -26.8238868713], [-5.74932813644, 59.6925125122, 202.822067261, 82.5319137573, 67.8915557861, 235.612564087, 376.202697754, 98.5203475952, -1.42699027061, -7.07145214081, 22.1800460815, 18.9324359894, -25.2418880463], [219.644241333, 29.5989665985, -9.96604919434, 8.11525344849, 4.05148363113, 44.2240791321, 98.5203475952, 171.172119141, 67.4914321899, 21.7558403015, 18.2147769928, -5.71600914001, 2.06270217896], [55.414352417, 58.0970687866, 21.3887004852, 21.2802467346, 39.4786224365, 8.73105430603, -1.42699027061, 67.4914321899, 157.32194519, 75.2320785522, 20.8783149719, -1.28063642979, 4.84958982468], [57.3919334412, -102.568824768, -1.20848619938, 33.525718689, 33.4703025818, 21.3802242279, -7.07145214081, 21.7558403015, 75.2320785522, 152.243484497, 68.2128067017, 21.3971271515, 10.6996421814], [-118.689659119, 62.9380149841, 21.7823085785, 8.0489692688, 3.39262795448, 0.229490220547, 22.1800460815, 18.2147769928, 20.8783149719, 68.2128067017, 148.233718872, 64.5838317871, 20.9084892273], [-59.9290161133, -44.9864196777, 40.3705787659, 9.82022857666, -23.8702583313, 1.61588549614, 18.9324359894, -5.71600914001, -1.28063642979, 21.3971271515, 64.5838317871, 124.765357971, 56.377204895], [-133.964035034, -47.3651809692, 34.0224304199, 34.0298843384, -11.2954454422, -26.8238868713, -25.2418880463, 2.06270217896, 4.84958982468, 10.6996421814, 20.9084892273, 56.377204895, 107.719413757]],
        "icov": [[0.000234498278587, -3.38572390319e-05, 3.10591458401e-05, -2.12674021896e-05, -1.83105275937e-05, -0.00022161976085, 0.000288708979497, -0.000511929218192, 0.000221750102355, -0.000249309523497, 0.000380398909329, -0.000306329980958, 0.000395270239096], [-3.38572390319e-05, 0.00091930833878, -0.000229047058383, 0.000569263647776, -0.000557218969334, 0.000478706235299, -0.000352569302777, 0.000250299985055, -0.000864601111971, 0.00136929471046, -0.00117648718879, 0.000654388742987, 1.67768230313e-05], [3.10591458401e-05, -0.000229047058383, 0.00125200045295, -0.000717351445928, -3.03572342091e-05, -0.000307378330035, -0.000425744219683, 0.000494909938425, -0.000239744607825, 7.45902434574e-05, 0.000148523569806, -0.000290475290967, -0.000293288117973], [-2.12674021896e-05, 0.000569263647776, -0.000717351445928, 0.00201781233773, -0.000836915103719, -9.99719195534e-05, 7.07651415723e-05, -6.98351941537e-05, -0.000282660679659, 0.000526051910128, -0.000614548684098, 0.000539414817467, -0.000484309450258], [-1.83105275937e-05, -0.000557218969334, -3.03572342091e-05, -0.000836915103719, 0.00278130802326, -0.000944508588873, 0.000232244186918, 0.000312860909617, -7.12908586138e-05, -0.000891294388566, 0.000409424101235, 0.000358721707016, -6.43989405944e-05], [-0.00022161976085, 0.000478706235299, -0.000307378330035, -9.99719195534e-05, -0.000944508588873, 0.00523042771965, -0.00323845609091, 0.00091793993488, -0.000403405574616, -0.00027626476367, 5.27086303919e-05, 0.000310188828735, 0.000363545899745], [0.000288708979497, -0.000352569302777, -0.000425744219683, 7.07651415723e-05, 0.000232244186918, -0.00323845609091, 0.00614116340876, -0.00386903947219, 0.00181192753371, -2.23155893764e-05, 0.000296056939987, -0.00186144351028, 0.00188460852951], [-0.000511929218192, 0.000250299985055, 0.000494909938425, -6.98351941537e-05, 0.000312860909617, 0.00091793993488, -0.00386903947219, 0.0106445103884, -0.00518966559321, 0.00186287052929, -0.00229469174519, 0.00273290346377, -0.00244623562321], [0.000221750102355, -0.000864601111971, -0.000239744607825, -0.000282660679659, -7.12908586138e-05, -0.000403405574616, 0.00181192753371, -0.00518966559321, 0.0117268767208, -0.00662347581238, 0.00273937569, -0.00107674894389, 0.000638430472463], [-0.000249309523497, 0.00136929471046, 7.45902434574e-05, 0.000526051910128, -0.000891294388566, -0.00027626476367, -2.23155893764e-05, 0.00186287052929, -0.00662347581238, 0.0136752445251, -0.00706967059523, 0.0018088396173, -0.00073547573993], [0.000380398909329, -0.00117648718879, 0.000148523569806, -0.000614548684098, 0.000409424101235, 5.27086303919e-05, 0.000296056939987, -0.00229469174519, 0.00273937569, -0.00706967059523, 0.0133709432557, -0.00681894319132, 0.00182478467468], [-0.000306329980958, 0.000654388742987, -0.000290475290967, 0.000539414817467, 0.000358721707016, 0.000310188828735, -0.00186144351028, 0.00273290346377, -0.00107674894389, 0.0018088396173, -0.00681894319132, 0.0151195861399, -0.00726633146405], [0.000395270239096, 1.67768230313e-05, -0.000293288117973, -0.000484309450258, -6.43989405944e-05, 0.000363545899745, 0.00188460852951, -0.00244623562321, 0.000638430472463, -0.00073547573993, 0.00182478467468, -0.00726633146405, 0.0140933040529]]
    },
    "melbands": {
        "dmean": [0.00186571234372, 0.00293693691492, 0.00190034066327, 0.000195480213733, 0.000306333065964, 0.000181058712769, 0.000191751300008, 0.000247022573603, 0.000137149734655, 9.46777654462e-05, 9.53517592279e-05, 6.47372071398e-05, 6.22718216619e-05, 4.80633461848e-05, 3.59033219866e-05, 3.00882184092e-05, 3.17315098073e-05, 3.13851342071e-05, 2.86534359475e-05, 3.64637780876e-05, 2.89262115984e-05, 2.28823937505e-05, 1.52648590301e-05, 1.58949187608e-05, 1.02805224742e-05, 1.83878873941e-05, 1.18253929031e-05, 6.46250646241e-06, 5.56400345886e-06, 4.9778709581e-06, 4.87635315949e-06, 5.53224026589e-06, 7.46419709685e-06, 5.71754208067e-06, 4.58176918983e-06, 5.11838970851e-06, 3.59045520781e-06, 2.65636595032e-06, 2.52782797361e-06, 2.50760035669e-06],
        "dmean2": [0.00241801398806, 0.00388242886402, 0.00298147392459, 0.000326016190229, 0.000473554478958, 0.00028557315818, 0.000303761102259, 0.000384442915674, 0.000216073021875, 0.000145142679685, 0.000145258934936, 9.87598759821e-05, 9.82476849458e-05, 7.40605464671e-05, 5.5228923884e-05, 4.71975436085e-05, 5.03425544593e-05, 5.03547598782e-05, 4.63772885269e-05, 6.02719155722e-05, 4.9538037274e-05, 3.72391805286e-05, 2.4139881134e-05, 2.56588118646e-05, 1.59889968927e-05, 2.994217175e-05, 1.86723718798e-05, 1.016735132e-05, 8.72020245879e-06, 7.76420529291e-06, 7.49594391891e-06, 8.42448935146e-06, 1.18141288112e-05, 9.1968158813e-06, 7.27935730538e-06, 8.01296391728e-06, 5.67458118894e-06, 4.29422198067e-06, 4.21835648012e-06, 4.02728346671e-06],
        "dvar": [2.06529821298e-05, 3.29126523866e-05, 1.65044257301e-05, 1.4640544066e-07, 3.06845805653e-07, 1.4729096165e-07, 1.67880486401e-07, 2.50072559993e-07, 1.1439352221e-07, 7.49609299078e-08, 5.72195233417e-08, 2.68335540454e-08, 2.27207372916e-08, 1.23019558984e-08, 7.60311280601e-09, 5.81507464403e-09, 4.94021268338e-09, 7.44700745514e-09, 5.00395636038e-09, 1.70286309498e-08, 1.06708339942e-08, 2.21758322816e-09, 9.01267727116e-10, 2.17554640969e-09, 4.18505369248e-10, 1.49802981131e-09, 5.81466153005e-10, 1.90749971374e-10, 2.09729594802e-10, 1.27505450642e-10, 1.21843674039e-10, 3.27559673829e-10, 3.9005673691e-10, 1.68104516418e-10, 8.44312467163e-11, 1.51506418522e-10, 8.69834412831e-11, 3.13164667809e-11, 2.16933224856e-11, 1.93121196118e-11],
        "dvar2": [3.23292661051e-05, 5.24828465132e-05, 3.97725416406e-05, 3.83813045346e-07, 6.63506682486e-07, 3.43310063045e-07, 3.92995644916e-07, 5.57329030926e-07, 2.51384022931e-07, 1.59011420919e-07, 1.22437839423e-07, 5.60799762184e-08, 5.27947250362e-08, 2.7057060592e-08, 1.73435985573e-08, 1.34705704369e-08, 1.17970619939e-08, 1.8421882686e-08, 1.18548353356e-08, 4.47252972435e-08, 2.9935172563e-08, 5.6355413669e-09, 2.18437778976e-09, 5.0790505135e-09, 9.43808031728e-10, 3.82371201368e-09, 1.33545874359e-09, 4.65484706336e-10, 4.84241924337e-10, 2.85471507544e-10, 2.59513244227e-10, 7.3663253275e-10, 9.1556390247e-10, 4.09483780217e-10, 1.91313243025e-10, 3.38741729111e-10, 1.99788768862e-10, 7.37949493179e-11, 5.36009257812e-11, 4.55182280756e-11],
        "max": [0.0589319914579, 0.0717873796821, 0.0399144925177, 0.00847640726715, 0.010092170909, 0.0104123093188, 0.00843385607004, 0.0067850635387, 0.0058662854135, 0.00937499478459, 0.00453286617994, 0.00393152656034, 0.00358395185322, 0.00325437402353, 0.00189779826906, 0.00145446497481, 0.00130981928669, 0.00229123025201, 0.00176091433968, 0.00135300087277, 0.00110211700667, 0.000538777618203, 0.000349707319401, 0.000516287866049, 0.000347614492057, 0.000505766947754, 0.000642821367364, 0.000282845576294, 0.000314520875691, 0.000315129669616, 0.000251118122833, 0.000557328574359, 0.000404741673265, 0.000323556130752, 0.000191000915947, 0.000296589161735, 0.00022804166656, 0.000116967625218, 0.000125673119328, 8.91462113941e-05],
        "mean": [0.00388558930717, 0.00559801189229, 0.00361491856165, 0.000252054654993, 0.000417212781031, 0.000227833283134, 0.000207512377528, 0.000265831098659, 0.000145703801536, 0.000102551312011, 0.000105471357529, 7.48574893805e-05, 6.65142215439e-05, 5.29212447873e-05, 3.84388949897e-05, 3.14958379022e-05, 3.36614830303e-05, 3.08380367642e-05, 2.88843039016e-05, 3.20336912409e-05, 2.57134033745e-05, 2.42899659497e-05, 1.73585813172e-05, 1.53063392645e-05, 1.20107006296e-05, 2.10326033994e-05, 1.44707919389e-05, 7.85645170254e-06, 6.69551263854e-06, 6.30890235698e-06, 6.4795885919e-06, 7.36385027267e-06, 9.10382823349e-06, 7.31564205125e-06, 5.98596807322e-06, 6.33892432234e-06, 4.4722542043e-06, 3.20856020153e-06, 2.80539438791e-06, 2.90121238322e-06],
        "median": [0.000662106904201, 0.00264571653679, 0.00138435163535, 0.000120530487038, 0.000156379770488, 6.80261655361e-05, 3.99108830607e-05, 4.57445639768e-05, 1.91114886547e-05, 1.0972862583e-05, 1.52428729052e-05, 1.13923215395e-05, 1.24780490296e-05, 1.04677510535e-05, 5.44006979908e-06, 4.31931039202e-06, 6.29273927188e-06, 4.71684825243e-06, 4.3575764721e-06, 4.38984807261e-06, 5.39722213944e-06, 6.90358501743e-06, 5.02970942762e-06, 3.07187247017e-06, 3.93192567572e-06, 6.77800062476e-06, 4.46748617833e-06, 2.35624065681e-06, 1.47239143189e-06, 1.89696561392e-06, 2.19334424401e-06, 2.2390202048e-06, 2.40583267441e-06, 2.27917007578e-06, 2.01567490876e-06, 1.78530353878e-06, 1.31691581373e-06, 1.11608437692e-06, 1.04317655314e-06, 1.19067613014e-06],
        "min": [4.14286357696e-24, 6.16620541859e-24, 6.18542364796e-24, 3.40395137211e-24, 5.25353476644e-24, 6.08739584757e-24, 3.45866834222e-24, 2.98973234369e-24, 2.30742288094e-24, 2.54742473945e-24, 4.53919439549e-24, 6.19081866769e-24, 6.64641345059e-24, 4.86318193585e-24, 1.65314480159e-24, 4.66782250482e-24, 1.085990335e-23, 9.05711163465e-24, 1.03911164461e-23, 7.75494761587e-24, 4.84541323839e-24, 1.08131262649e-23, 9.26906120494e-24, 7.79541065828e-24, 5.16464513078e-24, 6.80300234027e-24, 6.93518150697e-24, 8.14706433945e-24, 7.81448373725e-24, 9.20488579258e-24, 7.3818345515e-24, 8.88275365307e-24, 1.1003661417e-23, 9.53621447252e-24, 6.61369189467e-24, 8.44588485035e-24, 1.0507221783e-23, 1.13240320301e-23, 9.29864506661e-24, 7.5059586595e-24],
        "var": [7.55670407671e-05, 7.6956981502e-05, 2.68172261713e-05, 1.70973493141e-07, 5.26293774783e-07, 2.02961189188e-07, 2.01168816716e-07, 3.35572195809e-07, 1.54651729645e-07, 1.00996345509e-07, 7.72088526446e-08, 4.10454248367e-08, 2.84126535632e-08, 1.60059006049e-08, 9.40515310077e-09, 7.30612814692e-09, 6.05982242163e-09, 7.61598872856e-09, 6.17306072925e-09, 1.33755442278e-08, 7.11457959213e-09, 2.1674810835e-09, 1.04368513831e-09, 2.04286987326e-09, 5.18317500031e-10, 1.6137037262e-09, 8.80894135413e-10, 2.35456154574e-10, 2.92919660749e-10, 1.85463186475e-10, 1.91006807593e-10, 4.59227655902e-10, 5.48298240144e-10, 2.19051651817e-10, 1.27163529706e-10, 2.10514605747e-10, 1.15884968288e-10, 4.16155235272e-11, 2.41596083417e-11, 2.36727668718e-11]
    },
    "mfcc": {
        "mean": [-646.197692871, 85.2154006958, 27.3524208069, 28.5946063995, 12.7420682907, 8.45420837402, 3.44456481934, 9.69723320007, -0.968903541565, 1.16084718704, 0.0621988773346, -2.25872659683, 2.72458338737],
        "cov": [[4668.50976562, -265.456207275, -430.864837646, -177.236450195, 66.1393966675, -39.5120239258, -6.54751634598, 82.9855194092, 128.671630859, 136.144287109, 114.529151917, -6.46982049942, 0.788796663284], [-265.456207275, 1964.97216797, -108.663520813, -245.739242554, 14.4797515869, -183.329879761, -25.57330513, 49.6611366272, -27.948217392, -47.9366340637, 57.4720039368, -0.0775441080332, 34.883014679], [-430.864837646, -108.663520813, 1058.10681152, 361.333465576, 109.803565979, 251.505355835, 183.549163818, 134.656295776, 89.913444519, 3.71514368057, 1.4185833931, 66.8826828003, 48.501411438], [-177.236450195, -245.739242554, 361.333465576, 627.043823242, 298.110839844, 184.888305664, 94.0543823242, 47.4208259583, 46.5205841064, 39.6622695923, -9.43253326416, 7.28433942795, 32.6931838989], [66.1393966675, 14.4797515869, 109.803565979, 298.110839844, 479.299346924, 184.197341919, 36.6099472046, -10.9776477814, 44.1342430115, 56.1719856262, 15.7606134415, 11.1069669724, 11.6979665756], [-39.5120239258, -183.329879761, 251.505355835, 184.888305664, 184.197341919, 408.069091797, 211.786087036, 105.370597839, 87.1375656128, 30.899728775, 54.595867157, 68.1606521606, 14.5585374832], [-6.54751634598, -25.57330513, 183.549163818, 94.0543823242, 36.6099472046, 211.786087036, 323.836395264, 164.554412842, 73.2217559814, 27.5522918701, 44.4911079407, 63.2358322144, 28.435464859], [82.9855194092, 49.6611366272, 134.656295776, 47.4208259583, -10.9776477814, 105.370597839, 164.554412842, 227.169692993, 90.9338989258, 26.2156562805, 41.386516571, 32.7538375854, 10.9388799667], [128.671630859, -27.948217392, 89.913444519, 46.5205841064, 44.1342430115, 87.1375656128, 73.2217559814, 90.9338989258, 174.091247559, 63.3647651672, 32.7854919434, 22.9863986969, -11.4754915237], [136.144287109, -47.9366340637, 3.71514368057, 39.6622695923, 56.1719856262, 30.899728775, 27.5522918701, 26.2156562805, 63.3647651672, 169.379852295, 70.5365982056, 13.1793241501, 8.90776443481], [114.529151917, 57.4720039368, 1.4185833931, -9.43253326416, 15.7606134415, 54.595867157, 44.4911079407, 41.386516571, 32.7854919434, 70.5365982056, 146.193283081, 58.2987861633, 25.2940120697], [-6.46982049942, -0.0775441080332, 66.8826828003, 7.28433942795, 11.1069669724, 68.1606521606, 63.2358322144, 32.7538375854, 22.9863986969, 13.1793241501, 58.2987861633, 123.00566864, 47.2094764709], [0.788796663284, 34.883014679, 48.501411438, 32.6931838989, 11.6979665756, 14.5585374832, 28.435464859, 10.9388799667, -11.4754915237, 8.90776443481, 25.2940120697, 47.2094764709, 115.939559937]],
