{
"lowlevel": {
    "average_loudness": 0.960651159286,
    "barkbands_crest": {
        "dmean": 4.00691604614,
        "dmean2": 6.36685323715,
        "dvar": 12.0114116669,
        "dvar2": 27.4308414459,
        "max": 26.5507164001,
        "mean": 13.8358612061,
        "median": 12.6282434464,
        "min": 3.16588282585,
        "var": 31.8697681427
    },
    "barkbands_flatness_db": {
        "dmean": 0.0455775931478,
        "dmean2": 0.0681672021747,
        "dvar": 0.0019211275503,
        "dvar2": 0.00386502034962,
        "max": 0.568668663502,
        "mean": 0.227289974689,
        "median": 0.216988742352,
        "min": 0.0330047719181,
        "var": 0.00632273778319
    },
    "barkbands_kurtosis": {
        "dmean": 21.8537769318,
        "dmean2": 35.1325416565,
        "dvar": 4547.45654297,
        "dvar2": 11057.3964844,
        "max": 1155.73657227,
        "mean": 22.2248268127,
        "median": 4.34034633636,
        "min": -1.92792141438,
        "var": 4726.34326172
    },
    "barkbands_skewness": {
        "dmean": 1.52728509903,
        "dmean2": 2.27141404152,
        "dvar": 4.76489639282,
        "dvar2": 10.0476856232,
        "max": 29.9739952087,
        "mean": 2.43554782867,
        "median": 1.58994269371,
        "min": -3.71127748489,
        "var": 10.0011510849
    },
    "barkbands_spread": {
        "dmean": 7.28703117371,
        "dmean2": 11.2882242203,
        "dvar": 109.939109802,
        "dvar2": 233.75050354,
        "max": 107.921379089,
        "mean": 14.6961355209,
        "median": 10.4147090912,
        "min": 0.0868476107717,
        "var": 213.166870117
    },
    "dissonance": {
        "dmean": 0.0381698384881,
        "dmean2": 0.0604544766247,
        "dvar": 0.00127649726346,
        "dvar2": 0.00303690787405,
        "max": 0.499894469976,
        "mean": 0.413599014282,
        "median": 0.426318526268,
        "min": 0.164515569806,
        "var": 0.00339133804664
    },
    "dynamic_complexity": 4.17219924927,
    "erbbands_crest": {
        "dmean": 3.85150790215,
        "dmean2": 6.13376522064,
        "dvar": 11.8174152374,
        "dvar2": 27.7487602234,
        "max": 31.8863372803,
        "mean": 13.3167819977,
        "median": 12.3735122681,
        "min": 2.57689571381,
        "var": 34.3896713257
    },
    "erbbands_flatness_db": {
        "dmean": 0.0343617536128,
        "dmean2": 0.0492807775736,
        "dvar": 0.00105575763155,
        "dvar2": 0.00203040172346,
        "max": 0.412928104401,
        "mean": 0.201810330153,
        "median": 0.202208146453,
        "min": 0.0277546625584,
        "var": 0.00377659732476
    },
    "erbbands_kurtosis": {
        "dmean": 4.93381118774,
        "dmean2": 7.75081920624,
        "dvar": 68.4375762939,
        "dvar2": 148.262924194,
        "max": 144.219863892,
        "mean": 5.48437213898,
        "median": 1.53731584549,
        "min": -1.90738129616,
        "var": 121.673500061
    },
    "erbbands_skewness": {
        "dmean": 0.848565995693,
        "dmean2": 1.29928851128,
        "dvar": 0.698273420334,
        "dvar2": 1.56092262268,
        "max": 9.28711986542,
        "mean": 1.17893183231,
        "median": 1.05573248863,
        "min": -4.85418844223,
        "var": 1.95667088032
    },
    "erbbands_spread": {
        "dmean": 13.4883241653,
        "dmean2": 20.6081161499,
        "dvar": 253.515548706,
        "dvar2": 570.264648438,
        "max": 203.913131714,
        "mean": 32.9711151123,
        "median": 27.3732376099,
        "min": 0.727572143078,
        "var": 630.421020508
    },
    "hfc": {
        "dmean": 8.26083374023,
        "dmean2": 12.200252533,
        "dvar": 109.836647034,
        "dvar2": 250.185913086,
        "max": 157.338546753,
        "mean": 15.4418869019,
        "median": 10.7636146545,
        "min": 1.13769455304e-16,
        "var": 227.194274902
    },
    "melbands_crest": {
        "dmean": 4.55129861832,
        "dmean2": 7.38056564331,
        "dvar": 15.3969278336,
        "dvar2": 35.6921463013,
        "max": 35.6177749634,
        "mean": 17.5254306793,
        "median": 16.5393066406,
        "min": 1.77752912045,
        "var": 42.0874214172
    },
    "melbands_flatness_db": {
        "dmean": 0.0549315102398,
        "dmean2": 0.0787770375609,
        "dvar": 0.00268756737933,
        "dvar2": 0.00502266455442,
        "max": 0.720764875412,
        "mean": 0.289510965347,
        "median": 0.276370644569,
        "min": 0.003337651724,
        "var": 0.0109245432541
    },
    "melbands_kurtosis": {
        "dmean": 29.062915802,
        "dmean2": 45.7182998657,
        "dvar": 4660.70556641,
        "dvar2": 10396.8369141,
        "max": 1007.74938965,
        "mean": 36.5846710205,
        "median": 8.54765510559,
        "min": -1.77864575386,
        "var": 7250.33789062
    },
    "melbands_skewness": {
        "dmean": 1.55921173096,
        "dmean2": 2.35012483597,
        "dvar": 3.66818571091,
        "dvar2": 7.72535800934,
        "max": 25.0761013031,
        "mean": 3.03935933113,
        "median": 2.12498831749,
        "min": -2.84492278099,
        "var": 10.5177516937
    },
    "melbands_spread": {
        "dmean": 7.69452381134,
        "dmean2": 11.8087263107,
        "dvar": 164.961700439,
        "dvar2": 369.367828369,
        "max": 224.589477539,
        "mean": 15.5283260345,
        "median": 11.7981853485,
        "min": 0.186308994889,
        "var": 288.115234375
    },
    "pitch_salience": {
        "dmean": 0.103728272021,
        "dmean2": 0.164539307356,
        "dvar": 0.00886946357787,
        "dvar2": 0.020266270265,
        "max": 0.983140647411,
        "mean": 0.457576215267,
        "median": 0.479184567928,
        "min": 0.0384603366256,
        "var": 0.0242515169084
    },
    "silence_rate_20dB": {
        "dmean": 0,
        "dmean2": 0,
        "dvar": 0,
        "dvar2": 0,
        "max": 1,
        "mean": 1,
        "median": 1,
        "min": 1,
        "var": 0
    },
    "silence_rate_30dB": {
        "dmean": 0.0720178559422,
        "dmean2": 0.144049704075,
        "dvar": 0.0668322071433,
        "dvar2": 0.137280359864,
        "max": 1,
        "mean": 0.906735241413,
        "median": 1,
        "min": 0,
        "var": 0.0845775902271
    },
    "silence_rate_60dB": {
        "dmean": 0.0485295541584,
        "dmean2": 0.0970685333014,
        "dvar": 0.0461713299155,
        "dvar2": 0.103557392955,
        "max": 1,
        "mean": 0.103746116161,
        "median": 0,
        "min": 0,
        "var": 0.0929847955704
    },
    "spectral_centroid": {
        "dmean": 343.777832031,
        "dmean2": 512.502197266,
        "dvar": 195633.71875,
        "dvar2": 392534.03125,
        "max": 11837.2412109,
        "mean": 1010.81188965,
        "median": 816.900878906,
        "min": 96.7426147461,
        "var": 473346.71875
    },
    "spectral_complexity": {
        "dmean": 3.48713970184,
        "dmean2": 4.88235282898,
        "dvar": 20.6422786713,
        "dvar2": 35.1908111572,
        "max": 52,
        "mean": 9.99233341217,
        "median": 7,
        "min": 0,
        "var": 66.4111099243
    },
    "spectral_decrease": {
        "dmean": 8.08814792919e-09,
        "dmean2": 1.27819337337e-08,
        "dvar": 2.4282369955e-16,
        "dvar2": 5.52220747682e-16,
        "max": 1.36467696042e-21,
        "mean": -1.07893125545e-08,
        "median": -5.22697707339e-09,
        "min": -1.08908942309e-07,
        "var": 2.89240549194e-16
    },
    "spectral_energy": {
        "dmean": 0.0311230607331,
        "dmean2": 0.0491113364697,
        "dvar": 0.00351399043575,
        "dvar2": 0.00799255818129,
        "max": 0.415056079626,
        "mean": 0.0421218797565,
        "median": 0.0211348496377,
        "min": 1.05914750181e-20,
        "var": 0.00420868676156
    },
    "spectral_energyband_high": {
        "dmean": 0.000293923600111,
        "dmean2": 0.000440312869614,
        "dvar": 5.20218122801e-07,
        "dvar2": 1.20299898754e-06,
        "max": 0.0286560356617,
        "mean": 0.000400278455345,
        "median": 0.000132572487928,
        "min": 7.77460272273e-21,
        "var": 7.26648352156e-07
    },
    "spectral_energyband_low": {
        "dmean": 0.0253811813891,
        "dmean2": 0.0408051870763,
        "dvar": 0.00354231568053,
        "dvar2": 0.00808888673782,
        "max": 0.399842262268,
        "mean": 0.0263252872974,
        "median": 0.00252509489655,
        "min": 3.84327510997e-23,
        "var": 0.00390803813934
    },
    "spectral_energyband_middle_high": {
        "dmean": 0.00173101946712,
        "dmean2": 0.00248833559453,
        "dvar": 9.36264495977e-06,
        "dvar2": 1.96176424652e-05,
        "max": 0.0527072399855,
        "mean": 0.00258122221567,
        "median": 0.000584866269492,
        "min": 1.24908533607e-21,
        "var": 1.79049620783e-05
    },
    "spectral_energyband_middle_low": {
        "dmean": 0.00834427122027,
        "dmean2": 0.0130845969543,
        "dvar": 0.000158014998306,
        "dvar2": 0.000382268190151,
        "max": 0.176854580641,
        "mean": 0.013746060431,
        "median": 0.00906290393323,
        "min": 2.3235454939e-22,
        "var": 0.000248510681558
    },
    "spectral_entropy": {
        "dmean": 0.353676855564,
        "dmean2": 0.522518217564,
        "dvar": 0.125778853893,
        "dvar2": 0.2506955266,
        "max": 9.81962680817,
        "mean": 7.13920402527,
        "median": 7.16634750366,
        "min": 4.61913394928,
        "var": 0.398814618587
    },
    "spectral_flux": {
        "dmean": 0.0566688068211,
        "dmean2": 0.0884170159698,
        "dvar": 0.00550883635879,
        "dvar2": 0.0114215593785,
        "max": 0.58978754282,
        "mean": 0.121618270874,
        "median": 0.0946120843291,
        "min": 6.71726493873e-11,
        "var": 0.0106746954843
    },
    "spectral_kurtosis": {
        "dmean": 3.51221013069,
        "dmean2": 5.62118721008,
        "dvar": 25.0953559875,
        "dvar2": 58.8741645813,
        "max": 72.7603683472,
        "mean": 6.35926485062,
        "median": 4.6205663681,
        "min": -1.27797687054,
        "var": 41.501373291
    },
    "spectral_rms": {
        "dmean": 0.00192997138947,
        "dmean2": 0.00289136660285,
        "dvar": 6.70482813803e-06,
        "dvar2": 1.41591808642e-05,
        "max": 0.0201229415834,
        "mean": 0.00527605274692,
        "median": 0.00454085459933,
        "min": 3.21452109722e-12,
        "var": 1.32579571073e-05
    },
    "spectral_rolloff": {
        "dmean": 537.192749023,
        "dmean2": 924.416137695,
        "dvar": 1449367.75,
        "dvar2": 3323324.75,
        "max": 19078.4179688,
        "mean": 1023.38751221,
        "median": 667.529296875,
        "min": 64.599609375,
        "var": 2096223.25
    },
    "spectral_skewness": {
        "dmean": 0.461204022169,
        "dmean2": 0.699652552605,
        "dvar": 0.238365039229,
        "dvar2": 0.501863479614,
        "max": 6.85972929001,
        "mean": 1.79859685898,
        "median": 1.67598545551,
        "min": -0.218116536736,
        "var": 0.639101326466
    },
    "spectral_spread": {
        "dmean": 1011973.375,
        "dmean2": 1447645.625,
        "dvar": 1.46609733632e+12,
        "dvar2": 2.66952481178e+12,
        "max": 41382296,
        "mean": 4624401.5,
        "median": 4147189,
        "min": 945378.5625,
        "var": 4.38084068966e+12
    },
    "spectral_strongpeak": {
        "dmean": 0.587302207947,
        "dmean2": 0.95708745718,
        "dvar": 0.55155813694,
        "dvar2": 1.28032028675,
        "max": 6.92262840271,
        "mean": 1.04434072971,
        "median": 0.629174113274,
        "min": 0,
        "var": 1.15878367424
    },
    "zerocrossingrate": {
        "dmean": 0.01322733704,
        "dmean2": 0.0152293322608,
        "dvar": 0.000312256044708,
        "dvar2": 0.000414794776589,
        "max": 0.51416015625,
        "mean": 0.0426528640091,
        "median": 0.03369140625,
        "min": 0.00244140625,
        "var": 0.00133914977778
    },
    "barkbands": {
        "dmean": [0.000240160981775, 0.0207358598709, 0.00694509875029, 0.00176399725024, 0.00243519060314, 0.000759875925723, 0.00208625104278, 0.00169268576428, 0.00237778620794, 0.000558549072593, 0.000345651147654, 0.000264506583335, 0.000151263579028, 0.000133075329359, 0.000213682928006, 0.000207281831536, 0.000240478257183, 0.000173528285814, 0.000140959353303, 6.26645996817e-05, 8.03491348051e-05, 8.32421792438e-05, 4.80862763652e-05, 4.00457029173e-05, 2.69155607384e-05, 2.05016513064e-05, 1.79718873117e-09],
        "dmean2": [0.000370007095626, 0.0336197912693, 0.0128468312323, 0.00317144580185, 0.00386673631147, 0.00122932007071, 0.00336083723232, 0.0027128814254, 0.00361283333041, 0.000869859650265, 0.000547927804291, 0.000428254104918, 0.000248405238381, 0.000216902961256, 0.000329287227942, 0.000322269159369, 0.000363690662198, 0.000267761672148, 0.000215439256863, 9.80556724244e-05, 0.000122412049677, 0.000129034015117, 7.35848589102e-05, 6.13733354839e-05, 4.15685572079e-05, 3.19876962749e-05, 3.33120553364e-09],
        "dvar": [2.41814547053e-07, 0.00269798818044, 0.000413346948335, 2.0288511223e-05, 2.99014463963e-05, 5.57533530809e-06, 3.806427776e-05, 2.80128388113e-05, 2.60555898421e-05, 3.43838723893e-06, 1.40746033139e-06, 1.13577698357e-06, 2.54645357245e-07, 1.24720557437e-07, 3.65013505643e-07, 3.03969727611e-07, 3.06841968722e-07, 1.67156414932e-07, 1.12436183031e-07, 2.99464026909e-08, 8.32331110701e-08, 6.31077625712e-08, 1.94106846152e-08, 1.02177253325e-08, 3.45527517709e-09, 1.67679747864e-09, 8.90438588154e-18],
        "dvar2": [5.77554089887e-07, 0.00658576795831, 0.00116938503925, 5.62614222872e-05, 7.29544626665e-05, 1.31375345518e-05, 9.43622289924e-05, 6.47940833005e-05, 5.62490167795e-05, 8.13322276372e-06, 3.33027855959e-06, 2.8241624932e-06, 6.47554600164e-07, 3.08893874035e-07, 8.26743416837e-07, 7.03868352048e-07, 6.60454418266e-07, 3.86648764561e-07, 2.54919314102e-07, 7.01376805523e-08, 2.06621379562e-07, 1.57476392815e-07, 4.443494106e-08, 2.26006555692e-08, 8.20100876098e-09, 4.0503418397e-09, 2.79096396591e-17],
        "max": [0.00489174155518, 0.35854101181, 0.180777266622, 0.0441430732608, 0.0864814892411, 0.0590632632375, 0.14146181941, 0.081903539598, 0.0702123641968, 0.0385265052319, 0.0296182315797, 0.0245331358165, 0.0139199979603, 0.0052936244756, 0.0125879412517, 0.0126462951303, 0.00884110666811, 0.0136441346258, 0.0073699047789, 0.00502390321344, 0.0173707585782, 0.00851026549935, 0.00333665101789, 0.00308893970214, 0.00170905061532, 0.000391258305172, 3.29738831795e-08],
        "mean": [0.000270751916105, 0.0206986963749, 0.00452936673537, 0.00127970916219, 0.00273516285233, 0.000768665922806, 0.0019885324873, 0.00256340252236, 0.00420409347862, 0.000585535191931, 0.000341596198268, 0.000249200791586, 0.000143744851812, 0.000141681157402, 0.000254214915913, 0.000244619674049, 0.000301172491163, 0.000209501507925, 0.000173741864273, 7.49195096432e-05, 0.000100814606412, 0.000106574610982, 6.03354856139e-05, 4.7850451665e-05, 2.95211866614e-05, 1.85191584023e-05, 1.49856571596e-09],
        "median": [3.76992393285e-05, 0.00151474401355, 0.000254514161497, 0.000111071894935, 0.000702027231455, 7.52965570427e-05, 0.000254733982729, 0.000599750550464, 0.00115099572577, 3.78531913157e-05, 2.28882709052e-05, 2.36945525103e-05, 1.2965152564e-05, 1.30475764308e-05, 1.88535850612e-05, 2.31448029808e-05, 3.70435045625e-05, 3.1398019928e-05, 2.81548309431e-05, 1.13122778203e-05, 2.44982547883e-05, 3.43248539139e-05, 1.31498918563e-05, 9.15830787562e-06, 5.08054336024e-06, 1.71039664565e-06, 4.1123934813e-10],
        "min": [1.33958190032e-23, 6.20366684525e-24, 6.39209652766e-24, 3.74087386473e-24, 1.60486730305e-23, 3.1625168633e-23, 3.16210318465e-23, 1.92880167418e-23, 5.63762159598e-23, 4.85277346841e-23, 5.14441187408e-23, 6.19058532263e-23, 8.31115198313e-23, 1.24039378021e-22, 1.06945342806e-22, 8.11170522709e-23, 9.38393844318e-23, 1.58836890831e-22, 2.34384155971e-22, 2.06005711631e-22, 2.81114105051e-22, 4.44232995984e-22, 5.3284007429e-22, 8.12252133052e-22, 1.04061340543e-21, 1.46999728763e-21, 2.22932909706e-21],
        "var": [3.37689158414e-07, 0.00271364953369, 0.00024948612554, 1.34725487442e-05, 3.26567860611e-05, 5.95275923843e-06, 3.61380480172e-05, 3.35353543051e-05, 5.35419967491e-05, 3.82506686947e-06, 1.58034742981e-06, 1.03769730231e-06, 2.27178560408e-07, 1.46673826862e-07, 5.41418899047e-07, 4.02200868166e-07, 4.95474523632e-07, 2.28070376806e-07, 1.60170941399e-07, 4.055703684e-08, 8.57410000776e-08, 7.30707441221e-08, 2.83508612142e-08, 1.5878020676e-08, 4.52148274377e-09, 1.65962288357e-09, 8.18683896019e-18]
    },
    "erbbands": {
        "dmean": [0.472347289324, 5.23280572891, 8.91616630554, 6.954164505, 5.62284708023, 10.1290445328, 6.0053229332, 6.96932649612, 24.2270736694, 35.5210876465, 35.7402648926, 61.2088241577, 23.7547283173, 14.0932312012, 12.4406843185, 9.96487617493, 6.86098003387, 6.13505315781, 9.25713825226, 10.8596382141, 10.8966188431, 12.8248815536, 8.63103103638, 9.83750343323, 4.82477855682, 3.02234315872, 2.95902562141, 3.42915511131, 3.16987752914, 1.92438280582, 1.31595313549, 0.938639521599, 0.612954080105, 0.332094579935, 0.182718589902, 0.0840320289135, 0.0401381999254, 0.00421302998438, 8.24638991617e-05, 3.62417413271e-05],
        "dmean2": [0.735439360142, 8.66469287872, 15.74472332, 12.4920406342, 9.37486457825, 16.148229599, 9.766040802, 11.1016273499, 38.9371681213, 56.2426834106, 56.2016181946, 92.8227844238, 36.2878837585, 21.3113327026, 19.5737628937, 16.039232254, 10.9467220306, 9.80058002472, 14.4827671051, 16.2085609436, 16.2909240723, 18.983127594, 13.1133546829, 14.7782316208, 7.47935914993, 4.67280912399, 4.53919506073, 5.2399559021, 4.90951108932, 2.97642350197, 2.01096272469, 1.43083262444, 0.946121633053, 0.516542255878, 0.285196363926, 0.132548049092, 0.0631851702929, 0.00661153253168, 0.000126803395688, 5.68633622606e-05],
        "dvar": [1.06044757366, 188.069564819, 654.939575195, 305.731536865, 130.847244263, 680.005065918, 379.151824951, 500.281951904, 5796.90283203, 10667.3369141, 11555.9589844, 19184.0273438, 4508.99169922, 1585.48596191, 1771.26501465, 1427.26916504, 483.762695312, 276.028320312, 654.88092041, 947.042114258, 619.774780273, 929.257202148, 412.331207275, 488.285949707, 144.917129517, 71.6000518799, 120.5234375, 112.471092224, 84.107208252, 33.5173149109, 15.0390615463, 5.66737174988, 2.48455810547, 0.633243441582, 0.141028121114, 0.0275250300765, 0.00669902330264, 7.94879888417e-05, 2.41715820692e-08, 4.2707122283e-09],
        "dvar2": [2.48745203018, 468.696472168, 1763.44689941, 846.764709473, 340.162445068, 1670.58300781, 917.142028809, 1154.86352539, 14203.9433594, 26507.8691406, 26745.2851562, 41333.421875, 10585.9902344, 3560.26904297, 4270.42529297, 3621.55395508, 1195.32214355, 686.871032715, 1570.11779785, 2065.93969727, 1338.71032715, 1958.20263672, 939.680725098, 1078.61071777, 326.505401611, 167.523788452, 304.064758301, 266.592132568, 207.397659302, 80.1242828369, 34.7499847412, 12.4455604553, 5.67999076843, 1.48172867298, 0.342461884022, 0.0694420859218, 0.0157139189541, 0.000181350435014, 5.46673604163e-08, 9.60551727047e-09],
        "max": [7.92218112946, 94.7283859253, 218.361495972, 142.917449951, 126.266159058, 450.465789795, 336.688323975, 580.811157227, 1361.55651855, 2941.11401367, 2122.99316406, 1961.1394043, 1644.21264648, 673.878417969, 939.726074219, 1191.03271484, 623.343383789, 286.036956787, 438.562438965, 725.664428711, 524.818664551, 544.112915039, 721.976196289, 493.22668457, 259.715332031, 234.381393433, 583.461181641, 595.551147461, 296.234130859, 188.710159302, 91.2700576782, 60.7531318665, 47.9128112793, 26.7400188446, 8.86053752899, 2.05531978607, 0.708235442638, 0.0789327248931, 0.00132399681024, 0.000459983828478],
        "mean": [0.553234100342, 4.71796607971, 6.44631719589, 4.97630691528, 5.7289853096, 10.980257988, 5.8612112999, 7.54970312119, 24.1645431519, 40.9912910461, 63.0725517273, 110.47290802, 30.0335540771, 16.0325946808, 12.7974863052, 9.69081020355, 6.8927321434, 6.69199991226, 11.1731214523, 13.4865627289, 14.3144769669, 16.7393302917, 11.0945482254, 12.2335290909, 6.09254550934, 3.71162223816, 3.69285678864, 4.31883239746, 4.0730175972, 2.4232480526, 1.64006412029, 1.1281465292, 0.714906036854, 0.371956884861, 0.191012248397, 0.0812171846628, 0.0352089479566, 0.00360291614197, 8.37687039166e-05, 5.04975541844e-05],
        "median": [0.0555348470807, 0.292062520981, 0.406427681446, 0.458034902811, 1.60887336731, 2.14003133774, 0.792267560959, 1.05844426155, 4.42815971375, 8.45005702972, 23.1286354065, 33.2917251587, 5.93476486206, 1.47536253929, 1.2033867836, 0.918410897255, 0.690397024155, 0.687271118164, 1.00391948223, 1.15787696838, 1.68337345123, 2.25829267502, 1.84018111229, 2.08994054794, 1.1004793644, 0.639590859413, 0.85337883234, 1.19420921803, 1.32662343979, 0.654288232327, 0.346541047096, 0.224990487099, 0.126435831189, 0.066909506917, 0.0289828721434, 0.010851226747, 0.00259571615607, 0.000161796837347, 2.08946803468e-05, 2.76224891422e-05],
        "min": [4.0095684403e-22, 1.4917088602e-21, 6.55903092422e-21, 7.88674062569e-21, 3.21951037491e-20, 3.04615852168e-20, 1.55057332269e-19, 3.01723330813e-19, 4.4712715514e-19, 6.13996781653e-19, 6.3880873621e-19, 1.15975602246e-18, 1.22850703567e-18, 1.44736175836e-18, 1.62763191759e-18, 3.35067539652e-18, 4.58428789433e-18, 4.3848989028e-18, 6.66346385303e-18, 5.09063616654e-18, 3.64129082908e-18, 5.88141917778e-18, 7.20714526784e-18, 1.15395748636e-17, 9.30400676163e-18, 1.04988236615e-17, 1.12708123021e-17, 1.16408986984e-17, 1.48725039273e-17, 1.46736066946e-17, 1.55956599604e-17, 1.54566621846e-17, 1.54945801439e-17, 1.22137584957e-17, 7.62084558913e-18, 5.68537406389e-18, 2.6725334984e-18, 1.00553564187e-18, 2.98269127973e-19, 3.29693932701e-20],
        "var": [1.44991588593, 167.962142944, 451.364379883, 201.218048096, 123.91254425, 703.698242188, 376.453308105, 563.713867188, 5612.73046875, 10783.8398438, 14044.4238281, 40136.265625, 5463.93017578, 2091.20166016, 1940.8338623, 1277.9987793, 465.968933105, 309.957366943, 909.193237305, 1417.50585938, 1047.30908203, 1540.3104248, 598.812927246, 742.844238281, 204.533340454, 99.2165603638, 119.978370667, 131.378112793, 100.046936035, 44.5747833252, 21.2636394501, 8.98524856567, 3.57149386406, 0.842210590839, 0.171983167529, 0.0288857053965, 0.00653476454318, 7.70593687776e-05, 2.52427625469e-08, 5.24777599153e-09]
    },
    "gfcc": {
        "mean": [-67.2372894287, 106.847572327, -96.0648498535, 37.9411468506, -64.3503799438, 8.9010925293, -23.9626560211, 26.6118011475, -4.1782746315, 1.99349629879, -21.4256439209, -3.36707496643, -11.3213834763],
        "cov": [[13704.0488281, -1300.67333984, -903.142700195, 211.089447021, -568.525268555, 91.4731216431, -573.038146973, 52.3159828186, -528.275268555, 21.4228191376, -284.194763184, 386.177459717, -172.951278687], [-1300.67333984, 1781.26647949, -194.924057007, -288.356170654, 410.164611816, -240.680160522, 241.734634399, -95.9043884277, 280.348449707, -209.075759888, 200.997009277, -115.652381897, 89.8095703125], [-903.142700195, -194.924057007, 1453.80932617, 363.39263916, 43.0414619446, 226.494338989, 162.452301025, 35.4037437439, -38.5181312561, 115.829483032, 3.94842863083, -39.8627128601, -34.7810173035], [211.089447021, -288.356170654, 363.39263916, 597.807739258, 138.185516357, 71.655090332, -75.5821456909, -62.7813262939, 23.9979000092, 36.4657478333, 29.6103992462, 39.9613037109, 33.3899497986], [-568.525268555, 410.164611816, 43.0414619446, 138.185516357, 629.797790527, 87.3722305298, -5.81171226501, -102.077453613, 73.5910263062, -7.36227750778, 73.3986434937, -17.6629581451, 54.2367401123], [91.4731216431, -240.680160522, 226.494338989, 71.655090332, 87.3722305298, 375.560943604, 129.615432739, 18.9725055695, -62.8755455017, 68.7695541382, 8.90058994293, -38.8132743835, -10.9839859009], [-573.038146973, 241.734634399, 162.452301025, -75.5821456909, -5.81171226501, 129.615432739, 427.33203125, 113.103103638, 20.8330535889, -23.9762020111, 28.6100654602, -74.1192855835, 4.0955862999], [52.3159828186, -95.9043884277, 35.4037437439, -62.7813262939, -102.077453613, 18.9725055695, 113.103103638, 245.444839478, 74.7071685791, 8.9932384491, -18.1424293518, -31.6231765747, -8.52782535553], [-528.275268555, 280.348449707, -38.5181312561, 23.9979000092, 73.5910263062, -62.8755455017, 20.8330535889, 74.7071685791, 288.586029053, 15.4141969681, 40.4760665894, -53.4820976257, 24.2210292816], [21.4228191376, -209.075759888, 115.829483032, 36.4657478333, -7.36227750778, 68.7695541382, -23.9762020111, 8.9932384491, 15.4141969681, 150.872131348, 9.6221446991, -9.54622173309, -10.4860105515], [-284.194763184, 200.997009277, 3.94842863083, 29.6103992462, 73.3986434937, 8.90058994293, 28.6100654602, -18.1424293518, 40.4760665894, 9.6221446991, 171.135986328, 51.6382904053, 30.0937595367], [386.177459717, -115.652381897, -39.8627128601, 39.9613037109, -17.6629581451, -38.8132743835, -74.1192855835, -31.6231765747, -53.4820976257, -9.54622173309, 51.6382904053, 204.549865723, 29.2808246613], [-172.951278687, 89.8095703125, -34.7810173035, 33.3899497986, 54.2367401123, -10.9839859009, 4.0955862999, -8.52782535553, 24.2210292816, -10.4860105515, 30.0937595367, 29.2808246613, 110.813087463]],
        "icov": [[0.000115022543469, -0.00018338249356, 0.000140471078339, -0.000233465820202, 0.000151048705447, -0.000219949593884, 0.000205137388548, -0.000277915270999, 0.00029174570227, -0.000218057626626, 0.000318255159073, -0.000291494448902, 0.000224073010031], [-0.00018338249356, 0.00298053468578, -0.000641552265733, 0.00202964129858, -0.001596119022, 0.00206108624116, -0.00177109811921, 0.00241624750197, -0.00242335326038, 0.00319739757106, -0.00300063565373, 0.00193136464804, -0.00114103371743], [0.000140471078339, -0.000641552265733, 0.0012292546453, -0.00119947828352, 0.000402403558837, -0.000681776728015, 1.51057402036e-05, -0.000749744882341, 0.000881668936927, -0.00130812230054, 0.00083224195987, -0.000507848104462, 0.00075533677591], [-0.000233465820202, 0.00202964129858, -0.00119947828352, 0.0038727580104, -0.00138918624725, 0.00107559293974, -0.000654905452393, 0.00218570581637, -0.00230894167908, 0.00237265555188, -0.00216919602826, 0.00105706241447, -0.00153480679728], [0.000151048705447, -0.001596119022, 0.000402403558837, -0.00138918624725, 0.00303209992126, -0.00190294580534, 0.00111109844875, -0.000324068241753, 0.00057946855668, -0.00117238913663, 0.00109395361505, -0.000764329917729, 2.83696658698e-06], [-0.000219949593884, 0.00206108624116, -0.000681776728015, 0.00107559293974, -0.00190294580534, 0.00565536087379, -0.00255826627836, 0.0013197605731, -0.000277130835457, 0.000252005876973, -0.00231072958559, 0.00204513897188, -0.000692177563906], [0.000205137388548, -0.00177109811921, 1.51057402036e-05, -0.000654905452393, 0.00111109844875, -0.00255826627836, 0.00488959439099, -0.00292812800035, 0.00159301399253, -0.000366795284208, 0.000710370310117, -0.000138913630508, 0.000215078238398], [-0.000277915270999, 0.00241624750197, -0.000749744882341, 0.00218570581637, -0.000324068241753, 0.0013197605731, -0.00292812800035, 0.00806789752096, -0.00422801822424, 0.00241476926021, -0.00158760033082, 0.00128074665554, -0.00102203630377], [0.00029174570227, -0.00242335326038, 0.000881668936927, -0.00230894167908, 0.00057946855668, -0.000277130835457, 0.00159301399253, -0.00422801822424, 0.00745102018118, -0.00365924066864, 0.00111541931983, 6.11570649198e-05, 0.000402535224566], [-0.000218057626626, 0.00319739757106, -0.00130812230054, 0.00237265555188, -0.00117238913663, 0.000252005876973, -0.000366795284208, 0.00241476926021, -0.00365924066864, 0.0118738971651, -0.00407530646771, 0.00243924697861, -0.000873388315085], [0.000318255159073, -0.00300063565373, 0.00083224195987, -0.00216919602826, 0.00109395361505, -0.00231072958559, 0.000710370310117, -0.00158760033082, 0.00111541931983, -0.00407530646771, 0.0109195774421, -0.00478452537209, 0.000599890947342], [-0.000291494448902, 0.00193136464804, -0.000507848104462, 0.00105706241447, -0.000764329917729, 0.00204513897188, -0.000138913630508, 0.00128074665554, 6.11570649198e-05, 0.00243924697861, -0.00478452537209, 0.00839357543737, -0.00251873140223], [0.000224073010031, -0.00114103371743, 0.00075533677591, -0.00153480679728, 2.83696658698e-06, -0.000692177563906, 0.000215078238398, -0.00102203630377, 0.000402535224566, -0.000873388315085, 0.000599890947342, -0.00251873140223, 0.011173626408]]
    },
    "melbands": {
        "dmean": [0.00513464678079, 0.00542618473992, 0.00114755798131, 0.000585337053053, 0.00026038888609, 0.000162823256687, 0.000390559347579, 0.000395644747186, 0.000309059832944, 0.000371998554328, 0.000112930654723, 6.04004017077e-05, 4.55921945104e-05, 3.08641174342e-05, 2.22440958169e-05, 1.28375741042e-05, 1.18113193821e-05, 1.46751690409e-05, 1.7032292817e-05, 1.40205202115e-05, 1.35631071316e-05, 1.44976802403e-05, 9.35594107432e-06, 8.23111258796e-06, 8.53017172631e-06, 4.52255608252e-06, 2.57414535554e-06, 1.95533630176e-06, 1.73960177108e-06, 1.8829543933e-06, 2.2046444883e-06, 2.00935346584e-06, 1.35308016525e-06, 1.01386069673e-06, 8.09520372513e-07, 6.2250933297e-07, 5.86580654272e-07, 4.75528793231e-07, 3.20304025081e-07, 2.68117815949e-07],
        "dmean2": [0.00818836782128, 0.00913852266967, 0.00205731089227, 0.00093839969486, 0.000417773349909, 0.00026020387304, 0.00062775349943, 0.000628626148682, 0.000483806739794, 0.000563913199585, 0.000174062530277, 9.27061410039e-05, 7.20747193554e-05, 5.01016547787e-05, 3.63942453987e-05, 2.10291000258e-05, 1.94139374798e-05, 2.34941144299e-05, 2.58433574345e-05, 2.17151246034e-05, 2.0684032279e-05, 2.17266006075e-05, 1.43417382787e-05, 1.27453176901e-05, 1.29395712065e-05, 7.03918885847e-06, 4.06834396927e-06, 3.08949552164e-06, 2.66585880127e-06, 2.94841879622e-06, 3.41803911397e-06, 3.14843441629e-06, 2.11629640035e-06, 1.58274735895e-06, 1.25481153646e-06, 9.53395044689e-07, 9.0745243142e-07, 7.45400484448e-07, 4.99983400459e-07, 4.21388307359e-07],
        "dvar": [0.000147684520925, 0.000209584948607, 8.00327234174e-06, 1.65652227224e-06, 6.15495821421e-07, 2.71364882565e-07, 1.39073176797e-06, 1.22544577152e-06, 6.81403946601e-07, 7.39661061289e-07, 1.1429892055e-07, 3.08029584062e-08, 2.40879174385e-08, 1.77876682272e-08, 6.192443891e-09, 1.78016124064e-09, 1.10410214305e-09, 1.71115421832e-09, 2.64128940941e-09, 1.73811931514e-09, 9.79509695576e-10, 1.16781551096e-09, 5.77221881404e-10, 3.78093278908e-10, 3.99838551157e-10, 1.39614514394e-10, 5.45903808269e-11, 3.5551728228e-11, 3.73884916083e-11, 7.58119331201e-11, 3.78015639624e-11, 3.6343126425e-11, 1.86346615222e-11, 9.37973310133e-12, 5.87825794984e-12, 3.08894012799e-12, 2.18425863334e-12, 1.65374094627e-12, 6.52016526707e-13, 4.49870528199e-13],
        "dvar2": [0.000355230615241, 0.00052321201656, 2.22366506932e-05, 4.09687390857e-06, 1.48537503719e-06, 6.33355170976e-07, 3.41475288224e-06, 2.98763802675e-06, 1.5627178982e-06, 1.5772121742e-06, 2.70049667961e-07, 6.99119908631e-08, 5.80343844092e-08, 4.37169695999e-08, 1.57548551982e-08, 4.38472902431e-09, 2.79773759715e-09, 4.15426182343e-09, 5.95675331283e-09, 3.94730603759e-09, 2.18562279386e-09, 2.45163578327e-09, 1.33169708594e-09, 8.62179549976e-10, 8.92561191623e-10, 3.18362947116e-10, 1.28596258642e-10, 8.39980862644e-11, 9.06957633995e-11, 1.99649644039e-10, 8.90373608176e-11, 9.25749338299e-11, 4.62426416603e-11, 2.22947459105e-11, 1.38661963855e-11, 7.09955358391e-12, 4.89155807873e-12, 3.88623681846e-12, 1.4728284781e-12, 1.08722828917e-12],
        "max": [0.0862861350179, 0.103739619255, 0.0226056911051, 0.0232936516404, 0.013895814307, 0.0131371272728, 0.0206697024405, 0.0265533104539, 0.0156569536775, 0.0133275138214, 0.00800216849893, 0.00307327252813, 0.00421758880839, 0.00354249984957, 0.00199219025671, 0.00090842822101, 0.000544475275092, 0.000734298315365, 0.00127820216585, 0.00112507317681, 0.000529560435098, 0.000735845183954, 0.000693427631631, 0.000547474133782, 0.000473304069601, 0.000282073044218, 0.000150209671119, 0.000187635538168, 0.000326007982949, 0.000576936115976, 0.000289884075755, 0.000207508317544, 0.000185343335033, 9.38345256145e-05, 6.18827398284e-05, 4.73270956718e-05, 3.91367284465e-05, 3.56151795131e-05, 2.82938781311e-05, 2.08832498174e-05],
        "mean": [0.00546790519729, 0.00455452268943, 0.000856551050674, 0.000645688851364, 0.000264230271569, 0.000171145919012, 0.000383601989597, 0.000500402238686, 0.000553884543478, 0.000653320457786, 0.000124866215629, 6.47844572086e-05, 4.57414062112e-05, 2.93561934086e-05, 2.10370562854e-05, 1.24227826745e-05, 1.22636856759e-05, 1.66307327163e-05, 1.9996352421e-05, 1.65246019606e-05, 1.7084477804e-05, 1.84995915333e-05, 1.14374352052e-05, 9.86608847597e-06, 1.02453896034e-05, 5.49597234567e-06, 2.96346070172e-06, 2.28185012929e-06, 2.12679356082e-06, 2.24785753744e-06, 2.70260238722e-06, 2.4953560569e-06, 1.66331358287e-06, 1.23266602259e-06, 9.79418928182e-07, 7.4101131986e-07, 6.79704896811e-07, 5.44281704151e-07, 3.63942177728e-07, 2.91237398642e-07],
        "median": [0.00046401086729, 0.00029679806903, 0.000109421802335, 0.000175104651134, 3.40571350534e-05, 1.97363315237e-05, 6.09023409197e-05, 9.28793015191e-05, 0.000164949975442, 0.000193079613382, 1.0000236216e-05, 4.72781539429e-06, 3.54943404091e-06, 2.96168536806e-06, 1.68497888353e-06, 1.13672990665e-06, 1.08374365482e-06, 1.45060357681e-06, 1.40975578233e-06, 1.45027524923e-06, 1.8341785335e-06, 2.24573068408e-06, 1.53150585902e-06, 1.44843181715e-06, 1.59051091941e-06, 8.54916720527e-07, 3.89658168842e-07, 3.24196605561e-07, 4.38579604634e-07, 4.76455539911e-07, 7.30970327822e-07, 7.59787269544e-07, 4.66809296995e-07, 2.77216429367e-07, 1.91376784642e-07, 1.42557382787e-07, 1.20235853274e-07, 8.98846366226e-08, 6.11515957871e-08, 4.86660063359e-08],
        "min": [5.57388881347e-24, 3.17918774249e-24, 2.67984569201e-24, 1.69923340833e-24, 4.46083053089e-24, 6.80493978266e-24, 7.83906069875e-24, 6.65099909903e-24, 6.55224870205e-24, 6.53346395175e-24, 6.46017009618e-24, 5.56715549121e-24, 5.11988792403e-24, 6.28096693092e-24, 1.0850840127e-23, 7.668140573e-24, 8.45814690426e-24, 1.00841730345e-23, 6.77882848669e-24, 7.3987358964e-24, 3.08112089348e-24, 5.75333889219e-24, 4.47188326103e-24, 7.38832214359e-24, 9.13792491237e-24, 6.975924595e-24, 5.81954286037e-24, 6.62507634082e-24, 5.92573852657e-24, 6.49135771207e-24, 6.90575778406e-24, 7.26113252212e-24, 1.08010243497e-23, 7.0229438604e-24, 6.65339802504e-24, 1.06244638685e-23, 8.81589374705e-24, 9.44190299586e-24, 1.08880601623e-23, 9.80548977594e-24],
        "var": [0.000165757024661, 0.000175215987838, 5.28530699739e-06, 1.74513149886e-06, 6.32778323961e-07, 2.99475459542e-07, 1.3469964415e-06, 1.34206868552e-06, 9.28514339193e-07, 1.5187245026e-06, 1.30629544515e-07, 3.86435807798e-08, 2.67077098215e-08, 1.64432076843e-08, 5.53987788976e-09, 1.67079450275e-09, 1.17216814033e-09, 2.18344564651e-09, 3.81747344846e-09, 2.22079599155e-09, 1.54996082635e-09, 1.93219618083e-09, 8.06893274419e-10, 5.21056031655e-10, 5.79469860984e-10, 1.92285645739e-10, 6.78683637068e-11, 4.63924489102e-11, 4.00336500062e-11, 6.42193243028e-11, 4.63882300628e-11, 4.04867944725e-11, 2.05366973427e-11, 1.29653432088e-11, 7.88217494746e-12, 4.46759816641e-12, 3.32549070746e-12, 2.23295253815e-12, 9.36562893211e-13, 5.41373152904e-13]
    },
    "mfcc": {
        "mean": [-713.336791992, 130.148117065, 21.8581390381, 32.2623672485, -2.29550290108, -3.27507972717, -8.70385169983, 15.4934577942, 15.8041687012, 9.7930727005, 13.045003891, 4.5871515274, -3.49809241295],
        "cov": [[9956.70703125, -481.268554688, -1001.03613281, -138.814422607, -227.990661621, -127.702758789, -306.763427734, 15.5995988846, -160.235031128, -337.201019287, -137.214279175, -204.627868652, -137.766860962], [-481.268554688, 1897.15698242, -343.665618896, -11.3288440704, 52.8625221252, -67.3381347656, 5.01958751678, 129.878143311, 46.3732643127, -49.4876213074, 109.252174377, 51.8427505493, 33.6193237305], [-1001.03613281, -343.665618896, 1258.66491699, 234.38041687, -18.7018260956, 141.315368652, 187.193099976, -9.639128685, 46.293296814, 125.470169067, 17.0976600647, 112.456321716, 42.411026001], [-138.814422607, -11.3288440704, 234.38041687, 487.665985107, 188.284423828, 72.4430160522, -44.7120323181, 14.0430469513, 9.68318653107, -18.0761013031, -12.9223060608, 7.20972728729, 33.2576065063], [-227.990661621, 52.8625221252, -18.7018260956, 188.284423828, 554.849487305, 184.19934082, -44.6304702759, -39.8370323181, -16.0125732422, 25.2301597595, -26.8157672882, -20.02576828, 44.6613311768], [-127.702758789, -67.3381347656, 141.315368652, 72.4430160522, 184.19934082, 369.859924316, 165.354049683, -18.7111587524, -6.30223464966, 35.2367401123, -31.343416214, -8.9186258316, 20.2532501221], [-306.763427734, 5.01958751678, 187.193099976, -44.7120323181, -44.6304702759, 165.354049683, 406.821685791, 62.4905853271, 35.9497070312, 59.5463943481, -25.8053722382, 12.5335388184, 25.4768486023], [15.5995988846, 129.878143311, -9.639128685, 14.0430469513, -39.8370323181, -18.7111587524, 62.4905853271, 217.452148438, 53.579460144, -24.7516040802, 44.975353241, 23.4263858795, 13.8756904602], [-160.235031128, 46.3732643127, 46.293296814, 9.68318653107, -16.0125732422, -6.30223464966, 35.9497070312, 53.579460144, 179.024887085, 94.3447570801, 35.3713798523, 20.8436508179, -10.6568965912], [-337.201019287, -49.4876213074, 125.470169067, -18.0761013031, 25.2301597595, 35.2367401123, 59.5463943481, -24.7516040802, 94.3447570801, 278.929473877, 74.7753982544, 14.9314289093, -8.69247913361], [-137.214279175, 109.252174377, 17.0976600647, -12.9223060608, -26.8157672882, -31.343416214, -25.8053722382, 44.975353241, 35.3713798523, 74.7753982544, 162.679855347, 52.0701026917, 0.683512210846], [-204.627868652, 51.8427505493, 112.456321716, 7.20972728729, -20.02576828, -8.9186258316, 12.5335388184, 23.4263858795, 20.8436508179, 14.9314289093, 52.0701026917, 123.382293701, 39.5762939453], [-137.766860962, 33.6193237305, 42.411026001, 33.2576065063, 44.6613311768, 20.2532501221, 25.4768486023, 13.8756904602, -10.6568965912, -8.69247913361, 0.683512210846, 39.5762939453, 121.305030823]],
